0 64
0 128
0 192
0 301
0 484
0 576
0 957
1 65
1 129
1 193
2 66
2 130
2 194
2 356
2 768
2 834
3 67
3 131
3 195
3 714
4 68
4 132
4 162
4 196
4 439
5 69
5 133
5 197
6 70
6 134
6 198
6 262
6 326
6 390
6 454
6 518
6 582
6 646
6 710
6 774
6 838
6 843
6 902
6 966
6 1030
6 1094
6 1158
6 1222
7 71
7 135
7 199
8 72
8 73
8 136
8 200
8 328
9 72
9 73
9 137
9 201
9 265
9 329
9 393
9 457
9 521
9 585
9 649
9 713
9 777
9 841
9 905
9 969
9 1033
9 1097
9 1161
9 1225
10 74
10 138
10 202
10 719
11 13
11 75
11 77
11 139
11 141
11 200
11 203
11 205
11 264
11 267
11 269
11 328
11 333
11 392
11 397
11 456
11 461
11 520
11 525
11 584
11 587
11 589
11 648
11 651
11 653
11 712
11 715
11 717
11 776
11 781
11 840
11 845
11 904
11 909
11 968
11 973
11 1096
12 76
12 140
12 204
13 11
13 77
13 139
13 141
13 200
13 205
13 269
13 333
13 392
13 397
13 461
13 520
13 525
13 584
13 587
13 589
13 648
13 651
13 653
13 712
13 715
13 717
13 776
13 779
13 781
13 840
13 843
13 845
13 1032
13 1037
13 1101
13 1165
13 1227
14 78
14 142
14 160
14 206
14 718
15 79
15 143
15 207
16 80
16 108
16 144
16 208
16 251
16 309
17 81
17 145
17 209
18 82
18 146
18 158
18 210
19 83
19 147
19 211
19 357
19 478
19 739
19 796
20 84
20 148
20 212
20 988
20 1005
21 85
21 149
21 181
21 213
21 1168
21 1205
22 86
22 150
22 214
23 87
23 151
23 215
24 88
24 152
24 216
24 469
24 555
24 629
24 685
24 792
24 871
24 1127
25 89
25 153
25 217
25 945
25 1240
26 90
26 154
26 176
26 218
26 227
26 816
27 91
27 155
27 219
27 970
28 92
28 156
28 220
28 236
28 365
28 788
28 878
29 93
29 157
29 221
30 94
30 158
30 222
30 898
30 1077
30 1122
31 95
31 159
31 223
31 493
31 1251
32 96
32 160
32 224
33 97
33 161
33 225
34 98
34 162
34 226
34 783
34 919
35 99
35 103
35 163
35 227
35 496
35 528
35 699
35 824
35 1137
36 100
36 164
36 228
36 1088
37 101
37 165
37 229
37 348
37 1123
37 1189
37 1234
38 102
38 166
38 230
38 1135
39 103
39 167
39 231
39 1186
40 83
40 104
40 168
40 232
40 448
40 627
40 946
41 105
41 169
41 233
41 690
41 749
41 789
41 1000
42 106
42 170
42 234
43 107
43 171
43 188
43 312
43 504
43 679
43 688
44 51
44 108
44 172
44 236
44 437
44 755
44 944
44 1087
45 109
45 128
45 173
45 237
45 740
46 110
46 174
46 625
46 1146
46 1274
47 111
47 175
47 239
48 112
48 176
48 240
49 113
49 177
49 364
49 488
49 939
49 1082
50 114
50 178
50 242
50 282
50 336
50 434
50 738
50 1241
51 44
51 115
51 172
51 179
51 243
51 437
51 755
51 944
51 1087
52 116
52 180
52 244
52 368
52 372
52 955
52 1150
53 85
53 117
53 181
53 245
53 311
53 1026
54 118
54 182
54 246
54 839
55 89
55 119
55 183
55 247
55 676
55 896
56 120
56 184
56 248
56 1108
57 121
57 185
57 875
58 122
58 186
58 441
58 510
58 1210
58 1259
59 123
59 187
59 243
59 251
59 883
59 1017
59 1278
60 124
60 188
60 190
60 1232
61 125
61 189
61 253
61 316
62 126
62 190
62 698
62 1131
63 127
63 191
63 506
63 639
64 0
64 128
64 192
64 212
64 256
64 617
64 829
64 1138
64 1177
65 1
65 129
65 193
65 257
66 2
66 130
66 194
66 258
66 320
66 421
66 562
66 754
66 1091
67 3
67 131
67 195
67 259
67 522
67 552
67 949
68 4
68 132
68 196
68 260
68 926
68 1216
69 5
69 133
69 197
69 261
69 325
70 6
70 134
70 198
70 262
70 326
70 390
70 454
70 518
70 582
70 646
70 710
70 774
70 779
70 838
70 843
70 902
70 907
70 966
70 1030
70 1094
70 1158
70 1222
71 7
71 135
71 199
71 263
72 8
72 9
72 136
72 137
72 200
72 201
72 264
72 265
72 329
72 393
72 457
72 521
72 585
72 649
72 713
72 777
72 841
72 905
72 969
72 1033
72 1097
72 1161
72 1225
73 8
73 9
73 75
73 136
73 137
73 201
73 264
73 265
73 267
73 328
73 456
74 10
74 138
74 202
74 266
75 11
75 73
75 139
75 200
75 203
75 205
75 264
75 267
75 328
75 333
75 392
75 397
75 456
75 461
75 520
75 584
75 587
75 648
75 651
75 653
75 712
75 717
75 776
75 781
75 904
75 909
75 968
75 1096
75 1160
75 1229
76 12
76 140
76 204
76 268
76 650
76 1024
76 1092
77 11
77 13
77 139
77 141
77 200
77 205
77 264
77 269
77 333
77 392
77 397
77 461
77 520
77 525
77 584
77 587
77 589
77 648
77 651
77 653
77 712
77 715
77 717
77 776
77 779
77 781
77 840
77 845
77 904
77 907
77 909
77 1032
77 1037
77 1101
77 1165
78 14
78 142
78 206
78 270
79 15
79 143
79 207
79 271
79 672
80 16
80 144
80 208
80 272
80 474
80 602
80 632
80 1104
81 17
81 145
81 209
81 273
82 18
82 146
82 210
82 274
82 350
83 19
83 40
83 147
83 211
83 275
83 448
83 627
83 946
84 20
84 148
84 212
84 276
84 600
84 825
84 1136
85 21
85 53
85 149
85 213
85 277
85 311
85 1026
86 22
86 150
86 214
86 278
86 1053
87 23
87 131
87 151
87 215
87 279
88 24
88 152
88 216
88 237
88 280
88 296
88 355
88 360
88 622
89 25
89 55
89 153
89 217
89 281
89 676
89 896
90 26
90 92
90 154
90 218
90 282
90 784
90 1273
91 27
91 155
91 219
91 283
92 28
92 90
92 156
92 220
92 284
92 784
92 1273
93 29
93 140
93 157
93 221
93 285
93 1025
93 1180
94 30
94 158
94 222
94 286
94 867
94 1106
95 31
95 101
95 114
95 159
95 223
95 242
95 287
95 418
95 724
96 32
96 160
96 224
96 288
97 33
97 161
97 225
97 289
98 34
98 162
98 226
98 256
98 290
98 420
98 772
99 35
99 163
99 227
99 291
99 423
99 994
99 995
99 1196
100 36
100 164
100 175
100 183
100 228
100 292
100 832
101 37
101 95
101 114
101 165
101 229
101 242
101 293
101 418
101 724
102 38
102 166
102 230
102 294
103 35
103 39
103 167
103 231
103 295
103 496
103 528
103 699
103 824
103 1137
104 40
104 168
104 232
104 296
104 725
104 1058
105 41
105 169
105 233
105 297
106 42
106 170
106 234
106 298
106 1039
106 1238
107 43
107 171
108 16
108 44
108 172
108 236
108 251
108 300
108 309
109 45
109 173
109 237
109 301
109 425
109 1021
109 1261
110 46
110 117
110 174
110 238
110 302
110 931
111 47
111 175
111 239
111 303
111 866
111 1246
112 48
112 176
112 240
112 304
113 49
113 177
113 241
113 305
113 569
114 50
114 95
114 101
114 178
114 242
114 306
114 418
114 724
115 51
115 179
115 243
115 307
115 317
115 344
115 464
115 628
115 952
115 1198
116 52
116 180
116 244
116 308
116 479
116 1145
117 53
117 110
117 181
117 245
117 309
117 931
118 54
118 182
118 246
118 261
118 288
118 310
119 55
119 183
119 247
119 253
119 280
119 311
119 345
119 503
119 547
119 624
120 56
120 184
120 248
120 312
120 812
120 1080
120 1197
120 1265
121 57
121 185
121 241
121 249
122 58
122 186
122 250
122 379
123 59
123 187
123 251
123 700
124 60
124 188
124 252
124 300
124 302
124 307
124 762
125 61
125 189
125 253
125 317
125 916
125 941
126 62
126 190
127 63
127 191
127 255
128 0
128 45
128 64
128 192
128 256
128 320
128 740
129 1
129 65
129 193
129 257
129 321
130 2
130 66
130 194
130 258
130 322
130 597
130 660
131 3
131 67
131 87
131 195
131 259
131 323
132 4
132 68
132 196
132 260
132 324
132 1171
133 5
133 69
133 197
133 261
133 325
134 6
134 70
134 198
134 262
134 326
134 390
134 454
134 518
134 582
134 646
134 710
134 774
134 779
134 838
134 843
134 902
134 907
134 966
134 971
134 1030
134 1094
134 1158
134 1222
135 7
135 71
135 199
135 263
135 327
136 8
136 72
136 73
136 200
136 264
136 267
136 328
137 9
137 72
137 73
137 201
137 265
137 329
137 393
137 457
137 521
137 585
137 649
137 713
137 777
137 841
137 905
137 969
137 1033
137 1097
137 1161
137 1225
138 10
138 74
138 202
138 266
138 330
139 11
139 13
139 75
139 77
139 141
139 200
139 203
139 205
139 264
139 267
139 269
139 328
139 331
139 333
139 392
139 397
139 456
139 461
139 520
139 525
139 584
139 587
139 589
139 648
139 651
139 653
139 712
139 717
139 776
139 781
139 840
139 904
139 909
139 968
139 973
139 1096
139 1160
139 1229
140 12
140 76
140 93
140 204
140 268
140 332
140 1025
140 1180
141 11
141 13
141 77
141 139
141 200
141 205
141 269
141 333
141 392
141 397
141 461
141 520
141 525
141 584
141 587
141 589
141 648
141 651
141 653
141 712
141 715
141 717
141 776
141 779
141 781
141 840
141 843
141 845
141 904
141 907
141 909
141 968
141 971
141 973
141 1032
141 1037
141 1101
141 1165
141 1227
142 14
142 78
142 206
142 270
142 334
143 15
143 79
143 207
143 271
143 335
143 975
144 16
144 80
144 164
144 208
144 272
144 336
144 744
144 856
144 891
144 1044
144 1187
144 1242
145 17
145 81
145 209
145 273
145 337
146 18
146 82
146 210
146 274
146 338
146 460
147 19
147 83
147 211
147 275
147 339
147 893
148 20
148 84
148 167
148 212
148 276
148 340
148 351
148 404
148 626
148 765
148 1010
149 21
149 85
149 180
149 213
149 277
149 341
149 436
149 501
149 1237
150 22
150 86
150 214
150 278
150 342
150 391
151 23
151 87
151 215
151 279
151 343
151 797
152 24
152 88
152 216
152 280
152 344
152 642
153 25
153 89
153 217
153 231
153 281
153 345
153 476
153 656
153 948
153 1191
154 26
154 90
154 218
154 282
154 346
154 440
154 664
154 1059
154 1264
155 27
155 91
155 219
155 283
155 347
155 599
155 978
156 28
156 92
156 220
156 284
156 348
156 361
156 537
156 592
156 666
156 813
156 996
157 29
157 93
157 221
157 285
157 349
158 18
158 30
158 94
158 222
158 286
158 350
159 31
159 95
159 204
159 211
159 223
159 287
159 351
159 610
159 640
159 674
159 687
159 823
159 1207
160 14
160 32
160 96
160 224
160 288
160 352
160 718
161 33
161 97
161 225
161 289
161 353
161 732
161 769
162 4
162 34
162 98
162 226
162 290
162 354
162 439
163 35
163 99
163 227
163 291
163 355
163 400
163 675
163 701
163 985
163 1048
163 1128
163 1255
164 36
164 100
164 144
164 228
164 292
164 356
164 744
164 856
164 891
164 1044
164 1187
164 1242
165 37
165 101
165 228
165 229
165 293
165 357
165 704
165 770
165 1074
165 1140
166 38
166 102
166 230
166 294
166 358
167 39
167 103
167 148
167 231
167 295
167 351
167 359
167 404
167 626
167 765
167 1010
168 40
168 104
168 232
168 296
168 360
168 466
168 1055
169 41
169 105
169 233
169 297
169 361
169 853
169 1247
170 42
170 106
170 234
170 298
170 362
170 925
171 43
171 107
171 235
172 44
172 51
172 108
172 236
172 300
172 364
172 437
172 755
172 944
172 1087
173 45
173 109
173 237
173 284
173 301
173 365
173 799
173 980
174 46
174 110
174 238
174 302
174 366
174 1006
174 1020
174 1148
175 47
175 100
175 111
175 183
175 239
175 303
175 367
175 832
176 26
176 48
176 112
176 227
176 240
176 304
176 368
176 816
177 49
177 113
177 241
177 272
177 305
177 369
177 483
177 720
178 50
178 114
178 242
178 306
178 370
178 1236
179 51
179 115
179 243
179 307
179 371
179 433
179 492
179 820
179 984
179 1064
179 1081
180 52
180 116
180 149
180 244
180 308
180 372
180 436
180 501
180 1237
181 21
181 53
181 117
181 245
181 309
181 373
181 1168
181 1205
182 54
182 118
182 246
182 261
182 288
182 310
182 374
183 55
183 100
183 119
183 175
183 247
183 311
183 375
183 832
184 56
184 120
184 187
184 248
184 312
184 376
184 428
184 472
184 940
185 57
185 121
185 249
185 313
185 382
185 697
186 58
186 122
186 250
186 314
186 620
186 953
186 1083
186 1139
186 1208
186 1268
187 59
187 123
187 184
187 251
187 315
187 428
187 472
187 940
188 43
188 60
188 124
188 252
188 312
188 316
188 380
188 504
188 679
188 688
189 61
189 125
189 253
189 317
189 381
189 578
189 787
190 60
190 62
190 126
190 254
190 318
190 1232
191 63
191 127
191 255
191 319
191 691
192 0
192 64
192 128
192 213
192 256
192 320
192 370
192 384
192 661
192 730
192 986
192 1200
193 1
193 65
193 129
193 257
193 321
193 385
194 2
194 66
194 130
194 258
194 320
194 322
194 386
194 421
194 562
194 754
194 1091
195 3
195 67
195 131
195 259
195 323
195 387
195 786
196 4
196 68
196 132
196 260
196 275
196 286
196 324
196 388
196 1061
196 1133
197 5
197 69
197 133
197 261
197 325
197 389
198 6
198 70
198 134
198 262
198 326
198 390
198 454
198 518
198 582
198 646
198 710
198 774
198 779
198 838
198 843
198 902
198 907
198 966
198 971
198 1030
198 1035
198 1094
198 1158
198 1222
199 7
199 71
199 135
199 263
199 327
199 391
200 8
200 11
200 13
200 72
200 75
200 77
200 136
200 139
200 141
200 205
200 264
200 267
200 269
200 328
200 333
200 392
200 397
200 456
200 461
200 520
200 525
200 584
200 587
200 589
200 648
200 651
200 653
200 712
200 715
200 717
200 776
200 781
200 840
200 845
200 904
200 909
200 968
200 973
200 1032
200 1037
201 9
201 72
201 73
201 137
201 265
201 329
201 393
201 457
201 521
201 585
201 649
201 713
201 777
201 841
201 905
201 969
201 1033
201 1097
201 1161
201 1225
202 10
202 74
202 138
202 266
202 330
202 394
203 11
203 75
203 139
203 267
203 331
203 395
204 12
204 76
204 140
204 159
204 211
204 268
204 332
204 396
204 610
204 640
204 674
204 687
204 823
204 1207
205 11
205 13
205 75
205 77
205 139
205 141
205 200
205 264
205 269
205 333
205 392
205 397
205 456
205 461
205 520
205 525
205 584
205 587
205 589
205 648
205 651
205 653
205 712
205 715
205 717
205 776
205 779
205 781
205 840
205 845
205 904
205 907
205 909
205 968
205 971
205 973
205 1032
205 1037
205 1101
205 1165
206 14
206 78
206 142
206 270
206 334
206 398
207 15
207 79
207 143
207 271
207 335
207 399
207 1167
208 16
208 80
208 144
208 272
208 336
208 400
208 410
208 445
208 487
208 568
208 803
208 1113
209 17
209 81
209 145
209 273
209 337
209 401
210 18
210 82
210 146
210 274
210 338
210 402
211 19
211 83
211 147
211 159
211 204
211 275
211 339
211 403
211 610
211 640
211 674
211 687
211 823
211 1207
212 20
212 64
212 84
212 148
212 276
212 340
212 404
212 617
212 829
212 1138
212 1177
213 21
213 85
213 149
213 192
213 277
213 341
213 370
213 405
213 661
213 730
213 986
213 1200
214 22
214 86
214 150
214 278
214 342
214 406
215 23
215 87
215 151
215 279
215 343
215 407
215 778
215 1052
216 24
216 88
216 152
216 280
216 344
216 408
217 25
217 89
217 153
217 281
217 345
217 409
217 757
217 1013
218 26
218 90
218 154
218 247
218 282
218 346
218 410
218 848
219 27
219 91
219 155
219 283
219 347
219 411
220 28
220 92
220 156
220 284
220 348
220 412
220 742
220 908
221 29
221 93
221 157
221 285
221 349
221 394
221 413
222 30
222 94
222 158
222 276
222 286
222 350
222 414
222 857
222 1152
223 31
223 95
223 159
223 245
223 287
223 351
223 415
223 858
223 868
223 892
224 32
224 96
224 160
224 288
224 352
224 416
224 707
225 33
225 97
225 161
225 289
225 353
225 417
225 554
226 34
226 98
226 162
226 290
226 354
226 418
226 516
227 26
227 35
227 99
227 163
227 176
227 291
227 355
227 419
227 816
228 36
228 100
228 164
228 165
228 229
228 292
228 356
228 420
228 704
228 770
228 1074
228 1140
229 37
229 101
229 165
229 228
229 293
229 357
229 421
229 704
229 770
229 1074
229 1140
230 38
230 102
230 166
230 294
230 358
230 422
230 1002
230 1153
231 39
231 103
231 153
231 167
231 295
231 359
231 423
231 476
231 656
231 948
231 1191
232 40
232 104
232 168
232 296
232 360
232 424
233 41
233 105
233 169
233 297
233 361
233 386
233 425
233 482
233 706
233 818
234 42
234 106
234 170
234 298
234 362
234 426
235 171
236 28
236 44
236 108
236 172
236 300
236 364
236 365
236 428
236 788
236 878
237 45
237 88
237 109
237 173
237 296
237 301
237 355
237 360
237 365
237 429
237 622
238 110
238 174
238 302
238 366
238 435
238 497
238 764
238 1272
239 47
239 111
239 175
239 294
239 303
239 367
239 431
239 475
240 48
240 112
240 176
240 304
240 368
240 432
241 113
241 121
241 177
241 305
241 369
241 433
242 50
242 95
242 101
242 114
242 178
242 306
242 370
242 418
242 434
242 724
243 51
243 59
243 115
243 179
243 307
243 371
243 883
243 1017
243 1278
244 52
244 116
244 180
244 308
244 372
244 436
244 1183
245 53
245 117
245 181
245 223
245 309
245 373
245 437
245 858
245 868
245 892
246 54
246 118
246 182
246 310
246 374
246 438
247 55
247 119
247 183
247 218
247 311
247 375
247 439
247 848
248 56
248 120
248 184
248 312
248 376
248 440
248 563
248 1192
249 121
249 185
249 313
249 377
249 432
250 122
250 186
250 314
250 378
250 959
251 16
251 59
251 108
251 123
251 187
251 309
251 315
251 379
251 443
252 124
252 188
252 316
252 380
252 511
252 619
252 752
253 61
253 119
253 125
253 189
253 280
253 317
253 345
253 381
253 445
253 503
253 547
253 624
254 190
254 318
254 382
255 127
255 191
255 319
255 383
255 574
255 575
255 1022
255 1276
256 64
256 98
256 128
256 192
256 320
256 384
256 420
256 448
256 772
257 65
257 129
257 193
257 321
257 385
257 449
258 66
258 130
258 194
258 322
258 386
258 450
258 686
259 67
259 131
259 195
259 323
259 387
259 388
259 451
259 670
259 979
259 1250
260 68
260 132
260 196
260 324
260 388
260 452
260 543
261 69
261 118
261 133
261 182
261 197
261 288
261 325
261 389
261 453
262 6
262 70
262 134
262 198
262 326
262 390
262 454
262 518
262 582
262 646
262 710
262 774
262 779
262 838
262 843
262 902
262 907
262 966
262 971
262 1030
262 1035
262 1094
262 1099
262 1158
262 1222
263 71
263 135
263 199
263 327
263 391
263 455
263 1066
264 11
264 72
264 73
264 75
264 77
264 136
264 139
264 200
264 205
264 267
264 269
264 328
264 333
264 392
264 397
264 456
264 461
264 520
264 584
264 587
264 589
264 648
264 651
264 653
264 712
264 717
264 776
264 781
264 840
264 904
264 909
264 968
264 973
264 1032
264 1096
264 1101
264 1160
264 1229
265 9
265 72
265 73
265 137
265 201
265 329
265 393
265 457
265 521
265 585
265 649
265 713
265 777
265 841
265 905
265 969
265 1033
265 1097
265 1161
265 1225
266 74
266 138
266 202
266 274
266 330
266 354
266 394
266 458
267 11
267 73
267 75
267 136
267 139
267 200
267 203
267 264
267 328
267 331
267 392
267 395
267 456
267 459
267 461
267 520
267 587
267 648
267 653
267 712
267 717
267 781
267 904
267 909
267 968
267 973
267 1096
267 1160
267 1229
268 76
268 140
268 204
268 332
268 396
268 460
268 595
268 1154
269 11
269 13
269 77
269 139
269 141
269 200
269 205
269 264
269 333
269 392
269 397
269 461
269 520
269 525
269 584
269 587
269 589
269 648
269 651
269 653
269 712
269 715
269 717
269 776
269 779
269 781
269 840
269 845
269 904
269 907
269 909
269 968
269 971
269 973
269 1032
269 1037
269 1096
269 1099
269 1101
269 1165
270 78
270 142
270 206
270 334
270 398
270 462
271 79
271 143
271 207
271 335
271 399
271 406
271 451
271 463
272 80
272 144
272 177
272 208
272 336
272 400
272 464
272 483
272 720
273 81
273 145
273 209
273 337
273 401
273 465
274 82
274 146
274 210
274 266
274 338
274 354
274 402
274 466
275 83
275 147
275 196
275 211
275 286
275 339
275 403
275 467
275 1061
275 1133
276 84
276 148
276 212
276 222
276 340
276 404
276 468
276 857
276 1152
277 85
277 149
277 213
277 341
277 405
277 469
277 494
278 86
278 150
278 214
278 342
278 406
278 470
279 87
279 151
279 215
279 343
279 407
279 471
280 88
280 119
280 152
280 216
280 253
280 344
280 345
280 408
280 472
280 503
280 547
280 624
281 89
281 153
281 217
281 345
281 409
281 473
281 958
282 50
282 90
282 154
282 218
282 336
282 346
282 410
282 434
282 474
282 738
282 1241
283 91
283 155
283 219
283 347
283 411
283 475
284 92
284 156
284 173
284 220
284 348
284 412
284 476
284 799
284 980
285 93
285 157
285 221
285 349
285 413
285 477
286 94
286 158
286 196
286 222
286 275
286 350
286 414
286 478
286 1061
286 1133
287 95
287 159
287 223
287 351
287 376
287 415
287 479
287 808
287 1112
288 96
288 118
288 160
288 182
288 224
288 261
288 352
288 416
288 480
289 97
289 161
289 225
289 347
289 353
289 417
289 481
290 98
290 162
290 226
290 354
290 418
290 482
290 495
291 99
291 163
291 227
291 355
291 419
291 443
291 483
291 556
291 888
291 1209
292 100
292 164
292 228
292 356
292 420
292 484
292 514
292 884
293 101
293 165
293 229
293 357
293 421
293 485
293 665
293 677
294 102
294 166
294 230
294 239
294 358
294 422
294 475
294 486
295 103
295 167
295 231
295 359
295 423
295 487
295 551
295 741
295 827
295 951
296 88
296 104
296 168
296 232
296 237
296 355
296 360
296 424
296 488
296 622
297 105
297 169
297 233
297 361
297 425
297 489
298 106
298 170
298 234
298 362
298 426
298 490
299 363
300 108
300 124
300 172
300 236
300 302
300 307
300 364
300 428
300 762
301 0
301 109
301 173
301 237
301 365
301 429
301 484
301 493
301 576
301 957
302 110
302 124
302 174
302 238
302 300
302 307
302 366
302 430
302 762
303 111
303 175
303 239
303 367
303 431
303 495
304 112
304 176
304 240
304 368
304 432
304 496
304 814
304 817
304 912
305 113
305 177
305 241
305 369
305 433
305 497
306 114
306 178
306 242
306 370
306 434
306 498
306 540
307 115
307 124
307 179
307 243
307 300
307 302
307 371
307 435
307 762
308 116
308 180
308 244
308 372
308 436
308 500
308 596
308 1235
309 16
309 108
309 117
309 181
309 245
309 251
309 373
309 437
309 501
310 118
310 182
310 246
310 374
310 438
310 502
311 53
311 85
311 119
311 183
311 247
311 375
311 439
311 503
311 1026
312 43
312 120
312 184
312 188
312 248
312 376
312 440
312 504
312 679
312 688
313 185
313 249
313 377
313 441
313 1215
314 186
314 250
314 378
315 187
315 251
315 379
315 443
315 491
315 1008
316 61
316 188
316 252
316 380
316 444
317 115
317 125
317 189
317 253
317 344
317 381
317 445
317 464
317 509
317 628
317 952
317 1198
318 190
318 254
318 382
318 446
318 684
318 747
318 881
319 191
319 255
319 383
319 447
319 1003
319 1279
320 66
320 128
320 192
320 194
320 256
320 384
320 421
320 448
320 512
320 562
320 754
320 1091
321 129
321 193
321 257
321 385
321 449
321 513
321 614
322 130
322 194
322 258
322 340
322 386
322 450
322 514
322 615
323 131
323 195
323 259
323 387
323 451
323 515
323 865
324 132
324 196
324 260
324 388
324 452
324 516
324 546
324 548
324 621
324 1043
324 1049
325 69
325 133
325 197
325 261
325 389
325 453
325 517
326 6
326 70
326 134
326 198
326 262
326 390
326 454
326 518
326 582
326 646
326 710
326 774
326 779
326 838
326 843
326 902
326 907
326 966
326 971
326 1030
326 1035
326 1094
326 1099
326 1158
326 1163
326 1222
327 135
327 199
327 263
327 391
327 455
327 519
327 911
327 1230
328 8
328 11
328 73
328 75
328 136
328 139
328 200
328 264
328 267
328 392
328 456
328 461
328 520
328 587
328 968
328 1096
328 1160
329 9
329 72
329 137
329 201
329 265
329 393
329 457
329 521
329 585
329 649
329 713
329 777
329 841
329 905
329 969
329 1033
329 1097
329 1161
329 1225
330 138
330 202
330 266
330 394
330 458
330 522
331 139
331 203
331 267
331 395
331 459
331 523
332 140
332 204
332 268
332 396
332 460
332 524
332 595
332 1154
333 11
333 13
333 75
333 77
333 139
333 141
333 200
333 205
333 264
333 269
333 392
333 397
333 456
333 461
333 520
333 525
333 584
333 587
333 589
333 648
333 651
333 653
333 712
333 715
333 717
333 776
333 779
333 781
333 840
333 845
333 904
333 907
333 909
333 968
333 971
333 973
333 1032
333 1037
333 1096
333 1099
333 1101
333 1163
333 1165
334 142
334 206
334 270
334 398
334 462
334 526
335 143
335 207
335 271
335 399
335 411
335 463
335 527
336 50
336 144
336 208
336 272
336 282
336 400
336 434
336 464
336 528
336 738
336 1241
337 145
337 209
337 273
337 401
337 465
337 529
338 146
338 210
338 274
338 402
338 452
338 466
338 530
338 1107
338 1220
339 147
339 211
339 275
339 403
339 467
339 531
339 1266
340 148
340 212
340 276
340 322
340 404
340 468
340 532
340 615
341 149
341 213
341 277
341 405
341 469
341 533
342 150
342 214
342 278
342 406
342 470
342 534
343 151
343 215
343 279
343 407
343 471
343 535
344 115
344 152
344 216
344 280
344 317
344 408
344 464
344 472
344 536
344 628
344 952
344 1198
345 119
345 153
345 217
345 253
345 280
345 281
345 409
345 473
345 503
345 537
345 547
345 624
346 154
346 218
346 282
346 373
346 375
346 410
346 474
346 538
346 728
346 885
346 935
346 999
347 155
347 219
347 283
347 289
347 411
347 475
347 539
348 37
348 156
348 220
348 284
348 412
348 476
348 540
348 1123
348 1189
348 1234
349 157
349 221
349 285
349 413
349 477
349 541
349 669
349 1027
350 82
350 158
350 222
350 286
350 414
350 478
350 542
351 148
351 159
351 167
351 223
351 287
351 404
351 415
351 479
351 543
351 626
351 765
351 1010
352 160
352 224
352 288
352 416
352 480
352 544
353 161
353 225
353 289
353 417
353 481
353 545
353 588
354 162
354 226
354 266
354 274
354 290
354 418
354 482
354 546
355 88
355 163
355 227
355 237
355 291
355 296
355 360
355 419
355 483
355 547
355 622
356 2
356 164
356 228
356 292
356 420
356 484
356 548
356 768
356 834
357 19
357 165
357 229
357 293
357 421
357 478
357 485
357 549
357 739
357 796
358 166
358 230
358 294
358 422
358 486
358 531
358 550
359 167
359 231
359 295
359 371
359 423
359 468
359 487
359 498
359 551
359 638
359 1009
359 1203
359 1262
360 88
360 168
360 232
360 237
360 296
360 355
360 424
360 488
360 552
360 622
361 156
361 169
361 233
361 297
361 425
361 489
361 537
361 553
361 592
361 666
361 813
361 996
362 170
362 234
362 298
362 426
362 477
362 490
362 554
362 1126
363 299
363 427
363 555
364 49
364 172
364 236
364 300
364 428
364 488
364 492
364 939
364 1082
365 28
365 173
365 236
365 237
365 301
365 429
365 493
365 557
365 788
365 878
366 174
366 238
366 302
366 430
366 473
366 494
366 558
366 1063
367 175
367 239
367 303
367 431
367 495
367 559
367 929
367 964
368 52
368 176
368 240
368 304
368 372
368 432
368 496
368 955
368 1150
369 177
369 241
369 305
369 433
369 497
369 561
369 1214
370 178
370 192
370 213
370 242
370 306
370 434
370 498
370 562
370 661
370 730
370 986
370 1200
371 179
371 243
371 307
371 359
371 435
371 468
371 498
371 499
371 563
371 638
371 1009
371 1203
371 1262
372 52
372 180
372 244
372 308
372 368
372 436
372 500
372 564
372 955
372 1150
373 181
373 245
373 309
373 346
373 375
373 437
373 501
373 565
373 728
373 885
373 935
373 999
374 182
374 246
374 310
374 438
374 502
374 566
375 183
375 247
375 311
375 346
375 373
375 439
375 503
375 567
375 728
375 885
375 935
375 999
376 184
376 248
376 287
376 312
376 440
376 504
376 568
376 808
376 1112
377 249
377 313
377 441
377 444
377 505
377 560
378 250
378 314
378 442
378 506
379 122
379 251
379 315
379 443
380 188
380 252
380 316
380 444
380 508
380 572
381 189
381 253
381 317
381 445
381 509
381 573
381 1132
382 185
382 254
382 318
382 446
382 510
382 697
383 255
383 319
383 447
383 511
384 192
384 256
384 320
384 448
384 512
384 576
384 693
384 805
385 193
385 257
385 321
385 449
385 513
385 577
385 972
385 1116
386 194
386 233
386 258
386 322
386 450
386 482
386 514
386 578
386 706
386 818
387 195
387 259
387 323
387 451
387 515
387 579
387 961
388 196
388 259
388 260
388 324
388 452
388 516
388 580
388 670
388 979
388 1250
389 197
389 261
389 325
389 453
389 517
389 544
389 581
389 773
389 874
390 6
390 70
390 134
390 198
390 262
390 326
390 454
390 518
390 582
390 646
390 710
390 774
390 779
390 838
390 843
390 902
390 907
390 966
390 971
390 1030
390 1035
390 1094
390 1099
390 1158
390 1163
390 1222
391 150
391 199
391 263
391 327
391 455
391 519
391 583
392 11
392 13
392 75
392 77
392 139
392 141
392 200
392 205
392 264
392 267
392 269
392 328
392 333
392 397
392 456
392 461
392 520
392 525
392 584
392 587
392 589
392 648
392 651
392 653
392 712
392 717
392 776
392 781
392 840
392 904
392 909
392 968
392 973
392 1032
392 1096
392 1101
392 1160
392 1165
392 1229
393 9
393 72
393 137
393 201
393 265
393 329
393 457
393 521
393 585
393 649
393 713
393 777
393 841
393 905
393 969
393 1033
393 1097
393 1161
393 1225
394 202
394 221
394 266
394 330
394 458
394 522
394 586
395 203
395 267
395 331
395 459
395 523
395 587
396 204
396 268
396 332
396 422
396 460
396 524
396 588
396 734
397 11
397 13
397 75
397 77
397 139
397 141
397 200
397 205
397 264
397 269
397 333
397 392
397 456
397 461
397 520
397 525
397 584
397 587
397 589
397 648
397 651
397 653
397 712
397 715
397 717
397 776
397 779
397 781
397 840
397 845
397 904
397 907
397 909
397 968
397 971
397 973
397 1032
397 1037
397 1096
397 1099
397 1101
397 1163
397 1165
397 1227
398 206
398 270
398 334
398 462
398 526
398 590
399 207
399 271
399 335
399 463
399 527
399 591
400 163
400 208
400 272
400 336
400 464
400 528
400 592
400 675
400 701
400 985
400 1048
400 1128
400 1255
401 209
401 273
401 337
401 465
401 529
401 593
402 210
402 274
402 338
402 466
402 530
402 594
402 915
403 211
403 275
403 339
403 467
403 531
403 595
403 1028
403 1042
404 148
404 167
404 212
404 276
404 340
404 351
404 468
404 532
404 596
404 626
404 765
404 1010
405 213
405 277
405 341
405 469
405 500
405 533
405 597
405 611
405 1084
406 214
406 271
406 278
406 342
406 451
406 470
406 534
406 598
407 215
407 279
407 343
407 471
407 530
407 535
407 591
407 599
407 1213
408 216
408 280
408 344
408 472
408 536
408 600
409 217
409 281
409 345
409 473
409 532
409 537
409 567
409 601
409 922
409 1253
410 208
410 218
410 282
410 346
410 445
410 474
410 487
410 538
410 568
410 602
410 803
410 1113
411 219
411 283
411 335
411 347
411 475
411 539
411 603
412 220
412 284
412 348
412 476
412 540
412 564
412 604
412 681
412 882
413 221
413 285
413 349
413 477
413 541
413 605
414 222
414 286
414 350
414 478
414 542
414 606
414 1109
414 1129
415 223
415 287
415 351
415 479
415 543
415 607
415 1155
415 1252
416 224
416 288
416 352
416 480
416 544
416 608
417 225
417 289
417 353
417 481
417 545
417 609
417 643
417 987
418 95
418 101
418 114
418 226
418 242
418 290
418 354
418 482
418 546
418 610
418 724
419 227
419 291
419 355
419 483
419 547
419 611
419 745
419 807
420 98
420 228
420 256
420 292
420 356
420 484
420 548
420 612
420 772
421 66
421 194
421 229
421 293
421 320
421 357
421 485
421 549
421 562
421 613
421 754
421 1091
422 230
422 294
422 358
422 396
422 486
422 550
422 614
422 734
423 99
423 231
423 295
423 359
423 487
423 551
423 615
423 994
423 995
423 1196
424 232
424 296
424 360
424 488
424 552
424 616
424 692
424 933
425 109
425 233
425 297
425 361
425 489
425 553
425 617
425 1021
425 1261
426 234
426 298
426 362
426 490
426 554
426 618
426 1007
426 1121
427 363
427 491
427 555
428 184
428 187
428 236
428 300
428 364
428 472
428 492
428 556
428 620
428 940
429 237
429 301
429 365
429 493
429 557
429 621
430 302
430 366
430 494
430 558
430 622
430 1267
430 1275
431 239
431 303
431 367
431 486
431 495
431 559
431 623
432 240
432 249
432 304
432 368
432 496
432 560
432 624
433 179
433 241
433 305
433 369
433 492
433 497
433 561
433 625
433 820
433 984
433 1064
433 1081
434 50
434 242
434 282
434 306
434 336
434 370
434 498
434 562
434 626
434 738
434 1241
435 238
435 307
435 371
435 497
435 499
435 563
435 627
435 764
435 1272
436 149
436 180
436 244
436 308
436 372
436 500
436 501
436 564
436 628
436 1237
437 44
437 51
437 172
437 245
437 309
437 373
437 501
437 565
437 629
437 755
437 944
437 1087
438 246
438 310
438 374
438 502
438 566
438 630
438 974
439 4
439 162
439 247
439 311
439 375
439 503
439 567
439 631
440 154
440 248
440 312
440 376
440 504
440 568
440 632
440 664
440 1059
440 1264
441 58
441 313
441 377
441 505
441 510
441 569
441 633
441 1210
441 1259
442 378
442 506
443 251
443 291
443 315
443 379
443 507
443 556
443 571
443 635
443 888
443 1209
444 316
444 377
444 380
444 508
444 560
444 572
445 208
445 253
445 317
445 381
445 410
445 487
445 509
445 568
445 573
445 637
445 803
445 1113
446 318
446 382
446 510
446 574
446 638
446 1019
447 319
447 383
447 511
447 575
447 696
447 1151
448 40
448 83
448 256
448 320
448 384
448 512
448 576
448 627
448 640
448 946
449 257
449 321
449 385
449 513
449 545
449 577
449 641
450 258
450 322
450 386
450 514
450 578
450 612
450 642
450 942
450 1176
451 259
451 271
451 323
451 387
451 406
451 515
451 579
451 643
452 260
452 324
452 338
452 388
452 516
452 580
452 644
452 1107
452 1220
453 261
453 325
453 389
453 517
453 581
453 645
454 6
454 70
454 134
454 198
454 262
454 326
454 390
454 518
454 582
454 646
454 710
454 774
454 779
454 838
454 843
454 902
454 907
454 966
454 971
454 1030
454 1035
454 1094
454 1099
454 1158
454 1163
454 1222
455 263
455 327
455 391
455 519
455 583
455 647
456 11
456 73
456 75
456 139
456 200
456 205
456 264
456 267
456 328
456 333
456 392
456 397
456 461
456 520
456 584
456 587
456 648
456 651
456 653
456 712
456 717
456 776
456 781
456 904
456 909
456 968
456 973
456 1032
456 1096
456 1160
456 1165
456 1229
457 9
457 72
457 137
457 201
457 265
457 329
457 393
457 521
457 585
457 649
457 713
457 777
457 841
457 905
457 969
457 1033
457 1097
457 1161
457 1225
458 266
458 330
458 394
458 522
458 586
458 650
458 998
459 267
459 331
459 395
459 523
459 587
459 651
460 146
460 268
460 332
460 396
460 524
460 588
460 652
461 11
461 13
461 75
461 77
461 139
461 141
461 200
461 205
461 264
461 267
461 269
461 328
461 333
461 392
461 397
461 456
461 520
461 525
461 584
461 587
461 589
461 648
461 651
461 653
461 712
461 717
461 776
461 781
461 840
461 904
461 909
461 968
461 973
461 1032
461 1096
461 1101
461 1160
461 1165
461 1229
462 270
462 334
462 398
462 526
462 590
462 654
463 271
463 335
463 399
463 527
463 591
463 655
463 1175
464 115
464 272
464 317
464 336
464 344
464 400
464 528
464 592
464 628
464 656
464 952
464 1198
465 273
465 337
465 401
465 529
465 593
465 657
466 168
466 274
466 338
466 402
466 530
466 594
466 658
466 1055
467 275
467 339
467 403
467 531
467 595
467 659
467 991
467 1015
468 276
468 340
468 359
468 371
468 404
468 498
468 532
468 596
468 638
468 660
468 1009
468 1203
468 1262
469 24
469 277
469 341
469 405
469 533
469 555
469 597
469 629
469 661
469 685
469 792
469 871
469 1127
470 278
470 342
470 406
470 534
470 598
470 662
471 279
471 343
471 407
471 535
471 599
471 603
471 663
472 184
472 187
472 280
472 344
472 408
472 428
472 536
472 600
472 664
472 940
473 281
473 345
473 366
473 409
473 537
473 601
473 665
473 1063
474 80
474 282
474 346
474 410
474 538
474 602
474 632
474 666
474 1104
475 239
475 283
475 294
475 347
475 411
475 539
475 603
475 667
476 153
476 231
476 284
476 348
476 412
476 540
476 604
476 656
476 668
476 948
476 1191
477 285
477 349
477 362
477 413
477 490
477 541
477 605
477 669
477 1126
478 19
478 286
478 350
478 357
478 414
478 542
478 606
478 670
478 739
478 796
479 116
479 287
479 351
479 415
479 543
479 607
479 671
479 1145
480 288
480 352
480 416
480 544
480 608
480 672
481 289
481 353
481 417
481 545
481 609
481 641
481 673
481 923
481 924
481 1179
482 233
482 290
482 354
482 386
482 418
482 546
482 610
482 674
482 706
482 818
483 177
483 272
483 291
483 355
483 419
483 547
483 611
483 675
483 720
484 0
484 292
484 301
484 356
484 420
484 548
484 576
484 612
484 676
484 957
485 293
485 357
485 421
485 549
485 613
485 677
486 294
486 358
486 422
486 431
486 550
486 614
486 678
487 208
487 295
487 359
487 410
487 423
487 445
487 551
487 568
487 615
487 679
487 803
487 1113
488 49
488 296
488 360
488 364
488 424
488 552
488 616
488 680
488 939
488 1082
489 297
489 361
489 425
489 553
489 617
489 681
489 1178
490 298
490 362
490 426
490 477
490 554
490 618
490 682
490 1126
491 315
491 427
491 555
491 619
491 1008
492 179
492 364
492 428
492 433
492 556
492 620
492 684
492 820
492 984
492 1064
492 1081
493 31
493 301
493 365
493 429
493 557
493 621
493 685
493 1251
494 277
494 366
494 430
494 558
494 622
494 686
495 290
495 303
495 367
495 431
495 559
495 623
495 687
496 35
496 103
496 304
496 368
496 432
496 528
496 560
496 624
496 688
496 699
496 824
496 1137
497 238
497 305
497 369
497 433
497 435
497 561
497 625
497 689
497 764
497 1272
498 306
498 359
498 370
498 371
498 434
498 468
498 562
498 626
498 638
498 690
498 1009
498 1203
498 1262
499 371
499 435
499 563
499 627
499 633
499 1212
500 308
500 372
500 405
500 436
500 564
500 611
500 628
500 692
500 1084
501 149
501 180
501 309
501 373
501 436
501 437
501 565
501 629
501 693
501 1237
502 310
502 374
502 438
502 566
502 630
502 694
502 1184
503 119
503 253
503 280
503 311
503 345
503 375
503 439
503 547
503 567
503 624
503 631
503 695
504 43
504 188
504 312
504 376
504 440
504 568
504 632
504 679
504 688
505 377
505 441
505 508
505 569
505 633
506 63
506 378
506 442
506 570
506 634
506 639
507 443
507 571
507 635
507 636
508 380
508 444
508 505
508 572
509 317
509 381
509 445
509 573
509 637
509 701
509 917
510 58
510 382
510 441
510 446
510 574
510 638
510 1210
510 1259
511 252
511 383
511 447
511 575
511 619
511 639
511 752
512 320
512 384
512 448
512 576
512 640
512 680
512 704
512 914
512 960
513 321
513 385
513 449
513 577
513 641
513 682
513 705
513 731
513 990
514 292
514 322
514 386
514 450
514 578
514 642
514 706
514 884
515 323
515 387
515 451
515 579
515 643
515 695
515 707
515 936
515 1045
515 1090
515 1202
516 226
516 324
516 388
516 452
516 580
516 644
516 708
517 325
517 389
517 453
517 581
517 645
517 709
518 6
518 70
518 134
518 198
518 262
518 326
518 390
518 454
518 582
518 646
518 710
518 774
518 779
518 838
518 843
518 902
518 907
518 966
518 971
518 1030
518 1035
518 1094
518 1099
518 1158
518 1163
518 1222
519 327
519 391
519 455
519 583
519 647
519 711
520 11
520 13
520 75
520 77
520 139
520 141
520 200
520 205
520 264
520 267
520 269
520 328
520 333
520 392
520 397
520 456
520 461
520 525
520 584
520 587
520 589
520 648
520 651
520 653
520 712
520 715
520 717
520 776
520 781
520 840
520 845
520 904
520 909
520 968
520 973
520 1032
520 1037
520 1096
520 1101
520 1160
520 1165
520 1227
520 1229
521 9
521 72
521 137
521 201
521 265
521 329
521 393
521 457
521 585
521 649
521 713
521 777
521 841
521 905
521 969
521 1033
521 1097
521 1161
521 1225
522 67
522 330
522 394
522 458
522 552
522 586
522 650
522 714
522 949
523 331
523 395
523 459
523 587
523 651
523 715
524 332
524 396
524 460
524 588
524 652
524 716
525 11
525 13
525 77
525 139
525 141
525 200
525 205
525 269
525 333
525 392
525 397
525 461
525 520
525 584
525 587
525 589
525 648
525 651
525 653
525 712
525 715
525 717
525 776
525 779
525 781
525 840
525 843
525 845
525 904
525 907
525 909
525 968
525 971
525 973
525 1032
525 1035
525 1037
525 1099
525 1101
525 1163
525 1165
525 1227
526 334
526 398
526 462
526 590
526 654
526 718
527 335
527 399
527 463
527 591
527 655
527 719
527 1239
528 35
528 103
528 336
528 400
528 464
528 496
528 592
528 656
528 699
528 720
528 824
528 1137
529 337
529 401
529 465
529 593
529 657
529 721
530 338
530 402
530 407
530 466
530 591
530 594
530 658
530 722
530 1213
531 339
531 358
531 403
531 467
531 595
531 659
531 723
532 340
532 404
532 409
532 468
532 567
532 596
532 660
532 724
532 922
532 1253
533 341
533 405
533 469
533 597
533 661
533 725
534 342
534 406
534 470
534 598
534 662
534 726
535 343
535 407
535 471
535 599
535 663
535 727
535 809
535 1149
536 344
536 408
536 472
536 538
536 600
536 664
536 728
537 156
537 345
537 361
537 409
537 473
537 592
537 601
537 665
537 666
537 729
537 813
537 996
538 346
538 410
538 474
538 536
538 602
538 666
538 730
539 347
539 411
539 475
539 603
539 667
539 731
539 1054
540 306
540 348
540 412
540 476
540 604
540 668
540 732
541 349
541 413
541 477
541 605
541 669
541 733
541 1118
542 350
542 414
542 478
542 606
542 670
542 734
543 260
543 351
543 415
543 479
543 607
543 671
543 735
544 352
544 389
544 416
544 480
544 608
544 672
544 736
544 773
544 874
545 353
545 417
545 449
545 481
545 609
545 673
545 737
546 324
546 354
546 418
546 482
546 548
546 610
546 621
546 674
546 738
546 1043
546 1049
547 119
547 253
547 280
547 345
547 355
547 419
547 483
547 503
547 611
547 624
547 675
547 739
548 324
548 356
548 420
548 484
548 546
548 612
548 621
548 676
548 740
548 1043
548 1049
549 357
549 421
549 485
549 607
549 613
549 677
549 741
549 937
549 1114
549 1173
549 1256
550 358
550 422
550 486
550 614
550 678
550 742
550 1103
551 295
551 359
551 423
551 487
551 615
551 679
551 741
551 743
551 827
551 951
552 67
552 360
552 424
552 488
552 522
552 616
552 680
552 744
552 949
553 361
553 425
553 489
553 617
553 681
553 735
553 745
553 921
553 1271
554 225
554 362
554 426
554 490
554 618
554 682
554 746
555 24
555 363
555 427
555 469
555 491
555 619
555 629
555 683
555 685
555 747
555 792
555 871
555 1127
556 291
556 428
556 443
556 492
556 620
556 684
556 748
556 888
556 1209
557 365
557 429
557 493
557 621
557 685
557 749
558 366
558 430
558 494
558 622
558 686
558 750
559 367
559 431
559 495
559 623
559 687
559 751
560 377
560 432
560 444
560 496
560 624
560 688
561 369
561 433
561 497
561 625
561 689
561 753
562 66
562 194
562 320
562 370
562 421
562 434
562 498
562 626
562 690
562 754
562 1091
563 248
563 371
563 435
563 499
563 627
563 691
563 755
563 1192
564 372
564 412
564 436
564 500
564 628
564 681
564 692
564 756
564 882
565 373
565 437
565 501
565 629
565 693
565 757
566 374
566 438
566 502
566 630
566 694
566 758
567 375
567 409
567 439
567 503
567 532
567 631
567 695
567 759
567 922
567 1253
568 208
568 376
568 410
568 440
568 445
568 487
568 504
568 632
568 696
568 760
568 803
568 1113
569 113
569 441
569 505
569 633
569 697
570 506
570 634
571 443
571 507
571 634
571 635
571 699
571 703
571 763
571 831
572 380
572 444
572 508
572 635
572 636
572 700
572 764
572 895
572 1211
573 381
573 445
573 509
573 637
573 701
573 765
574 255
574 446
574 510
574 575
574 638
574 702
574 1022
574 1276
575 255
575 447
575 511
575 574
575 639
575 703
575 1022
575 1276
576 0
576 301
576 384
576 448
576 484
576 512
576 640
576 704
576 768
576 957
577 385
577 449
577 513
577 641
577 705
577 769
578 189
578 386
578 450
578 514
578 642
578 706
578 770
578 787
579 387
579 451
579 515
579 643
579 707
579 771
580 388
580 452
580 516
580 644
580 708
580 772
580 1258
581 389
581 453
581 517
581 645
581 709
581 773
582 6
582 70
582 134
582 198
582 262
582 326
582 390
582 454
582 518
582 646
582 710
582 774
582 838
582 843
582 902
582 907
582 966
582 1030
582 1035
582 1094
582 1099
582 1158
582 1163
582 1222
583 391
583 455
583 519
583 647
583 711
583 775
584 11
584 13
584 75
584 77
584 139
584 141
584 200
584 205
584 264
584 269
584 333
584 392
584 397
584 456
584 461
584 520
584 525
584 587
584 589
584 648
584 651
584 653
584 712
584 715
584 717
584 776
584 779
584 781
584 840
584 845
584 904
584 907
584 909
584 968
584 971
584 973
584 1032
584 1037
584 1096
584 1099
584 1101
584 1163
584 1165
584 1227
585 9
585 72
585 137
585 201
585 265
585 329
585 393
585 457
585 521
585 649
585 713
585 777
585 841
585 905
585 969
585 1033
585 1097
585 1161
585 1225
586 394
586 458
586 522
586 650
586 714
586 778
586 1124
587 11
587 13
587 75
587 77
587 139
587 141
587 200
587 205
587 264
587 267
587 269
587 328
587 333
587 392
587 395
587 397
587 456
587 459
587 461
587 520
587 523
587 525
587 584
587 589
587 648
587 651
587 653
587 712
587 715
587 717
587 776
587 779
587 781
587 840
587 904
587 909
587 968
587 973
587 1032
587 1096
587 1101
587 1160
587 1165
587 1229
588 353
588 396
588 460
588 524
588 652
588 716
588 780
589 11
589 13
589 77
589 139
589 141
589 200
589 205
589 264
589 269
589 333
589 392
589 397
589 461
589 520
589 525
589 584
589 587
589 648
589 651
589 653
589 712
589 715
589 717
589 776
589 779
589 781
589 840
589 845
589 904
589 907
589 909
589 968
589 971
589 973
589 1032
589 1037
589 1096
589 1099
589 1101
589 1163
589 1165
589 1227
590 398
590 462
590 526
590 654
590 718
590 782
591 399
591 407
591 463
591 527
591 530
591 655
591 719
591 783
591 1213
592 156
592 361
592 400
592 464
592 528
592 537
592 656
592 666
592 720
592 784
592 813
592 996
593 401
593 465
593 529
593 657
593 721
593 785
594 402
594 466
594 530
594 658
594 722
594 723
594 786
595 268
595 332
595 403
595 467
595 531
595 659
595 723
595 787
595 1154
596 308
596 404
596 468
596 532
596 660
596 724
596 788
596 1235
597 130
597 405
597 469
597 533
597 660
597 661
597 725
597 789
598 406
598 470
598 534
598 662
598 726
598 790
599 155
599 407
599 471
599 535
599 663
599 727
599 791
599 978
600 84
600 408
600 472
600 536
600 664
600 728
600 792
600 825
600 1136
601 409
601 473
601 537
601 665
601 729
601 793
601 798
601 804
601 920
602 80
602 410
602 474
602 538
602 632
602 666
602 730
602 794
602 1104
603 411
603 471
603 475
603 539
603 667
603 731
603 795
604 412
604 476
604 540
604 668
604 716
604 732
604 796
604 1254
605 413
605 477
605 541
605 669
605 709
605 733
605 797
606 414
606 478
606 542
606 670
606 722
606 734
606 798
607 415
607 479
607 543
607 549
607 671
607 735
607 799
607 937
607 1114
607 1173
607 1256
608 416
608 480
608 544
608 672
608 736
608 800
609 417
609 481
609 545
609 673
609 737
609 801
609 1228
610 159
610 204
610 211
610 418
610 482
610 546
610 640
610 674
610 687
610 738
610 802
610 823
610 1207
611 405
611 419
611 483
611 500
611 547
611 675
611 739
611 803
611 1084
612 420
612 450
612 484
612 548
612 676
612 740
612 804
612 942
612 1176
613 421
613 485
613 549
613 677
613 741
613 805
613 869
613 930
614 321
614 422
614 486
614 550
614 678
614 742
614 806
615 322
615 340
615 423
615 487
615 551
615 679
615 743
615 807
616 424
616 488
616 552
616 680
616 744
616 808
616 962
617 64
617 212
617 425
617 489
617 553
617 681
617 745
617 809
617 829
617 1138
617 1177
618 426
618 490
618 554
618 682
618 746
618 810
619 252
619 491
619 511
619 555
619 683
619 747
619 752
620 186
620 428
620 492
620 556
620 684
620 748
620 812
620 953
620 1083
620 1139
620 1208
620 1268
621 324
621 429
621 493
621 546
621 548
621 557
621 685
621 749
621 813
621 1043
621 1049
622 88
622 237
622 296
622 355
622 360
622 430
622 494
622 558
622 686
622 750
622 814
623 431
623 495
623 559
623 687
623 751
623 815
623 836
624 119
624 253
624 280
624 345
624 432
624 496
624 503
624 547
624 560
624 688
624 752
624 816
625 46
625 433
625 497
625 561
625 689
625 753
625 817
625 1146
625 1274
626 148
626 167
626 351
626 404
626 434
626 498
626 562
626 690
626 754
626 765
626 818
626 1010
627 40
627 83
627 435
627 448
627 499
627 563
627 691
627 755
627 819
627 946
628 115
628 317
628 344
628 436
628 464
628 500
628 564
628 692
628 756
628 820
628 952
628 1198
629 24
629 437
629 469
629 501
629 555
629 565
629 685
629 693
629 757
629 792
629 821
629 871
629 1127
630 438
630 502
630 566
630 694
630 758
630 822
631 439
631 503
631 567
631 695
631 759
631 823
631 852
632 80
632 440
632 474
632 504
632 568
632 602
632 696
632 760
632 824
632 1104
633 441
633 499
633 505
633 569
633 697
633 761
633 825
633 1212
634 506
634 570
634 571
634 698
634 703
634 762
634 831
635 443
635 507
635 571
635 572
635 699
635 763
635 827
635 895
635 1211
636 507
636 572
636 700
636 764
637 445
637 509
637 573
637 701
637 765
637 829
637 1204
638 359
638 371
638 446
638 468
638 498
638 510
638 574
638 702
638 766
638 830
638 1009
638 1203
638 1262
639 63
639 506
639 511
639 575
639 703
639 767
640 159
640 204
640 211
640 448
640 512
640 576
640 610
640 674
640 687
640 704
640 768
640 823
640 832
640 1207
641 449
641 481
641 513
641 577
641 705
641 769
641 833
641 923
641 924
641 1179
642 152
642 450
642 514
642 578
642 706
642 770
642 834
643 417
643 451
643 515
643 579
643 707
643 771
643 835
643 987
644 452
644 516
644 580
644 668
644 708
644 772
644 836
644 1125
644 1219
644 1245
644 1277
645 453
645 517
645 581
645 709
645 773
645 837
646 6
646 70
646 134
646 198
646 262
646 326
646 390
646 454
646 518
646 582
646 710
646 774
646 779
646 838
646 843
646 902
646 907
646 966
646 971
646 1030
646 1035
646 1094
646 1099
646 1158
646 1163
646 1222
647 455
647 519
647 583
647 711
647 775
647 839
647 864
648 11
648 13
648 75
648 77
648 139
648 141
648 200
648 205
648 264
648 267
648 269
648 333
648 392
648 397
648 456
648 461
648 520
648 525
648 584
648 587
648 589
648 651
648 653
648 712
648 715
648 717
648 776
648 781
648 840
648 845
648 904
648 909
648 968
648 973
648 1032
648 1037
648 1096
648 1101
648 1160
648 1165
648 1227
648 1229
649 9
649 72
649 137
649 201
649 265
649 329
649 393
649 457
649 521
649 585
649 713
649 777
649 841
649 905
649 969
649 1033
649 1097
649 1161
649 1225
650 76
650 458
650 522
650 586
650 714
650 778
650 842
650 1024
650 1092
651 11
651 13
651 75
651 77
651 139
651 141
651 200
651 205
651 264
651 269
651 333
651 392
651 397
651 456
651 459
651 461
651 520
651 523
651 525
651 584
651 587
651 589
651 648
651 653
651 712
651 715
651 717
651 776
651 779
651 781
651 840
651 843
651 845
651 904
651 907
651 909
651 968
651 971
651 973
651 1032
651 1037
651 1096
651 1099
651 1101
651 1163
651 1165
651 1227
652 460
652 524
652 588
652 716
652 780
652 844
653 11
653 13
653 75
653 77
653 139
653 141
653 200
653 205
653 264
653 267
653 269
653 333
653 392
653 397
653 456
653 461
653 520
653 525
653 584
653 587
653 589
653 648
653 651
653 712
653 715
653 717
653 776
653 779
653 781
653 840
653 845
653 904
653 907
653 909
653 968
653 971
653 973
653 1032
653 1037
653 1096
653 1101
653 1160
653 1165
653 1227
653 1229
654 462
654 526
654 590
654 718
654 782
654 846
655 463
655 527
655 591
655 719
655 783
655 847
656 153
656 231
656 464
656 476
656 528
656 592
656 720
656 784
656 848
656 948
656 1191
657 465
657 529
657 593
657 721
657 785
657 849
658 466
658 530
658 594
658 722
658 786
658 850
659 467
659 531
659 595
659 723
659 787
659 851
660 130
660 468
660 532
660 596
660 597
660 724
660 788
660 852
661 192
661 213
661 370
661 469
661 533
661 597
661 725
661 730
661 789
661 853
661 986
661 1200
662 470
662 534
662 598
662 726
662 790
662 854
663 471
663 535
663 599
663 727
663 791
663 855
663 887
664 154
664 440
664 472
664 536
664 600
664 728
664 792
664 856
664 1059
664 1264
665 293
665 473
665 537
665 601
665 677
665 729
665 793
665 857
666 156
666 361
666 474
666 537
666 538
666 592
666 602
666 730
666 794
666 813
666 858
666 996
667 475
667 539
667 603
667 731
667 795
667 859
668 476
668 540
668 604
668 644
668 732
668 796
668 860
668 1125
668 1219
668 1245
668 1277
669 349
669 477
669 541
669 605
669 733
669 797
669 861
669 1027
670 259
670 388
670 478
670 542
670 606
670 734
670 798
670 862
670 979
670 1250
671 479
671 543
671 607
671 735
671 799
671 863
672 79
672 480
672 544
672 608
672 736
672 800
672 864
673 481
673 545
673 609
673 737
673 801
673 850
673 865
674 159
674 204
674 211
674 482
674 546
674 610
674 640
674 687
674 738
674 802
674 823
674 866
674 1207
675 163
675 400
675 483
675 547
675 611
675 701
675 739
675 803
675 867
675 985
675 1048
675 1128
675 1255
676 55
676 89
676 484
676 548
676 612
676 740
676 804
676 868
676 896
677 293
677 485
677 549
677 613
677 665
677 741
677 805
677 869
678 486
678 550
678 614
678 742
678 806
678 870
679 43
679 188
679 312
679 487
679 504
679 551
679 615
679 688
679 743
679 807
679 871
680 488
680 512
680 552
680 616
680 744
680 808
680 872
680 914
680 960
681 412
681 489
681 553
681 564
681 617
681 745
681 809
681 873
681 882
682 490
682 513
682 554
682 618
682 731
682 746
682 810
682 874
682 990
683 555
683 619
683 747
684 318
684 492
684 556
684 620
684 747
684 748
684 812
684 876
684 881
685 24
685 469
685 493
685 555
685 557
685 621
685 629
685 749
685 792
685 813
685 871
685 877
685 1127
686 258
686 494
686 558
686 622
686 750
686 814
686 878
687 159
687 204
687 211
687 495
687 559
687 610
687 623
687 640
687 674
687 751
687 815
687 823
687 879
687 1207
688 43
688 188
688 312
688 496
688 504
688 560
688 624
688 679
688 752
688 816
688 880
689 497
689 561
689 625
689 753
689 763
689 817
689 881
689 889
690 41
690 498
690 562
690 626
690 749
690 754
690 789
690 818
690 882
690 1000
691 191
691 563
691 627
691 755
691 819
692 424
692 500
692 564
692 628
692 756
692 820
692 884
692 933
693 384
693 501
693 565
693 629
693 757
693 805
693 821
693 885
694 502
694 566
694 630
694 758
694 822
694 886
694 1174
695 503
695 515
695 567
695 631
695 759
695 823
695 887
695 936
695 1045
695 1090
695 1202
696 447
696 568
696 632
696 760
696 824
696 1151
697 185
697 382
697 569
697 633
697 761
697 825
697 889
698 62
698 634
698 762
698 826
698 1131
699 35
699 103
699 496
699 528
699 571
699 635
699 763
699 824
699 827
699 891
699 1137
700 123
700 572
700 636
700 764
700 828
700 892
701 163
701 400
701 509
701 573
701 637
701 675
701 765
701 829
701 893
701 985
701 1048
701 1128
701 1255
702 574
702 638
702 766
702 830
702 1004
702 1195
703 571
703 575
703 634
703 639
703 767
703 831
703 895
704 165
704 228
704 229
704 512
704 576
704 640
704 768
704 770
704 832
704 896
704 1074
704 1140
705 513
705 577
705 641
705 769
705 833
705 897
706 233
706 386
706 482
706 514
706 578
706 642
706 770
706 818
706 834
706 898
707 224
707 515
707 579
707 643
707 771
707 835
707 899
708 516
708 580
708 644
708 772
708 836
708 900
708 1143
709 517
709 581
709 605
709 645
709 773
709 837
709 901
710 6
710 70
710 134
710 198
710 262
710 326
710 390
710 454
710 518
710 582
710 646
710 774
710 779
710 838
710 843
710 902
710 907
710 966
710 971
710 1030
710 1035
710 1094
710 1099
710 1158
710 1163
710 1222
711 519
711 583
711 647
711 775
711 839
711 903
711 943
711 1162
712 11
712 13
712 75
712 77
712 139
712 141
712 200
712 205
712 264
712 267
712 269
712 333
712 392
712 397
712 456
712 461
712 520
712 525
712 584
712 587
712 589
712 648
712 651
712 653
712 715
712 717
712 776
712 779
712 781
712 840
712 845
712 904
712 909
712 968
712 971
712 973
712 1032
712 1037
712 1096
712 1101
712 1160
712 1165
712 1227
712 1229
713 9
713 72
713 137
713 201
713 265
713 329
713 393
713 457
713 521
713 585
713 649
713 777
713 841
713 905
713 969
713 1033
713 1097
713 1161
713 1225
714 3
714 522
714 586
714 650
714 778
714 842
714 906
715 11
715 13
715 77
715 141
715 200
715 205
715 269
715 333
715 397
715 520
715 523
715 525
715 584
715 587
715 589
715 648
715 651
715 653
715 712
715 717
715 776
715 779
715 781
715 840
715 843
715 845
715 904
715 907
715 909
715 968
715 971
715 973
715 1032
715 1035
715 1037
715 1099
715 1101
715 1163
715 1165
715 1227
716 524
716 588
716 604
716 652
716 780
716 844
716 908
716 1254
717 11
717 13
717 75
717 77
717 139
717 141
717 200
717 205
717 264
717 267
717 269
717 333
717 392
717 397
717 456
717 461
717 520
717 525
717 584
717 587
717 589
717 648
717 651
717 653
717 712
717 715
717 776
717 781
717 840
717 845
717 904
717 909
717 968
717 971
717 973
717 1032
717 1037
717 1096
717 1101
717 1160
717 1165
717 1227
717 1229
718 14
718 160
718 526
718 590
718 654
718 782
718 846
718 910
719 10
719 527
719 591
719 655
719 783
719 847
719 911
720 177
720 272
720 483
720 528
720 592
720 656
720 784
720 848
720 912
721 529
721 593
721 657
721 785
721 849
721 913
722 530
722 594
722 606
722 658
722 786
722 850
722 914
723 531
723 594
723 595
723 659
723 787
723 851
723 915
724 95
724 101
724 114
724 242
724 418
724 532
724 596
724 660
724 788
724 852
724 916
725 104
725 533
725 597
725 661
725 789
725 853
725 917
725 1058
726 534
726 598
726 662
726 790
726 854
726 918
727 535
727 599
727 663
727 791
727 855
727 900
727 919
728 346
728 373
728 375
728 536
728 600
728 664
728 792
728 856
728 885
728 920
728 935
728 999
729 537
729 601
729 665
729 760
729 793
729 857
729 872
729 921
729 1172
730 192
730 213
730 370
730 538
730 602
730 661
730 666
730 794
730 858
730 922
730 986
730 1200
731 513
731 539
731 603
731 667
731 682
731 795
731 859
731 923
731 990
732 161
732 540
732 604
732 668
732 769
732 796
732 860
732 924
733 541
733 605
733 669
733 797
733 861
733 925
733 1120
734 396
734 422
734 542
734 606
734 670
734 798
734 862
734 926
735 543
735 553
735 607
735 671
735 799
735 863
735 921
735 927
735 1271
736 544
736 608
736 672
736 800
736 864
736 928
737 545
737 609
737 673
737 801
737 835
737 865
737 929
738 50
738 282
738 336
738 434
738 546
738 610
738 674
738 802
738 866
738 930
738 1241
739 19
739 357
739 478
739 547
739 611
739 675
739 796
739 803
739 867
739 931
740 45
740 128
740 548
740 612
740 676
740 804
740 868
740 932
741 295
741 549
741 551
741 613
741 677
741 805
741 827
741 869
741 933
741 951
742 220
742 550
742 614
742 678
742 806
742 870
742 908
742 934
743 551
743 615
743 679
743 807
743 871
743 935
743 1068
744 144
744 164
744 552
744 616
744 680
744 808
744 856
744 872
744 891
744 936
744 1044
744 1187
744 1242
745 419
745 553
745 617
745 681
745 807
745 809
745 873
745 937
746 554
746 618
746 682
746 810
746 874
746 938
746 1062
747 318
747 555
747 619
747 683
747 684
747 811
747 875
747 881
748 556
748 620
748 684
748 812
748 828
748 876
748 880
748 940
749 41
749 557
749 621
749 685
749 690
749 789
749 813
749 877
749 941
749 1000
750 558
750 622
750 686
750 814
750 830
750 878
750 942
750 1070
751 559
751 623
751 687
751 806
751 815
751 879
751 943
752 252
752 511
752 619
752 624
752 688
752 816
752 880
752 944
753 561
753 625
753 689
753 817
753 881
753 945
753 1018
753 1134
754 66
754 194
754 320
754 421
754 562
754 626
754 690
754 818
754 882
754 946
754 1091
755 44
755 51
755 172
755 437
755 563
755 627
755 691
755 819
755 883
755 944
755 947
755 1087
756 564
756 628
756 692
756 820
756 821
756 884
756 948
756 963
757 217
757 565
757 629
757 693
757 821
757 885
757 949
757 1013
758 566
758 630
758 694
758 822
758 886
758 950
759 567
759 631
759 695
759 823
759 887
759 951
759 1188
759 1193
760 568
760 632
760 696
760 729
760 824
760 872
760 888
760 952
760 1172
761 633
761 697
761 825
761 889
761 1086
762 124
762 300
762 302
762 307
762 634
762 698
762 826
763 571
763 635
763 689
763 699
763 827
763 889
763 891
763 955
764 238
764 435
764 497
764 572
764 636
764 700
764 828
764 892
764 1272
765 148
765 167
765 351
765 404
765 573
765 626
765 637
765 701
765 829
765 893
765 957
765 1010
766 638
766 702
766 767
766 830
766 894
766 958
766 1075
767 639
767 703
767 766
767 831
767 895
767 1075
768 2
768 356
768 576
768 640
768 704
768 832
768 834
768 896
768 960
769 161
769 577
769 641
769 705
769 732
769 833
769 897
769 961
770 165
770 228
770 229
770 578
770 642
770 704
770 706
770 834
770 898
770 962
770 1074
770 1140
771 579
771 643
771 707
771 835
771 899
771 963
771 1185
772 98
772 256
772 420
772 580
772 644
772 708
772 836
772 900
772 964
773 389
773 544
773 581
773 645
773 709
773 837
773 874
773 901
773 965
774 6
774 70
774 134
774 198
774 262
774 326
774 390
774 454
774 518
774 582
774 646
774 710
774 779
774 838
774 843
774 902
774 907
774 966
774 971
774 1030
774 1035
774 1094
774 1099
774 1158
774 1163
774 1222
775 583
775 647
775 711
775 839
775 903
775 967
776 11
776 13
776 75
776 77
776 139
776 141
776 200
776 205
776 264
776 269
776 333
776 392
776 397
776 456
776 461
776 520
776 525
776 584
776 587
776 589
776 648
776 651
776 653
776 712
776 715
776 717
776 779
776 781
776 840
776 845
776 904
776 907
776 909
776 968
776 971
776 973
776 1032
776 1037
776 1096
776 1099
776 1101
776 1163
776 1165
776 1227
777 9
777 72
777 137
777 201
777 265
777 329
777 393
777 457
777 521
777 585
777 649
777 713
777 841
777 905
777 969
777 1033
777 1097
777 1161
777 1225
778 215
778 586
778 650
778 714
778 842
778 906
778 970
778 1052
779 13
779 70
779 77
779 134
779 141
779 198
779 205
779 262
779 269
779 326
779 333
779 390
779 397
779 454
779 518
779 525
779 584
779 587
779 589
779 646
779 651
779 653
779 710
779 712
779 715
779 774
779 776
779 781
779 838
779 840
779 843
779 845
779 902
779 907
779 909
779 966
779 971
779 973
779 1030
779 1032
779 1035
779 1037
779 1094
779 1099
779 1101
779 1158
779 1163
779 1165
779 1222
779 1227
780 588
780 652
780 716
780 844
780 908
780 972
781 11
781 13
781 75
781 77
781 139
781 141
781 200
781 205
781 264
781 267
781 269
781 333
781 392
781 397
781 456
781 461
781 520
781 525
781 584
781 587
781 589
781 648
781 651
781 653
781 712
781 715
781 717
781 776
781 779
781 840
781 845
781 904
781 907
781 909
781 968
781 971
781 973
781 1032
781 1037
781 1096
781 1101
781 1160
781 1165
781 1227
781 1229
782 590
782 654
782 718
782 846
782 910
782 974
783 34
783 591
783 655
783 719
783 847
783 911
783 919
783 975
784 90
784 92
784 592
784 656
784 720
784 848
784 912
784 976
784 1273
785 593
785 657
785 721
785 849
785 913
785 977
786 195
786 594
786 658
786 722
786 850
786 914
786 978
787 189
787 578
787 595
787 659
787 723
787 851
787 915
787 979
788 28
788 236
788 365
788 596
788 660
788 724
788 852
788 878
788 916
788 980
789 41
789 597
789 661
789 690
789 725
789 749
789 853
789 917
789 981
789 1000
790 598
790 662
790 726
790 854
790 918
790 982
791 599
791 663
791 727
791 855
791 919
791 983
792 24
792 469
792 555
792 600
792 629
792 664
792 685
792 728
792 856
792 871
792 920
792 984
792 1127
793 601
793 665
793 729
793 798
793 804
793 857
793 920
793 921
793 985
794 602
794 666
794 730
794 858
794 922
794 986
794 1040
795 603
795 667
795 731
795 859
795 923
795 987
796 19
796 357
796 478
796 604
796 668
796 732
796 739
796 860
796 924
796 988
797 151
797 605
797 669
797 733
797 861
797 925
797 989
798 601
798 606
798 670
798 734
798 793
798 804
798 862
798 920
798 926
798 990
799 173
799 284
799 607
799 671
799 735
799 863
799 927
799 980
799 991
800 608
800 672
800 736
800 864
800 928
800 992
800 1110
801 609
801 673
801 737
801 865
801 929
801 993
801 1243
802 610
802 674
802 738
802 866
802 930
802 994
803 208
803 410
803 445
803 487
803 568
803 611
803 675
803 739
803 867
803 931
803 995
803 1113
804 601
804 612
804 676
804 740
804 793
804 798
804 868
804 920
804 932
804 996
805 384
805 613
805 677
805 693
805 741
805 869
805 933
805 997
806 614
806 678
806 742
806 751
806 870
806 934
806 998
807 419
807 615
807 679
807 743
807 745
807 871
807 935
807 999
808 287
808 376
808 616
808 680
808 744
808 872
808 936
808 1000
808 1112
809 535
809 617
809 681
809 745
809 873
809 937
809 1001
809 1149
810 618
810 682
810 746
810 874
810 938
810 1002
810 1231
811 747
811 875
812 120
812 620
812 684
812 748
812 876
812 940
812 1004
812 1080
812 1197
812 1265
813 156
813 361
813 537
813 592
813 621
813 666
813 685
813 749
813 877
813 941
813 996
813 1005
814 304
814 622
814 686
814 750
814 817
814 878
814 912
814 942
814 1006
815 623
815 687
815 751
815 842
815 879
815 943
815 1007
816 26
816 176
816 227
816 624
816 688
816 752
816 880
816 944
816 1008
817 304
817 625
817 689
817 753
817 814
817 881
817 912
817 945
817 1009
818 233
818 386
818 482
818 626
818 690
818 706
818 754
818 882
818 946
818 1010
819 627
819 691
819 755
819 883
819 947
820 179
820 433
820 492
820 628
820 692
820 756
820 884
820 948
820 984
820 1012
820 1064
820 1081
821 629
821 693
821 756
821 757
821 885
821 949
821 963
821 1013
822 630
822 694
822 758
822 886
822 950
822 1014
823 159
823 204
823 211
823 610
823 631
823 640
823 674
823 687
823 695
823 759
823 887
823 951
823 1015
823 1207
824 35
824 103
824 496
824 528
824 632
824 696
824 699
824 760
824 888
824 952
824 1016
824 1137
825 84
825 600
825 633
825 697
825 761
825 889
825 953
825 1017
825 1136
826 698
826 762
826 890
826 954
826 1018
826 1260
827 295
827 551
827 635
827 699
827 741
827 763
827 891
827 951
827 955
827 1019
828 700
828 748
828 764
828 880
828 892
828 956
828 1020
829 64
829 212
829 617
829 637
829 701
829 765
829 893
829 957
829 1021
829 1138
829 1177
830 638
830 702
830 750
830 766
830 894
830 958
830 1022
830 1070
831 571
831 634
831 703
831 767
831 895
831 959
832 100
832 175
832 183
832 640
832 704
832 768
832 896
832 960
832 1024
833 641
833 705
833 769
833 897
833 961
833 1025
834 2
834 356
834 642
834 706
834 768
834 770
834 898
834 962
834 1026
835 643
835 707
835 737
835 771
835 899
835 963
835 1027
836 623
836 644
836 708
836 772
836 900
836 964
836 1028
837 645
837 709
837 773
837 901
837 965
837 1029
838 6
838 70
838 134
838 198
838 262
838 326
838 390
838 454
838 518
838 582
838 646
838 710
838 774
838 779
838 843
838 902
838 907
838 966
838 971
838 1030
838 1035
838 1094
838 1099
838 1158
838 1163
838 1222
839 54
839 647
839 711
839 775
839 903
839 967
839 1031
840 11
840 13
840 77
840 139
840 141
840 200
840 205
840 264
840 269
840 333
840 392
840 397
840 461
840 520
840 525
840 584
840 587
840 589
840 648
840 651
840 653
840 712
840 715
840 717
840 776
840 779
840 781
840 843
840 845
840 904
840 907
840 909
840 968
840 971
840 973
840 1032
840 1035
840 1037
840 1099
840 1101
840 1163
840 1165
840 1227
841 9
841 72
841 137
841 201
841 265
841 329
841 393
841 457
841 521
841 585
841 649
841 713
841 777
841 905
841 969
841 1033
841 1097
841 1161
841 1225
842 650
842 714
842 778
842 815
842 906
842 970
842 1034
843 6
843 13
843 70
843 134
843 141
843 198
843 262
843 326
843 390
843 454
843 518
843 525
843 582
843 646
843 651
843 710
843 715
843 774
843 779
843 838
843 840
843 845
843 902
843 907
843 966
843 971
843 1030
843 1035
843 1037
843 1094
843 1099
843 1158
843 1163
843 1222
843 1227
844 652
844 716
844 780
844 908
844 972
844 1036
845 11
845 13
845 77
845 141
845 200
845 205
845 269
845 333
845 397
845 520
845 525
845 584
845 589
845 648
845 651
845 653
845 712
845 715
845 717
845 776
845 779
845 781
845 840
845 843
845 904
845 907
845 909
845 971
845 973
845 1032
845 1035
845 1037
845 1099
845 1101
845 1163
845 1165
845 1222
845 1227
846 654
846 718
846 782
846 910
846 974
846 1038
847 655
847 719
847 783
847 911
847 975
847 1039
848 218
848 247
848 656
848 720
848 784
848 912
848 976
848 1040
849 657
849 721
849 785
849 913
849 977
849 1041
850 658
850 673
850 722
850 786
850 914
850 978
850 1042
851 659
851 723
851 787
851 915
851 979
851 1043
852 631
852 660
852 724
852 788
852 916
852 980
852 1044
853 169
853 661
853 725
853 789
853 917
853 981
853 1045
853 1247
854 662
854 726
854 790
854 918
854 982
854 1046
855 663
855 727
855 791
855 860
855 919
855 983
855 1047
856 144
856 164
856 664
856 728
856 744
856 792
856 891
856 920
856 984
856 1044
856 1048
856 1187
856 1242
857 222
857 276
857 665
857 729
857 793
857 921
857 985
857 1049
857 1152
858 223
858 245
858 666
858 730
858 794
858 868
858 892
858 922
858 986
858 1050
859 667
859 731
859 795
859 923
859 967
859 987
859 1051
860 668
860 732
860 796
860 855
860 924
860 988
860 1052
861 669
861 733
861 797
861 925
861 989
861 1053
862 670
862 734
862 798
862 926
862 990
862 1054
862 1164
863 671
863 735
863 799
863 927
863 991
863 1055
864 647
864 672
864 736
864 800
864 928
864 992
864 1056
865 323
865 673
865 737
865 801
865 929
865 993
865 1057
866 111
866 674
866 738
866 802
866 930
866 994
866 1058
866 1246
867 94
867 675
867 739
867 803
867 931
867 995
867 1059
867 1106
868 223
868 245
868 676
868 740
868 804
868 858
868 892
868 932
868 996
868 1060
869 613
869 677
869 741
869 805
869 930
869 933
869 997
869 1061
870 678
870 742
870 806
870 934
870 998
870 1062
871 24
871 469
871 555
871 629
871 679
871 685
871 743
871 792
871 807
871 935
871 999
871 1063
871 1127
872 680
872 729
872 744
872 760
872 808
872 936
872 1000
872 1064
872 1172
873 681
873 745
873 809
873 937
873 1001
873 1065
874 389
874 544
874 682
874 746
874 773
874 810
874 938
874 1002
874 1066
875 57
875 747
875 811
875 939
875 1003
876 684
876 748
876 812
876 940
876 1004
876 1068
877 685
877 749
877 813
877 941
877 1005
877 1069
877 1076
877 1119
877 1218
878 28
878 236
878 365
878 686
878 750
878 788
878 814
878 942
878 1006
878 1070
879 687
879 751
879 815
879 943
879 1007
879 1071
880 688
880 748
880 752
880 816
880 828
880 944
880 1008
880 1072
881 318
881 684
881 689
881 747
881 753
881 817
881 945
881 1009
881 1073
882 412
882 564
882 681
882 690
882 754
882 818
882 946
882 1010
882 1074
883 59
883 243
883 755
883 819
883 947
883 1017
883 1278
884 292
884 514
884 692
884 756
884 820
884 948
884 1012
884 1076
885 346
885 373
885 375
885 693
885 728
885 757
885 821
885 935
885 949
885 999
885 1013
885 1077
886 694
886 758
886 822
886 950
886 1014
886 1078
887 663
887 695
887 759
887 823
887 951
887 1015
887 1079
888 291
888 443
888 556
888 760
888 824
888 952
888 1016
888 1080
888 1209
889 689
889 697
889 761
889 763
889 825
889 953
889 1017
889 1081
890 826
890 954
890 1018
891 144
891 164
891 699
891 744
891 763
891 827
891 856
891 955
891 1019
891 1044
891 1083
891 1187
891 1242
892 223
892 245
892 700
892 764
892 828
892 858
892 868
892 956
892 1020
892 1084
893 147
893 701
893 765
893 829
893 957
893 1021
893 1085
894 766
894 830
894 958
894 1016
894 1022
894 1086
894 1201
895 572
895 635
895 703
895 767
895 831
895 959
895 1023
895 1087
895 1211
896 55
896 89
896 676
896 704
896 768
896 832
896 960
896 1024
896 1088
897 705
897 769
897 833
897 961
897 1025
897 1089
898 30
898 706
898 770
898 834
898 962
898 1026
898 1077
898 1090
898 1122
899 707
899 771
899 835
899 963
899 1027
899 1091
900 708
900 727
900 772
900 836
900 964
900 1028
900 1092
901 709
901 773
901 837
901 965
901 977
901 1029
901 1093
902 6
902 70
902 134
902 198
902 262
902 326
902 390
902 454
902 518
902 582
902 646
902 710
902 774
902 779
902 838
902 843
902 907
902 966
902 971
902 1030
902 1035
902 1094
902 1099
902 1158
902 1163
902 1222
902 1227
903 711
903 775
903 839
903 967
903 1031
903 1095
904 11
904 75
904 77
904 139
904 141
904 200
904 205
904 264
904 267
904 269
904 333
904 392
904 397
904 456
904 461
904 520
904 525
904 584
904 587
904 589
904 648
904 651
904 653
904 712
904 715
904 717
904 776
904 781
904 840
904 845
904 909
904 968
904 973
904 1032
904 1037
904 1096
904 1101
904 1160
904 1165
904 1229
905 9
905 72
905 137
905 201
905 265
905 329
905 393
905 457
905 521
905 585
905 649
905 713
905 777
905 841
905 969
905 1033
905 1097
905 1161
905 1225
906 714
906 778
906 842
906 970
906 1034
906 1098
907 70
907 77
907 134
907 141
907 198
907 205
907 262
907 269
907 326
907 333
907 390
907 397
907 454
907 518
907 525
907 582
907 584
907 589
907 646
907 651
907 653
907 710
907 715
907 774
907 776
907 779
907 781
907 838
907 840
907 843
907 845
907 902
907 909
907 966
907 971
907 1030
907 1032
907 1035
907 1037
907 1094
907 1099
907 1101
907 1158
907 1163
907 1165
907 1222
907 1227
908 220
908 716
908 742
908 780
908 844
908 972
908 1036
908 1100
909 11
909 75
909 77
909 139
909 141
909 200
909 205
909 264
909 267
909 269
909 333
909 392
909 397
909 456
909 461
909 520
909 525
909 584
909 587
909 589
909 648
909 651
909 653
909 712
909 715
909 717
909 776
909 779
909 781
909 840
909 845
909 904
909 907
909 968
909 971
909 973
909 1032
909 1037
909 1096
909 1101
909 1160
909 1165
909 1227
909 1229
910 718
910 782
910 846
910 974
910 1038
910 1102
911 327
911 719
911 783
911 847
911 975
911 1039
911 1103
911 1230
912 304
912 720
912 784
912 814
912 817
912 848
912 976
912 1040
912 1104
913 721
913 785
913 849
913 977
913 1041
913 1105
914 512
914 680
914 722
914 786
914 850
914 960
914 978
914 1042
914 1106
915 402
915 723
915 787
915 851
915 979
915 1043
915 1107
916 125
916 724
916 788
916 852
916 941
916 980
916 1044
916 1108
917 509
917 725
917 789
917 853
917 981
917 1045
917 1109
918 726
918 790
918 854
918 982
918 1046
918 1110
919 34
919 727
919 783
919 791
919 855
919 983
919 1047
919 1111
920 601
920 728
920 792
920 793
920 798
920 804
920 856
920 984
920 1048
920 1112
921 553
921 729
921 735
921 793
921 857
921 985
921 1049
921 1113
921 1271
922 409
922 532
922 567
922 730
922 794
922 858
922 986
922 1050
922 1114
922 1253
923 481
923 641
923 731
923 795
923 859
923 924
923 987
923 1051
923 1115
923 1179
924 481
924 641
924 732
924 796
924 860
924 923
924 988
924 1052
924 1116
924 1179
925 170
925 733
925 797
925 861
925 989
925 1053
925 1117
926 68
926 734
926 798
926 862
926 990
926 1054
926 1118
926 1216
927 735
927 799
927 863
927 991
927 1001
927 1055
927 1119
928 736
928 800
928 864
928 992
928 1056
928 1120
928 1182
929 367
929 737
929 801
929 865
929 964
929 993
929 1057
929 1121
930 613
930 738
930 802
930 866
930 869
930 994
930 1058
930 1122
931 110
931 117
931 739
931 803
931 867
931 995
931 1059
931 1123
932 740
932 804
932 868
932 981
932 996
932 1060
932 1124
933 424
933 692
933 741
933 805
933 869
933 997
933 1061
933 1125
934 742
934 806
934 870
934 998
934 1051
934 1062
934 1126
935 346
935 373
935 375
935 728
935 743
935 807
935 871
935 885
935 999
935 1063
935 1127
936 515
936 695
936 744
936 808
936 872
936 1000
936 1045
936 1064
936 1090
936 1128
936 1202
937 549
937 607
937 745
937 809
937 873
937 1001
937 1065
937 1114
937 1129
937 1173
937 1256
938 746
938 810
938 874
938 1002
938 1034
938 1066
938 1130
939 49
939 364
939 488
939 875
939 1003
939 1067
939 1082
940 184
940 187
940 428
940 472
940 748
940 812
940 876
940 1004
940 1068
940 1132
941 125
941 749
941 813
941 877
941 916
941 1005
941 1069
941 1133
942 450
942 612
942 750
942 814
942 878
942 1006
942 1070
942 1134
942 1176
943 711
943 751
943 815
943 879
943 1007
943 1071
943 1135
943 1162
944 44
944 51
944 172
944 437
944 752
944 755
944 816
944 880
944 1008
944 1072
944 1087
944 1136
945 25
945 753
945 817
945 881
945 1009
945 1073
945 1137
945 1240
946 40
946 83
946 448
946 627
946 754
946 818
946 882
946 1010
946 1074
946 1138
947 755
947 819
947 883
947 1011
947 1075
947 1139
947 1147
948 153
948 231
948 476
948 656
948 756
948 820
948 884
948 1012
948 1076
948 1140
948 1191
949 67
949 522
949 552
949 757
949 821
949 885
949 1013
949 1077
949 1141
950 758
950 822
950 886
950 1014
950 1078
950 1142
951 295
951 551
951 741
951 759
951 823
951 827
951 887
951 1015
951 1079
951 1143
952 115
952 317
952 344
952 464
952 628
952 760
952 824
952 888
952 1016
952 1080
952 1144
952 1198
953 186
953 620
953 825
953 889
953 1017
953 1081
953 1083
953 1139
953 1145
953 1208
953 1268
954 826
954 890
954 1018
954 1023
954 1082
955 52
955 368
955 372
955 763
955 827
955 891
955 1019
955 1083
955 1147
955 1150
956 828
956 892
956 1020
956 1084
957 0
957 301
957 484
957 576
957 765
957 829
957 893
957 1021
957 1085
957 1149
958 281
958 766
958 830
958 894
958 1022
958 1086
958 1150
959 250
959 831
959 895
959 1023
959 1087
960 512
960 680
960 768
960 832
960 896
960 914
960 1024
960 1088
960 1152
961 387
961 769
961 833
961 897
961 1025
961 1089
961 1153
962 616
962 770
962 834
962 898
962 1026
962 1090
962 1154
963 756
963 771
963 821
963 835
963 899
963 1027
963 1091
963 1155
964 367
964 772
964 836
964 900
964 929
964 1028
964 1092
964 1156
965 773
965 837
965 901
965 1029
965 1093
965 1157
966 6
966 70
966 134
966 198
966 262
966 326
966 390
966 454
966 518
966 582
966 646
966 710
966 774
966 779
966 838
966 843
966 902
966 907
966 971
966 1030
966 1035
966 1094
966 1099
966 1158
966 1163
966 1222
966 1227
967 775
967 839
967 859
967 903
967 1031
967 1095
967 1159
968 11
968 75
968 139
968 141
968 200
968 205
968 264
968 267
968 269
968 328
968 333
968 392
968 397
968 456
968 461
968 520
968 525
968 584
968 587
968 589
968 648
968 651
968 653
968 712
968 715
968 717
968 776
968 781
968 840
968 904
968 909
968 973
968 1032
968 1037
968 1096
968 1101
968 1160
968 1165
968 1229
969 9
969 72
969 137
969 201
969 265
969 329
969 393
969 457
969 521
969 585
969 649
969 713
969 777
969 841
969 905
969 1033
969 1097
969 1161
969 1225
970 27
970 778
970 842
970 906
970 1034
970 1098
970 1162
971 134
971 141
971 198
971 205
971 262
971 269
971 326
971 333
971 390
971 397
971 454
971 518
971 525
971 584
971 589
971 646
971 651
971 653
971 710
971 712
971 715
971 717
971 774
971 776
971 779
971 781
971 838
971 840
971 843
971 845
971 902
971 907
971 909
971 966
971 973
971 1030
971 1032
971 1035
971 1037
971 1094
971 1099
971 1101
971 1158
971 1163
971 1165
971 1222
971 1227
972 385
972 780
972 844
972 908
972 1036
972 1100
972 1116
972 1164
973 11
973 139
973 141
973 200
973 205
973 264
973 267
973 269
973 333
973 392
973 397
973 456
973 461
973 520
973 525
973 584
973 587
973 589
973 648
973 651
973 653
973 712
973 715
973 717
973 776
973 779
973 781
973 840
973 845
973 904
973 909
973 968
973 971
973 1032
973 1037
973 1096
973 1101
973 1160
973 1165
973 1227
973 1229
974 438
974 782
974 846
974 910
974 1038
974 1102
974 1166
975 143
975 783
975 847
975 911
975 1039
975 1103
975 1167
976 784
976 848
976 912
976 1040
976 1104
976 1168
976 1269
977 785
977 849
977 901
977 913
977 1041
977 1105
977 1169
978 155
978 599
978 786
978 850
978 914
978 1042
978 1106
978 1170
979 259
979 388
979 670
979 787
979 851
979 915
979 1043
979 1107
979 1171
979 1250
980 173
980 284
980 788
980 799
980 852
980 916
980 1044
980 1108
980 1172
981 789
981 853
981 917
981 932
981 1045
981 1109
981 1173
982 790
982 854
982 918
982 1046
982 1110
982 1174
983 791
983 855
983 919
983 1047
983 1057
983 1111
983 1175
984 179
984 433
984 492
984 792
984 820
984 856
984 920
984 1048
984 1064
984 1081
984 1112
984 1176
985 163
985 400
985 675
985 701
985 793
985 857
985 921
985 1048
985 1049
985 1113
985 1128
985 1177
985 1255
986 192
986 213
986 370
986 661
986 730
986 794
986 858
986 922
986 1050
986 1114
986 1178
986 1200
987 417
987 643
987 795
987 859
987 923
987 1051
987 1115
987 1179
988 20
988 796
988 860
988 924
988 1005
988 1052
988 1116
988 1180
989 797
989 861
989 925
989 1053
989 1100
989 1117
989 1181
990 513
990 682
990 731
990 798
990 862
990 926
990 1054
990 1118
990 1182
991 467
991 799
991 863
991 927
991 1015
991 1055
991 1119
991 1183
992 800
992 864
992 928
992 1056
992 1120
992 1184
993 801
993 865
993 929
993 1057
993 1121
993 1185
994 99
994 423
994 802
994 866
994 930
994 995
994 1058
994 1122
994 1186
994 1196
995 99
995 423
995 803
995 867
995 931
995 994
995 1059
995 1123
995 1187
995 1196
996 156
996 361
996 537
996 592
996 666
996 804
996 813
996 868
996 932
996 1060
996 1124
996 1188
997 805
997 869
997 933
997 1060
997 1061
997 1125
997 1189
998 458
998 806
998 870
998 934
998 1062
998 1126
998 1190
999 346
999 373
999 375
999 728
999 807
999 871
999 885
999 935
999 1063
999 1127
999 1191
1000 41
1000 690
1000 749
1000 789
1000 808
1000 872
1000 936
1000 1064
1000 1128
1000 1192
1001 809
1001 873
1001 927
1001 937
1001 1065
1001 1129
1001 1193
1002 230
1002 810
1002 874
1002 938
1002 1066
1002 1130
1002 1153
1002 1194
1003 319
1003 875
1003 939
1003 1067
1003 1131
1003 1279
1004 702
1004 812
1004 876
1004 940
1004 1068
1004 1132
1004 1195
1004 1196
1005 20
1005 813
1005 877
1005 941
1005 988
1005 1069
1005 1133
1005 1197
1006 174
1006 814
1006 878
1006 942
1006 1020
1006 1070
1006 1134
1006 1148
1006 1198
1007 426
1007 815
1007 879
1007 943
1007 1071
1007 1121
1007 1135
1007 1199
1008 315
1008 491
1008 816
1008 880
1008 944
1008 1072
1008 1136
1008 1200
1009 359
1009 371
1009 468
1009 498
1009 638
1009 817
1009 881
1009 945
1009 1073
1009 1137
1009 1201
1009 1203
1009 1262
1010 148
1010 167
1010 351
1010 404
1010 626
1010 765
1010 818
1010 882
1010 946
1010 1074
1010 1138
1010 1202
1011 947
1011 1075
1011 1139
1012 820
1012 884
1012 948
1012 1076
1012 1140
1012 1204
1013 217
1013 757
1013 821
1013 885
1013 949
1013 1077
1013 1141
1013 1205
1014 822
1014 886
1014 950
1014 1078
1014 1142
1014 1206
1015 467
1015 823
1015 887
1015 951
1015 991
1015 1079
1015 1143
1015 1207
1016 824
1016 888
1016 894
1016 952
1016 1080
1016 1144
1016 1201
1016 1208
1017 59
1017 243
1017 825
1017 883
1017 889
1017 953
1017 1081
1017 1145
1017 1278
1018 753
1018 826
1018 890
1018 954
1018 1082
1018 1134
1018 1146
1018 1210
1019 446
1019 827
1019 891
1019 955
1019 1083
1019 1147
1019 1211
1020 174
1020 828
1020 892
1020 956
1020 1006
1020 1084
1020 1148
1021 109
1021 425
1021 829
1021 893
1021 957
1021 1085
1021 1149
1021 1213
1021 1261
1022 255
1022 574
1022 575
1022 830
1022 894
1022 958
1022 1086
1022 1150
1022 1214
1022 1276
1023 895
1023 954
1023 959
1023 1087
1023 1151
1024 76
1024 650
1024 832
1024 896
1024 960
1024 1088
1024 1092
1024 1152
1024 1216
1025 93
1025 140
1025 833
1025 897
1025 961
1025 1089
1025 1153
1025 1180
1025 1217
1026 53
1026 85
1026 311
1026 834
1026 898
1026 962
1026 1090
1026 1154
1026 1218
1027 349
1027 669
1027 835
1027 899
1027 963
1027 1091
1027 1155
1027 1219
1028 403
1028 836
1028 900
1028 964
1028 1042
1028 1092
1028 1156
1028 1220
1029 837
1029 901
1029 965
1029 1093
1029 1157
1029 1221
1030 6
1030 70
1030 134
1030 198
1030 262
1030 326
1030 390
1030 454
1030 518
1030 582
1030 646
1030 710
1030 774
1030 779
1030 838
1030 843
1030 902
1030 907
1030 966
1030 971
1030 1035
1030 1094
1030 1099
1030 1158
1030 1163
1030 1222
1031 839
1031 903
1031 967
1031 1095
1031 1159
1031 1223
1032 13
1032 77
1032 141
1032 200
1032 205
1032 264
1032 269
1032 333
1032 392
1032 397
1032 456
1032 461
1032 520
1032 525
1032 584
1032 587
1032 589
1032 648
1032 651
1032 653
1032 712
1032 715
1032 717
1032 776
1032 779
1032 781
1032 840
1032 845
1032 904
1032 907
1032 909
1032 968
1032 971
1032 973
1032 1037
1032 1096
1032 1099
1032 1101
1032 1160
1032 1163
1032 1165
1032 1224
1032 1227
1033 9
1033 72
1033 137
1033 201
1033 265
1033 329
1033 393
1033 457
1033 521
1033 585
1033 649
1033 713
1033 777
1033 841
1033 905
1033 969
1033 1097
1033 1161
1033 1225
1034 842
1034 906
1034 938
1034 970
1034 1098
1034 1162
1034 1226
1035 198
1035 262
1035 326
1035 390
1035 454
1035 518
1035 525
1035 582
1035 646
1035 710
1035 715
1035 774
1035 779
1035 838
1035 840
1035 843
1035 845
1035 902
1035 907
1035 966
1035 971
1035 1030
1035 1037
1035 1094
1035 1099
1035 1158
1035 1163
1035 1222
1035 1227
1036 844
1036 908
1036 972
1036 1100
1036 1164
1036 1228
1037 13
1037 77
1037 141
1037 200
1037 205
1037 269
1037 333
1037 397
1037 520
1037 525
1037 584
1037 589
1037 648
1037 651
1037 653
1037 712
1037 715
1037 717
1037 776
1037 779
1037 781
1037 840
1037 843
1037 845
1037 904
1037 907
1037 909
1037 968
1037 971
1037 973
1037 1032
1037 1035
1037 1099
1037 1101
1037 1163
1037 1165
1037 1227
1037 1229
1038 846
1038 910
1038 974
1038 1102
1038 1166
1038 1230
1039 106
1039 847
1039 911
1039 975
1039 1103
1039 1167
1039 1231
1039 1238
1040 794
1040 848
1040 912
1040 976
1040 1104
1040 1168
1040 1232
1041 849
1041 913
1041 977
1041 1105
1041 1169
1041 1233
1042 403
1042 850
1042 914
1042 978
1042 1028
1042 1106
1042 1170
1042 1234
1043 324
1043 546
1043 548
1043 621
1043 851
1043 915
1043 979
1043 1049
1043 1107
1043 1171
1043 1235
1044 144
1044 164
1044 744
1044 852
1044 856
1044 891
1044 916
1044 980
1044 1108
1044 1172
1044 1187
1044 1236
1044 1242
1045 515
1045 695
1045 853
1045 917
1045 936
1045 981
1045 1090
1045 1109
1045 1173
1045 1202
1045 1237
1046 854
1046 918
1046 982
1046 1110
1046 1174
1046 1238
1047 855
1047 919
1047 983
1047 1111
1047 1175
1047 1239
1048 163
1048 400
1048 675
1048 701
1048 856
1048 920
1048 984
1048 985
1048 1112
1048 1128
1048 1176
1048 1240
1048 1255
1049 324
1049 546
1049 548
1049 621
1049 857
1049 921
1049 985
1049 1043
1049 1113
1049 1177
1049 1241
1050 858
1050 922
1050 986
1050 1114
1050 1178
1050 1242
1051 859
1051 923
1051 934
1051 987
1051 1115
1051 1179
1051 1243
1052 215
1052 778
1052 860
1052 924
1052 988
1052 1116
1052 1180
1052 1244
1053 86
1053 861
1053 925
1053 989
1053 1117
1053 1181
1053 1245
1054 539
1054 862
1054 926
1054 990
1054 1118
1054 1182
1054 1246
1055 168
1055 466
1055 863
1055 927
1055 991
1055 1119
1055 1183
1055 1247
1056 864
1056 928
1056 992
1056 1120
1056 1184
1056 1248
1057 865
1057 929
1057 983
1057 993
1057 1121
1057 1185
1057 1249
1058 104
1058 725
1058 866
1058 930
1058 994
1058 1122
1058 1186
1058 1250
1059 154
1059 440
1059 664
1059 867
1059 931
1059 995
1059 1123
1059 1187
1059 1251
1059 1264
1060 868
1060 932
1060 996
1060 997
1060 1124
1060 1188
1060 1252
1061 196
1061 275
1061 286
1061 869
1061 933
1061 997
1061 1125
1061 1133
1061 1189
1061 1253
1062 746
1062 870
1062 934
1062 998
1062 1126
1062 1190
1062 1254
1063 366
1063 473
1063 871
1063 935
1063 999
1063 1127
1063 1191
1063 1255
1064 179
1064 433
1064 492
1064 820
1064 872
1064 936
1064 984
1064 1000
1064 1081
1064 1128
1064 1192
1064 1256
1065 873
1065 937
1065 1001
1065 1129
1065 1193
1065 1257
1066 263
1066 874
1066 938
1066 1002
1066 1130
1066 1194
1066 1258
1067 939
1067 1003
1067 1131
1068 743
1068 876
1068 940
1068 1004
1068 1132
1068 1196
1068 1260
1069 877
1069 941
1069 1005
1069 1133
1069 1197
1069 1261
1070 750
1070 830
1070 878
1070 942
1070 1006
1070 1134
1070 1198
1070 1262
1071 879
1071 943
1071 1007
1071 1135
1071 1199
1071 1263
1072 880
1072 944
1072 1008
1072 1136
1072 1200
1072 1264
1073 881
1073 945
1073 1009
1073 1137
1073 1144
1073 1201
1073 1265
1074 165
1074 228
1074 229
1074 704
1074 770
1074 882
1074 946
1074 1010
1074 1138
1074 1140
1074 1202
1074 1266
1075 766
1075 767
1075 947
1075 1011
1075 1139
1075 1203
1076 877
1076 884
1076 948
1076 1012
1076 1119
1076 1140
1076 1204
1076 1218
1076 1268
1077 30
1077 885
1077 898
1077 949
1077 1013
1077 1122
1077 1141
1077 1205
1077 1269
1078 886
1078 950
1078 1014
1078 1142
1078 1206
1078 1270
1079 887
1079 951
1079 1015
1079 1143
1079 1207
1079 1271
1080 120
1080 812
1080 888
1080 952
1080 1016
1080 1144
1080 1197
1080 1208
1080 1265
1080 1272
1081 179
1081 433
1081 492
1081 820
1081 889
1081 953
1081 984
1081 1017
1081 1064
1081 1145
1081 1209
1081 1273
1082 49
1082 364
1082 488
1082 939
1082 954
1082 1018
1082 1146
1082 1210
1083 186
1083 620
1083 891
1083 953
1083 955
1083 1019
1083 1139
1083 1147
1083 1208
1083 1211
1083 1268
1084 405
1084 500
1084 611
1084 892
1084 956
1084 1020
1084 1148
1084 1212
1084 1276
1085 893
1085 957
1085 1021
1085 1149
1085 1213
1085 1277
1086 761
1086 894
1086 958
1086 1022
1086 1150
1086 1214
1087 44
1087 51
1087 172
1087 437
1087 755
1087 895
1087 944
1087 959
1087 1023
1087 1151
1087 1215
1088 36
1088 896
1088 960
1088 1024
1088 1152
1088 1216
1089 897
1089 961
1089 1025
1089 1153
1089 1217
1090 515
1090 695
1090 898
1090 936
1090 962
1090 1026
1090 1045
1090 1154
1090 1202
1090 1218
1091 66
1091 194
1091 320
1091 421
1091 562
1091 754
1091 899
1091 963
1091 1027
1091 1155
1091 1219
1092 76
1092 650
1092 900
1092 964
1092 1024
1092 1028
1092 1156
1092 1220
1093 901
1093 965
1093 1029
1093 1157
1093 1221
1094 6
1094 70
1094 134
1094 198
1094 262
1094 326
1094 390
1094 454
1094 518
1094 582
1094 646
1094 710
1094 774
1094 779
1094 838
1094 843
1094 902
1094 907
1094 966
1094 971
1094 1030
1094 1035
1094 1099
1094 1158
1094 1163
1094 1222
1095 903
1095 967
1095 1031
1095 1159
1095 1223
1096 11
1096 75
1096 139
1096 264
1096 267
1096 269
1096 328
1096 333
1096 392
1096 397
1096 456
1096 461
1096 520
1096 584
1096 587
1096 589
1096 648
1096 651
1096 653
1096 712
1096 717
1096 776
1096 781
1096 904
1096 909
1096 968
1096 973
1096 1032
1096 1101
1096 1160
1096 1165
1096 1224
1096 1229
1097 9
1097 72
1097 137
1097 201
1097 265
1097 329
1097 393
1097 457
1097 521
1097 585
1097 649
1097 713
1097 777
1097 841
1097 905
1097 969
1097 1033
1097 1161
1097 1225
1098 906
1098 970
1098 1034
1098 1162
1098 1226
1099 262
1099 269
1099 326
1099 333
1099 390
1099 397
1099 454
1099 518
1099 525
1099 582
1099 584
1099 589
1099 646
1099 651
1099 710
1099 715
1099 774
1099 776
1099 779
1099 838
1099 840
1099 843
1099 845
1099 902
1099 907
1099 966
1099 971
1099 1030
1099 1032
1099 1035
1099 1037
1099 1094
1099 1101
1099 1158
1099 1163
1099 1165
1099 1222
1099 1227
1100 908
1100 972
1100 989
1100 1036
1100 1164
1100 1228
1101 13
1101 77
1101 141
1101 205
1101 264
1101 269
1101 333
1101 392
1101 397
1101 461
1101 520
1101 525
1101 584
1101 587
1101 589
1101 648
1101 651
1101 653
1101 712
1101 715
1101 717
1101 776
1101 779
1101 781
1101 840
1101 845
1101 904
1101 907
1101 909
1101 968
1101 971
1101 973
1101 1032
1101 1037
1101 1096
1101 1099
1101 1163
1101 1165
1101 1227
1101 1229
1102 910
1102 974
1102 1038
1102 1166
1102 1230
1103 550
1103 911
1103 975
1103 1039
1103 1167
1103 1231
1104 80
1104 474
1104 602
1104 632
1104 912
1104 976
1104 1040
1104 1168
1104 1232
1105 913
1105 977
1105 1041
1105 1169
1105 1233
1106 94
1106 867
1106 914
1106 978
1106 1042
1106 1170
1106 1234
1107 338
1107 452
1107 915
1107 979
1107 1043
1107 1171
1107 1220
1107 1235
1108 56
1108 916
1108 980
1108 1044
1108 1172
1108 1236
1109 414
1109 917
1109 981
1109 1045
1109 1129
1109 1173
1109 1237
1110 800
1110 918
1110 982
1110 1046
1110 1174
1110 1238
1111 919
1111 983
1111 1047
1111 1175
1111 1239
1112 287
1112 376
1112 808
1112 920
1112 984
1112 1048
1112 1176
1112 1240
1113 208
1113 410
1113 445
1113 487
1113 568
1113 803
1113 921
1113 985
1113 1049
1113 1177
1113 1241
1114 549
1114 607
1114 922
1114 937
1114 986
1114 1050
1114 1173
1114 1178
1114 1242
1114 1256
1115 923
1115 987
1115 1051
1115 1179
1115 1243
1116 385
1116 924
1116 972
1116 988
1116 1052
1116 1180
1116 1244
1117 925
1117 989
1117 1053
1117 1181
1117 1245
1118 541
1118 926
1118 990
1118 1054
1118 1182
1118 1246
1119 877
1119 927
1119 991
1119 1055
1119 1076
1119 1183
1119 1218
1119 1247
1120 733
1120 928
1120 992
1120 1056
1120 1184
1120 1248
1121 426
1121 929
1121 993
1121 1007
1121 1057
1121 1185
1121 1249
1122 30
1122 898
1122 930
1122 994
1122 1058
1122 1077
1122 1186
1122 1250
1123 37
1123 348
1123 931
1123 995
1123 1059
1123 1187
1123 1189
1123 1234
1123 1251
1124 586
1124 932
1124 996
1124 1060
1124 1188
1124 1252
1125 644
1125 668
1125 933
1125 997
1125 1061
1125 1189
1125 1219
1125 1245
1125 1253
1125 1277
1126 362
1126 477
1126 490
1126 934
1126 998
1126 1062
1126 1190
1126 1254
1127 24
1127 469
1127 555
1127 629
1127 685
1127 792
1127 871
1127 935
1127 999
1127 1063
1127 1191
1127 1255
1128 163
1128 400
1128 675
1128 701
1128 936
1128 985
1128 1000
1128 1048
1128 1064
1128 1192
1128 1255
1128 1256
1129 414
1129 937
1129 1001
1129 1065
1129 1109
1129 1193
1129 1257
1130 938
1130 1002
1130 1066
1130 1194
1130 1258
1131 62
1131 698
1131 1003
1131 1067
1131 1195
1131 1259
1132 381
1132 940
1132 1004
1132 1068
1132 1196
1132 1260
1133 196
1133 275
1133 286
1133 941
1133 1005
1133 1061
1133 1069
1133 1197
1133 1261
1134 753
1134 942
1134 1006
1134 1018
1134 1070
1134 1198
1134 1262
1135 38
1135 943
1135 1007
1135 1071
1135 1199
1135 1263
1136 84
1136 600
1136 825
1136 944
1136 1008
1136 1072
1136 1200
1136 1264
1137 35
1137 103
1137 496
1137 528
1137 699
1137 824
1137 945
1137 1009
1137 1073
1137 1201
1137 1265
1138 64
1138 212
1138 617
1138 829
1138 946
1138 1010
1138 1074
1138 1177
1138 1202
1138 1266
1139 186
1139 620
1139 947
1139 953
1139 1011
1139 1075
1139 1083
1139 1203
1139 1208
1139 1267
1139 1268
1140 165
1140 228
1140 229
1140 704
1140 770
1140 948
1140 1012
1140 1074
1140 1076
1140 1204
1140 1268
1141 949
1141 1013
1141 1077
1141 1205
1141 1269
1142 950
1142 1014
1142 1078
1142 1206
1142 1270
1143 708
1143 951
1143 1015
1143 1079
1143 1207
1143 1271
1144 952
1144 1016
1144 1073
1144 1080
1144 1208
1144 1272
1145 116
1145 479
1145 953
1145 1017
1145 1081
1145 1209
1145 1273
1146 46
1146 625
1146 1018
1146 1082
1146 1210
1146 1274
1147 947
1147 955
1147 1019
1147 1083
1147 1211
1147 1275
1148 174
1148 1006
1148 1020
1148 1084
1148 1212
1148 1276
1149 535
1149 809
1149 957
1149 1021
1149 1085
1149 1213
1149 1277
1150 52
1150 368
1150 372
1150 955
1150 958
1150 1022
1150 1086
1150 1214
1150 1278
1151 447
1151 696
1151 1023
1151 1087
1151 1215
1151 1279
1152 222
1152 276
1152 857
1152 960
1152 1024
1152 1088
1152 1216
1153 230
1153 961
1153 1002
1153 1025
1153 1089
1153 1217
1154 268
1154 332
1154 595
1154 962
1154 1026
1154 1090
1154 1218
1155 415
1155 963
1155 1027
1155 1091
1155 1219
1155 1252
1156 964
1156 1028
1156 1092
1156 1220
1157 965
1157 1029
1157 1093
1157 1221
1158 6
1158 70
1158 134
1158 198
1158 262
1158 326
1158 390
1158 454
1158 518
1158 582
1158 646
1158 710
1158 774
1158 779
1158 838
1158 843
1158 902
1158 907
1158 966
1158 971
1158 1030
1158 1035
1158 1094
1158 1099
1158 1163
1158 1222
1158 1227
1159 967
1159 1031
1159 1095
1159 1223
1160 75
1160 139
1160 264
1160 267
1160 328
1160 392
1160 456
1160 461
1160 520
1160 587
1160 648
1160 653
1160 712
1160 717
1160 781
1160 904
1160 909
1160 968
1160 973
1160 1032
1160 1096
1160 1224
1160 1229
1161 9
1161 72
1161 137
1161 201
1161 265
1161 329
1161 393
1161 457
1161 521
1161 585
1161 649
1161 713
1161 777
1161 841
1161 905
1161 969
1161 1033
1161 1097
1161 1225
1162 711
1162 943
1162 970
1162 1034
1162 1098
1162 1226
1163 326
1163 333
1163 390
1163 397
1163 454
1163 518
1163 525
1163 582
1163 584
1163 589
1163 646
1163 651
1163 710
1163 715
1163 774
1163 776
1163 779
1163 838
1163 840
1163 843
1163 845
1163 902
1163 907
1163 966
1163 971
1163 1030
1163 1032
1163 1035
1163 1037
1163 1094
1163 1099
1163 1101
1163 1158
1163 1165
1163 1222
1163 1227
1164 862
1164 972
1164 1036
1164 1100
1164 1228
1165 13
1165 77
1165 141
1165 205
1165 269
1165 333
1165 392
1165 397
1165 456
1165 461
1165 520
1165 525
1165 584
1165 587
1165 589
1165 648
1165 651
1165 653
1165 712
1165 715
1165 717
1165 776
1165 779
1165 781
1165 840
1165 845
1165 904
1165 907
1165 909
1165 968
1165 971
1165 973
1165 1032
1165 1037
1165 1096
1165 1099
1165 1101
1165 1163
1165 1227
1165 1229
1166 974
1166 1038
1166 1102
1166 1230
1167 207
1167 975
1167 1039
1167 1103
1167 1231
1168 21
1168 181
1168 976
1168 1040
1168 1104
1168 1205
1168 1232
1169 977
1169 1041
1169 1105
1169 1233
1170 978
1170 1042
1170 1106
1170 1234
1171 132
1171 979
1171 1043
1171 1107
1171 1235
1172 729
1172 760
1172 872
1172 980
1172 1044
1172 1108
1172 1236
1173 549
1173 607
1173 937
1173 981
1173 1045
1173 1109
1173 1114
1173 1237
1173 1256
1174 694
1174 982
1174 1046
1174 1110
1174 1238
1175 463
1175 983
1175 1047
1175 1111
1175 1239
1176 450
1176 612
1176 942
1176 984
1176 1048
1176 1112
1176 1240
1177 64
1177 212
1177 617
1177 829
1177 985
1177 1049
1177 1113
1177 1138
1177 1241
1178 489
1178 986
1178 1050
1178 1114
1178 1242
1179 481
1179 641
1179 923
1179 924
1179 987
1179 1051
1179 1115
1179 1243
1180 93
1180 140
1180 988
1180 1025
1180 1052
1180 1116
1180 1244
1181 989
1181 1053
1181 1117
1181 1245
1182 928
1182 990
1182 1054
1182 1118
1182 1246
1183 244
1183 991
1183 1055
1183 1119
1183 1247
1184 502
1184 992
1184 1056
1184 1120
1184 1248
1185 771
1185 993
1185 1057
1185 1121
1185 1249
1186 39
1186 994
1186 1058
1186 1122
1186 1250
1187 144
1187 164
1187 744
1187 856
1187 891
1187 995
1187 1044
1187 1059
1187 1123
1187 1242
1187 1251
1188 759
1188 996
1188 1060
1188 1124
1188 1193
1188 1252
1189 37
1189 348
1189 997
1189 1061
1189 1123
1189 1125
1189 1234
1189 1253
1190 998
1190 1062
1190 1126
1190 1254
1191 153
1191 231
1191 476
1191 656
1191 948
1191 999
1191 1063
1191 1127
1191 1255
1192 248
1192 563
1192 1000
1192 1064
1192 1128
1192 1256
1193 759
1193 1001
1193 1065
1193 1129
1193 1188
1193 1257
1194 1002
1194 1066
1194 1130
1194 1258
1195 702
1195 1004
1195 1131
1195 1259
1196 99
1196 423
1196 994
1196 995
1196 1004
1196 1068
1196 1132
1196 1260
1197 120
1197 812
1197 1005
1197 1069
1197 1080
1197 1133
1197 1261
1197 1265
1198 115
1198 317
1198 344
1198 464
1198 628
1198 952
1198 1006
1198 1070
1198 1134
1198 1262
1199 1007
1199 1071
1199 1135
1199 1263
1200 192
1200 213
1200 370
1200 661
1200 730
1200 986
1200 1008
1200 1072
1200 1136
1200 1264
1201 894
1201 1009
1201 1016
1201 1073
1201 1137
1201 1265
1202 515
1202 695
1202 936
1202 1010
1202 1045
1202 1074
1202 1090
1202 1138
1202 1266
1203 359
1203 371
1203 468
1203 498
1203 638
1203 1009
1203 1075
1203 1139
1203 1262
1203 1267
1204 637
1204 1012
1204 1076
1204 1140
1204 1268
1205 21
1205 181
1205 1013
1205 1077
1205 1141
1205 1168
1205 1269
1206 1014
1206 1078
1206 1142
1206 1270
1207 159
1207 204
1207 211
1207 610
1207 640
1207 674
1207 687
1207 823
1207 1015
1207 1079
1207 1143
1207 1271
1208 186
1208 620
1208 953
1208 1016
1208 1080
1208 1083
1208 1139
1208 1144
1208 1268
1208 1272
1209 291
1209 443
1209 556
1209 888
1209 1081
1209 1145
1209 1273
1210 58
1210 441
1210 510
1210 1018
1210 1082
1210 1146
1210 1259
1210 1274
1211 572
1211 635
1211 895
1211 1019
1211 1083
1211 1147
1211 1275
1212 499
1212 633
1212 1084
1212 1148
1212 1276
1213 407
1213 530
1213 591
1213 1021
1213 1085
1213 1149
1213 1277
1214 369
1214 1022
1214 1086
1214 1150
1214 1278
1215 313
1215 1087
1215 1151
1215 1279
1216 68
1216 926
1216 1024
1216 1088
1216 1152
1217 1025
1217 1089
1217 1153
1218 877
1218 1026
1218 1076
1218 1090
1218 1119
1218 1154
1219 644
1219 668
1219 1027
1219 1091
1219 1125
1219 1155
1219 1245
1219 1277
1220 338
1220 452
1220 1028
1220 1092
1220 1107
1220 1156
1221 1029
1221 1093
1221 1157
1222 6
1222 70
1222 134
1222 198
1222 262
1222 326
1222 390
1222 454
1222 518
1222 582
1222 646
1222 710
1222 774
1222 779
1222 838
1222 843
1222 845
1222 902
1222 907
1222 966
1222 971
1222 1030
1222 1035
1222 1094
1222 1099
1222 1158
1222 1163
1222 1227
1223 1031
1223 1095
1223 1159
1224 1032
1224 1096
1224 1160
1225 9
1225 72
1225 137
1225 201
1225 265
1225 329
1225 393
1225 457
1225 521
1225 585
1225 649
1225 713
1225 777
1225 841
1225 905
1225 969
1225 1033
1225 1097
1225 1161
1226 1034
1226 1098
1226 1162
1227 13
1227 141
1227 397
1227 520
1227 525
1227 584
1227 589
1227 648
1227 651
1227 653
1227 712
1227 715
1227 717
1227 776
1227 779
1227 781
1227 840
1227 843
1227 845
1227 902
1227 907
1227 909
1227 966
1227 971
1227 973
1227 1032
1227 1035
1227 1037
1227 1099
1227 1101
1227 1158
1227 1163
1227 1165
1227 1222
1228 609
1228 1036
1228 1100
1228 1164
1229 75
1229 139
1229 264
1229 267
1229 392
1229 456
1229 461
1229 520
1229 587
1229 648
1229 653
1229 712
1229 717
1229 781
1229 904
1229 909
1229 968
1229 973
1229 1037
1229 1096
1229 1101
1229 1160
1229 1165
1230 327
1230 911
1230 1038
1230 1102
1230 1166
1231 810
1231 1039
1231 1103
1231 1167
1232 60
1232 190
1232 1040
1232 1104
1232 1168
1233 1041
1233 1105
1233 1169
1234 37
1234 348
1234 1042
1234 1106
1234 1123
1234 1170
1234 1189
1235 308
1235 596
1235 1043
1235 1107
1235 1171
1236 178
1236 1044
1236 1108
1236 1172
1237 149
1237 180
1237 436
1237 501
1237 1045
1237 1109
1237 1173
1238 106
1238 1039
1238 1046
1238 1110
1238 1174
1239 527
1239 1047
1239 1111
1239 1175
1240 25
1240 945
1240 1048
1240 1112
1240 1176
1241 50
1241 282
1241 336
1241 434
1241 738
1241 1049
1241 1113
1241 1177
1242 144
1242 164
1242 744
1242 856
1242 891
1242 1044
1242 1050
1242 1114
1242 1178
1242 1187
1243 801
1243 1051
1243 1115
1243 1179
1244 1052
1244 1116
1244 1180
1245 644
1245 668
1245 1053
1245 1117
1245 1125
1245 1181
1245 1219
1245 1277
1246 111
1246 866
1246 1054
1246 1118
1246 1182
1247 169
1247 853
1247 1055
1247 1119
1247 1183
1248 1056
1248 1120
1248 1184
1249 1057
1249 1121
1249 1185
1250 259
1250 388
1250 670
1250 979
1250 1058
1250 1122
1250 1186
1251 31
1251 493
1251 1059
1251 1123
1251 1187
1252 415
1252 1060
1252 1124
1252 1155
1252 1188
1253 409
1253 532
1253 567
1253 922
1253 1061
1253 1125
1253 1189
1254 604
1254 716
1254 1062
1254 1126
1254 1190
1255 163
1255 400
1255 675
1255 701
1255 985
1255 1048
1255 1063
1255 1127
1255 1128
1255 1191
1256 549
1256 607
1256 937
1256 1064
1256 1114
1256 1128
1256 1173
1256 1192
1257 1065
1257 1129
1257 1193
1258 580
1258 1066
1258 1130
1258 1194
1259 58
1259 441
1259 510
1259 1131
1259 1195
1259 1210
1260 826
1260 1068
1260 1132
1260 1196
1261 109
1261 425
1261 1021
1261 1069
1261 1133
1261 1197
1262 359
1262 371
1262 468
1262 498
1262 638
1262 1009
1262 1070
1262 1134
1262 1198
1262 1203
1263 1071
1263 1135
1263 1199
1264 154
1264 440
1264 664
1264 1059
1264 1072
1264 1136
1264 1200
1265 120
1265 812
1265 1073
1265 1080
1265 1137
1265 1197
1265 1201
1266 339
1266 1074
1266 1138
1266 1202
1267 430
1267 1139
1267 1203
1267 1275
1268 186
1268 620
1268 953
1268 1076
1268 1083
1268 1139
1268 1140
1268 1204
1268 1208
1269 976
1269 1077
1269 1141
1269 1205
1270 1078
1270 1142
1270 1206
1271 553
1271 735
1271 921
1271 1079
1271 1143
1271 1207
1272 238
1272 435
1272 497
1272 764
1272 1080
1272 1144
1272 1208
1273 90
1273 92
1273 784
1273 1081
1273 1145
1273 1209
1274 46
1274 625
1274 1146
1274 1210
1275 430
1275 1147
1275 1211
1275 1267
1276 255
1276 574
1276 575
1276 1022
1276 1084
1276 1148
1276 1212
1277 644
1277 668
1277 1085
1277 1125
1277 1149
1277 1213
1277 1219
1277 1245
1278 59
1278 243
1278 883
1278 1017
1278 1150
1278 1214
1279 319
1279 1003
1279 1151
1279 1215
