0 64
0 128
0 192
1 65
1 129
1 193
2 66
2 130
2 194
2 836
3 67
3 131
3 195
3 808
3 821
4 68
4 132
4 196
4 429
4 640
4 1107
5 69
5 133
5 197
6 70
6 134
6 198
6 262
6 326
6 390
6 454
6 518
6 585
6 649
6 710
6 777
6 838
6 902
6 969
6 1030
6 1097
6 1158
6 1225
7 9
7 71
7 73
7 135
7 137
7 142
7 199
7 201
7 202
7 206
7 263
7 327
7 329
7 335
7 391
7 393
7 398
7 455
7 519
7 582
7 583
7 839
7 903
7 1031
7 1095
7 1159
8 72
8 136
8 200
8 482
8 696
8 769
9 7
9 64
9 71
9 73
9 78
9 83
9 118
9 135
9 137
9 142
9 192
9 199
9 201
9 202
9 206
9 208
9 211
9 263
9 265
9 310
9 327
9 329
9 330
9 335
9 374
9 391
9 393
9 398
9 455
9 519
9 526
9 582
9 583
9 647
9 711
9 775
9 839
9 967
9 1223
10 74
10 138
10 202
10 911
11 75
11 139
11 173
11 203
11 1128
12 76
12 140
12 204
12 715
12 1057
12 1163
13 77
13 141
13 205
13 302
13 1092
13 1220
14 78
14 142
14 206
14 501
15 79
15 143
15 207
15 586
16 19
16 54
16 74
16 79
16 80
16 83
16 118
16 128
16 143
16 144
16 207
16 208
16 222
16 265
16 310
16 320
16 339
16 457
16 521
16 522
16 566
16 646
16 694
16 713
16 774
16 841
16 905
16 1034
17 81
17 145
17 209
17 297
17 541
18 82
18 99
18 146
18 210
18 295
19 16
19 54
19 74
19 79
19 80
19 83
19 118
19 128
19 143
19 147
19 207
19 208
19 211
19 222
19 265
19 310
19 320
19 339
19 457
19 521
19 522
19 566
19 646
19 694
19 713
19 774
19 841
19 905
19 1034
20 52
20 84
20 148
20 212
21 85
21 149
21 213
21 735
22 86
22 150
22 214
23 87
23 151
23 215
23 602
24 50
24 88
24 152
24 216
24 379
24 417
24 1018
25 89
25 153
25 217
25 1228
26 90
26 154
26 218
26 510
26 914
27 91
27 155
27 181
27 219
27 770
27 1041
27 1155
28 92
28 156
28 220
28 468
28 1218
29 93
29 157
29 221
29 312
29 409
29 479
29 555
29 703
30 94
30 158
30 222
30 1231
31 95
31 159
31 223
31 893
31 908
32 96
32 160
32 167
32 224
32 1073
32 1093
33 58
33 97
33 161
33 225
33 248
33 258
33 723
33 935
34 98
34 162
34 226
35 99
35 163
35 227
35 1044
35 1262
36 100
36 164
36 228
37 92
37 101
37 165
37 229
37 860
37 929
37 993
38 102
38 166
38 230
39 103
39 145
39 167
39 231
40 104
40 168
40 232
40 977
41 105
41 169
41 233
41 732
42 106
42 170
42 234
42 633
42 1027
42 1191
43 107
43 171
43 235
44 108
44 172
44 236
44 413
44 572
44 701
44 738
45 109
45 173
45 237
46 110
46 174
46 238
46 464
47 111
47 175
47 239
47 381
47 753
47 1115
48 112
48 176
48 240
48 530
48 945
49 113
49 177
49 241
49 568
50 24
50 114
50 178
50 242
50 379
50 417
50 1018
51 115
51 179
51 243
51 378
51 994
52 20
52 116
52 180
52 244
53 117
53 181
53 245
53 370
54 16
54 19
54 64
54 73
54 74
54 78
54 79
54 80
54 83
54 118
54 128
54 142
54 143
54 182
54 192
54 202
54 207
54 208
54 211
54 222
54 246
54 265
54 310
54 320
54 330
54 335
54 339
54 374
54 393
54 457
54 522
54 526
54 566
54 582
54 646
54 647
54 711
54 713
54 775
54 966
54 1033
54 1094
54 1161
54 1222
55 119
55 183
55 247
55 837
55 855
56 120
56 184
56 248
56 1264
57 121
57 125
57 185
57 249
57 364
57 498
57 692
58 33
58 122
58 186
58 248
58 250
58 258
58 723
58 935
59 123
59 187
59 251
59 876
60 124
60 188
60 252
60 771
61 125
61 189
61 253
61 421
61 437
61 1058
61 1127
61 1274
62 126
62 190
62 254
62 695
62 817
63 120
63 127
63 191
63 255
63 683
63 923
63 939
63 1003
63 1072
64 0
64 9
64 54
64 73
64 74
64 78
64 79
64 83
64 118
64 128
64 135
64 137
64 142
64 192
64 202
64 206
64 207
64 208
64 211
64 222
64 256
64 265
64 310
64 320
64 329
64 330
64 335
64 374
64 391
64 393
64 398
64 455
64 519
64 526
64 566
64 582
64 583
64 646
64 647
64 711
64 775
64 1033
64 1038
64 1046
64 1223
64 1230
65 1
65 129
65 193
65 257
65 980
66 2
66 130
66 194
66 258
67 3
67 131
67 194
67 195
67 259
67 430
68 4
68 132
68 196
68 260
69 5
69 133
69 197
69 261
69 686
69 772
69 866
69 1037
70 6
70 134
70 198
70 262
70 326
70 390
70 454
70 518
70 585
70 649
70 710
70 777
70 838
70 902
70 969
70 1030
70 1097
70 1158
70 1225
71 7
71 9
71 135
71 137
71 142
71 199
71 201
71 202
71 206
71 263
71 327
71 329
71 335
71 391
71 398
71 455
71 519
71 582
71 583
71 839
71 903
71 1095
72 8
72 136
72 200
72 264
72 645
72 785
72 1267
73 7
73 9
73 54
73 64
73 74
73 78
73 79
73 83
73 118
73 135
73 137
73 142
73 192
73 199
73 201
73 202
73 206
73 207
73 208
73 211
73 222
73 263
73 265
73 310
73 329
73 330
73 335
73 374
73 391
73 393
73 398
73 455
73 519
73 526
73 566
73 582
73 583
73 646
73 647
73 711
73 775
73 839
73 903
73 1038
73 1046
73 1223
73 1230
74 10
74 16
74 19
74 54
74 64
74 73
74 78
74 79
74 80
74 83
74 118
74 128
74 138
74 143
74 192
74 202
74 207
74 208
74 211
74 222
74 265
74 266
74 310
74 320
74 330
74 339
74 374
74 457
74 522
74 526
74 566
74 646
74 647
74 694
74 711
74 713
74 774
74 775
74 841
74 905
74 966
74 1034
74 1094
75 11
75 139
75 203
75 267
75 343
76 12
76 100
76 140
76 204
76 253
76 268
76 1224
77 13
77 141
77 205
77 269
78 9
78 14
78 54
78 64
78 73
78 74
78 79
78 83
78 118
78 135
78 137
78 142
78 192
78 202
78 206
78 207
78 208
78 211
78 222
78 265
78 270
78 310
78 320
78 329
78 330
78 335
78 339
78 374
78 391
78 393
78 398
78 455
78 526
78 566
78 582
78 646
78 647
78 711
78 713
78 775
78 1033
78 1038
78 1046
78 1161
78 1222
78 1230
79 15
79 16
79 19
79 54
79 64
79 73
79 74
79 78
79 80
79 83
79 118
79 128
79 142
79 143
79 192
79 202
79 207
79 208
79 211
79 222
79 265
79 271
79 310
79 320
79 330
79 335
79 339
79 374
79 393
79 457
79 522
79 526
79 566
79 582
79 646
79 647
79 711
79 713
79 775
79 905
79 966
79 1033
79 1094
79 1161
79 1222
80 16
80 19
80 54
80 74
80 79
80 83
80 128
80 143
80 144
80 207
80 208
80 222
80 265
80 272
80 320
80 339
80 457
80 521
80 522
80 566
80 646
80 694
80 713
80 774
80 841
80 905
80 982
80 1034
81 17
81 145
81 209
81 273
81 1257
82 18
82 146
82 210
82 274
82 322
82 484
83 9
83 16
83 19
83 54
83 64
83 73
83 74
83 78
83 79
83 80
83 118
83 128
83 142
83 143
83 147
83 192
83 202
83 207
83 208
83 211
83 222
83 265
83 275
83 310
83 320
83 329
83 330
83 335
83 339
83 374
83 393
83 398
83 457
83 522
83 526
83 566
83 582
83 646
83 647
83 711
83 713
83 775
83 966
83 1033
83 1038
83 1046
83 1094
83 1161
83 1222
83 1230
84 20
84 148
84 212
84 276
85 21
85 149
85 213
85 277
86 22
86 150
86 214
86 234
86 278
86 420
86 1120
87 23
87 151
87 215
87 279
87 333
87 481
87 669
88 24
88 152
88 216
88 280
88 348
88 869
88 1227
89 25
89 153
89 217
89 251
89 281
89 834
89 933
89 1000
90 26
90 154
90 218
90 282
90 554
90 805
90 1242
91 27
91 155
91 219
91 283
91 970
92 28
92 37
92 156
92 220
92 284
92 860
92 929
92 993
93 29
93 157
93 221
93 232
93 285
94 30
94 158
94 222
94 286
94 716
94 1080
95 31
95 159
95 223
95 287
95 1133
96 32
96 98
96 136
96 160
96 224
96 288
96 590
96 814
97 33
97 161
97 225
97 289
97 639
97 984
98 34
98 96
98 136
98 162
98 226
98 290
98 590
98 814
99 18
99 35
99 163
99 227
99 291
99 295
100 36
100 76
100 164
100 228
100 253
100 292
100 1224
101 37
101 165
101 229
101 293
101 892
101 985
101 991
102 38
102 166
102 230
102 294
102 365
103 39
103 167
103 231
103 295
103 1164
104 40
104 168
104 232
104 296
104 1244
105 41
105 169
105 233
105 297
106 42
106 170
106 234
106 298
107 43
107 111
107 171
107 235
107 299
107 728
108 44
108 172
108 236
108 300
108 515
108 746
109 45
109 173
109 237
109 301
110 46
110 174
110 238
110 302
111 47
111 107
111 175
111 239
111 303
111 728
112 48
112 176
112 240
112 304
112 419
112 495
112 1116
113 49
113 177
113 241
113 305
113 1074
113 1111
114 50
114 178
114 242
114 306
114 621
115 51
115 179
115 243
115 307
115 488
115 672
115 1083
116 52
116 180
116 244
116 308
116 325
116 971
117 53
117 181
117 241
117 245
117 309
118 9
118 16
118 19
118 54
118 64
118 73
118 74
118 78
118 79
118 83
118 142
118 143
118 182
118 192
118 202
118 207
118 208
118 211
118 222
118 246
118 265
118 310
118 320
118 329
118 330
118 335
118 339
118 374
118 391
118 393
118 398
118 455
118 457
118 526
118 566
118 582
118 646
118 647
118 711
118 713
118 775
118 966
118 1033
118 1038
118 1046
118 1094
118 1161
118 1222
118 1230
119 55
119 183
119 247
119 311
119 489
119 634
119 913
119 989
119 1146
120 56
120 63
120 184
120 248
120 312
120 683
120 923
120 939
120 1003
120 1072
121 57
121 185
121 249
121 313
121 981
122 58
122 186
122 250
122 314
122 513
122 615
123 59
123 187
123 240
123 251
123 315
123 638
123 1189
124 60
124 188
124 252
124 316
124 404
125 57
125 61
125 189
125 253
125 317
125 364
125 498
125 692
126 62
126 190
126 254
126 318
126 567
126 570
126 1175
127 63
127 191
127 255
127 319
127 552
127 986
128 0
128 16
128 19
128 54
128 64
128 74
128 79
128 80
128 83
128 143
128 192
128 207
128 222
128 256
128 320
128 339
128 457
128 521
128 522
128 566
128 646
128 694
128 713
128 774
128 841
128 905
128 966
128 982
128 1034
129 1
129 65
129 169
129 193
129 257
129 321
129 357
130 2
130 66
130 194
130 258
130 314
130 322
130 707
130 843
131 3
131 67
131 195
131 259
131 323
131 745
131 798
131 1010
132 4
132 68
132 196
132 260
132 324
132 402
133 5
133 69
133 197
133 261
133 325
133 584
133 773
133 779
134 6
134 70
134 198
134 262
134 326
134 390
134 454
134 518
134 585
134 649
134 710
134 777
134 838
134 902
134 969
134 1030
134 1097
134 1158
134 1225
135 7
135 9
135 64
135 71
135 73
135 78
135 137
135 142
135 192
135 199
135 201
135 202
135 206
135 211
135 263
135 327
135 329
135 330
135 335
135 374
135 391
135 393
135 398
135 455
135 519
135 526
135 582
135 583
135 647
135 711
135 775
135 839
135 903
135 967
135 1031
135 1095
135 1159
136 8
136 72
136 96
136 98
136 200
136 264
136 328
136 590
136 814
137 7
137 9
137 64
137 71
137 73
137 78
137 135
137 142
137 192
137 199
137 201
137 202
137 206
137 211
137 263
137 265
137 327
137 329
137 330
137 335
137 374
137 391
137 393
137 398
137 455
137 519
137 526
137 582
137 583
137 647
137 711
137 775
137 839
137 903
137 967
137 1031
137 1095
137 1159
138 10
138 74
138 202
138 266
138 330
138 1110
139 11
139 75
139 200
139 203
139 267
139 331
139 1256
140 12
140 76
140 160
140 204
140 268
140 304
140 332
141 13
141 77
141 205
141 269
141 333
142 7
142 9
142 14
142 54
142 64
142 71
142 73
142 78
142 79
142 83
142 118
142 135
142 137
142 192
142 199
142 201
142 202
142 206
142 207
142 208
142 211
142 222
142 263
142 265
142 270
142 310
142 329
142 330
142 334
142 335
142 374
142 391
142 393
142 398
142 455
142 519
142 526
142 566
142 582
142 583
142 646
142 647
142 711
142 775
142 839
142 903
142 966
142 967
142 1223
143 15
143 16
143 19
143 54
143 74
143 79
143 80
143 83
143 118
143 128
143 207
143 208
143 222
143 265
143 271
143 310
143 320
143 335
143 339
143 457
143 521
143 522
143 566
143 646
143 694
143 713
143 774
143 841
143 905
143 966
143 982
143 1034
144 16
144 80
144 208
144 272
144 336
145 17
145 39
145 81
145 209
145 273
145 337
146 18
146 82
146 210
146 274
146 338
146 415
147 19
147 83
147 211
147 275
147 339
148 20
148 84
148 212
148 276
148 340
149 21
149 85
149 213
149 277
149 341
149 725
150 22
150 86
150 214
150 278
150 342
150 589
151 23
151 87
151 215
151 279
151 343
151 487
151 504
151 882
151 992
152 24
152 88
152 216
152 280
152 344
152 1032
153 25
153 89
153 217
153 281
153 294
153 345
153 424
153 693
154 26
154 90
154 218
154 282
154 346
154 490
154 1123
154 1266
155 27
155 91
155 219
155 283
155 347
155 1147
156 28
156 92
156 161
156 220
156 249
156 284
156 348
156 618
156 1157
157 29
157 93
157 221
157 285
157 349
158 30
158 94
158 222
158 286
158 350
158 506
158 1054
159 31
159 95
159 223
159 287
159 351
159 632
160 32
160 96
160 140
160 224
160 288
160 304
160 352
161 33
161 97
161 156
161 225
161 249
161 289
161 353
161 618
161 1157
162 34
162 98
162 226
162 290
162 354
163 35
163 99
163 227
163 291
163 323
163 345
163 355
163 376
163 791
164 36
164 100
164 228
164 292
164 356
165 37
165 101
165 229
165 293
165 357
165 581
165 657
166 38
166 102
166 230
166 294
166 358
167 32
167 39
167 103
167 231
167 295
167 359
167 1073
167 1093
168 40
168 104
168 232
168 296
168 360
168 442
168 1025
168 1249
169 41
169 105
169 129
169 233
169 297
169 357
169 361
170 42
170 106
170 234
170 298
170 362
170 416
170 620
170 743
170 1229
171 43
171 107
171 191
171 235
171 299
171 363
171 628
171 765
172 44
172 108
172 236
172 300
172 364
172 648
172 1141
173 11
173 45
173 109
173 237
173 301
173 365
173 1128
174 46
174 110
174 238
174 302
174 366
175 47
175 111
175 239
175 303
175 367
175 685
175 889
175 944
176 48
176 112
176 240
176 304
176 368
176 444
176 473
176 799
176 927
176 1233
177 49
177 113
177 216
177 241
177 305
177 369
177 601
178 50
178 114
178 242
178 306
178 370
178 477
178 813
179 51
179 115
179 243
179 299
179 307
179 359
179 371
179 475
179 999
180 52
180 116
180 244
180 308
180 372
181 27
181 53
181 117
181 245
181 309
181 373
181 770
181 1041
181 1155
182 54
182 118
182 246
182 310
182 374
182 846
183 55
183 119
183 247
183 293
183 311
183 375
184 56
184 120
184 248
184 312
184 376
184 507
184 1150
185 57
185 121
185 249
185 313
185 377
186 58
186 122
186 244
186 250
186 314
186 378
186 1167
187 59
187 123
187 251
187 315
187 379
187 1259
188 60
188 124
188 252
188 316
188 380
188 771
189 61
189 125
189 253
189 300
189 317
189 381
189 435
189 667
189 826
189 883
189 1022
189 1151
190 62
190 126
190 254
190 318
190 382
190 623
190 755
191 63
191 127
191 171
191 255
191 319
191 383
191 628
191 765
192 0
192 9
192 54
192 64
192 73
192 74
192 78
192 79
192 83
192 118
192 128
192 135
192 137
192 142
192 202
192 206
192 207
192 208
192 211
192 222
192 256
192 265
192 310
192 320
192 329
192 330
192 335
192 339
192 374
192 384
192 391
192 393
192 398
192 455
192 526
192 566
192 582
192 646
192 647
192 711
192 713
192 775
192 966
192 967
192 1033
192 1034
192 1038
192 1046
192 1161
192 1222
192 1230
193 1
193 65
193 129
193 257
193 321
193 332
193 385
193 467
194 2
194 66
194 67
194 130
194 258
194 322
194 386
194 430
195 3
195 67
195 131
195 259
195 323
195 387
195 610
196 4
196 68
196 132
196 260
196 324
196 388
197 5
197 69
197 133
197 261
197 325
197 389
198 6
198 70
198 134
198 262
198 326
198 390
198 454
198 518
198 585
198 649
198 710
198 777
198 838
198 902
198 969
198 1030
198 1097
198 1158
198 1225
199 7
199 9
199 71
199 73
199 135
199 137
199 142
199 201
199 202
199 206
199 263
199 327
199 329
199 335
199 391
199 393
199 398
199 455
199 519
199 582
199 583
199 839
199 903
199 967
199 1031
199 1095
199 1159
200 8
200 72
200 136
200 139
200 264
200 328
200 392
200 1256
201 7
201 9
201 71
201 73
201 135
201 137
201 142
201 199
201 202
201 206
201 263
201 265
201 327
201 329
201 335
201 391
201 393
201 398
201 455
201 519
201 582
201 583
201 839
201 903
201 967
201 1031
201 1095
201 1159
202 7
202 9
202 10
202 54
202 64
202 71
202 73
202 74
202 78
202 79
202 83
202 118
202 135
202 137
202 138
202 142
202 192
202 199
202 201
202 206
202 207
202 208
202 211
202 222
202 263
202 265
202 266
202 310
202 329
202 330
202 335
202 374
202 391
202 393
202 394
202 398
202 455
202 519
202 526
202 566
202 582
202 583
202 646
202 647
202 711
202 775
202 839
202 903
202 966
202 967
202 1031
202 1033
202 1038
202 1046
202 1223
203 11
203 75
203 139
203 238
203 267
203 331
203 395
204 12
204 76
204 140
204 268
204 332
204 373
204 396
204 603
204 849
205 13
205 77
205 141
205 269
205 333
205 397
206 7
206 9
206 14
206 64
206 71
206 73
206 78
206 135
206 137
206 142
206 192
206 199
206 201
206 202
206 211
206 263
206 270
206 327
206 329
206 330
206 334
206 335
206 374
206 391
206 393
206 398
206 455
206 519
206 526
206 582
206 583
206 647
206 711
206 775
206 839
206 903
206 967
206 1031
206 1038
206 1046
206 1095
206 1159
207 15
207 16
207 19
207 54
207 64
207 73
207 74
207 78
207 79
207 80
207 83
207 118
207 128
207 142
207 143
207 192
207 202
207 208
207 211
207 222
207 265
207 271
207 310
207 320
207 330
207 335
207 339
207 374
207 393
207 398
207 399
207 457
207 522
207 526
207 566
207 582
207 646
207 647
207 711
207 713
207 775
207 905
207 966
207 1033
207 1034
207 1038
207 1046
207 1094
207 1161
207 1222
207 1230
208 9
208 16
208 19
208 54
208 64
208 73
208 74
208 78
208 79
208 80
208 83
208 118
208 142
208 143
208 144
208 192
208 202
208 207
208 211
208 222
208 265
208 272
208 310
208 320
208 329
208 330
208 335
208 336
208 339
208 374
208 391
208 393
208 398
208 400
208 455
208 457
208 526
208 566
208 582
208 646
208 647
208 711
208 713
208 775
208 966
208 1033
208 1034
208 1038
208 1046
208 1094
208 1161
208 1222
208 1230
209 17
209 81
209 145
209 273
209 337
209 401
209 1006
210 18
210 82
210 146
210 274
210 338
210 402
210 916
210 1269
211 9
211 19
211 54
211 64
211 73
211 74
211 78
211 79
211 83
211 118
211 135
211 137
211 142
211 147
211 192
211 202
211 206
211 207
211 208
211 222
211 265
211 275
211 310
211 320
211 329
211 330
211 335
211 339
211 374
211 391
211 393
211 398
211 403
211 455
211 526
211 566
211 582
211 583
211 646
211 647
211 711
211 713
211 775
211 966
211 967
211 1031
211 1033
211 1038
211 1046
211 1161
211 1222
211 1223
211 1230
212 20
212 84
212 148
212 276
212 340
212 404
213 21
213 85
213 149
213 277
213 341
213 405
213 664
213 948
214 22
214 86
214 150
214 278
214 342
214 406
215 23
215 87
215 151
215 278
215 279
215 343
215 407
215 448
216 24
216 88
216 152
216 177
216 280
216 344
216 408
216 601
217 25
217 89
217 153
217 218
217 281
217 345
217 409
218 26
218 90
218 154
218 217
218 282
218 346
218 410
219 27
219 91
219 155
219 283
219 347
219 411
219 870
219 1187
220 28
220 92
220 156
220 284
220 348
220 412
220 1190
221 29
221 93
221 157
221 285
221 349
221 413
222 16
222 19
222 30
222 54
222 64
222 73
222 74
222 78
222 79
222 80
222 83
222 94
222 118
222 128
222 142
222 143
222 158
222 192
222 202
222 207
222 208
222 211
222 265
222 286
222 310
222 320
222 330
222 335
222 339
222 350
222 374
222 393
222 398
222 414
222 457
222 522
222 526
222 566
222 582
222 646
222 647
222 711
222 713
222 775
222 905
222 966
222 1033
222 1034
222 1038
222 1046
222 1094
222 1161
222 1222
222 1230
223 31
223 95
223 159
223 287
223 351
223 415
223 737
224 32
224 96
224 160
224 288
224 352
224 416
224 509
224 830
225 33
225 97
225 161
225 289
225 353
225 417
225 674
225 1053
226 34
226 98
226 162
226 290
226 354
226 418
227 35
227 99
227 163
227 291
227 355
227 419
227 1273
228 36
228 100
228 164
228 292
228 356
228 420
229 37
229 101
229 165
229 293
229 357
229 421
229 596
229 750
229 919
229 1160
230 38
230 102
230 166
230 294
230 358
230 422
231 39
231 103
231 167
231 295
231 359
231 423
232 40
232 93
232 104
232 168
232 296
232 360
232 424
233 41
233 105
233 169
233 297
233 361
233 425
234 42
234 86
234 106
234 170
234 298
234 362
234 420
234 426
234 1120
235 43
235 107
235 171
235 299
235 363
235 387
235 427
236 44
236 108
236 172
236 237
236 300
236 364
236 428
236 553
236 558
237 45
237 109
237 173
237 236
237 301
237 365
237 429
237 553
237 558
238 46
238 110
238 174
238 203
238 302
238 366
238 430
239 47
239 111
239 175
239 303
239 367
239 431
239 961
239 1090
239 1125
240 48
240 112
240 123
240 176
240 304
240 368
240 432
240 638
240 1189
241 49
241 113
241 117
241 177
241 305
241 369
241 433
242 50
242 114
242 178
242 306
242 370
242 434
243 51
243 115
243 179
243 307
243 371
243 435
243 1197
244 52
244 116
244 180
244 186
244 308
244 372
244 436
244 1167
245 53
245 117
245 181
245 309
245 373
245 437
245 458
246 54
246 118
246 182
246 310
246 374
246 438
247 55
247 119
247 183
247 311
247 375
247 439
248 33
248 56
248 58
248 120
248 184
248 258
248 312
248 376
248 440
248 723
248 935
249 57
249 121
249 156
249 161
249 185
249 313
249 377
249 441
249 618
249 1157
250 58
250 122
250 186
250 314
250 361
250 378
250 442
251 59
251 89
251 123
251 187
251 315
251 379
251 443
251 834
251 933
251 1000
252 60
252 124
252 188
252 316
252 380
252 444
252 499
252 677
252 1139
253 61
253 76
253 100
253 125
253 189
253 317
253 381
253 445
253 1224
254 62
254 126
254 190
254 261
254 318
254 382
254 446
254 1172
255 63
255 127
255 191
255 313
255 319
255 383
255 447
255 476
255 881
256 64
256 128
256 192
256 320
256 384
256 448
256 778
257 65
257 129
257 193
257 321
257 385
257 449
258 33
258 58
258 66
258 130
258 194
258 248
258 322
258 386
258 450
258 723
258 935
259 67
259 131
259 195
259 323
259 387
259 451
260 68
260 132
260 196
260 324
260 388
260 452
261 69
261 133
261 197
261 254
261 325
261 389
261 453
261 1172
262 6
262 70
262 134
262 198
262 326
262 390
262 454
262 518
262 585
262 649
262 710
262 777
262 838
262 902
262 969
262 1030
262 1097
262 1158
262 1225
263 7
263 9
263 71
263 73
263 135
263 137
263 142
263 199
263 201
263 202
263 206
263 327
263 329
263 335
263 391
263 393
263 398
263 455
263 519
263 582
263 583
263 839
263 903
263 967
263 1031
263 1095
263 1159
264 72
264 136
264 200
264 328
264 392
264 456
264 873
264 1185
265 9
265 16
265 19
265 54
265 64
265 73
265 74
265 78
265 79
265 80
265 83
265 118
265 137
265 142
265 143
265 192
265 201
265 202
265 207
265 208
265 211
265 222
265 310
265 320
265 329
265 330
265 335
265 339
265 374
265 391
265 393
265 398
265 457
265 522
265 526
265 566
265 582
265 646
265 647
265 711
265 713
265 775
265 966
265 1033
265 1034
265 1038
265 1046
265 1094
265 1161
265 1222
265 1230
266 74
266 138
266 202
266 330
266 394
266 458
267 75
267 139
267 203
267 331
267 395
267 459
267 832
267 912
268 76
268 140
268 204
268 332
268 396
268 460
268 706
269 77
269 141
269 205
269 333
269 397
269 461
270 78
270 142
270 206
270 334
270 398
270 462
271 79
271 143
271 207
271 335
271 399
271 463
272 80
272 144
272 208
272 336
272 400
272 464
272 758
273 81
273 145
273 209
273 337
273 401
273 465
274 82
274 146
274 210
274 338
274 402
274 466
274 1069
275 83
275 147
275 211
275 339
275 403
275 467
275 790
276 84
276 148
276 212
276 340
276 404
276 468
277 85
277 149
277 213
277 341
277 405
277 469
278 86
278 150
278 214
278 215
278 342
278 406
278 448
278 470
279 87
279 151
279 215
279 343
279 407
279 471
279 668
279 937
279 951
280 88
280 152
280 216
280 344
280 408
280 472
280 810
280 1012
280 1135
280 1265
281 89
281 153
281 217
281 345
281 409
281 473
281 605
281 858
282 90
282 154
282 218
282 346
282 347
282 410
282 474
282 801
283 91
283 155
283 219
283 347
283 411
283 475
283 514
283 1217
284 92
284 156
284 220
284 348
284 412
284 466
284 476
285 93
285 157
285 221
285 349
285 413
285 477
285 651
286 94
286 158
286 222
286 350
286 414
286 478
287 95
287 159
287 223
287 351
287 415
287 479
287 1047
288 96
288 160
288 224
288 352
288 416
288 456
288 480
288 757
289 97
289 161
289 225
289 353
289 417
289 481
289 1186
290 98
290 162
290 226
290 354
290 418
290 482
290 907
291 99
291 163
291 227
291 355
291 419
291 483
292 100
292 164
292 228
292 356
292 420
292 484
293 101
293 165
293 183
293 229
293 357
293 421
293 485
294 102
294 153
294 166
294 230
294 358
294 422
294 424
294 486
294 693
295 18
295 99
295 103
295 167
295 231
295 359
295 423
295 487
296 104
296 168
296 232
296 360
296 424
296 488
297 17
297 105
297 169
297 233
297 361
297 425
297 489
297 541
298 106
298 170
298 234
298 362
298 426
298 490
298 1091
299 107
299 171
299 179
299 235
299 359
299 363
299 427
299 475
299 491
299 999
300 108
300 172
300 189
300 236
300 364
300 428
300 435
300 492
300 667
300 826
300 883
300 1022
300 1151
301 109
301 173
301 237
301 365
301 429
301 493
302 13
302 110
302 174
302 238
302 366
302 430
302 494
302 1092
302 1220
303 111
303 175
303 239
303 367
303 431
303 495
303 844
304 112
304 140
304 160
304 176
304 240
304 368
304 432
304 496
305 113
305 177
305 241
305 369
305 433
305 497
305 611
305 766
306 114
306 178
306 242
306 370
306 434
306 498
307 115
307 179
307 243
307 371
307 435
307 499
307 684
307 754
307 1011
307 1165
308 116
308 180
308 244
308 372
308 436
308 500
309 117
309 181
309 245
309 373
309 437
309 501
310 9
310 16
310 19
310 54
310 64
310 73
310 74
310 78
310 79
310 83
310 118
310 142
310 143
310 182
310 192
310 202
310 207
310 208
310 211
310 222
310 246
310 265
310 320
310 329
310 330
310 335
310 339
310 374
310 391
310 393
310 398
310 438
310 455
310 457
310 502
310 526
310 566
310 582
310 646
310 647
310 711
310 713
310 775
310 966
310 1033
310 1034
310 1038
310 1046
310 1094
310 1161
310 1222
310 1230
311 119
311 183
311 247
311 375
311 405
311 408
311 439
311 503
311 520
311 631
311 675
311 872
311 940
312 29
312 120
312 184
312 248
312 376
312 409
312 440
312 479
312 504
312 555
312 703
313 121
313 185
313 249
313 255
313 377
313 441
313 476
313 505
313 881
314 122
314 130
314 186
314 250
314 378
314 442
314 506
314 707
314 843
315 123
315 187
315 251
315 379
315 443
315 507
315 820
315 1237
316 124
316 188
316 252
316 380
316 444
316 508
316 1181
317 125
317 189
317 253
317 381
317 445
317 509
318 126
318 190
318 254
318 382
318 446
318 510
318 988
319 127
319 191
319 255
319 383
319 447
319 472
319 511
319 819
320 16
320 19
320 54
320 64
320 74
320 78
320 79
320 80
320 83
320 118
320 128
320 143
320 192
320 207
320 208
320 211
320 222
320 256
320 265
320 310
320 330
320 339
320 374
320 384
320 448
320 457
320 512
320 522
320 526
320 566
320 646
320 647
320 694
320 711
320 713
320 774
320 775
320 841
320 905
320 966
320 982
320 1033
320 1034
320 1038
320 1046
320 1094
320 1161
321 129
321 193
321 257
321 385
321 449
321 513
321 653
322 82
322 130
322 194
322 258
322 386
322 450
322 484
322 514
323 131
323 163
323 195
323 259
323 345
323 376
323 387
323 451
323 515
323 791
324 132
324 196
324 260
324 388
324 452
324 516
325 116
325 133
325 197
325 261
325 389
325 453
325 517
325 971
326 6
326 70
326 134
326 198
326 262
326 390
326 454
326 518
326 585
326 649
326 710
326 777
326 838
326 902
326 969
326 1030
326 1097
326 1158
326 1225
327 7
327 9
327 71
327 135
327 137
327 199
327 201
327 206
327 263
327 329
327 391
327 398
327 455
327 519
327 583
327 839
327 903
327 967
327 1031
327 1095
327 1159
328 136
328 200
328 264
328 392
328 449
328 456
328 520
328 1126
329 7
329 9
329 64
329 71
329 73
329 78
329 83
329 118
329 135
329 137
329 142
329 192
329 199
329 201
329 202
329 206
329 208
329 211
329 263
329 265
329 310
329 327
329 330
329 335
329 374
329 391
329 393
329 398
329 455
329 457
329 519
329 521
329 526
329 582
329 583
329 647
329 711
329 775
329 839
329 903
329 967
329 1031
329 1033
329 1038
329 1046
329 1095
329 1159
329 1161
329 1223
330 9
330 54
330 64
330 73
330 74
330 78
330 79
330 83
330 118
330 135
330 137
330 138
330 142
330 192
330 202
330 206
330 207
330 208
330 211
330 222
330 265
330 266
330 310
330 320
330 329
330 335
330 374
330 391
330 393
330 394
330 398
330 455
330 458
330 522
330 526
330 566
330 582
330 646
330 647
330 711
330 713
330 775
330 966
330 967
330 1031
330 1033
330 1038
330 1046
330 1094
330 1159
330 1161
330 1222
330 1223
330 1230
331 139
331 203
331 267
331 395
331 459
331 523
332 140
332 193
332 204
332 268
332 396
332 460
332 467
332 524
333 87
333 141
333 205
333 269
333 397
333 461
333 481
333 525
333 669
334 142
334 206
334 270
334 398
334 462
334 526
335 7
335 9
335 54
335 64
335 71
335 73
335 78
335 79
335 83
335 118
335 135
335 137
335 142
335 143
335 192
335 199
335 201
335 202
335 206
335 207
335 208
335 211
335 222
335 263
335 265
335 271
335 310
335 329
335 330
335 374
335 391
335 393
335 398
335 399
335 455
335 463
335 519
335 526
335 527
335 566
335 582
335 583
335 646
335 647
335 711
335 775
335 839
335 903
335 966
335 967
335 1031
335 1033
335 1038
335 1046
335 1094
335 1095
335 1159
335 1161
335 1223
336 144
336 208
336 272
336 400
336 464
336 528
337 145
337 209
337 273
337 375
337 401
337 465
337 529
338 146
338 210
338 274
338 402
338 466
338 530
338 705
338 1100
339 16
339 19
339 54
339 74
339 78
339 79
339 80
339 83
339 118
339 128
339 143
339 147
339 192
339 207
339 208
339 211
339 222
339 265
339 275
339 310
339 320
339 403
339 457
339 467
339 522
339 531
339 566
339 646
339 647
339 694
339 713
339 774
339 841
339 905
339 966
339 982
339 1033
339 1034
339 1094
339 1161
340 148
340 212
340 276
340 404
340 468
340 532
341 149
341 213
341 277
341 405
341 469
341 533
341 859
341 1114
342 150
342 214
342 278
342 406
342 470
342 534
343 75
343 151
343 215
343 279
343 407
343 471
343 535
344 152
344 216
344 280
344 408
344 472
344 536
344 544
344 624
344 1050
344 1194
345 153
345 163
345 217
345 281
345 323
345 376
345 409
345 473
345 537
345 791
346 154
346 218
346 282
346 410
346 474
346 538
346 885
346 1089
346 1183
346 1261
347 155
347 219
347 282
347 283
347 411
347 475
347 539
347 801
348 88
348 156
348 220
348 284
348 412
348 476
348 540
348 869
348 1227
349 157
349 221
349 285
349 413
349 477
349 532
349 541
349 641
349 878
349 1243
350 158
350 222
350 286
350 414
350 478
350 542
351 159
351 223
351 287
351 415
351 479
351 543
351 625
351 690
351 894
351 1184
352 160
352 224
352 288
352 416
352 480
352 544
353 161
353 225
353 289
353 417
353 481
353 545
354 162
354 226
354 290
354 418
354 482
354 546
355 163
355 227
355 291
355 419
355 483
355 547
356 164
356 228
356 292
356 420
356 484
356 548
356 557
357 129
357 165
357 169
357 229
357 293
357 421
357 485
357 549
358 166
358 230
358 294
358 422
358 462
358 486
358 550
359 167
359 179
359 231
359 295
359 299
359 423
359 475
359 487
359 551
359 999
360 168
360 232
360 296
360 424
360 488
360 552
360 934
361 169
361 233
361 250
361 297
361 425
361 489
361 553
362 170
362 234
362 298
362 416
362 426
362 490
362 554
362 620
362 743
362 1229
363 171
363 235
363 299
363 427
363 491
363 555
363 1059
364 57
364 125
364 172
364 236
364 300
364 428
364 492
364 498
364 556
364 692
365 102
365 173
365 237
365 301
365 429
365 493
365 557
366 174
366 238
366 302
366 430
366 494
366 558
366 1235
367 175
367 239
367 303
367 431
367 495
367 559
368 176
368 240
368 304
368 427
368 432
368 496
368 560
368 688
368 1084
369 177
369 241
369 305
369 433
369 485
369 497
369 561
369 1029
370 53
370 178
370 242
370 306
370 434
370 498
370 562
371 179
371 243
371 307
371 435
371 499
371 563
371 682
371 729
372 180
372 244
372 308
372 436
372 500
372 564
372 1108
372 1192
372 1252
373 181
373 204
373 245
373 309
373 437
373 501
373 565
373 603
373 849
374 9
374 54
374 64
374 73
374 74
374 78
374 79
374 83
374 118
374 135
374 137
374 142
374 182
374 192
374 202
374 206
374 207
374 208
374 211
374 222
374 246
374 265
374 310
374 320
374 329
374 330
374 335
374 391
374 393
374 398
374 438
374 455
374 502
374 519
374 526
374 566
374 582
374 583
374 646
374 647
374 711
374 775
374 966
374 967
374 1031
374 1033
374 1038
374 1046
374 1094
374 1159
374 1161
374 1223
374 1230
375 183
375 247
375 311
375 337
375 439
375 503
375 567
376 163
376 184
376 248
376 312
376 323
376 345
376 440
376 504
376 568
376 791
377 185
377 249
377 313
377 441
377 505
377 569
378 51
378 186
378 250
378 314
378 442
378 506
378 570
378 994
379 24
379 50
379 187
379 251
379 315
379 417
379 443
379 507
379 571
379 1018
380 188
380 252
380 316
380 444
380 508
380 572
380 863
381 47
381 189
381 253
381 317
381 445
381 509
381 573
381 753
381 1115
382 190
382 254
382 318
382 446
382 510
382 574
382 759
382 965
383 191
383 255
383 319
383 447
383 511
383 575
384 192
384 256
384 320
384 448
384 512
384 576
385 193
385 257
385 321
385 449
385 513
385 577
385 665
385 781
385 833
386 194
386 258
386 322
386 396
386 450
386 514
386 517
386 578
386 1193
387 195
387 235
387 259
387 323
387 451
387 515
387 579
388 196
388 260
388 324
388 452
388 516
388 580
388 1096
388 1236
389 197
389 261
389 325
389 453
389 517
389 581
390 6
390 70
390 134
390 198
390 262
390 326
390 454
390 518
390 582
390 585
390 649
390 710
390 777
390 838
390 902
390 969
390 1030
390 1097
390 1158
390 1225
391 7
391 9
391 64
391 71
391 73
391 78
391 118
391 135
391 137
391 142
391 192
391 199
391 201
391 202
391 206
391 208
391 211
391 263
391 265
391 310
391 327
391 329
391 330
391 335
391 374
391 393
391 398
391 455
391 519
391 526
391 582
391 583
391 647
391 711
391 775
391 839
391 903
391 967
391 1031
391 1033
391 1038
391 1046
391 1095
391 1159
391 1223
391 1230
392 200
392 264
392 328
392 418
392 456
392 520
392 584
392 897
392 963
393 7
393 9
393 54
393 64
393 73
393 78
393 79
393 83
393 118
393 135
393 137
393 142
393 192
393 199
393 201
393 202
393 206
393 207
393 208
393 211
393 222
393 263
393 265
393 310
393 329
393 330
393 335
393 374
393 391
393 398
393 455
393 457
393 519
393 521
393 526
393 566
393 582
393 583
393 585
393 646
393 647
393 711
393 775
393 839
393 903
393 966
393 967
393 1031
393 1033
393 1038
393 1046
393 1094
393 1095
393 1159
393 1161
393 1222
393 1223
393 1230
394 202
394 266
394 330
394 458
394 522
394 586
395 203
395 267
395 331
395 459
395 523
395 587
396 204
396 268
396 332
396 386
396 460
396 517
396 524
396 588
396 1193
397 205
397 269
397 333
397 450
397 461
397 525
397 589
398 7
398 9
398 64
398 71
398 73
398 78
398 83
398 118
398 135
398 137
398 142
398 192
398 199
398 201
398 202
398 206
398 207
398 208
398 211
398 222
398 263
398 265
398 270
398 310
398 327
398 329
398 330
398 334
398 335
398 374
398 391
398 393
398 455
398 462
398 519
398 526
398 582
398 583
398 590
398 646
398 647
398 711
398 775
398 839
398 903
398 967
398 1031
398 1033
398 1038
398 1046
398 1095
398 1159
398 1161
398 1222
398 1223
398 1230
399 207
399 271
399 335
399 463
399 527
399 591
400 208
400 272
400 336
400 464
400 528
400 592
401 209
401 273
401 337
401 465
401 529
401 593
402 132
402 210
402 274
402 338
402 466
402 530
402 594
403 211
403 275
403 339
403 467
403 531
403 595
404 124
404 212
404 276
404 340
404 468
404 532
404 596
405 213
405 277
405 311
405 341
405 408
405 469
405 520
405 533
405 597
405 631
405 675
405 872
405 940
406 214
406 278
406 342
406 470
406 534
406 598
407 215
407 279
407 343
407 471
407 535
407 565
407 599
407 1122
408 216
408 280
408 311
408 344
408 405
408 472
408 520
408 536
408 600
408 631
408 675
408 872
408 940
409 29
409 217
409 281
409 312
409 345
409 473
409 479
409 537
409 555
409 601
409 703
410 218
410 282
410 346
410 474
410 538
410 602
410 959
411 219
411 283
411 347
411 475
411 539
411 603
412 220
412 284
412 348
412 476
412 540
412 604
412 1051
413 44
413 221
413 285
413 349
413 477
413 541
413 572
413 605
413 701
413 738
414 222
414 286
414 350
414 478
414 542
414 606
415 146
415 223
415 287
415 351
415 479
415 543
415 607
416 170
416 224
416 288
416 352
416 362
416 480
416 544
416 608
416 620
416 743
416 1229
417 24
417 50
417 225
417 289
417 353
417 379
417 481
417 545
417 609
417 1018
418 226
418 290
418 354
418 392
418 482
418 546
418 610
418 897
418 963
419 112
419 227
419 291
419 355
419 483
419 495
419 547
419 611
419 1116
420 86
420 228
420 234
420 292
420 356
420 484
420 548
420 612
420 1120
421 61
421 229
421 293
421 357
421 437
421 485
421 549
421 613
421 1058
421 1127
421 1274
422 230
422 294
422 358
422 486
422 550
422 614
423 231
423 295
423 359
423 487
423 551
423 613
423 615
423 898
424 153
424 232
424 294
424 296
424 360
424 488
424 552
424 616
424 693
425 233
425 297
425 361
425 489
425 553
425 617
426 234
426 298
426 362
426 490
426 500
426 554
426 618
426 635
426 1148
426 1278
427 235
427 299
427 363
427 368
427 491
427 555
427 619
427 688
427 1084
428 236
428 300
428 364
428 492
428 556
428 620
428 792
429 4
429 237
429 301
429 365
429 493
429 557
429 621
429 640
429 1107
430 67
430 194
430 238
430 302
430 366
430 494
430 558
430 622
431 239
431 303
431 367
431 495
431 559
431 623
432 240
432 304
432 368
432 496
432 560
432 624
432 756
432 1075
432 1076
433 241
433 305
433 369
433 497
433 561
433 625
434 242
434 306
434 370
434 498
434 535
434 556
434 562
434 626
434 874
435 189
435 243
435 300
435 307
435 371
435 499
435 563
435 627
435 667
435 826
435 883
435 1022
435 1151
436 244
436 308
436 372
436 500
436 564
436 628
437 61
437 245
437 309
437 373
437 421
437 501
437 565
437 629
437 1058
437 1127
437 1274
438 246
438 310
438 374
438 502
438 566
438 630
438 1039
439 247
439 311
439 375
439 497
439 503
439 567
439 631
439 1079
439 1136
439 1138
439 1247
439 1275
440 248
440 312
440 376
440 504
440 525
440 568
440 632
441 249
441 313
441 377
441 505
441 569
441 633
442 168
442 250
442 314
442 378
442 506
442 570
442 634
442 1025
442 1249
443 251
443 315
443 379
443 507
443 571
443 635
444 176
444 252
444 316
444 380
444 473
444 508
444 572
444 636
444 799
444 927
444 1233
445 253
445 317
445 381
445 509
445 573
445 637
445 920
445 924
446 254
446 318
446 382
446 510
446 574
446 638
447 255
447 319
447 383
447 511
447 575
447 639
448 215
448 256
448 278
448 320
448 384
448 512
448 576
448 640
449 257
449 321
449 328
449 385
449 513
449 577
449 641
449 1126
450 258
450 322
450 386
450 397
450 514
450 578
450 642
451 259
451 323
451 387
451 515
451 579
451 643
451 877
452 260
452 324
452 388
452 516
452 550
452 580
452 644
452 659
452 942
452 1219
453 261
453 325
453 389
453 517
453 563
453 581
453 594
453 645
454 6
454 70
454 134
454 198
454 262
454 326
454 390
454 518
454 582
454 585
454 646
454 649
454 710
454 777
454 838
454 902
454 969
454 1030
454 1097
454 1158
454 1225
455 7
455 9
455 64
455 71
455 73
455 78
455 118
455 135
455 137
455 142
455 192
455 199
455 201
455 202
455 206
455 208
455 211
455 263
455 310
455 327
455 329
455 330
455 335
455 374
455 391
455 393
455 398
455 519
455 526
455 582
455 583
455 647
455 711
455 775
455 839
455 903
455 967
455 1031
455 1033
455 1038
455 1046
455 1095
455 1159
455 1223
455 1230
456 264
456 288
456 328
456 392
456 520
456 584
456 648
456 757
457 16
457 19
457 54
457 74
457 79
457 80
457 83
457 118
457 128
457 143
457 207
457 208
457 222
457 265
457 310
457 320
457 329
457 339
457 393
457 521
457 522
457 566
457 585
457 646
457 649
457 694
457 713
457 774
457 841
457 905
457 966
457 982
457 1033
457 1034
457 1094
457 1161
457 1222
457 1230
458 245
458 266
458 330
458 394
458 522
458 586
458 650
459 267
459 331
459 395
459 523
459 587
459 651
460 268
460 332
460 396
460 524
460 588
460 652
461 269
461 333
461 397
461 525
461 589
461 606
461 653
462 270
462 334
462 358
462 398
462 526
462 590
462 654
463 271
463 335
463 399
463 527
463 591
463 655
464 46
464 272
464 336
464 400
464 528
464 592
464 656
465 273
465 337
465 401
465 529
465 593
465 657
466 274
466 284
466 338
466 402
466 530
466 594
466 658
467 193
467 275
467 332
467 339
467 403
467 531
467 595
467 659
468 28
468 276
468 340
468 404
468 532
468 596
468 660
468 1218
469 277
469 341
469 405
469 533
469 597
469 619
469 661
469 730
469 1105
470 278
470 342
470 406
470 534
470 598
470 662
471 279
471 343
471 407
471 535
471 599
471 663
472 280
472 319
472 344
472 408
472 536
472 600
472 664
472 819
473 176
473 281
473 345
473 409
473 444
473 537
473 601
473 665
473 799
473 927
473 1233
474 282
474 346
474 410
474 538
474 602
474 666
474 752
474 1021
474 1068
475 179
475 283
475 299
475 347
475 359
475 411
475 539
475 603
475 667
475 999
476 255
476 284
476 313
476 348
476 412
476 540
476 604
476 668
476 881
477 178
477 285
477 349
477 413
477 541
477 605
477 669
477 813
478 286
478 350
478 414
478 542
478 606
478 670
479 29
479 287
479 312
479 351
479 409
479 415
479 543
479 555
479 607
479 671
479 703
480 288
480 352
480 416
480 544
480 608
480 672
481 87
481 289
481 333
481 353
481 417
481 545
481 609
481 669
481 673
482 8
482 290
482 354
482 418
482 546
482 610
482 674
482 696
482 769
483 291
483 355
483 419
483 547
483 611
483 675
484 82
484 292
484 322
484 356
484 420
484 548
484 612
484 676
485 293
485 357
485 369
485 421
485 549
485 613
485 677
485 1029
486 294
486 358
486 422
486 550
486 614
486 678
486 1071
486 1254
487 151
487 295
487 359
487 423
487 504
487 551
487 615
487 679
487 882
487 992
488 115
488 296
488 360
488 424
488 552
488 616
488 672
488 680
488 1083
489 119
489 297
489 361
489 425
489 553
489 617
489 634
489 681
489 913
489 989
489 1146
490 154
490 298
490 362
490 426
490 554
490 618
490 682
490 1123
490 1266
491 299
491 363
491 427
491 555
491 619
491 683
492 300
492 364
492 428
492 556
492 620
492 684
492 762
493 301
493 365
493 429
493 557
493 621
493 685
494 302
494 366
494 430
494 558
494 622
494 686
494 1129
495 112
495 303
495 367
495 419
495 431
495 559
495 623
495 687
495 1116
496 304
496 368
496 432
496 560
496 573
496 624
496 688
496 761
496 1007
497 305
497 369
497 433
497 439
497 561
497 625
497 689
497 1079
497 1136
497 1138
497 1247
497 1275
498 57
498 125
498 306
498 364
498 370
498 434
498 562
498 626
498 690
498 692
499 252
499 307
499 371
499 435
499 563
499 627
499 677
499 691
499 1139
500 308
500 372
500 426
500 436
500 564
500 628
500 635
500 692
500 1148
500 1278
501 14
501 309
501 373
501 437
501 565
501 629
501 693
502 310
502 374
502 438
502 566
502 591
502 630
502 694
503 311
503 375
503 439
503 567
503 631
503 695
503 1009
503 1177
504 151
504 312
504 376
504 440
504 487
504 568
504 632
504 696
504 882
504 992
505 313
505 377
505 441
505 569
505 633
505 697
505 1081
506 158
506 314
506 378
506 442
506 570
506 634
506 698
506 1054
507 184
507 315
507 379
507 443
507 571
507 635
507 699
507 1150
508 316
508 380
508 444
508 572
508 574
508 636
508 700
509 224
509 317
509 381
509 445
509 573
509 637
509 701
509 830
510 26
510 318
510 382
510 446
510 574
510 638
510 702
510 914
511 319
511 383
511 447
511 575
511 639
511 703
511 856
512 320
512 384
512 448
512 576
512 640
512 704
512 1102
513 122
513 321
513 385
513 449
513 577
513 615
513 641
513 705
514 283
514 322
514 386
514 450
514 578
514 642
514 706
514 1217
515 108
515 323
515 387
515 451
515 579
515 643
515 707
515 746
516 324
516 388
516 452
516 580
516 644
516 708
517 325
517 386
517 389
517 396
517 453
517 581
517 645
517 709
517 1193
518 6
518 70
518 134
518 198
518 262
518 326
518 390
518 454
518 582
518 585
518 646
518 649
518 710
518 777
518 838
518 902
518 969
518 1030
518 1097
518 1158
518 1225
519 7
519 9
519 64
519 71
519 73
519 135
519 137
519 142
519 199
519 201
519 202
519 206
519 263
519 327
519 329
519 335
519 374
519 391
519 393
519 398
519 455
519 526
519 582
519 583
519 647
519 711
519 775
519 839
519 903
519 967
519 1031
519 1095
519 1159
519 1223
520 311
520 328
520 392
520 405
520 408
520 456
520 584
520 631
520 648
520 675
520 712
520 872
520 940
521 16
521 19
521 80
521 128
521 143
521 329
521 393
521 457
521 522
521 585
521 649
521 694
521 713
521 774
521 841
521 905
521 982
522 16
522 19
522 54
522 74
522 79
522 80
522 83
522 128
522 143
522 207
522 222
522 265
522 320
522 330
522 339
522 394
522 457
522 458
522 521
522 566
522 586
522 646
522 650
522 694
522 713
522 714
522 774
522 841
522 905
522 966
522 982
522 1034
522 1094
522 1161
522 1222
523 331
523 395
523 459
523 587
523 651
523 715
524 332
524 396
524 460
524 588
524 652
524 716
525 333
525 397
525 440
525 461
525 589
525 653
525 717
526 9
526 54
526 64
526 73
526 74
526 78
526 79
526 83
526 118
526 135
526 137
526 142
526 192
526 202
526 206
526 207
526 208
526 211
526 222
526 265
526 310
526 320
526 329
526 330
526 334
526 335
526 374
526 391
526 393
526 398
526 455
526 462
526 519
526 566
526 582
526 583
526 590
526 646
526 647
526 654
526 711
526 718
526 775
526 839
526 903
526 966
526 967
526 1031
526 1033
526 1038
526 1046
526 1094
526 1095
526 1159
526 1161
526 1222
526 1223
526 1230
527 335
527 399
527 463
527 591
527 592
527 655
527 719
528 336
528 400
528 464
528 592
528 656
528 720
528 900
529 337
529 401
529 465
529 593
529 657
529 721
529 1145
529 1209
530 48
530 338
530 402
530 466
530 594
530 658
530 722
530 945
531 339
531 403
531 467
531 595
531 659
531 723
532 340
532 349
532 404
532 468
532 596
532 641
532 660
532 724
532 878
532 1243
533 341
533 405
533 469
533 597
533 661
533 725
533 1241
534 342
534 406
534 470
534 598
534 662
534 726
535 343
535 407
535 434
535 471
535 556
535 599
535 663
535 727
535 874
536 344
536 408
536 472
536 600
536 664
536 728
536 1002
537 345
537 409
537 473
537 601
537 665
537 729
538 346
538 410
538 474
538 540
538 602
538 666
538 730
539 347
539 411
539 475
539 603
539 667
539 731
540 348
540 412
540 476
540 538
540 604
540 668
540 732
541 17
541 297
541 349
541 413
541 477
541 605
541 669
541 733
542 350
542 414
542 478
542 606
542 670
542 734
543 351
543 415
543 479
543 607
543 671
543 735
544 344
544 352
544 416
544 480
544 608
544 624
544 672
544 736
544 1050
544 1194
545 353
545 417
545 481
545 609
545 673
545 737
545 954
546 354
546 418
546 482
546 610
546 674
546 738
546 835
546 1205
546 1208
546 1255
547 355
547 419
547 483
547 611
547 675
547 739
548 356
548 420
548 484
548 612
548 676
548 740
549 357
549 421
549 485
549 613
549 677
549 741
550 358
550 422
550 452
550 486
550 614
550 659
550 678
550 742
550 942
550 1219
551 359
551 423
551 487
551 615
551 679
551 743
552 127
552 360
552 424
552 488
552 616
552 680
552 744
552 986
553 236
553 237
553 361
553 425
553 489
553 558
553 617
553 681
553 745
554 90
554 362
554 426
554 490
554 618
554 682
554 746
554 805
554 1242
555 29
555 312
555 363
555 409
555 427
555 479
555 491
555 619
555 683
555 703
555 747
556 364
556 428
556 434
556 492
556 535
556 620
556 684
556 748
556 874
557 356
557 365
557 429
557 493
557 621
557 685
557 749
558 236
558 237
558 366
558 430
558 494
558 553
558 622
558 686
558 750
559 367
559 431
559 495
559 623
559 687
559 717
559 751
559 760
559 1048
559 1199
560 368
560 432
560 496
560 569
560 624
560 688
560 736
560 752
560 953
560 1087
560 1170
561 369
561 433
561 497
561 625
561 689
561 753
562 370
562 434
562 498
562 626
562 673
562 690
562 754
563 371
563 435
563 453
563 499
563 594
563 627
563 691
563 755
564 372
564 436
564 500
564 628
564 692
564 756
565 373
565 407
565 437
565 501
565 629
565 693
565 757
565 1122
566 16
566 19
566 54
566 64
566 73
566 74
566 78
566 79
566 80
566 83
566 118
566 128
566 142
566 143
566 192
566 202
566 207
566 208
566 211
566 222
566 265
566 310
566 320
566 330
566 335
566 339
566 374
566 393
566 438
566 457
566 502
566 522
566 526
566 582
566 630
566 646
566 647
566 694
566 711
566 713
566 758
566 775
566 905
566 966
566 1033
566 1034
566 1038
566 1046
566 1094
566 1161
566 1222
566 1223
566 1230
567 126
567 375
567 439
567 503
567 570
567 631
567 695
567 759
567 1175
568 49
568 376
568 440
568 504
568 632
568 696
568 760
569 377
569 441
569 505
569 560
569 633
569 697
569 736
569 761
569 953
569 1087
569 1170
570 126
570 378
570 442
570 506
570 567
570 634
570 698
570 762
570 1175
571 379
571 443
571 507
571 575
571 635
571 699
571 763
572 44
572 380
572 413
572 444
572 508
572 636
572 700
572 701
572 738
572 764
573 381
573 445
573 496
573 509
573 637
573 701
573 761
573 765
573 1007
574 382
574 446
574 508
574 510
574 638
574 702
574 766
575 383
575 447
575 511
575 571
575 639
575 699
575 703
575 767
576 384
576 448
576 512
576 640
576 704
576 768
577 385
577 449
577 513
577 641
577 705
577 769
578 386
578 450
578 514
578 642
578 706
578 770
578 888
579 387
579 451
579 515
579 627
579 643
579 707
579 771
579 783
580 388
580 452
580 516
580 644
580 708
580 772
581 165
581 389
581 453
581 517
581 645
581 657
581 709
581 773
582 7
582 9
582 54
582 64
582 71
582 73
582 78
582 79
582 83
582 118
582 135
582 137
582 142
582 192
582 199
582 201
582 202
582 206
582 207
582 208
582 211
582 222
582 263
582 265
582 310
582 329
582 330
582 335
582 374
582 390
582 391
582 393
582 398
582 454
582 455
582 518
582 519
582 526
582 566
582 583
582 646
582 647
582 710
582 711
582 774
582 775
582 839
582 903
582 966
582 967
582 1031
582 1033
582 1038
582 1046
582 1094
582 1095
582 1159
582 1161
582 1222
582 1223
582 1230
583 7
583 9
583 64
583 71
583 73
583 135
583 137
583 142
583 199
583 201
583 202
583 206
583 211
583 263
583 327
583 329
583 335
583 374
583 391
583 393
583 398
583 455
583 519
583 526
583 582
583 647
583 711
583 775
583 839
583 903
583 967
583 1031
583 1095
583 1159
583 1223
584 133
584 392
584 456
584 520
584 648
584 712
584 773
584 776
584 779
585 6
585 70
585 134
585 198
585 262
585 326
585 390
585 393
585 454
585 457
585 518
585 521
585 649
585 710
585 713
585 777
585 838
585 902
585 969
585 1030
585 1097
585 1158
585 1225
586 15
586 394
586 458
586 522
586 650
586 714
586 778
587 395
587 459
587 523
587 614
587 651
587 715
587 779
588 396
588 460
588 524
588 652
588 716
588 780
588 1013
589 150
589 397
589 461
589 525
589 653
589 717
589 781
590 96
590 98
590 136
590 398
590 462
590 526
590 654
590 718
590 782
590 814
591 399
591 463
591 502
591 527
591 655
591 719
591 783
592 400
592 464
592 527
592 528
592 656
592 720
592 784
593 401
593 465
593 529
593 657
593 721
593 785
594 402
594 453
594 466
594 530
594 563
594 658
594 722
594 786
595 403
595 467
595 531
595 659
595 723
595 787
595 1082
596 229
596 404
596 468
596 532
596 660
596 724
596 750
596 788
596 919
596 1160
597 405
597 469
597 533
597 661
597 725
597 789
598 406
598 470
598 534
598 662
598 726
598 790
599 407
599 471
599 535
599 663
599 727
599 791
600 408
600 472
600 536
600 664
600 728
600 792
600 807
601 177
601 216
601 409
601 473
601 537
601 665
601 729
601 793
602 23
602 410
602 474
602 538
602 666
602 730
602 794
603 204
603 373
603 411
603 475
603 539
603 667
603 731
603 795
603 849
604 412
604 476
604 540
604 663
604 668
604 724
604 732
604 796
605 281
605 413
605 477
605 541
605 669
605 733
605 797
605 858
606 414
606 461
606 478
606 542
606 670
606 734
606 798
607 415
607 479
607 543
607 671
607 735
607 799
607 887
607 1062
608 416
608 480
608 544
608 672
608 736
608 800
609 417
609 481
609 545
609 673
609 737
609 801
610 195
610 418
610 482
610 546
610 674
610 738
610 802
611 305
611 419
611 483
611 547
611 675
611 739
611 766
611 803
612 420
612 484
612 548
612 676
612 740
612 804
612 1104
613 421
613 423
613 485
613 549
613 677
613 741
613 805
613 898
614 422
614 486
614 550
614 587
614 678
614 742
614 806
615 122
615 423
615 487
615 513
615 551
615 679
615 743
615 807
616 424
616 488
616 552
616 680
616 744
616 808
616 1023
616 1045
617 425
617 489
617 553
617 681
617 745
617 809
617 1246
618 156
618 161
618 249
618 426
618 490
618 554
618 682
618 746
618 810
618 1157
619 427
619 469
619 491
619 555
619 683
619 730
619 747
619 811
619 1105
620 170
620 362
620 416
620 428
620 492
620 556
620 684
620 743
620 748
620 812
620 1229
621 114
621 429
621 493
621 557
621 685
621 749
621 813
622 430
622 494
622 558
622 686
622 750
622 814
622 990
623 190
623 431
623 495
623 559
623 687
623 751
623 755
623 815
624 344
624 432
624 496
624 544
624 560
624 688
624 752
624 816
624 1050
624 1194
625 351
625 433
625 497
625 561
625 689
625 690
625 753
625 817
625 894
625 1184
626 434
626 498
626 562
626 690
626 754
626 818
626 1253
627 435
627 499
627 563
627 579
627 691
627 755
627 783
627 819
628 171
628 191
628 436
628 500
628 564
628 692
628 756
628 765
628 820
629 437
629 501
629 565
629 693
629 757
629 821
630 438
630 502
630 566
630 694
630 758
630 822
631 311
631 405
631 408
631 439
631 503
631 520
631 567
631 675
631 695
631 759
631 823
631 872
631 940
632 159
632 440
632 504
632 568
632 696
632 760
632 824
633 42
633 441
633 505
633 569
633 697
633 761
633 825
633 1027
633 1191
634 119
634 442
634 489
634 506
634 570
634 698
634 762
634 826
634 913
634 989
634 1146
635 426
635 443
635 500
635 507
635 571
635 699
635 763
635 827
635 1148
635 1278
636 444
636 508
636 572
636 700
636 764
636 828
636 901
636 1221
637 445
637 509
637 573
637 701
637 765
637 829
637 1130
637 1176
638 123
638 240
638 446
638 510
638 574
638 702
638 766
638 830
638 1189
639 97
639 447
639 511
639 575
639 703
639 767
639 831
639 984
640 4
640 429
640 448
640 512
640 576
640 704
640 768
640 832
640 1107
641 349
641 449
641 513
641 532
641 577
641 705
641 769
641 833
641 878
641 1243
642 450
642 514
642 578
642 706
642 770
642 834
643 451
643 515
643 579
643 671
643 691
643 707
643 771
643 835
643 880
644 452
644 516
644 580
644 708
644 772
644 836
645 72
645 453
645 517
645 581
645 709
645 773
645 785
645 837
645 1267
646 16
646 19
646 54
646 64
646 73
646 74
646 78
646 79
646 80
646 83
646 118
646 128
646 142
646 143
646 192
646 202
646 207
646 208
646 211
646 222
646 265
646 310
646 320
646 330
646 335
646 339
646 374
646 393
646 398
646 454
646 457
646 518
646 522
646 526
646 566
646 582
646 647
646 710
646 711
646 713
646 774
646 775
646 838
646 905
646 966
646 1033
646 1034
646 1038
646 1046
646 1094
646 1161
646 1222
646 1223
646 1230
647 9
647 54
647 64
647 73
647 74
647 78
647 79
647 83
647 118
647 135
647 137
647 142
647 192
647 202
647 206
647 207
647 208
647 211
647 222
647 265
647 310
647 320
647 329
647 330
647 335
647 339
647 374
647 391
647 393
647 398
647 455
647 519
647 526
647 566
647 582
647 583
647 646
647 711
647 713
647 775
647 839
647 966
647 967
647 1033
647 1034
647 1038
647 1046
647 1094
647 1161
647 1222
647 1223
647 1230
648 172
648 456
648 520
648 584
648 712
648 776
648 840
648 1141
649 6
649 70
649 134
649 198
649 262
649 326
649 390
649 454
649 457
649 518
649 521
649 585
649 710
649 713
649 777
649 838
649 841
649 902
649 969
649 1030
649 1097
649 1158
649 1225
650 458
650 522
650 586
650 714
650 778
650 842
650 910
651 285
651 459
651 523
651 587
651 715
651 779
651 843
652 460
652 524
652 588
652 716
652 780
652 844
653 321
653 461
653 525
653 589
653 717
653 781
653 845
654 462
654 526
654 590
654 718
654 782
654 846
654 1024
655 463
655 527
655 591
655 719
655 783
655 847
656 464
656 528
656 592
656 720
656 784
656 848
656 1098
657 165
657 465
657 529
657 581
657 593
657 721
657 785
657 849
658 466
658 530
658 594
658 722
658 786
658 850
659 452
659 467
659 531
659 550
659 595
659 723
659 787
659 851
659 942
659 1219
660 468
660 532
660 596
660 724
660 788
660 852
661 469
661 533
661 597
661 725
661 789
661 853
661 978
662 470
662 534
662 598
662 726
662 790
662 854
663 471
663 535
663 599
663 604
663 724
663 727
663 791
663 796
663 855
664 213
664 472
664 536
664 600
664 728
664 792
664 856
664 948
665 385
665 473
665 537
665 601
665 729
665 781
665 793
665 833
665 857
666 474
666 538
666 602
666 702
666 730
666 794
666 857
666 858
667 189
667 300
667 435
667 475
667 539
667 603
667 731
667 795
667 826
667 859
667 883
667 1022
667 1151
668 279
668 476
668 540
668 604
668 732
668 796
668 860
668 937
668 951
669 87
669 333
669 477
669 481
669 541
669 605
669 733
669 797
669 861
670 478
670 542
670 606
670 734
670 798
670 862
671 479
671 543
671 607
671 643
671 691
671 735
671 799
671 863
671 880
672 115
672 480
672 488
672 544
672 608
672 736
672 800
672 864
672 1083
673 481
673 545
673 562
673 609
673 737
673 801
673 865
674 225
674 482
674 546
674 610
674 738
674 802
674 866
674 1053
675 311
675 405
675 408
675 483
675 520
675 547
675 611
675 631
675 739
675 803
675 867
675 872
675 940
676 484
676 548
676 612
676 740
676 804
676 868
677 252
677 485
677 499
677 549
677 613
677 741
677 805
677 869
677 1139
678 486
678 550
678 614
678 742
678 806
678 870
679 487
679 551
679 615
679 743
679 776
679 807
679 871
679 904
679 1113
680 488
680 552
680 616
680 744
680 808
680 872
681 489
681 553
681 617
681 745
681 809
681 873
682 371
682 490
682 554
682 618
682 729
682 746
682 810
682 874
683 63
683 120
683 491
683 555
683 619
683 747
683 811
683 875
683 923
683 939
683 1003
683 1072
684 307
684 492
684 556
684 620
684 748
684 754
684 812
684 876
684 1011
684 1165
685 175
685 493
685 557
685 621
685 749
685 813
685 877
685 889
685 944
686 69
686 494
686 558
686 622
686 750
686 772
686 814
686 866
686 878
686 1037
687 495
687 559
687 623
687 751
687 815
687 879
688 368
688 427
688 496
688 560
688 624
688 752
688 816
688 880
688 1084
689 497
689 561
689 625
689 753
689 817
689 881
689 1277
690 351
690 498
690 562
690 625
690 626
690 754
690 818
690 882
690 894
690 1184
691 499
691 563
691 627
691 643
691 671
691 755
691 819
691 880
691 883
692 57
692 125
692 364
692 498
692 500
692 564
692 628
692 756
692 820
692 884
693 153
693 294
693 424
693 501
693 565
693 629
693 757
693 821
693 885
694 16
694 19
694 74
694 80
694 128
694 143
694 320
694 339
694 457
694 502
694 521
694 522
694 566
694 630
694 713
694 758
694 774
694 822
694 841
694 886
694 905
694 966
694 982
694 1034
694 1094
695 62
695 503
695 567
695 631
695 759
695 817
695 823
695 887
696 8
696 482
696 504
696 568
696 632
696 760
696 769
696 824
696 888
697 505
697 569
697 633
697 761
697 825
697 889
697 1196
698 506
698 570
698 634
698 762
698 826
698 890
699 507
699 571
699 575
699 635
699 763
699 827
699 891
700 508
700 572
700 636
700 764
700 828
700 892
700 1149
700 1169
700 1201
701 44
701 413
701 509
701 572
701 573
701 637
701 738
701 765
701 829
701 893
702 510
702 574
702 638
702 666
702 766
702 830
702 857
702 894
703 29
703 312
703 409
703 479
703 511
703 555
703 575
703 639
703 767
703 831
703 895
704 512
704 576
704 640
704 768
704 832
704 896
705 338
705 513
705 577
705 641
705 769
705 833
705 897
705 1100
706 268
706 514
706 578
706 642
706 770
706 834
706 898
707 130
707 314
707 515
707 579
707 643
707 771
707 835
707 843
707 899
708 516
708 580
708 644
708 772
708 836
708 900
709 517
709 581
709 645
709 773
709 837
709 901
709 949
709 1036
710 6
710 70
710 134
710 198
710 262
710 326
710 390
710 454
710 518
710 582
710 585
710 646
710 649
710 774
710 777
710 838
710 902
710 969
710 1030
710 1097
710 1158
710 1225
711 9
711 54
711 64
711 73
711 74
711 78
711 79
711 83
711 118
711 135
711 137
711 142
711 192
711 202
711 206
711 207
711 208
711 211
711 222
711 265
711 310
711 320
711 329
711 330
711 335
711 374
711 391
711 393
711 398
711 455
711 519
711 526
711 566
711 582
711 583
711 646
711 647
711 775
711 839
711 903
711 966
711 967
711 1031
711 1033
711 1038
711 1046
711 1094
711 1159
711 1161
711 1222
711 1223
711 1230
712 520
712 584
712 648
712 776
712 840
712 904
712 1263
713 16
713 19
713 54
713 74
713 78
713 79
713 80
713 83
713 118
713 128
713 143
713 192
713 207
713 208
713 211
713 222
713 265
713 310
713 320
713 330
713 339
713 457
713 521
713 522
713 566
713 585
713 646
713 647
713 649
713 694
713 774
713 777
713 841
713 905
713 966
713 982
713 1033
713 1034
713 1038
713 1046
713 1094
713 1161
713 1222
713 1230
714 522
714 586
714 650
714 778
714 842
714 906
715 12
715 523
715 587
715 651
715 779
715 843
715 907
715 1057
715 1163
716 94
716 524
716 588
716 652
716 780
716 844
716 908
716 1080
717 525
717 559
717 589
717 653
717 760
717 781
717 845
717 909
717 1048
717 1199
718 526
718 590
718 654
718 782
718 846
718 910
719 527
719 591
719 655
719 783
719 847
719 911
720 528
720 592
720 656
720 784
720 848
720 912
721 529
721 593
721 657
721 785
721 849
721 913
721 1067
721 1180
722 530
722 594
722 658
722 786
722 811
722 850
722 914
722 925
723 33
723 58
723 248
723 258
723 531
723 595
723 659
723 787
723 851
723 915
723 935
724 532
724 596
724 604
724 660
724 663
724 788
724 796
724 852
724 916
725 149
725 533
725 597
725 661
725 789
725 853
725 917
726 534
726 598
726 662
726 790
726 854
726 918
727 535
727 599
727 663
727 791
727 855
727 919
727 1077
728 107
728 111
728 536
728 600
728 664
728 792
728 856
728 920
729 371
729 537
729 601
729 665
729 682
729 793
729 857
729 921
730 469
730 538
730 602
730 619
730 666
730 794
730 858
730 922
730 1105
731 539
731 603
731 667
731 795
731 859
731 923
731 1276
732 41
732 540
732 604
732 668
732 796
732 860
732 924
733 541
733 605
733 669
733 797
733 861
733 925
734 542
734 606
734 670
734 798
734 862
734 926
735 21
735 543
735 607
735 671
735 799
735 863
735 927
736 544
736 560
736 569
736 608
736 672
736 800
736 864
736 928
736 953
736 1087
736 1170
737 223
737 545
737 609
737 673
737 801
737 865
737 929
738 44
738 413
738 546
738 572
738 610
738 674
738 701
738 802
738 866
738 930
739 547
739 611
739 675
739 803
739 867
739 931
740 548
740 612
740 676
740 804
740 868
740 932
741 549
741 613
741 677
741 764
741 800
741 805
741 869
741 933
741 1085
742 550
742 614
742 678
742 806
742 870
742 934
743 170
743 362
743 416
743 551
743 615
743 620
743 679
743 807
743 871
743 935
743 1229
744 552
744 616
744 680
744 808
744 871
744 872
744 936
745 131
745 553
745 617
745 681
745 798
745 809
745 873
745 937
745 1010
746 108
746 515
746 554
746 618
746 682
746 810
746 874
746 938
747 555
747 619
747 683
747 811
747 875
747 939
748 556
748 620
748 684
748 812
748 876
748 921
748 940
749 557
749 621
749 685
749 813
749 877
749 941
750 229
750 558
750 596
750 622
750 686
750 814
750 878
750 919
750 942
750 1160
751 559
751 623
751 687
751 786
751 815
751 879
751 943
751 957
752 474
752 560
752 624
752 688
752 816
752 880
752 944
752 1021
752 1068
753 47
753 381
753 561
753 625
753 689
753 817
753 881
753 945
753 1115
754 307
754 562
754 626
754 684
754 690
754 818
754 882
754 946
754 1011
754 1165
755 190
755 563
755 623
755 627
755 691
755 819
755 883
755 947
756 432
756 564
756 628
756 692
756 820
756 884
756 948
756 1075
756 1076
757 288
757 456
757 565
757 629
757 693
757 821
757 885
757 949
758 272
758 566
758 630
758 694
758 822
758 886
758 950
759 382
759 567
759 631
759 695
759 823
759 887
759 951
759 965
760 559
760 568
760 632
760 696
760 717
760 824
760 888
760 952
760 1048
760 1199
761 496
761 569
761 573
761 633
761 697
761 825
761 889
761 953
761 1007
762 492
762 570
762 634
762 698
762 826
762 890
762 954
763 571
763 635
763 699
763 827
763 891
763 955
764 572
764 636
764 700
764 741
764 800
764 828
764 892
764 956
764 1085
765 171
765 191
765 573
765 628
765 637
765 701
765 829
765 893
765 957
766 305
766 574
766 611
766 638
766 702
766 830
766 894
766 958
767 575
767 639
767 703
767 831
767 895
767 959
768 576
768 640
768 704
768 832
768 896
768 960
769 8
769 482
769 577
769 641
769 696
769 705
769 833
769 897
769 961
770 27
770 181
770 578
770 642
770 706
770 834
770 898
770 962
770 1041
770 1155
771 60
771 188
771 579
771 643
771 707
771 835
771 899
771 963
772 69
772 580
772 644
772 686
772 708
772 836
772 866
772 900
772 964
772 1037
773 133
773 581
773 584
773 645
773 709
773 779
773 837
773 901
773 965
774 16
774 19
774 74
774 80
774 128
774 143
774 320
774 339
774 457
774 521
774 522
774 582
774 646
774 694
774 710
774 713
774 838
774 841
774 902
774 905
774 966
774 982
774 1034
775 9
775 54
775 64
775 73
775 74
775 78
775 79
775 83
775 118
775 135
775 137
775 142
775 192
775 202
775 206
775 207
775 208
775 211
775 222
775 265
775 310
775 320
775 329
775 330
775 335
775 374
775 391
775 393
775 398
775 455
775 519
775 526
775 566
775 582
775 583
775 646
775 647
775 711
775 839
775 903
775 966
775 967
775 1031
775 1033
775 1038
775 1046
775 1094
775 1095
775 1159
775 1161
775 1222
775 1223
775 1230
776 584
776 648
776 679
776 712
776 840
776 904
776 968
776 1113
777 6
777 70
777 134
777 198
777 262
777 326
777 390
777 454
777 518
777 585
777 649
777 710
777 713
777 838
777 841
777 902
777 905
777 969
777 1030
777 1097
777 1158
777 1225
778 256
778 586
778 650
778 714
778 842
778 906
778 970
779 133
779 584
779 587
779 651
779 715
779 773
779 843
779 907
779 971
780 588
780 652
780 716
780 844
780 908
780 972
781 385
781 589
781 653
781 665
781 717
781 833
781 845
781 909
781 973
782 590
782 654
782 718
782 846
782 910
782 974
783 579
783 591
783 627
783 655
783 719
783 847
783 911
783 975
784 592
784 656
784 720
784 848
784 912
784 976
785 72
785 593
785 645
785 657
785 721
785 849
785 913
785 977
785 1267
786 594
786 658
786 722
786 751
786 850
786 914
786 957
786 978
787 595
787 659
787 723
787 851
787 915
787 979
788 596
788 660
788 724
788 852
788 884
788 916
788 980
789 597
789 661
789 725
789 853
789 917
789 981
789 1214
790 275
790 598
790 662
790 726
790 854
790 918
790 982
791 163
791 323
791 345
791 376
791 599
791 663
791 727
791 855
791 919
791 983
792 428
792 600
792 664
792 728
792 856
792 920
792 984
793 601
793 665
793 729
793 857
793 921
793 985
794 602
794 666
794 730
794 858
794 922
794 986
795 603
795 667
795 731
795 859
795 923
796 604
796 663
796 668
796 724
796 732
796 860
796 924
796 988
797 605
797 669
797 733
797 861
797 925
797 989
798 131
798 606
798 670
798 734
798 745
798 862
798 926
798 990
798 1010
799 176
799 444
799 473
799 607
799 671
799 735
799 863
799 927
799 991
799 1233
800 608
800 672
800 736
800 741
800 764
800 864
800 928
800 992
800 1085
801 282
801 347
801 609
801 673
801 737
801 865
801 929
801 993
802 610
802 674
802 738
802 812
802 815
802 866
802 895
802 930
802 994
803 611
803 675
803 739
803 867
803 931
804 612
804 676
804 740
804 868
804 932
804 996
805 90
805 554
805 613
805 677
805 741
805 869
805 933
805 997
805 1242
806 614
806 678
806 742
806 870
806 934
806 998
807 600
807 615
807 679
807 743
807 871
807 935
807 999
808 3
808 616
808 680
808 744
808 821
808 872
808 936
808 1000
809 617
809 681
809 745
809 873
809 909
809 937
809 1001
809 1026
809 1250
810 280
810 618
810 682
810 746
810 874
810 938
810 1002
810 1012
810 1135
810 1265
811 619
811 683
811 722
811 747
811 875
811 925
811 939
811 1003
812 620
812 684
812 748
812 802
812 815
812 876
812 895
812 940
812 1004
813 178
813 477
813 621
813 685
813 749
813 877
813 941
813 1005
814 96
814 98
814 136
814 590
814 622
814 686
814 750
814 878
814 942
814 1006
815 623
815 687
815 751
815 802
815 812
815 879
815 895
815 943
815 1007
816 624
816 688
816 752
816 880
816 944
816 1008
817 62
817 625
817 689
817 695
817 753
817 881
817 945
817 1009
818 626
818 690
818 754
818 882
818 946
818 1010
819 319
819 472
819 627
819 691
819 755
819 883
819 947
819 1011
820 315
820 628
820 692
820 756
820 884
820 948
820 1012
820 1237
821 3
821 629
821 693
821 757
821 808
821 885
821 949
821 1013
822 630
822 694
822 758
822 886
822 950
822 1014
823 631
823 695
823 759
823 887
823 951
823 1015
824 632
824 696
824 760
824 888
824 952
824 1016
824 1042
825 633
825 697
825 761
825 889
825 953
825 1017
825 1173
826 189
826 300
826 435
826 634
826 667
826 698
826 762
826 883
826 890
826 954
826 1018
826 1022
826 1151
827 635
827 699
827 763
827 891
827 955
827 1019
828 636
828 700
828 764
828 892
828 956
828 1020
828 1131
828 1202
829 637
829 701
829 765
829 893
829 957
829 1021
829 1234
830 224
830 509
830 638
830 702
830 766
830 894
830 958
830 1022
831 639
831 703
831 767
831 895
831 959
831 1023
832 267
832 640
832 704
832 768
832 896
832 912
832 960
832 1024
833 385
833 641
833 665
833 705
833 769
833 781
833 897
833 961
833 1025
834 89
834 251
834 642
834 706
834 770
834 898
834 933
834 962
834 1000
834 1026
835 546
835 643
835 707
835 771
835 899
835 963
835 1027
835 1205
835 1208
835 1255
836 2
836 644
836 708
836 772
836 900
836 964
836 1028
837 55
837 645
837 709
837 773
837 855
837 901
837 965
837 1029
838 6
838 70
838 134
838 198
838 262
838 326
838 390
838 454
838 518
838 585
838 646
838 649
838 710
838 774
838 777
838 902
838 966
838 969
838 1030
838 1097
838 1158
838 1225
839 7
839 9
839 71
839 73
839 135
839 137
839 142
839 199
839 201
839 202
839 206
839 263
839 327
839 329
839 335
839 391
839 393
839 398
839 455
839 519
839 526
839 582
839 583
839 647
839 711
839 775
839 903
839 967
839 1031
839 1095
839 1159
839 1223
840 648
840 712
840 776
840 904
840 946
840 968
840 1032
840 1272
841 16
841 19
841 74
841 80
841 128
841 143
841 320
841 339
841 457
841 521
841 522
841 649
841 694
841 713
841 774
841 777
841 905
841 969
841 982
841 1033
841 1034
842 650
842 714
842 778
842 906
842 970
842 1034
843 130
843 314
843 651
843 707
843 715
843 779
843 907
843 971
843 1035
844 303
844 652
844 716
844 780
844 908
844 972
844 1036
845 653
845 717
845 781
845 852
845 909
845 973
845 1037
845 1174
846 182
846 654
846 718
846 782
846 910
846 974
846 1038
847 655
847 719
847 783
847 911
847 975
847 1039
848 656
848 720
848 784
848 912
848 976
848 1040
849 204
849 373
849 603
849 657
849 721
849 785
849 913
849 977
849 1041
850 658
850 722
850 786
850 914
850 978
850 1042
851 659
851 723
851 787
851 915
851 979
851 1043
852 660
852 724
852 788
852 845
852 916
852 980
852 1044
852 1174
853 661
853 725
853 789
853 917
853 981
853 1045
854 662
854 726
854 790
854 918
854 982
854 1046
855 55
855 663
855 727
855 791
855 837
855 919
855 983
855 1047
856 511
856 664
856 728
856 792
856 920
856 984
856 1048
857 665
857 666
857 702
857 729
857 793
857 921
857 985
857 1049
858 281
858 605
858 666
858 730
858 794
858 922
858 986
858 1050
859 341
859 667
859 731
859 795
859 923
859 987
859 1051
859 1114
860 37
860 92
860 668
860 732
860 796
860 924
860 929
860 988
860 993
860 1052
861 669
861 733
861 797
861 925
861 989
861 1053
862 670
862 734
862 798
862 926
862 990
862 1054
863 380
863 671
863 735
863 799
863 927
863 991
863 1055
864 672
864 736
864 800
864 928
864 992
864 1056
865 673
865 737
865 801
865 929
865 993
865 1057
865 1064
865 1121
866 69
866 674
866 686
866 738
866 772
866 802
866 930
866 994
866 1037
866 1058
867 675
867 739
867 803
867 931
867 1059
868 676
868 740
868 804
868 932
868 996
868 1060
869 88
869 348
869 677
869 741
869 805
869 933
869 997
869 1061
869 1227
870 219
870 678
870 742
870 806
870 934
870 998
870 1062
870 1187
871 679
871 743
871 744
871 807
871 935
871 999
871 1063
872 311
872 405
872 408
872 520
872 631
872 675
872 680
872 744
872 808
872 936
872 940
872 1000
872 1064
873 264
873 681
873 745
873 809
873 937
873 1001
873 1065
873 1185
874 434
874 535
874 556
874 682
874 746
874 810
874 938
874 1002
874 1066
875 683
875 747
875 811
875 939
875 1003
875 1067
875 1240
876 59
876 684
876 748
876 812
876 940
876 1004
876 1068
877 451
877 685
877 749
877 813
877 941
877 1005
877 1069
878 349
878 532
878 641
878 686
878 750
878 814
878 942
878 1006
878 1070
878 1243
879 687
879 751
879 815
879 943
879 1004
879 1007
879 1019
879 1071
880 643
880 671
880 688
880 691
880 752
880 816
880 944
880 1008
880 1072
881 255
881 313
881 476
881 689
881 753
881 817
881 945
881 1009
881 1073
882 151
882 487
882 504
882 690
882 754
882 818
882 946
882 992
882 1010
882 1074
883 189
883 300
883 435
883 667
883 691
883 755
883 819
883 826
883 947
883 1011
883 1022
883 1075
883 1151
884 692
884 756
884 788
884 820
884 948
884 1012
884 1076
885 346
885 693
885 757
885 821
885 949
885 1013
885 1077
885 1089
885 1183
885 1261
886 694
886 758
886 822
886 950
886 1014
886 1078
887 607
887 695
887 759
887 823
887 951
887 1015
887 1062
887 1079
888 578
888 696
888 760
888 824
888 952
888 1016
888 1080
889 175
889 685
889 697
889 761
889 825
889 944
889 953
889 1017
889 1081
890 698
890 762
890 826
890 954
890 1018
890 1082
890 1248
891 699
891 763
891 827
891 955
891 1019
891 1083
892 101
892 700
892 764
892 828
892 956
892 985
892 991
892 1020
892 1084
893 31
893 701
893 765
893 829
893 908
893 957
893 1021
893 1085
894 351
894 625
894 690
894 702
894 766
894 830
894 958
894 1022
894 1086
894 1184
895 703
895 767
895 802
895 812
895 815
895 831
895 959
895 1023
895 1087
896 704
896 768
896 832
896 960
896 1024
896 1088
897 392
897 418
897 705
897 769
897 833
897 961
897 963
897 1025
897 1089
898 423
898 613
898 706
898 770
898 834
898 962
898 1026
898 1090
899 707
899 771
899 835
899 931
899 963
899 1027
899 1091
900 528
900 708
900 772
900 836
900 964
900 1028
900 1092
901 636
901 709
901 773
901 837
901 965
901 1029
901 1093
901 1221
902 6
902 70
902 134
902 198
902 262
902 326
902 390
902 454
902 518
902 585
902 649
902 710
902 774
902 777
902 838
902 966
902 969
902 1030
902 1094
902 1097
902 1158
902 1225
903 7
903 71
903 73
903 135
903 137
903 142
903 199
903 201
903 202
903 206
903 263
903 327
903 329
903 335
903 391
903 393
903 398
903 455
903 519
903 526
903 582
903 583
903 711
903 775
903 839
903 967
903 1031
903 1095
903 1159
903 1223
904 679
904 712
904 776
904 840
904 968
904 1032
904 1096
904 1113
905 16
905 19
905 74
905 79
905 80
905 128
905 143
905 207
905 222
905 320
905 339
905 457
905 521
905 522
905 566
905 646
905 694
905 713
905 774
905 777
905 841
905 966
905 969
905 982
905 1033
905 1034
905 1094
905 1097
906 714
906 778
906 842
906 915
906 970
906 1034
906 1098
906 1182
907 290
907 715
907 779
907 843
907 971
907 1035
907 1099
908 31
908 716
908 780
908 844
908 893
908 972
908 1036
908 1100
909 717
909 781
909 809
909 845
909 973
909 1026
909 1037
909 1101
909 1250
910 650
910 718
910 782
910 846
910 974
910 1038
910 1102
911 10
911 719
911 783
911 847
911 975
911 1039
911 1103
912 267
912 720
912 784
912 832
912 848
912 976
912 1040
912 1104
913 119
913 489
913 634
913 721
913 785
913 849
913 977
913 989
913 1041
913 1105
913 1146
914 26
914 510
914 722
914 786
914 850
914 978
914 1042
914 1106
915 723
915 787
915 851
915 906
915 979
915 1043
915 1107
915 1182
916 210
916 724
916 788
916 852
916 980
916 1044
916 1108
916 1269
917 725
917 789
917 853
917 981
917 1045
917 1109
918 726
918 790
918 854
918 982
918 1046
918 1110
919 229
919 596
919 727
919 750
919 791
919 855
919 983
919 1047
919 1111
919 1160
920 445
920 728
920 792
920 856
920 924
920 984
920 1048
920 1112
921 729
921 748
921 793
921 857
921 985
921 1049
921 1113
922 730
922 794
922 858
922 986
922 1050
922 1114
923 63
923 120
923 683
923 731
923 795
923 859
923 939
923 987
923 1003
923 1051
923 1072
923 1115
924 445
924 732
924 796
924 860
924 920
924 988
924 1052
924 1116
925 722
925 733
925 797
925 811
925 861
925 989
925 1053
925 1117
926 734
926 798
926 862
926 990
926 1054
926 1118
927 176
927 444
927 473
927 735
927 799
927 863
927 991
927 1055
927 1119
927 1233
928 736
928 800
928 864
928 992
928 1056
928 1120
929 37
929 92
929 737
929 801
929 860
929 865
929 993
929 1057
929 1121
930 738
930 802
930 866
930 994
930 997
930 1058
930 1122
931 739
931 803
931 867
931 899
931 995
931 1059
931 1123
932 740
932 804
932 868
932 996
932 1060
932 1124
933 89
933 251
933 741
933 805
933 834
933 869
933 997
933 1000
933 1061
933 1125
934 360
934 742
934 806
934 870
934 998
934 1062
934 1126
935 33
935 58
935 248
935 258
935 723
935 743
935 807
935 871
935 999
935 1063
935 1127
936 744
936 808
936 872
936 1000
936 1061
936 1064
936 1128
937 279
937 668
937 745
937 809
937 873
937 951
937 1001
937 1065
937 1129
938 746
938 810
938 874
938 1002
938 1066
938 1086
938 1130
939 63
939 120
939 683
939 747
939 811
939 875
939 923
939 1003
939 1067
939 1072
939 1131
940 311
940 405
940 408
940 520
940 631
940 675
940 748
940 812
940 872
940 876
940 1004
940 1068
940 1132
941 749
941 813
941 877
941 1005
941 1069
941 1133
942 452
942 550
942 659
942 750
942 814
942 878
942 1006
942 1070
942 1134
942 1219
943 751
943 815
943 879
943 1007
943 1071
943 1135
944 175
944 685
944 752
944 816
944 880
944 889
944 1008
944 1072
944 1136
945 48
945 530
945 753
945 817
945 881
945 1009
945 1073
945 1137
946 754
946 818
946 840
946 882
946 1010
946 1074
946 1138
946 1272
947 755
947 819
947 883
947 1011
947 1075
947 1139
948 213
948 664
948 756
948 820
948 884
948 1012
948 1076
948 1140
949 709
949 757
949 821
949 885
949 1013
949 1036
949 1077
949 1141
950 758
950 822
950 886
950 960
950 1014
950 1078
950 1142
951 279
951 668
951 759
951 823
951 887
951 937
951 1015
951 1079
951 1143
952 760
952 824
952 888
952 1016
952 1080
952 1144
952 1215
953 560
953 569
953 736
953 761
953 825
953 889
953 1017
953 1081
953 1087
953 1145
953 1170
954 545
954 762
954 826
954 890
954 1018
954 1082
954 1146
955 763
955 827
955 891
955 1019
955 1083
955 1132
955 1147
956 764
956 828
956 892
956 1020
956 1084
956 1148
957 751
957 765
957 786
957 829
957 893
957 1021
957 1085
957 1149
958 766
958 830
958 894
958 1022
958 1086
958 1150
959 410
959 767
959 831
959 895
959 1023
959 1087
959 1151
960 768
960 832
960 896
960 950
960 1024
960 1088
960 1152
961 239
961 769
961 833
961 897
961 1025
961 1089
961 1090
961 1125
961 1153
962 770
962 834
962 898
962 1026
962 1090
962 1154
963 392
963 418
963 771
963 835
963 897
963 899
963 1027
963 1091
963 1155
964 772
964 836
964 900
964 1028
964 1092
964 1156
965 382
965 759
965 773
965 837
965 901
965 1029
965 1093
965 1157
966 54
966 74
966 79
966 83
966 118
966 128
966 142
966 143
966 192
966 202
966 207
966 208
966 211
966 222
966 265
966 310
966 320
966 330
966 335
966 339
966 374
966 393
966 457
966 522
966 526
966 566
966 582
966 646
966 647
966 694
966 711
966 713
966 774
966 775
966 838
966 902
966 905
966 1030
966 1033
966 1034
966 1038
966 1046
966 1094
966 1158
966 1161
966 1222
966 1223
966 1230
967 9
967 135
967 137
967 142
967 192
967 199
967 201
967 202
967 206
967 211
967 263
967 327
967 329
967 330
967 335
967 374
967 391
967 393
967 398
967 455
967 519
967 526
967 582
967 583
967 647
967 711
967 775
967 839
967 903
967 1031
967 1033
967 1038
967 1046
967 1095
967 1159
967 1223
967 1230
968 776
968 840
968 904
968 1032
968 1096
968 1143
968 1160
969 6
969 70
969 134
969 198
969 262
969 326
969 390
969 454
969 518
969 585
969 649
969 710
969 777
969 838
969 841
969 902
969 905
969 1030
969 1033
969 1097
969 1158
969 1161
969 1225
970 91
970 778
970 842
970 906
970 1034
970 1098
970 1162
971 116
971 325
971 779
971 843
971 907
971 1035
971 1099
971 1163
972 780
972 844
972 908
972 1036
972 1100
972 1164
973 781
973 845
973 909
973 1037
973 1101
973 1165
974 782
974 846
974 910
974 1038
974 1102
974 1166
975 783
975 847
975 911
975 1039
975 1103
975 1167
976 784
976 848
976 912
976 1040
976 1104
976 1168
977 40
977 785
977 849
977 913
977 1041
977 1105
977 1169
978 661
978 786
978 850
978 914
978 1042
978 1106
978 1170
979 787
979 851
979 915
979 1043
979 1107
979 1171
980 65
980 788
980 852
980 916
980 1044
980 1108
980 1172
981 121
981 789
981 853
981 917
981 1045
981 1109
981 1173
982 80
982 128
982 143
982 320
982 339
982 457
982 521
982 522
982 694
982 713
982 774
982 790
982 841
982 854
982 905
982 918
982 1034
982 1046
982 1110
982 1174
983 791
983 855
983 919
983 1047
983 1111
983 1175
984 97
984 639
984 792
984 856
984 920
984 1048
984 1112
984 1176
985 101
985 793
985 857
985 892
985 921
985 991
985 1049
985 1113
985 1177
986 127
986 552
986 794
986 858
986 922
986 1050
986 1114
986 1178
987 859
987 923
987 1051
987 1115
987 1179
988 318
988 796
988 860
988 924
988 1052
988 1116
988 1180
989 119
989 489
989 634
989 797
989 861
989 913
989 925
989 1053
989 1117
989 1146
989 1181
990 622
990 798
990 862
990 926
990 1054
990 1118
990 1182
991 101
991 799
991 863
991 892
991 927
991 985
991 1055
991 1119
991 1183
992 151
992 487
992 504
992 800
992 864
992 882
992 928
992 1056
992 1120
992 1184
993 37
993 92
993 801
993 860
993 865
993 929
993 1057
993 1121
993 1185
994 51
994 378
994 802
994 866
994 930
994 1058
994 1122
994 1186
995 931
995 1059
995 1123
995 1187
996 804
996 868
996 932
996 1060
996 1124
996 1188
997 805
997 869
997 930
997 933
997 1061
997 1125
997 1189
998 806
998 870
998 934
998 1062
998 1126
998 1190
999 179
999 299
999 359
999 475
999 807
999 871
999 935
999 1063
999 1127
999 1191
1000 89
1000 251
1000 808
1000 834
1000 872
1000 933
1000 936
1000 1064
1000 1128
1000 1192
1001 809
1001 873
1001 937
1001 1065
1001 1129
1001 1144
1001 1193
1002 536
1002 810
1002 874
1002 938
1002 1066
1002 1130
1002 1194
1003 63
1003 120
1003 683
1003 811
1003 875
1003 923
1003 939
1003 1067
1003 1072
1003 1131
1003 1195
1004 812
1004 876
1004 879
1004 940
1004 1019
1004 1068
1004 1132
1004 1196
1005 813
1005 877
1005 941
1005 1069
1005 1133
1005 1197
1006 209
1006 814
1006 878
1006 942
1006 1070
1006 1134
1006 1198
1007 496
1007 573
1007 761
1007 815
1007 879
1007 943
1007 1071
1007 1135
1007 1199
1008 816
1008 880
1008 944
1008 1072
1008 1136
1008 1200
1009 503
1009 817
1009 881
1009 945
1009 1073
1009 1137
1009 1177
1009 1201
1010 131
1010 745
1010 798
1010 818
1010 882
1010 946
1010 1074
1010 1138
1010 1202
1011 307
1011 684
1011 754
1011 819
1011 883
1011 947
1011 1075
1011 1139
1011 1165
1011 1203
1012 280
1012 810
1012 820
1012 884
1012 948
1012 1076
1012 1135
1012 1140
1012 1204
1012 1265
1013 588
1013 821
1013 885
1013 949
1013 1077
1013 1141
1013 1205
1014 822
1014 886
1014 950
1014 1078
1014 1142
1014 1206
1015 823
1015 887
1015 951
1015 1079
1015 1143
1015 1207
1016 824
1016 888
1016 952
1016 1080
1016 1144
1016 1208
1017 825
1017 889
1017 953
1017 1081
1017 1145
1017 1209
1018 24
1018 50
1018 379
1018 417
1018 826
1018 890
1018 954
1018 1082
1018 1146
1018 1210
1019 827
1019 879
1019 891
1019 955
1019 1004
1019 1083
1019 1147
1019 1211
1020 828
1020 892
1020 956
1020 1084
1020 1148
1020 1212
1020 1213
1021 474
1021 752
1021 829
1021 893
1021 957
1021 1068
1021 1085
1021 1149
1021 1213
1022 189
1022 300
1022 435
1022 667
1022 826
1022 830
1022 883
1022 894
1022 958
1022 1086
1022 1150
1022 1151
1022 1214
1023 616
1023 831
1023 895
1023 959
1023 1045
1023 1087
1023 1151
1023 1215
1024 654
1024 832
1024 896
1024 960
1024 1088
1024 1152
1024 1216
1025 168
1025 442
1025 833
1025 897
1025 961
1025 1089
1025 1153
1025 1217
1025 1249
1026 809
1026 834
1026 898
1026 909
1026 962
1026 1090
1026 1154
1026 1218
1026 1250
1027 42
1027 633
1027 835
1027 899
1027 963
1027 1091
1027 1155
1027 1191
1027 1219
1028 836
1028 900
1028 964
1028 1092
1028 1156
1028 1220
1029 369
1029 485
1029 837
1029 901
1029 965
1029 1093
1029 1157
1029 1221
1030 6
1030 70
1030 134
1030 198
1030 262
1030 326
1030 390
1030 454
1030 518
1030 585
1030 649
1030 710
1030 777
1030 838
1030 902
1030 966
1030 969
1030 1094
1030 1097
1030 1158
1030 1222
1030 1225
1031 7
1031 135
1031 137
1031 199
1031 201
1031 202
1031 206
1031 211
1031 263
1031 327
1031 329
1031 330
1031 335
1031 374
1031 391
1031 393
1031 398
1031 455
1031 519
1031 526
1031 582
1031 583
1031 711
1031 775
1031 839
1031 903
1031 967
1031 1038
1031 1095
1031 1159
1031 1223
1032 152
1032 840
1032 904
1032 968
1032 1096
1032 1160
1032 1224
1033 54
1033 64
1033 78
1033 79
1033 83
1033 118
1033 192
1033 202
1033 207
1033 208
1033 211
1033 222
1033 265
1033 310
1033 320
1033 329
1033 330
1033 335
1033 339
1033 374
1033 391
1033 393
1033 398
1033 455
1033 457
1033 526
1033 566
1033 582
1033 646
1033 647
1033 711
1033 713
1033 775
1033 841
1033 905
1033 966
1033 967
1033 969
1033 1034
1033 1038
1033 1046
1033 1094
1033 1097
1033 1161
1033 1222
1033 1223
1033 1225
1033 1230
1034 16
1034 19
1034 74
1034 80
1034 128
1034 143
1034 192
1034 207
1034 208
1034 222
1034 265
1034 310
1034 320
1034 339
1034 457
1034 522
1034 566
1034 646
1034 647
1034 694
1034 713
1034 774
1034 841
1034 842
1034 905
1034 906
1034 966
1034 970
1034 982
1034 1033
1034 1046
1034 1094
1034 1098
1034 1161
1034 1162
1034 1222
1034 1226
1034 1230
1035 843
1035 907
1035 971
1035 1099
1035 1163
1035 1227
1036 709
1036 844
1036 908
1036 949
1036 972
1036 1100
1036 1164
1036 1228
1037 69
1037 686
1037 772
1037 845
1037 866
1037 909
1037 973
1037 1101
1037 1165
1037 1229
1038 64
1038 73
1038 78
1038 83
1038 118
1038 192
1038 202
1038 206
1038 207
1038 208
1038 211
1038 222
1038 265
1038 310
1038 320
1038 329
1038 330
1038 335
1038 374
1038 391
1038 393
1038 398
1038 455
1038 526
1038 566
1038 582
1038 646
1038 647
1038 711
1038 713
1038 775
1038 846
1038 910
1038 966
1038 967
1038 974
1038 1031
1038 1033
1038 1046
1038 1094
1038 1102
1038 1159
1038 1161
1038 1166
1038 1222
1038 1223
1038 1230
1039 438
1039 847
1039 911
1039 975
1039 1103
1039 1167
1039 1231
1040 848
1040 912
1040 976
1040 1104
1040 1168
1040 1232
1041 27
1041 181
1041 770
1041 849
1041 913
1041 977
1041 1105
1041 1155
1041 1169
1041 1233
1042 824
1042 850
1042 914
1042 978
1042 1106
1042 1170
1042 1234
1043 851
1043 915
1043 979
1043 1107
1043 1171
1043 1235
1044 35
1044 852
1044 916
1044 980
1044 1108
1044 1172
1044 1236
1044 1262
1045 616
1045 853
1045 917
1045 981
1045 1023
1045 1109
1045 1173
1045 1237
1046 64
1046 73
1046 78
1046 83
1046 118
1046 192
1046 202
1046 206
1046 207
1046 208
1046 211
1046 222
1046 265
1046 310
1046 320
1046 329
1046 330
1046 335
1046 374
1046 391
1046 393
1046 398
1046 455
1046 526
1046 566
1046 582
1046 646
1046 647
1046 711
1046 713
1046 775
1046 854
1046 918
1046 966
1046 967
1046 982
1046 1033
1046 1034
1046 1038
1046 1094
1046 1110
1046 1161
1046 1174
1046 1222
1046 1223
1046 1230
1046 1238
1047 287
1047 855
1047 919
1047 983
1047 1111
1047 1175
1047 1239
1048 559
1048 717
1048 760
1048 856
1048 920
1048 984
1048 1112
1048 1176
1048 1199
1048 1240
1049 857
1049 921
1049 985
1049 1113
1049 1177
1049 1241
1050 344
1050 544
1050 624
1050 858
1050 922
1050 986
1050 1114
1050 1178
1050 1194
1050 1242
1051 412
1051 859
1051 923
1051 987
1051 1115
1051 1179
1051 1243
1052 860
1052 924
1052 988
1052 1116
1052 1180
1052 1244
1053 225
1053 674
1053 861
1053 925
1053 989
1053 1117
1053 1181
1053 1245
1054 158
1054 506
1054 862
1054 926
1054 990
1054 1118
1054 1182
1054 1246
1055 863
1055 927
1055 991
1055 1106
1055 1119
1055 1154
1055 1183
1055 1247
1056 864
1056 928
1056 992
1056 1120
1056 1184
1056 1248
1056 1268
1057 12
1057 715
1057 865
1057 929
1057 993
1057 1121
1057 1163
1057 1185
1057 1249
1058 61
1058 421
1058 437
1058 866
1058 930
1058 994
1058 1122
1058 1127
1058 1186
1058 1250
1058 1274
1059 363
1059 867
1059 931
1059 995
1059 1123
1059 1187
1059 1251
1060 868
1060 932
1060 996
1060 1124
1060 1188
1060 1252
1061 869
1061 933
1061 936
1061 997
1061 1125
1061 1189
1061 1253
1062 607
1062 870
1062 887
1062 934
1062 998
1062 1126
1062 1190
1062 1254
1063 871
1063 935
1063 999
1063 1127
1063 1191
1063 1255
1064 865
1064 872
1064 936
1064 1000
1064 1121
1064 1128
1064 1192
1064 1256
1065 873
1065 937
1065 1001
1065 1129
1065 1193
1065 1257
1066 874
1066 938
1066 1002
1066 1130
1066 1194
1066 1258
1067 721
1067 875
1067 939
1067 1003
1067 1131
1067 1180
1067 1195
1067 1259
1068 474
1068 752
1068 876
1068 940
1068 1004
1068 1021
1068 1132
1068 1196
1068 1260
1069 274
1069 877
1069 941
1069 1005
1069 1133
1069 1197
1069 1261
1070 878
1070 942
1070 1006
1070 1134
1070 1198
1070 1262
1071 486
1071 879
1071 943
1071 1007
1071 1135
1071 1199
1071 1254
1071 1263
1072 63
1072 120
1072 683
1072 880
1072 923
1072 939
1072 944
1072 1003
1072 1008
1072 1136
1072 1200
1072 1264
1073 32
1073 167
1073 881
1073 945
1073 1009
1073 1093
1073 1137
1073 1201
1073 1265
1074 113
1074 882
1074 946
1074 1010
1074 1111
1074 1138
1074 1202
1074 1266
1075 432
1075 756
1075 883
1075 947
1075 1011
1075 1076
1075 1139
1075 1203
1075 1267
1076 432
1076 756
1076 884
1076 948
1076 1012
1076 1075
1076 1140
1076 1204
1076 1268
1077 727
1077 885
1077 949
1077 1013
1077 1141
1077 1205
1077 1269
1078 886
1078 950
1078 1014
1078 1142
1078 1206
1078 1270
1079 439
1079 497
1079 887
1079 951
1079 1015
1079 1136
1079 1138
1079 1143
1079 1207
1079 1247
1079 1271
1079 1275
1080 94
1080 716
1080 888
1080 952
1080 1016
1080 1144
1080 1208
1080 1272
1081 505
1081 889
1081 953
1081 1017
1081 1145
1081 1209
1081 1273
1082 595
1082 890
1082 954
1082 1018
1082 1146
1082 1210
1082 1274
1083 115
1083 488
1083 672
1083 891
1083 955
1083 1019
1083 1147
1083 1211
1083 1275
1084 368
1084 427
1084 688
1084 892
1084 956
1084 1020
1084 1148
1084 1212
1084 1276
1085 741
1085 764
1085 800
1085 893
1085 957
1085 1021
1085 1149
1085 1213
1085 1277
1086 894
1086 938
1086 958
1086 1022
1086 1150
1086 1214
1086 1278
1087 560
1087 569
1087 736
1087 895
1087 953
1087 959
1087 1023
1087 1151
1087 1170
1087 1215
1087 1279
1088 896
1088 960
1088 1024
1088 1152
1088 1216
1089 346
1089 885
1089 897
1089 961
1089 1025
1089 1153
1089 1183
1089 1217
1089 1261
1090 239
1090 898
1090 961
1090 962
1090 1026
1090 1125
1090 1154
1090 1218
1091 298
1091 899
1091 963
1091 1027
1091 1155
1091 1219
1092 13
1092 302
1092 900
1092 964
1092 1028
1092 1156
1092 1220
1093 32
1093 167
1093 901
1093 965
1093 1029
1093 1073
1093 1157
1093 1221
1094 54
1094 74
1094 79
1094 83
1094 118
1094 207
1094 208
1094 222
1094 265
1094 310
1094 320
1094 330
1094 335
1094 339
1094 374
1094 393
1094 457
1094 522
1094 526
1094 566
1094 582
1094 646
1094 647
1094 694
1094 711
1094 713
1094 775
1094 902
1094 905
1094 966
1094 1030
1094 1033
1094 1034
1094 1038
1094 1046
1094 1158
1094 1161
1094 1222
1094 1223
1094 1230
1095 7
1095 71
1095 135
1095 137
1095 199
1095 201
1095 206
1095 263
1095 327
1095 329
1095 335
1095 391
1095 393
1095 398
1095 455
1095 519
1095 526
1095 582
1095 583
1095 775
1095 839
1095 903
1095 967
1095 1031
1095 1159
1095 1223
1096 388
1096 904
1096 968
1096 1032
1096 1160
1096 1224
1096 1236
1097 6
1097 70
1097 134
1097 198
1097 262
1097 326
1097 390
1097 454
1097 518
1097 585
1097 649
1097 710
1097 777
1097 838
1097 902
1097 905
1097 969
1097 1030
1097 1033
1097 1158
1097 1161
1097 1225
1098 656
1098 906
1098 970
1098 1034
1098 1162
1098 1226
1099 907
1099 971
1099 1035
1099 1163
1099 1227
1100 338
1100 705
1100 908
1100 972
1100 1036
1100 1164
1100 1228
1101 909
1101 973
1101 1037
1101 1165
1101 1229
1102 512
1102 910
1102 974
1102 1038
1102 1166
1102 1230
1103 911
1103 975
1103 1039
1103 1167
1103 1231
1104 612
1104 912
1104 976
1104 1040
1104 1168
1104 1232
1105 469
1105 619
1105 730
1105 913
1105 977
1105 1041
1105 1169
1105 1233
1106 914
1106 978
1106 1042
1106 1055
1106 1154
1106 1170
1106 1234
1107 4
1107 429
1107 640
1107 915
1107 979
1107 1043
1107 1171
1107 1235
1108 372
1108 916
1108 980
1108 1044
1108 1172
1108 1192
1108 1236
1108 1252
1109 917
1109 981
1109 1045
1109 1173
1109 1237
1109 1279
1110 138
1110 918
1110 982
1110 1046
1110 1174
1110 1238
1111 113
1111 919
1111 983
1111 1047
1111 1074
1111 1175
1111 1239
1112 920
1112 984
1112 1048
1112 1176
1112 1240
1113 679
1113 776
1113 904
1113 921
1113 985
1113 1049
1113 1177
1113 1241
1114 341
1114 859
1114 922
1114 986
1114 1050
1114 1178
1114 1242
1115 47
1115 381
1115 753
1115 923
1115 987
1115 1051
1115 1179
1115 1243
1116 112
1116 419
1116 495
1116 924
1116 988
1116 1052
1116 1180
1116 1244
1117 925
1117 989
1117 1053
1117 1134
1117 1181
1117 1245
1118 926
1118 990
1118 1054
1118 1182
1118 1246
1119 927
1119 991
1119 1055
1119 1183
1119 1247
1120 86
1120 234
1120 420
1120 928
1120 992
1120 1056
1120 1184
1120 1248
1121 865
1121 929
1121 993
1121 1057
1121 1064
1121 1185
1121 1249
1122 407
1122 565
1122 930
1122 994
1122 1058
1122 1186
1122 1250
1123 154
1123 490
1123 931
1123 995
1123 1059
1123 1187
1123 1251
1123 1266
1124 932
1124 996
1124 1060
1124 1188
1124 1252
1125 239
1125 933
1125 961
1125 997
1125 1061
1125 1090
1125 1189
1125 1253
1126 328
1126 449
1126 934
1126 998
1126 1062
1126 1190
1126 1254
1127 61
1127 421
1127 437
1127 935
1127 999
1127 1058
1127 1063
1127 1191
1127 1255
1127 1274
1128 11
1128 173
1128 936
1128 1000
1128 1064
1128 1192
1128 1256
1129 494
1129 937
1129 1001
1129 1065
1129 1193
1129 1257
1130 637
1130 938
1130 1002
1130 1066
1130 1176
1130 1194
1130 1258
1131 828
1131 939
1131 1003
1131 1067
1131 1195
1131 1202
1131 1259
1132 940
1132 955
1132 1004
1132 1068
1132 1196
1132 1260
1133 95
1133 941
1133 1005
1133 1069
1133 1197
1133 1261
1134 942
1134 1006
1134 1070
1134 1117
1134 1198
1134 1262
1135 280
1135 810
1135 943
1135 1007
1135 1012
1135 1071
1135 1199
1135 1263
1135 1265
1136 439
1136 497
1136 944
1136 1008
1136 1072
1136 1079
1136 1138
1136 1200
1136 1247
1136 1264
1136 1275
1137 945
1137 1009
1137 1073
1137 1201
1137 1265
1138 439
1138 497
1138 946
1138 1010
1138 1074
1138 1079
1138 1136
1138 1202
1138 1247
1138 1266
1138 1275
1139 252
1139 499
1139 677
1139 947
1139 1011
1139 1075
1139 1203
1139 1267
1140 948
1140 1012
1140 1076
1140 1204
1140 1268
1141 172
1141 648
1141 949
1141 1013
1141 1077
1141 1205
1141 1269
1142 950
1142 1014
1142 1078
1142 1188
1142 1206
1142 1270
1143 951
1143 968
1143 1015
1143 1079
1143 1207
1143 1271
1144 952
1144 1001
1144 1016
1144 1080
1144 1208
1144 1272
1145 529
1145 953
1145 1017
1145 1081
1145 1209
1145 1273
1146 119
1146 489
1146 634
1146 913
1146 954
1146 989
1146 1018
1146 1082
1146 1210
1146 1274
1147 155
1147 955
1147 1019
1147 1083
1147 1211
1147 1275
1148 426
1148 500
1148 635
1148 956
1148 1020
1148 1084
1148 1212
1148 1276
1148 1278
1149 700
1149 957
1149 1021
1149 1085
1149 1169
1149 1201
1149 1213
1149 1277
1150 184
1150 507
1150 958
1150 1022
1150 1086
1150 1214
1150 1278
1151 189
1151 300
1151 435
1151 667
1151 826
1151 883
1151 959
1151 1022
1151 1023
1151 1087
1151 1215
1151 1279
1152 960
1152 1024
1152 1088
1152 1216
1153 961
1153 1025
1153 1089
1153 1217
1153 1258
1154 962
1154 1026
1154 1055
1154 1090
1154 1106
1154 1218
1155 27
1155 181
1155 770
1155 963
1155 1027
1155 1041
1155 1091
1155 1219
1156 964
1156 1028
1156 1092
1156 1220
1157 156
1157 161
1157 249
1157 618
1157 965
1157 1029
1157 1093
1157 1221
1158 6
1158 70
1158 134
1158 198
1158 262
1158 326
1158 390
1158 454
1158 518
1158 585
1158 649
1158 710
1158 777
1158 838
1158 902
1158 966
1158 969
1158 1030
1158 1094
1158 1097
1158 1222
1158 1225
1159 7
1159 135
1159 137
1159 199
1159 201
1159 206
1159 263
1159 327
1159 329
1159 330
1159 335
1159 374
1159 391
1159 393
1159 398
1159 455
1159 519
1159 526
1159 582
1159 583
1159 711
1159 775
1159 839
1159 903
1159 967
1159 1031
1159 1038
1159 1095
1159 1223
1160 229
1160 596
1160 750
1160 919
1160 968
1160 1032
1160 1096
1160 1224
1161 54
1161 78
1161 79
1161 83
1161 118
1161 192
1161 207
1161 208
1161 211
1161 222
1161 265
1161 310
1161 320
1161 329
1161 330
1161 335
1161 339
1161 374
1161 393
1161 398
1161 457
1161 522
1161 526
1161 566
1161 582
1161 646
1161 647
1161 711
1161 713
1161 775
1161 966
1161 969
1161 1033
1161 1034
1161 1038
1161 1046
1161 1094
1161 1097
1161 1222
1161 1223
1161 1225
1161 1230
1162 970
1162 1034
1162 1098
1162 1226
1163 12
1163 715
1163 971
1163 1035
1163 1057
1163 1099
1163 1227
1164 103
1164 972
1164 1036
1164 1100
1164 1228
1165 307
1165 684
1165 754
1165 973
1165 1011
1165 1037
1165 1101
1165 1229
1166 974
1166 1038
1166 1102
1166 1230
1167 186
1167 244
1167 975
1167 1039
1167 1103
1167 1231
1168 976
1168 1040
1168 1104
1168 1232
1169 700
1169 977
1169 1041
1169 1105
1169 1149
1169 1201
1169 1233
1170 560
1170 569
1170 736
1170 953
1170 978
1170 1042
1170 1087
1170 1106
1170 1234
1171 979
1171 1043
1171 1107
1171 1235
1172 254
1172 261
1172 980
1172 1044
1172 1108
1172 1236
1173 825
1173 981
1173 1045
1173 1109
1173 1237
1174 845
1174 852
1174 982
1174 1046
1174 1110
1174 1238
1175 126
1175 567
1175 570
1175 983
1175 1047
1175 1111
1175 1239
1176 637
1176 984
1176 1048
1176 1112
1176 1130
1176 1240
1177 503
1177 985
1177 1009
1177 1049
1177 1113
1177 1241
1178 986
1178 1050
1178 1114
1178 1242
1179 987
1179 1051
1179 1115
1179 1211
1179 1243
1180 721
1180 988
1180 1052
1180 1067
1180 1116
1180 1244
1181 316
1181 989
1181 1053
1181 1117
1181 1245
1182 906
1182 915
1182 990
1182 1054
1182 1118
1182 1246
1183 346
1183 885
1183 991
1183 1055
1183 1089
1183 1119
1183 1247
1183 1261
1184 351
1184 625
1184 690
1184 894
1184 992
1184 1056
1184 1120
1184 1248
1185 264
1185 873
1185 993
1185 1057
1185 1121
1185 1249
1186 289
1186 994
1186 1058
1186 1122
1186 1250
1187 219
1187 870
1187 995
1187 1059
1187 1123
1187 1251
1188 996
1188 1060
1188 1124
1188 1142
1188 1252
1189 123
1189 240
1189 638
1189 997
1189 1061
1189 1125
1189 1253
1190 220
1190 998
1190 1062
1190 1126
1190 1254
1191 42
1191 633
1191 999
1191 1027
1191 1063
1191 1127
1191 1255
1192 372
1192 1000
1192 1064
1192 1108
1192 1128
1192 1252
1192 1256
1193 386
1193 396
1193 517
1193 1001
1193 1065
1193 1129
1193 1257
1194 344
1194 544
1194 624
1194 1002
1194 1050
1194 1066
1194 1130
1194 1258
1195 1003
1195 1067
1195 1131
1195 1259
1196 697
1196 1004
1196 1068
1196 1132
1196 1260
1197 243
1197 1005
1197 1069
1197 1133
1197 1261
1198 1006
1198 1070
1198 1134
1198 1262
1199 559
1199 717
1199 760
1199 1007
1199 1048
1199 1071
1199 1135
1199 1263
1200 1008
1200 1072
1200 1136
1200 1264
1201 700
1201 1009
1201 1073
1201 1137
1201 1149
1201 1169
1201 1265
1202 828
1202 1010
1202 1074
1202 1131
1202 1138
1202 1266
1203 1011
1203 1075
1203 1139
1203 1267
1204 1012
1204 1076
1204 1140
1204 1207
1204 1210
1204 1268
1205 546
1205 835
1205 1013
1205 1077
1205 1141
1205 1208
1205 1255
1205 1269
1206 1014
1206 1078
1206 1142
1206 1270
1207 1015
1207 1079
1207 1143
1207 1204
1207 1210
1207 1271
1208 546
1208 835
1208 1016
1208 1080
1208 1144
1208 1205
1208 1255
1208 1272
1209 529
1209 1017
1209 1081
1209 1145
1209 1273
1210 1018
1210 1082
1210 1146
1210 1204
1210 1207
1210 1274
1211 1019
1211 1083
1211 1147
1211 1179
1211 1275
1212 1020
1212 1084
1212 1148
1212 1276
1213 1020
1213 1021
1213 1085
1213 1149
1213 1277
1214 789
1214 1022
1214 1086
1214 1150
1214 1278
1215 952
1215 1023
1215 1087
1215 1151
1215 1279
1216 1024
1216 1088
1216 1152
1217 283
1217 514
1217 1025
1217 1089
1217 1153
1218 28
1218 468
1218 1026
1218 1090
1218 1154
1219 452
1219 550
1219 659
1219 942
1219 1027
1219 1091
1219 1155
1220 13
1220 302
1220 1028
1220 1092
1220 1156
1221 636
1221 901
1221 1029
1221 1093
1221 1157
1222 54
1222 78
1222 79
1222 83
1222 118
1222 192
1222 207
1222 208
1222 211
1222 222
1222 265
1222 310
1222 330
1222 393
1222 398
1222 457
1222 522
1222 526
1222 566
1222 582
1222 646
1222 647
1222 711
1222 713
1222 775
1222 966
1222 1030
1222 1033
1222 1034
1222 1038
1222 1046
1222 1094
1222 1158
1222 1161
1222 1223
1222 1230
1223 9
1223 64
1223 73
1223 142
1223 202
1223 211
1223 329
1223 330
1223 335
1223 374
1223 391
1223 393
1223 398
1223 455
1223 519
1223 526
1223 566
1223 582
1223 583
1223 646
1223 647
1223 711
1223 775
1223 839
1223 903
1223 966
1223 967
1223 1031
1223 1033
1223 1038
1223 1046
1223 1094
1223 1095
1223 1159
1223 1161
1223 1222
1223 1230
1224 76
1224 100
1224 253
1224 1032
1224 1096
1224 1160
1225 6
1225 70
1225 134
1225 198
1225 262
1225 326
1225 390
1225 454
1225 518
1225 585
1225 649
1225 710
1225 777
1225 838
1225 902
1225 969
1225 1030
1225 1033
1225 1097
1225 1158
1225 1161
1226 1034
1226 1098
1226 1162
1227 88
1227 348
1227 869
1227 1035
1227 1099
1227 1163
1228 25
1228 1036
1228 1100
1228 1164
1229 170
1229 362
1229 416
1229 620
1229 743
1229 1037
1229 1101
1229 1165
1230 64
1230 73
1230 78
1230 83
1230 118
1230 192
1230 207
1230 208
1230 211
1230 222
1230 265
1230 310
1230 330
1230 374
1230 391
1230 393
1230 398
1230 455
1230 457
1230 526
1230 566
1230 582
1230 646
1230 647
1230 711
1230 713
1230 775
1230 966
1230 967
1230 1033
1230 1034
1230 1038
1230 1046
1230 1094
1230 1102
1230 1161
1230 1166
1230 1222
1230 1223
1231 30
1231 1039
1231 1103
1231 1167
1232 1040
1232 1104
1232 1168
1233 176
1233 444
1233 473
1233 799
1233 927
1233 1041
1233 1105
1233 1169
1234 829
1234 1042
1234 1106
1234 1170
1235 366
1235 1043
1235 1107
1235 1171
1236 388
1236 1044
1236 1096
1236 1108
1236 1172
1237 315
1237 820
1237 1045
1237 1109
1237 1173
1238 1046
1238 1110
1238 1174
1239 1047
1239 1111
1239 1175
1240 875
1240 1048
1240 1112
1240 1176
1241 533
1241 1049
1241 1113
1241 1177
1242 90
1242 554
1242 805
1242 1050
1242 1114
1242 1178
1243 349
1243 532
1243 641
1243 878
1243 1051
1243 1115
1243 1179
1244 104
1244 1052
1244 1116
1244 1180
1245 1053
1245 1117
1245 1181
1246 617
1246 1054
1246 1118
1246 1182
1247 439
1247 497
1247 1055
1247 1079
1247 1119
1247 1136
1247 1138
1247 1183
1247 1275
1248 890
1248 1056
1248 1120
1248 1184
1249 168
1249 442
1249 1025
1249 1057
1249 1121
1249 1185
1250 809
1250 909
1250 1026
1250 1058
1250 1122
1250 1186
1251 1059
1251 1123
1251 1187
1251 1260
1252 372
1252 1060
1252 1108
1252 1124
1252 1188
1252 1192
1253 626
1253 1061
1253 1125
1253 1189
1254 486
1254 1062
1254 1071
1254 1126
1254 1190
1255 546
1255 835
1255 1063
1255 1127
1255 1191
1255 1205
1255 1208
1256 139
1256 200
1256 1064
1256 1128
1256 1192
1257 81
1257 1065
1257 1129
1257 1193
1258 1066
1258 1130
1258 1153
1258 1194
1259 187
1259 1067
1259 1131
1259 1195
1260 1068
1260 1132
1260 1196
1260 1251
1261 346
1261 885
1261 1069
1261 1089
1261 1133
1261 1183
1261 1197
1262 35
1262 1044
1262 1070
1262 1134
1262 1198
1263 712
1263 1071
1263 1135
1263 1199
1264 56
1264 1072
1264 1136
1264 1200
1265 280
1265 810
1265 1012
1265 1073
1265 1135
1265 1137
1265 1201
1266 154
1266 490
1266 1074
1266 1123
1266 1138
1266 1202
1267 72
1267 645
1267 785
1267 1075
1267 1139
1267 1203
1268 1056
1268 1076
1268 1140
1268 1204
1269 210
1269 916
1269 1077
1269 1141
1269 1205
1270 1078
1270 1142
1270 1206
1271 1079
1271 1143
1271 1207
1272 840
1272 946
1272 1080
1272 1144
1272 1208
1273 227
1273 1081
1273 1145
1273 1209
1274 61
1274 421
1274 437
1274 1058
1274 1082
1274 1127
1274 1146
1274 1210
1275 439
1275 497
1275 1079
1275 1083
1275 1136
1275 1138
1275 1147
1275 1211
1275 1247
1276 731
1276 1084
1276 1148
1276 1212
1277 689
1277 1085
1277 1149
1277 1213
1278 426
1278 500
1278 635
1278 1086
1278 1148
1278 1150
1278 1214
1279 1087
1279 1109
1279 1151
1279 1215
