0 64
0 98
0 128
0 192
0 226
0 384
0 548
0 900
1 65
1 129
1 193
1 833
2 66
2 130
2 183
2 194
2 217
2 804
2 1024
3 67
3 131
3 195
4 68
4 119
4 132
4 173
4 196
4 256
4 868
5 69
5 133
5 197
5 950
6 70
6 134
6 198
6 262
6 326
6 390
6 454
6 518
6 582
6 646
6 710
6 774
6 838
6 902
6 966
6 1030
6 1094
6 1158
6 1222
7 71
7 135
7 199
7 1046
8 72
8 73
8 136
8 137
8 200
8 265
8 329
8 393
8 457
8 521
8 585
8 649
8 713
8 777
8 841
8 905
8 969
8 1033
8 1097
8 1161
8 1225
9 11
9 72
9 73
9 75
9 137
9 139
9 201
9 203
9 264
9 267
9 328
9 392
9 395
9 456
9 520
9 584
9 589
9 648
9 715
9 776
9 781
9 840
9 845
9 1224
10 74
10 138
10 202
11 9
11 72
11 75
11 139
11 201
11 203
11 264
11 267
11 328
11 392
11 395
11 456
11 520
11 584
11 589
11 648
11 715
11 776
11 840
11 845
11 1224
12 76
12 140
12 204
12 388
12 671
13 75
13 77
13 139
13 141
13 203
13 205
13 267
13 269
13 328
13 333
13 392
13 397
13 461
13 520
13 525
13 584
13 589
13 648
13 653
13 712
13 715
13 717
13 776
13 779
13 781
13 840
13 843
13 845
13 904
13 909
13 968
13 1037
13 1101
13 1160
13 1165
13 1229
14 78
14 142
14 206
14 1078
15 79
15 143
15 207
15 279
15 925
16 80
16 144
16 188
16 208
16 318
17 81
17 145
17 209
18 82
18 146
18 210
18 418
18 623
19 83
19 147
19 211
19 681
19 863
19 1049
20 36
20 84
20 148
20 212
21 85
21 149
21 168
21 211
21 213
21 576
21 755
21 1074
22 86
22 150
22 214
23 87
23 151
23 215
23 737
24 88
24 152
24 216
24 1178
25 89
25 153
25 217
25 537
25 660
25 695
25 1050
26 28
26 90
26 154
26 218
26 386
26 814
27 91
27 155
27 219
28 26
28 90
28 92
28 156
28 220
28 386
28 814
29 93
29 157
29 219
29 221
30 94
30 158
30 169
30 222
30 818
30 877
30 917
30 1128
31 95
31 159
31 223
31 881
31 1146
31 1262
32 96
32 160
32 224
33 97
33 161
33 225
33 554
33 1135
33 1249
34 98
34 162
34 226
34 458
35 88
35 99
35 163
35 218
35 220
35 227
35 912
36 20
36 100
36 164
36 228
37 101
37 165
37 229
37 354
37 644
38 102
38 166
38 230
38 943
38 970
39 103
39 156
39 167
39 231
39 364
39 493
39 916
39 1006
40 104
40 168
40 232
40 291
40 528
40 803
40 829
40 1113
40 1176
40 1256
41 105
41 169
41 233
41 452
41 674
41 676
41 749
41 1171
41 1177
42 106
42 170
42 234
42 998
43 107
43 171
44 108
44 172
44 236
44 313
44 510
44 825
45 109
45 173
45 237
45 637
45 1045
46 110
46 163
46 174
46 231
46 238
46 624
46 656
46 827
46 952
46 1265
47 111
47 175
47 239
47 734
47 850
48 112
48 176
48 240
48 878
48 958
48 1198
49 80
49 113
49 177
49 241
49 509
49 1260
50 114
50 178
50 242
50 1004
51 115
51 172
51 179
51 243
51 300
51 565
51 883
51 1072
51 1215
52 116
52 180
52 244
52 497
53 117
53 181
53 245
53 487
53 499
53 596
53 626
53 766
53 1137
54 118
54 182
54 246
55 119
55 183
55 247
55 751
55 964
56 120
56 184
56 247
56 248
56 381
56 408
56 473
56 631
56 675
56 752
57 121
57 185
57 241
57 697
58 122
58 186
58 811
59 123
59 187
59 255
60 124
60 188
60 250
60 507
61 125
61 189
61 253
61 729
61 921
61 926
61 932
61 1048
62 126
62 1195
63 124
63 127
63 191
63 307
63 561
63 620
63 948
63 1112
63 1192
63 1209
64 0
64 128
64 192
64 256
64 466
64 580
64 1235
65 1
65 129
65 193
65 257
65 470
66 2
66 130
66 194
66 258
66 1140
67 3
67 131
67 195
67 259
68 4
68 132
68 196
68 260
68 350
68 404
68 985
69 5
69 133
69 197
69 261
69 709
70 6
70 134
70 198
70 262
70 326
70 390
70 454
70 518
70 582
70 646
70 710
70 774
70 838
70 902
70 907
70 966
70 1030
70 1094
70 1158
70 1222
71 7
71 135
71 199
71 263
71 411
72 8
72 9
72 11
72 75
72 136
72 139
72 200
72 201
72 203
72 264
72 267
72 328
72 392
72 395
72 456
72 520
72 584
72 589
72 648
72 715
72 776
72 840
72 845
72 1224
73 8
73 9
73 137
73 200
73 201
73 265
73 329
73 393
73 457
73 521
73 585
73 649
73 713
73 777
73 841
73 905
73 969
73 1033
73 1097
73 1161
73 1225
74 10
74 138
74 202
74 266
74 836
74 1271
75 9
75 11
75 13
75 72
75 77
75 139
75 141
75 203
75 205
75 267
75 269
75 328
75 333
75 392
75 395
75 397
75 456
75 461
75 520
75 525
75 584
75 589
75 648
75 653
75 712
75 715
75 717
75 776
75 779
75 781
75 840
75 843
75 845
75 904
75 909
75 1032
75 1096
75 1101
75 1224
76 12
76 140
76 204
76 268
76 543
77 13
77 75
77 139
77 141
77 205
77 269
77 328
77 333
77 397
77 461
77 520
77 525
77 648
77 653
77 712
77 717
77 776
77 779
77 781
77 840
77 843
77 845
77 904
77 907
77 909
77 968
77 973
77 1099
77 1160
77 1165
77 1229
78 14
78 142
78 206
78 270
79 15
79 143
79 207
79 271
79 609
79 769
79 1051
79 1052
80 16
80 49
80 144
80 208
80 272
80 509
80 1260
81 17
81 145
81 209
81 273
82 18
82 114
82 146
82 210
82 274
82 759
82 980
83 19
83 147
83 211
83 275
83 324
83 403
83 414
83 1189
83 1261
84 20
84 148
84 152
84 212
84 276
84 597
84 683
84 757
84 813
84 920
84 999
84 1255
85 21
85 149
85 159
85 213
85 277
85 621
86 22
86 150
86 214
86 278
87 23
87 151
87 215
87 279
87 471
88 24
88 35
88 152
88 216
88 218
88 220
88 280
88 912
89 25
89 153
89 217
89 281
89 317
89 706
89 915
90 26
90 28
90 154
90 218
90 282
90 386
90 814
91 27
91 155
91 219
91 283
92 28
92 156
92 220
92 284
92 1027
93 29
93 157
93 221
93 285
93 1031
94 30
94 158
94 222
94 286
94 415
94 504
94 936
94 1240
95 31
95 159
95 223
95 287
95 741
95 997
95 1058
96 32
96 160
96 224
96 288
96 785
97 33
97 161
97 225
97 289
97 451
97 993
98 0
98 34
98 162
98 226
98 290
98 384
98 548
98 900
99 35
99 163
99 178
99 227
99 291
99 410
99 464
99 562
99 866
100 36
100 164
100 228
100 292
100 693
101 37
101 165
101 194
101 229
101 293
101 322
101 448
101 549
101 690
101 882
101 1219
102 38
102 166
102 230
102 294
102 1175
103 39
103 167
103 231
103 295
103 346
103 375
103 976
104 40
104 168
104 232
104 296
104 708
105 41
105 169
105 233
105 284
105 297
105 489
105 665
105 720
105 794
105 941
105 1124
106 42
106 170
106 199
106 234
106 298
107 43
107 171
107 378
107 1087
108 44
108 113
108 172
108 236
108 300
108 432
108 942
108 945
108 1040
109 45
109 173
109 237
109 301
109 372
110 46
110 121
110 174
110 238
110 312
110 315
110 556
110 600
110 1068
111 47
111 175
111 193
111 239
111 303
112 48
112 176
112 240
112 304
112 817
112 891
112 1017
113 49
113 108
113 177
113 241
113 305
113 432
113 942
113 945
113 1040
114 50
114 82
114 178
114 242
114 306
114 759
114 980
115 51
115 179
115 243
116 52
116 180
116 244
116 308
116 494
116 601
116 1191
117 53
117 181
117 245
117 309
117 871
117 1196
118 54
118 182
118 246
118 310
119 4
119 55
119 173
119 183
119 247
119 256
119 311
119 868
120 56
120 184
120 187
120 248
120 371
120 1011
120 1145
121 57
121 110
121 185
121 249
121 312
121 315
121 556
121 600
121 1068
122 58
122 186
122 240
122 250
122 314
123 59
123 187
123 251
123 272
123 292
123 315
123 872
123 984
123 1019
123 1172
124 60
124 63
124 188
124 252
124 307
124 316
124 561
124 620
124 948
124 1112
124 1192
124 1209
125 61
125 189
125 253
125 317
125 320
125 341
125 498
125 789
125 858
125 1114
126 62
126 190
126 254
126 380
126 639
126 747
126 880
127 63
127 191
127 255
127 685
128 0
128 64
128 192
128 256
128 320
128 429
128 612
128 704
128 1085
129 1
129 65
129 193
129 257
129 321
130 2
130 66
130 194
130 258
130 322
130 484
130 896
130 962
131 3
131 67
131 195
131 259
131 323
131 842
132 4
132 68
132 196
132 260
132 290
132 324
132 567
133 5
133 69
133 197
133 261
133 325
134 6
134 70
134 198
134 262
134 326
134 390
134 454
134 518
134 582
134 646
134 710
134 774
134 838
134 902
134 966
134 971
134 1030
134 1094
134 1158
134 1222
135 7
135 71
135 199
135 263
135 327
136 8
136 72
136 200
136 201
136 264
136 328
136 456
137 8
137 9
137 73
137 200
137 201
137 265
137 329
137 393
137 457
137 521
137 585
137 649
137 713
137 777
137 841
137 905
137 969
137 1033
137 1097
137 1161
137 1225
138 10
138 74
138 202
138 266
138 330
138 847
139 9
139 11
139 13
139 72
139 75
139 77
139 141
139 203
139 205
139 267
139 269
139 328
139 331
139 333
139 392
139 395
139 397
139 456
139 461
139 520
139 525
139 584
139 589
139 648
139 653
139 712
139 715
139 717
139 776
139 779
139 781
139 840
139 843
139 845
139 904
139 909
139 968
139 973
139 1032
139 1037
139 1096
139 1101
139 1224
140 12
140 76
140 204
140 268
140 332
141 13
141 75
141 77
141 139
141 205
141 267
141 269
141 328
141 333
141 397
141 461
141 520
141 525
141 589
141 648
141 653
141 712
141 715
141 717
141 776
141 779
141 781
141 840
141 843
141 845
141 904
141 907
141 909
141 968
141 971
141 973
141 1160
141 1165
141 1229
142 14
142 78
142 206
142 270
142 288
142 334
142 846
143 15
143 79
143 207
143 271
143 335
144 16
144 80
144 208
144 236
144 272
144 336
144 379
144 437
145 17
145 81
145 209
145 273
145 337
146 18
146 82
146 210
146 274
146 286
146 338
147 19
147 83
147 211
147 275
147 339
147 485
147 606
147 867
147 924
148 20
148 84
148 212
148 276
148 340
148 1116
148 1133
149 21
149 85
149 213
149 277
149 309
149 341
150 22
150 86
150 214
150 278
150 342
151 23
151 87
151 215
151 279
151 343
152 24
152 84
152 88
152 216
152 280
152 344
152 597
152 683
152 757
152 813
152 920
152 999
152 1255
153 25
153 89
153 217
153 281
153 345
153 1073
154 26
154 90
154 218
154 282
154 304
154 346
154 355
154 944
155 27
155 91
155 219
155 283
155 347
155 1098
156 28
156 39
156 92
156 220
156 284
156 348
156 364
156 493
156 916
156 1006
157 29
157 93
157 221
157 285
157 349
158 30
158 94
158 222
158 286
158 350
158 1026
158 1205
158 1250
159 31
159 85
159 95
159 223
159 287
159 351
159 621
160 32
160 96
160 224
160 288
160 352
161 33
161 97
161 225
161 289
161 353
162 34
162 98
162 226
162 290
162 354
162 911
162 1047
163 35
163 46
163 99
163 227
163 231
163 291
163 355
163 624
163 656
163 827
163 952
163 1265
164 36
164 100
164 228
164 292
164 356
164 1216
165 37
165 101
165 229
165 293
165 357
165 476
165 1251
166 38
166 102
166 230
166 294
166 358
166 1263
167 39
167 103
167 231
167 295
167 359
168 21
168 40
168 104
168 211
168 232
168 296
168 360
168 576
168 755
168 1074
169 30
169 41
169 105
169 233
169 297
169 361
169 818
169 877
169 917
169 1128
170 42
170 106
170 234
170 298
170 362
171 43
171 107
171 235
171 299
171 316
171 440
171 632
171 807
171 816
172 44
172 51
172 108
172 179
172 236
172 300
172 364
172 565
172 883
172 1072
172 1215
173 4
173 45
173 109
173 119
173 237
173 256
173 301
173 365
173 868
174 46
174 110
174 238
174 302
174 753
174 1274
175 47
175 111
175 239
175 303
175 367
176 48
176 112
176 240
176 304
176 368
177 49
177 113
177 241
177 305
177 492
177 616
177 1067
177 1210
178 50
178 99
178 114
178 242
178 306
178 370
178 410
178 464
178 562
178 866
179 51
179 115
179 172
179 243
179 300
179 307
179 371
179 565
179 883
179 1072
179 1215
180 52
180 116
180 244
180 308
180 372
180 496
180 500
180 1083
180 1278
181 53
181 117
181 213
181 245
181 309
181 373
181 439
181 1154
182 54
182 118
182 246
182 310
182 374
182 967
183 2
183 55
183 119
183 217
183 247
183 311
183 375
183 804
183 1024
184 56
184 120
184 248
184 312
184 376
184 1236
185 57
185 121
185 249
185 313
185 1003
186 58
186 122
186 250
186 314
186 569
186 638
187 59
187 120
187 123
187 251
187 315
187 371
187 379
187 1011
187 1145
188 16
188 60
188 124
188 252
188 316
188 318
189 61
189 125
189 253
189 317
189 381
189 444
190 126
190 254
190 318
190 826
190 1259
191 63
191 127
191 255
191 319
191 634
191 767
192 0
192 64
192 128
192 256
192 320
192 340
192 384
192 745
192 957
192 1266
193 1
193 65
193 111
193 129
193 257
193 321
193 385
194 2
194 66
194 101
194 130
194 258
194 322
194 386
194 448
194 549
194 690
194 882
194 1219
195 3
195 67
195 131
195 259
195 323
195 387
195 650
195 680
195 1077
196 4
196 68
196 132
196 260
196 324
196 388
196 1054
197 5
197 69
197 133
197 261
197 325
197 389
197 453
198 6
198 70
198 134
198 262
198 326
198 390
198 454
198 518
198 582
198 646
198 710
198 774
198 838
198 902
198 907
198 966
198 971
198 1030
198 1035
198 1094
198 1158
198 1222
199 7
199 71
199 106
199 135
199 263
199 327
199 391
200 8
200 72
200 73
200 136
200 137
200 264
200 265
200 328
200 329
200 392
200 393
200 457
200 521
200 585
200 649
200 713
200 777
200 841
200 905
200 969
200 1033
200 1097
200 1161
200 1225
201 9
201 11
201 72
201 73
201 136
201 137
201 203
201 264
201 265
201 329
201 392
201 393
201 395
201 456
201 584
202 10
202 74
202 138
202 266
202 330
202 394
203 9
203 11
203 13
203 72
203 75
203 139
203 201
203 267
203 328
203 331
203 333
203 392
203 395
203 456
203 461
203 520
203 525
203 584
203 589
203 648
203 712
203 715
203 776
203 779
203 781
203 840
203 845
203 904
203 909
203 1032
203 1037
203 1096
203 1224
204 12
204 76
204 140
204 268
204 332
204 396
204 778
204 1152
204 1220
205 13
205 75
205 77
205 139
205 141
205 267
205 269
205 328
205 333
205 392
205 397
205 461
205 520
205 525
205 589
205 648
205 653
205 712
205 715
205 717
205 776
205 779
205 781
205 840
205 843
205 845
205 904
205 907
205 909
205 968
205 973
205 1032
205 1035
205 1037
205 1160
205 1165
205 1229
206 14
206 78
206 142
206 270
206 334
206 398
207 15
207 79
207 143
207 271
207 335
207 399
207 800
208 16
208 80
208 144
208 272
208 336
208 400
208 602
208 730
208 760
208 1232
209 17
209 81
209 145
209 273
209 337
209 401
210 18
210 82
210 146
210 274
210 338
210 402
210 478
211 19
211 21
211 83
211 147
211 168
211 275
211 339
211 403
211 576
211 755
211 1074
212 20
212 84
212 148
212 276
212 340
212 404
212 728
212 953
212 1264
213 21
213 85
213 149
213 181
213 277
213 341
213 405
213 439
213 1154
214 22
214 86
214 150
214 278
214 342
214 406
214 1181
215 23
215 87
215 151
215 259
215 279
215 343
215 407
216 24
216 88
216 152
216 280
216 344
216 365
216 408
216 424
216 483
216 488
216 750
217 2
217 25
217 89
217 153
217 183
217 281
217 345
217 409
217 804
217 1024
218 26
218 35
218 88
218 90
218 154
218 220
218 282
218 346
218 410
218 912
219 27
219 29
219 91
219 155
219 283
219 347
219 411
220 28
220 35
220 88
220 92
220 156
220 218
220 284
220 348
220 412
220 912
221 29
221 93
221 157
221 268
221 285
221 349
221 413
221 1153
222 30
222 94
222 158
222 286
222 350
222 414
222 995
222 1234
223 31
223 95
223 159
223 229
223 242
223 287
223 351
223 370
223 415
223 546
223 852
224 32
224 96
224 160
224 288
224 352
224 416
225 33
225 97
225 161
225 289
225 353
225 417
226 0
226 34
226 98
226 162
226 290
226 354
226 384
226 418
226 548
226 900
227 35
227 99
227 163
227 291
227 355
227 419
227 551
227 1122
227 1123
228 36
228 100
228 164
228 292
228 303
228 311
228 356
228 420
228 960
229 37
229 101
229 165
229 223
229 242
229 293
229 357
229 370
229 421
229 546
229 852
230 38
230 102
230 166
230 294
230 358
230 422
231 39
231 46
231 103
231 163
231 167
231 295
231 359
231 423
231 624
231 656
231 827
231 952
231 1265
232 40
232 104
232 168
232 296
232 360
232 424
232 853
232 1186
233 41
233 105
233 169
233 297
233 361
233 425
234 42
234 106
234 170
234 298
234 362
234 426
234 1167
235 171
235 299
236 44
236 108
236 144
236 172
236 300
236 364
236 379
236 428
236 437
237 45
237 109
237 173
237 301
237 365
237 429
237 553
237 1149
238 46
238 110
238 174
238 245
238 302
238 366
238 430
238 1059
239 47
239 111
239 175
239 303
239 367
239 431
239 994
240 48
240 112
240 122
240 176
240 304
240 368
240 432
241 49
241 57
241 113
241 177
241 305
241 369
241 433
241 697
242 50
242 114
242 178
242 223
242 229
242 306
242 370
242 434
242 546
242 852
243 51
243 115
243 179
243 307
243 371
243 435
243 445
243 472
243 592
243 756
243 1080
244 52
244 116
244 180
244 308
244 372
244 436
244 607
244 1273
245 53
245 117
245 181
245 238
245 309
245 373
245 437
245 1059
246 54
246 118
246 182
246 310
246 374
246 389
246 416
246 438
247 55
247 56
247 119
247 183
247 311
247 375
247 381
247 408
247 439
247 473
247 631
247 675
247 752
248 56
248 120
248 184
248 312
248 376
248 440
248 940
248 1208
249 121
249 185
249 313
249 369
249 377
250 60
250 122
250 186
250 314
250 378
250 507
251 123
251 187
251 315
251 379
251 828
252 124
252 188
252 316
252 380
252 428
252 430
252 435
252 890
253 61
253 125
253 189
253 317
253 381
253 445
253 1044
253 1069
254 126
254 190
254 318
255 59
255 127
255 191
255 319
255 383
256 4
256 64
256 119
256 128
256 173
256 192
256 320
256 384
256 448
256 868
257 65
257 129
257 193
257 321
257 385
257 449
258 66
258 130
258 194
258 322
258 386
258 450
258 725
258 788
259 67
259 131
259 195
259 215
259 323
259 387
259 451
260 68
260 132
260 196
260 324
260 388
260 452
261 69
261 133
261 197
261 325
261 389
261 453
262 6
262 70
262 134
262 198
262 326
262 390
262 454
262 518
262 582
262 646
262 710
262 774
262 838
262 902
262 907
262 966
262 971
262 1030
262 1035
262 1094
262 1099
262 1158
262 1222
263 71
263 135
263 199
263 327
263 391
263 455
264 9
264 11
264 72
264 136
264 200
264 201
264 328
264 392
264 395
264 456
265 8
265 73
265 137
265 200
265 201
265 329
265 393
265 457
265 521
265 585
265 649
265 713
265 777
265 841
265 905
265 969
265 1033
265 1097
265 1161
265 1225
266 74
266 138
266 202
266 330
266 394
266 458
267 9
267 11
267 13
267 72
267 75
267 139
267 141
267 203
267 205
267 269
267 328
267 331
267 333
267 392
267 395
267 397
267 456
267 459
267 461
267 520
267 525
267 584
267 589
267 648
267 653
267 712
267 715
267 717
267 776
267 779
267 781
267 840
267 845
267 904
267 909
267 968
267 1032
267 1037
267 1096
267 1101
267 1224
268 76
268 140
268 204
268 221
268 332
268 396
268 460
268 1153
269 13
269 75
269 77
269 139
269 141
269 205
269 267
269 328
269 333
269 397
269 461
269 520
269 525
269 589
269 648
269 653
269 712
269 715
269 717
269 776
269 779
269 781
269 840
269 843
269 845
269 904
269 907
269 909
269 968
269 971
269 973
269 1032
269 1035
269 1037
269 1096
269 1099
269 1101
269 1160
269 1165
269 1229
270 78
270 142
270 206
270 334
270 398
270 462
271 79
271 143
271 207
271 335
271 399
271 463
271 1103
272 80
272 123
272 144
272 208
272 292
272 336
272 400
272 464
272 872
272 984
272 1019
272 1172
273 81
273 145
273 209
273 337
273 401
273 465
274 82
274 146
274 210
274 338
274 402
274 466
274 588
275 83
275 147
275 211
275 339
275 403
275 467
275 1021
276 84
276 148
276 212
276 295
276 340
276 404
276 468
276 479
276 532
276 754
276 893
276 1138
277 85
277 149
277 213
277 308
277 341
277 405
277 469
277 564
277 629
278 86
278 150
278 214
278 342
278 406
278 470
278 519
279 15
279 87
279 151
279 215
279 343
279 407
279 471
279 925
280 88
280 152
280 216
280 344
280 408
280 472
280 770
281 89
281 153
281 217
281 345
281 359
281 409
281 473
281 604
281 784
281 1076
282 90
282 154
282 218
282 346
282 410
282 474
282 568
282 792
282 1187
283 91
283 155
283 219
283 347
283 411
283 475
283 727
283 1106
284 92
284 105
284 156
284 220
284 348
284 412
284 476
284 489
284 665
284 720
284 794
284 941
284 1124
285 93
285 157
285 221
285 349
285 413
285 477
286 94
286 146
286 158
286 222
286 350
286 414
286 478
287 95
287 159
287 223
287 332
287 339
287 351
287 415
287 479
287 738
287 768
287 802
287 815
287 951
288 96
288 142
288 160
288 224
288 352
288 416
288 480
288 846
289 97
289 161
289 225
289 353
289 417
289 481
289 860
289 897
290 98
290 132
290 162
290 226
290 354
290 418
290 482
290 567
291 40
291 99
291 163
291 227
291 355
291 419
291 483
291 528
291 803
291 829
291 1113
291 1176
291 1256
292 100
292 123
292 164
292 228
292 272
292 356
292 420
292 484
292 872
292 984
292 1019
292 1172
293 101
293 165
293 229
293 356
293 357
293 421
293 485
293 832
293 898
293 1202
293 1268
294 102
294 166
294 230
294 358
294 422
294 486
295 103
295 167
295 231
295 276
295 359
295 423
295 479
295 487
295 532
295 754
295 893
295 1138
296 104
296 168
296 232
296 360
296 424
296 488
296 594
296 1183
297 105
297 169
297 233
297 361
297 425
297 489
297 981
298 106
298 170
298 234
298 362
298 426
298 490
298 1053
299 171
299 235
299 363
300 51
300 108
300 172
300 179
300 236
300 364
300 428
300 492
300 565
300 883
300 1072
300 1215
301 109
301 173
301 237
301 365
301 412
301 429
301 493
301 927
301 1108
302 174
302 238
302 366
302 430
302 494
302 1134
302 1148
302 1276
303 111
303 175
303 228
303 239
303 311
303 367
303 431
303 495
303 960
304 112
304 154
304 176
304 240
304 355
304 368
304 432
304 496
304 944
305 113
305 177
305 241
305 369
305 400
305 433
305 497
305 611
305 848
306 114
306 178
306 242
306 370
306 434
306 498
307 63
307 124
307 179
307 243
307 371
307 435
307 499
307 561
307 620
307 948
307 1112
307 1192
307 1209
308 116
308 180
308 244
308 277
308 372
308 436
308 500
308 564
308 629
309 117
309 149
309 181
309 245
309 373
309 437
309 501
310 118
310 182
310 246
310 374
310 389
310 416
310 438
310 502
311 119
311 183
311 228
311 247
311 303
311 375
311 439
311 503
311 960
312 110
312 121
312 184
312 248
312 315
312 376
312 440
312 504
312 556
312 600
312 1068
313 44
313 185
313 249
313 377
313 441
313 510
313 825
314 122
314 186
314 250
314 378
314 442
314 748
314 1081
314 1211
314 1267
315 110
315 121
315 123
315 187
315 251
315 312
315 379
315 443
315 556
315 600
315 1068
316 124
316 171
316 188
316 252
316 380
316 440
316 444
316 508
316 632
316 807
316 816
317 89
317 125
317 189
317 253
317 381
317 445
317 509
317 706
317 915
318 16
318 188
318 190
318 254
318 382
318 446
319 191
319 255
319 383
319 447
319 819
320 125
320 128
320 192
320 256
320 341
320 384
320 448
320 498
320 512
320 789
320 858
320 1114
321 129
321 193
321 257
321 385
321 449
321 513
322 101
322 130
322 194
322 258
322 386
322 448
322 450
322 514
322 549
322 690
322 882
322 1219
323 131
323 195
323 259
323 387
323 451
323 515
323 914
324 83
324 132
324 196
324 260
324 388
324 403
324 414
324 452
324 516
324 1189
324 1261
325 133
325 197
325 261
325 389
325 453
325 517
326 6
326 70
326 134
326 198
326 262
326 390
326 454
326 518
326 582
326 646
326 710
326 774
326 838
326 902
326 907
326 966
326 971
326 1030
326 1035
326 1094
326 1099
326 1158
326 1163
326 1222
327 135
327 199
327 263
327 391
327 455
327 519
328 9
328 11
328 13
328 72
328 75
328 77
328 136
328 139
328 141
328 200
328 203
328 205
328 264
328 267
328 269
328 333
328 392
328 395
328 397
328 456
328 461
328 520
328 525
328 584
328 589
328 648
328 653
328 712
328 715
328 717
328 776
328 779
328 781
328 840
328 843
328 845
328 904
328 909
328 968
328 973
328 1032
328 1037
328 1096
328 1101
328 1160
328 1165
329 8
329 73
329 137
329 200
329 201
329 265
329 393
329 457
329 521
329 585
329 649
329 713
329 777
329 841
329 905
329 969
329 1033
329 1097
329 1161
329 1225
330 138
330 202
330 266
330 394
330 458
330 522
331 139
331 203
331 267
331 395
331 459
331 523
332 140
332 204
332 268
332 287
332 339
332 396
332 460
332 524
332 738
332 768
332 802
332 815
332 951
333 13
333 75
333 77
333 139
333 141
333 203
333 205
333 267
333 269
333 328
333 392
333 397
333 461
333 520
333 525
333 584
333 589
333 648
333 653
333 712
333 715
333 717
333 776
333 779
333 781
333 840
333 843
333 845
333 904
333 907
333 909
333 968
333 973
333 1032
333 1035
333 1037
333 1096
333 1099
333 1101
333 1160
333 1165
333 1229
334 142
334 206
334 270
334 398
334 462
334 526
335 143
335 207
335 271
335 399
335 463
335 527
336 144
336 208
336 272
336 400
336 464
336 528
336 538
336 573
336 615
336 696
336 931
336 1241
337 145
337 209
337 273
337 401
337 465
337 529
338 146
338 210
338 274
338 402
338 466
338 530
339 147
339 211
339 275
339 287
339 332
339 403
339 467
339 531
339 738
339 768
339 802
339 815
339 951
340 148
340 192
340 212
340 276
340 404
340 468
340 532
340 745
340 957
340 1266
341 125
341 149
341 213
341 277
341 320
341 405
341 469
341 498
341 533
341 789
341 858
341 1114
342 150
342 214
342 278
342 406
342 470
342 534
343 151
343 215
343 279
343 407
343 471
343 535
343 906
343 1180
344 152
344 216
344 280
344 408
344 472
344 536
345 153
345 217
345 281
345 409
345 473
345 537
345 885
345 1141
346 103
346 154
346 218
346 282
346 375
346 410
346 474
346 538
346 976
347 155
347 219
347 283
347 411
347 475
347 539
348 156
348 220
348 284
348 412
348 476
348 540
348 870
348 1036
349 157
349 221
349 285
349 413
349 477
349 522
349 541
350 68
350 158
350 222
350 286
350 404
350 414
350 478
350 542
350 985
351 159
351 223
351 287
351 373
351 415
351 479
351 543
351 986
351 996
351 1020
352 160
352 224
352 288
352 416
352 480
352 544
352 835
353 161
353 225
353 289
353 417
353 481
353 545
353 682
354 37
354 162
354 226
354 290
354 418
354 482
354 546
354 644
355 154
355 163
355 227
355 291
355 304
355 419
355 483
355 547
355 944
356 164
356 228
356 292
356 293
356 357
356 420
356 484
356 548
356 832
356 898
356 1202
356 1268
357 165
357 229
357 293
357 356
357 421
357 485
357 549
357 832
357 898
357 1202
357 1268
358 166
358 230
358 294
358 422
358 486
358 550
358 1130
359 167
359 231
359 281
359 295
359 423
359 487
359 551
359 604
359 784
359 1076
360 168
360 232
360 296
360 424
360 488
360 552
361 169
361 233
361 297
361 425
361 489
361 514
361 553
361 610
361 834
361 946
362 170
362 234
362 298
362 426
362 490
362 554
363 299
364 39
364 156
364 172
364 236
364 300
364 428
364 492
364 493
364 556
364 916
364 1006
365 173
365 216
365 237
365 301
365 424
365 429
365 483
365 488
365 493
365 557
365 750
366 238
366 302
366 430
366 494
366 563
366 625
366 892
367 175
367 239
367 303
367 422
367 431
367 495
367 559
367 603
368 176
368 240
368 304
368 432
368 496
368 560
369 241
369 249
369 305
369 433
369 497
369 561
370 178
370 223
370 229
370 242
370 306
370 434
370 498
370 546
370 562
370 852
371 120
371 179
371 187
371 243
371 307
371 435
371 499
371 1011
371 1145
372 109
372 180
372 244
372 308
372 436
372 500
372 564
373 181
373 245
373 309
373 351
373 437
373 501
373 565
373 986
373 996
373 1020
374 182
374 246
374 310
374 438
374 502
374 566
375 103
375 183
375 247
375 311
375 346
375 439
375 503
375 567
375 976
376 184
376 248
376 312
376 440
376 504
376 568
376 691
377 249
377 313
377 441
377 505
377 560
378 107
378 250
378 314
378 442
378 506
378 1087
379 144
379 187
379 236
379 251
379 315
379 437
379 443
379 507
379 571
380 126
380 252
380 316
380 444
380 508
380 639
380 747
380 880
381 56
381 189
381 247
381 253
381 317
381 408
381 445
381 473
381 509
381 573
381 631
381 675
381 752
382 318
382 446
382 510
383 255
383 319
383 447
383 511
383 702
383 703
383 1150
384 0
384 98
384 192
384 226
384 256
384 320
384 448
384 512
384 548
384 576
384 900
385 193
385 257
385 321
385 449
385 513
385 577
386 26
386 28
386 90
386 194
386 258
386 322
386 450
386 514
386 578
386 814
387 195
387 259
387 323
387 451
387 515
387 516
387 579
387 798
387 1107
388 12
388 196
388 260
388 324
388 452
388 516
388 580
388 671
389 197
389 246
389 261
389 310
389 325
389 416
389 453
389 517
389 581
390 6
390 70
390 134
390 198
390 262
390 326
390 454
390 518
390 582
390 646
390 710
390 774
390 838
390 902
390 907
390 966
390 971
390 1030
390 1035
390 1094
390 1099
390 1158
390 1163
390 1222
390 1227
391 199
391 263
391 327
391 455
391 519
391 583
391 1194
392 9
392 11
392 13
392 72
392 75
392 139
392 200
392 201
392 203
392 205
392 264
392 267
392 328
392 333
392 395
392 397
392 456
392 461
392 520
392 525
392 584
392 589
392 648
392 712
392 715
392 717
392 776
392 779
392 781
392 840
392 845
392 904
392 909
392 968
392 1032
392 1037
392 1096
392 1101
392 1160
392 1224
392 1229
393 8
393 73
393 137
393 200
393 201
393 265
393 329
393 457
393 521
393 585
393 649
393 713
393 777
393 841
393 905
393 969
393 1033
393 1097
393 1161
393 1225
394 202
394 266
394 330
394 402
394 458
394 482
394 522
394 586
395 9
395 11
395 72
395 75
395 139
395 201
395 203
395 264
395 267
395 328
395 331
395 392
395 456
395 459
395 520
395 523
395 584
395 587
395 589
395 648
395 715
395 776
395 781
395 840
395 845
395 909
395 1032
395 1037
395 1096
395 1101
395 1224
396 204
396 268
396 332
396 460
396 524
396 588
396 723
397 13
397 75
397 77
397 139
397 141
397 205
397 267
397 269
397 328
397 333
397 392
397 461
397 520
397 525
397 589
397 648
397 653
397 712
397 715
397 717
397 776
397 779
397 781
397 840
397 843
397 845
397 904
397 907
397 909
397 968
397 973
397 1032
397 1035
397 1037
397 1096
397 1099
397 1101
397 1160
397 1165
397 1224
397 1227
397 1229
398 206
398 270
398 334
398 462
398 526
398 590
399 207
399 271
399 335
399 463
399 527
399 534
399 579
399 591
400 208
400 272
400 305
400 336
400 464
400 528
400 592
400 611
400 848
401 209
401 273
401 337
401 465
401 529
401 593
402 210
402 274
402 338
402 394
402 466
402 482
402 530
402 594
403 83
403 211
403 275
403 324
403 339
403 414
403 467
403 531
403 595
403 1189
403 1261
404 68
404 212
404 276
404 340
404 350
404 468
404 532
404 596
404 985
405 213
405 277
405 341
405 469
405 533
405 597
405 622
406 214
406 278
406 342
406 470
406 534
406 598
407 215
407 279
407 343
407 471
407 535
407 599
408 56
408 216
408 247
408 280
408 344
408 381
408 472
408 473
408 536
408 600
408 631
408 675
408 752
409 217
409 281
409 345
409 473
409 537
409 601
409 1086
410 99
410 178
410 218
410 282
410 346
410 464
410 474
410 538
410 562
410 602
410 866
411 71
411 219
411 283
411 347
411 475
411 539
411 603
412 220
412 284
412 301
412 348
412 476
412 540
412 604
412 927
412 1108
413 221
413 285
413 349
413 477
413 541
413 605
414 83
414 222
414 286
414 324
414 350
414 403
414 478
414 542
414 606
414 1189
414 1261
415 94
415 223
415 287
415 351
415 479
415 504
415 543
415 607
415 936
415 1240
416 224
416 246
416 288
416 310
416 352
416 389
416 480
416 544
416 608
417 225
417 289
417 353
417 475
417 481
417 545
417 609
418 18
418 226
418 290
418 354
418 482
418 546
418 610
418 623
419 227
419 291
419 355
419 483
419 547
419 571
419 611
419 684
419 1016
420 228
420 292
420 356
420 484
420 548
420 612
420 642
420 1012
421 229
421 293
421 357
421 485
421 549
421 613
421 793
421 805
422 230
422 294
422 358
422 367
422 486
422 550
422 603
422 614
423 231
423 295
423 359
423 487
423 551
423 615
423 679
423 869
423 955
423 1079
424 216
424 232
424 296
424 360
424 365
424 483
424 488
424 552
424 616
424 750
425 233
425 297
425 361
425 489
425 553
425 617
426 234
426 298
426 362
426 490
426 554
426 618
427 491
428 236
428 252
428 300
428 364
428 430
428 435
428 492
428 556
428 890
429 128
429 237
429 301
429 365
429 493
429 557
429 612
429 621
429 704
429 1085
430 238
430 252
430 302
430 366
430 428
430 435
430 494
430 558
430 890
431 239
431 303
431 367
431 495
431 559
431 623
432 108
432 113
432 240
432 304
432 368
432 496
432 560
432 624
432 942
432 945
432 1040
433 241
433 305
433 369
433 497
433 561
433 625
434 242
434 306
434 370
434 498
434 562
434 626
434 668
435 243
435 252
435 307
435 371
435 428
435 430
435 499
435 563
435 890
436 244
436 308
436 372
436 500
436 564
436 628
436 724
437 144
437 236
437 245
437 309
437 373
437 379
437 501
437 565
437 629
438 246
438 310
438 374
438 502
438 566
438 630
439 181
439 213
439 247
439 311
439 375
439 503
439 567
439 631
439 1154
440 171
440 248
440 312
440 316
440 376
440 504
440 568
440 632
440 807
440 816
441 313
441 377
441 505
441 569
442 314
442 378
442 506
443 315
443 379
443 507
443 571
443 619
443 1136
444 189
444 316
444 380
444 508
444 572
445 243
445 253
445 317
445 381
445 472
445 509
445 573
445 592
445 637
445 756
445 1080
446 318
446 382
446 510
446 574
446 812
446 875
446 1009
447 319
447 383
447 511
447 575
447 1131
448 101
448 194
448 256
448 320
448 322
448 384
448 512
448 549
448 576
448 640
448 690
448 882
448 1219
449 257
449 321
449 385
449 513
449 577
449 641
449 742
450 258
450 322
450 386
450 468
450 514
450 578
450 642
450 743
451 97
451 259
451 323
451 387
451 515
451 579
451 643
451 993
452 41
452 260
452 324
452 388
452 516
452 580
452 644
452 674
452 676
452 749
452 1171
452 1177
453 197
453 261
453 325
453 389
453 517
453 581
453 645
454 6
454 70
454 134
454 198
454 262
454 326
454 390
454 518
454 582
454 646
454 710
454 774
454 838
454 902
454 907
454 966
454 971
454 1030
454 1035
454 1094
454 1099
454 1158
454 1163
454 1222
454 1227
455 263
455 327
455 391
455 519
455 583
455 647
455 1039
456 9
456 11
456 72
456 75
456 136
456 139
456 201
456 203
456 264
456 267
456 328
456 392
456 395
456 520
456 584
456 589
456 648
456 715
456 1096
456 1224
457 8
457 73
457 137
457 200
457 265
457 329
457 393
457 521
457 585
457 649
457 713
457 777
457 841
457 905
457 969
457 1033
457 1097
457 1161
457 1225
458 34
458 266
458 330
458 394
458 522
458 586
458 650
459 267
459 331
459 395
459 523
459 587
459 651
460 268
460 332
460 396
460 524
460 588
460 652
460 723
461 13
461 75
461 77
461 139
461 141
461 203
461 205
461 267
461 269
461 328
461 333
461 392
461 397
461 520
461 525
461 584
461 589
461 648
461 653
461 712
461 715
461 717
461 776
461 779
461 781
461 840
461 843
461 845
461 904
461 907
461 909
461 968
461 973
461 1032
461 1035
461 1037
461 1096
461 1099
461 1101
461 1160
461 1165
461 1224
461 1227
461 1229
462 270
462 334
462 398
462 526
462 590
462 654
463 271
463 335
463 399
463 527
463 539
463 591
463 655
464 99
464 178
464 272
464 336
464 400
464 410
464 528
464 562
464 592
464 656
464 866
465 273
465 337
465 401
465 529
465 593
465 657
466 64
466 274
466 338
466 402
466 530
466 580
466 594
466 658
466 1235
467 275
467 339
467 403
467 531
467 595
467 659
468 276
468 340
468 404
468 450
468 532
468 596
468 660
468 743
469 277
469 341
469 405
469 533
469 597
469 661
470 65
470 278
470 342
470 406
470 534
470 598
470 662
471 87
471 279
471 343
471 407
471 535
471 599
471 663
472 243
472 280
472 344
472 408
472 445
472 536
472 592
472 600
472 664
472 756
472 1080
473 56
473 247
473 281
473 345
473 381
473 408
473 409
473 537
473 601
473 631
473 665
473 675
473 752
474 282
474 346
474 410
474 501
474 503
474 538
474 602
474 666
474 856
474 1013
474 1063
474 1127
475 283
475 347
475 411
475 417
475 539
475 603
475 667
476 165
476 284
476 348
476 412
476 540
476 604
476 668
476 1251
477 285
477 349
477 413
477 541
477 605
477 669
477 797
477 1155
478 210
478 286
478 350
478 414
478 542
478 606
478 670
479 276
479 287
479 295
479 351
479 415
479 532
479 543
479 607
479 671
479 754
479 893
479 1138
480 288
480 352
480 416
480 544
480 608
480 672
481 289
481 353
481 417
481 545
481 609
481 673
481 716
482 290
482 354
482 394
482 402
482 418
482 546
482 610
482 674
483 216
483 291
483 355
483 365
483 419
483 424
483 488
483 547
483 611
483 675
483 750
484 130
484 292
484 356
484 420
484 548
484 612
484 676
484 896
484 962
485 147
485 293
485 357
485 421
485 549
485 606
485 613
485 677
485 867
485 924
486 294
486 358
486 422
486 550
486 614
486 659
486 678
487 53
487 295
487 359
487 423
487 499
487 551
487 596
487 615
487 626
487 679
487 766
487 1137
488 216
488 296
488 360
488 365
488 424
488 483
488 552
488 616
488 680
488 750
489 105
489 284
489 297
489 361
489 425
489 553
489 617
489 665
489 681
489 720
489 794
489 941
489 1124
490 298
490 362
490 426
490 554
490 605
490 618
490 682
490 1254
491 427
491 555
491 683
492 177
492 300
492 364
492 428
492 556
492 616
492 620
492 1067
492 1210
493 39
493 156
493 301
493 364
493 365
493 429
493 557
493 621
493 685
493 916
493 1006
494 116
494 302
494 366
494 430
494 558
494 601
494 622
494 686
494 1191
495 303
495 367
495 431
495 559
495 623
495 687
495 1057
495 1092
496 180
496 304
496 368
496 432
496 500
496 560
496 624
496 1083
496 1278
497 52
497 305
497 369
497 433
497 561
497 625
497 689
498 125
498 306
498 320
498 341
498 370
498 434
498 562
498 626
498 690
498 789
498 858
498 1114
499 53
499 307
499 371
499 435
499 487
499 563
499 596
499 626
499 627
499 691
499 766
499 1137
500 180
500 308
500 372
500 436
500 496
500 564
500 628
500 692
500 1083
500 1278
501 309
501 373
501 437
501 474
501 503
501 565
501 629
501 693
501 856
501 1013
501 1063
501 1127
502 310
502 374
502 438
502 566
502 630
502 694
503 311
503 375
503 439
503 474
503 501
503 567
503 631
503 695
503 856
503 1013
503 1063
503 1127
504 94
504 312
504 376
504 415
504 440
504 568
504 632
504 696
504 936
504 1240
505 377
505 441
505 569
505 572
505 633
505 688
506 378
506 442
506 570
506 634
507 60
507 250
507 379
507 443
507 571
508 316
508 380
508 444
508 572
508 636
508 700
509 49
509 80
509 317
509 381
509 445
509 573
509 637
509 701
509 1260
510 44
510 313
510 382
510 446
510 574
510 638
510 825
511 383
511 447
511 575
511 639
512 320
512 384
512 448
512 576
512 640
512 704
512 821
512 933
513 321
513 385
513 449
513 577
513 641
513 705
513 1100
513 1244
514 322
514 361
514 386
514 450
514 578
514 610
514 642
514 706
514 834
514 946
515 323
515 387
515 451
515 579
515 643
515 707
515 1089
516 324
516 387
516 388
516 452
516 580
516 644
516 708
516 798
516 1107
517 325
517 389
517 453
517 581
517 645
517 672
517 709
517 901
517 1002
518 6
518 70
518 134
518 198
518 262
518 326
518 390
518 454
518 582
518 646
518 710
518 774
518 838
518 902
518 907
518 966
518 971
518 1030
518 1035
518 1094
518 1099
518 1158
518 1163
518 1222
518 1227
519 278
519 327
519 391
519 455
519 583
519 647
519 711
520 9
520 11
520 13
520 72
520 75
520 77
520 139
520 141
520 203
520 205
520 267
520 269
520 328
520 333
520 392
520 395
520 397
520 456
520 461
520 525
520 584
520 589
520 648
520 653
520 712
520 715
520 717
520 776
520 779
520 781
520 840
520 845
520 904
520 909
520 968
520 1032
520 1037
520 1096
520 1101
520 1160
520 1224
520 1229
521 8
521 73
521 137
521 200
521 265
521 329
521 393
521 457
521 585
521 649
521 713
521 777
521 841
521 905
521 969
521 1033
521 1097
521 1161
521 1225
522 330
522 349
522 394
522 458
522 586
522 650
522 714
523 331
523 395
523 459
523 587
523 651
523 715
524 332
524 396
524 460
524 550
524 588
524 652
524 716
524 862
525 13
525 75
525 77
525 139
525 141
525 203
525 205
525 267
525 269
525 328
525 333
525 392
525 397
525 461
525 520
525 584
525 589
525 648
525 653
525 712
525 715
525 717
525 776
525 779
525 781
525 840
525 843
525 845
525 904
525 907
525 909
525 968
525 973
525 1032
525 1035
525 1037
525 1096
525 1099
525 1101
525 1160
525 1165
525 1224
525 1227
525 1229
526 334
526 398
526 462
526 590
526 654
526 718
527 335
527 399
527 463
527 591
527 655
527 719
528 40
528 291
528 336
528 400
528 464
528 592
528 656
528 720
528 803
528 829
528 1113
528 1176
528 1256
529 337
529 401
529 465
529 593
529 657
529 721
530 338
530 402
530 466
530 594
530 658
530 722
530 1043
531 339
531 403
531 467
531 595
531 659
531 723
531 1156
531 1170
532 276
532 295
532 340
532 404
532 468
532 479
532 596
532 660
532 724
532 754
532 893
532 1138
533 341
533 405
533 469
533 597
533 628
533 661
533 725
533 739
533 1212
534 342
534 399
534 406
534 470
534 579
534 598
534 662
534 726
535 343
535 407
535 471
535 599
535 658
535 663
535 719
535 727
536 344
536 408
536 472
536 600
536 664
536 728
537 25
537 345
537 409
537 473
537 601
537 660
537 665
537 695
537 729
537 1050
538 336
538 346
538 410
538 474
538 573
538 602
538 615
538 666
538 696
538 730
538 931
538 1241
539 347
539 411
539 463
539 475
539 603
539 667
539 731
540 348
540 412
540 476
540 604
540 668
540 692
540 732
540 809
540 1010
541 349
541 413
541 477
541 605
541 669
541 733
542 350
542 414
542 478
542 606
542 670
542 734
542 1237
542 1257
543 76
543 351
543 415
543 479
543 607
543 671
543 735
544 352
544 416
544 480
544 608
544 672
544 736
545 353
545 417
545 481
545 609
545 673
545 737
545 771
545 1115
546 223
546 229
546 242
546 354
546 370
546 418
546 482
546 610
546 674
546 738
546 852
547 355
547 419
547 483
547 611
547 675
547 739
547 873
547 935
548 0
548 98
548 226
548 356
548 384
548 420
548 484
548 612
548 676
548 740
548 900
549 101
549 194
549 322
549 357
549 421
549 448
549 485
549 613
549 677
549 690
549 741
549 882
549 1219
550 358
550 422
550 486
550 524
550 614
550 678
550 742
550 862
551 227
551 359
551 423
551 487
551 615
551 679
551 743
551 1122
551 1123
552 360
552 424
552 488
552 616
552 680
552 744
552 820
552 1061
553 237
553 361
553 425
553 489
553 617
553 681
553 745
553 1149
554 33
554 362
554 426
554 490
554 618
554 682
554 746
554 1135
554 1249
555 491
555 619
555 683
556 110
556 121
556 312
556 315
556 364
556 428
556 492
556 600
556 620
556 684
556 748
556 1068
557 365
557 429
557 493
557 621
557 685
557 749
558 430
558 494
558 622
558 686
558 750
559 367
559 431
559 495
559 614
559 623
559 687
559 751
560 368
560 377
560 432
560 496
560 624
560 688
560 752
561 63
561 124
561 307
561 369
561 433
561 497
561 620
561 625
561 689
561 753
561 948
561 1112
561 1192
561 1209
562 99
562 178
562 370
562 410
562 434
562 464
562 498
562 626
562 690
562 754
562 866
563 366
563 435
563 499
563 625
563 627
563 691
563 755
563 892
564 277
564 308
564 372
564 436
564 500
564 628
564 629
564 692
564 756
565 51
565 172
565 179
565 300
565 373
565 437
565 501
565 629
565 693
565 757
565 883
565 1072
565 1215
566 374
566 438
566 502
566 630
566 694
566 758
566 1102
567 132
567 290
567 375
567 439
567 503
567 631
567 695
567 759
568 282
568 376
568 440
568 504
568 632
568 696
568 760
568 792
568 1187
569 186
569 441
569 505
569 633
569 638
569 697
569 761
570 506
570 634
571 379
571 419
571 443
571 507
571 635
571 684
571 699
571 763
571 1016
572 444
572 505
572 508
572 636
572 688
572 700
573 336
573 381
573 445
573 509
573 538
573 615
573 637
573 696
573 701
573 765
573 931
573 1241
574 446
574 510
574 638
574 702
574 766
574 1147
575 447
575 511
575 639
575 703
575 824
575 1279
576 21
576 168
576 211
576 384
576 448
576 512
576 640
576 704
576 755
576 768
576 1074
577 385
577 449
577 513
577 641
577 673
577 705
577 769
578 386
578 450
578 514
578 642
578 706
578 740
578 770
578 1070
579 387
579 399
579 451
579 515
579 534
579 643
579 707
579 771
580 64
580 388
580 452
580 466
580 516
580 644
580 708
580 772
580 1235
581 389
581 453
581 517
581 645
581 709
581 773
582 6
582 70
582 134
582 198
582 262
582 326
582 390
582 454
582 518
582 646
582 710
582 774
582 838
582 902
582 907
582 966
582 971
582 1030
582 1035
582 1094
582 1099
582 1158
582 1163
582 1222
582 1227
583 391
583 455
583 519
583 647
583 711
583 775
584 9
584 11
584 13
584 72
584 75
584 139
584 201
584 203
584 267
584 328
584 333
584 392
584 395
584 456
584 461
584 520
584 525
584 589
584 648
584 712
584 715
584 776
584 779
584 781
584 840
584 845
584 904
584 909
584 1032
584 1037
584 1096
584 1101
584 1160
584 1224
585 8
585 73
585 137
585 200
585 265
585 329
585 393
585 457
585 521
585 649
585 713
585 777
585 841
585 905
585 969
585 1033
585 1097
585 1161
585 1225
586 394
586 458
586 522
586 650
586 714
586 778
586 1126
587 395
587 459
587 523
587 651
587 715
587 779
588 274
588 396
588 460
588 524
588 652
588 716
588 780
589 9
589 11
589 13
589 72
589 75
589 139
589 141
589 203
589 205
589 267
589 269
589 328
589 333
589 392
589 395
589 397
589 456
589 461
589 520
589 525
589 584
589 648
589 653
589 712
589 715
589 717
589 776
589 779
589 781
589 840
589 845
589 904
589 909
589 968
589 1032
589 1037
589 1096
589 1101
589 1160
589 1224
589 1229
590 398
590 462
590 526
590 654
590 718
590 782
591 399
591 463
591 527
591 655
591 719
591 783
592 243
592 400
592 445
592 464
592 472
592 528
592 656
592 720
592 756
592 784
592 1080
593 401
593 465
593 529
593 657
593 721
593 785
594 296
594 402
594 466
594 530
594 658
594 722
594 786
594 1183
595 403
595 467
595 531
595 659
595 723
595 787
595 1119
595 1143
596 53
596 404
596 468
596 487
596 499
596 532
596 626
596 660
596 724
596 766
596 788
596 1137
597 84
597 152
597 405
597 469
597 533
597 661
597 683
597 725
597 757
597 789
597 813
597 920
597 999
597 1255
598 406
598 470
598 534
598 662
598 726
598 790
599 407
599 471
599 535
599 663
599 727
599 731
599 791
600 110
600 121
600 312
600 315
600 408
600 472
600 536
600 556
600 664
600 728
600 792
600 1068
601 116
601 409
601 473
601 494
601 537
601 665
601 729
601 793
601 1191
602 208
602 410
602 474
602 538
602 666
602 730
602 760
602 794
602 1232
603 367
603 411
603 422
603 475
603 539
603 667
603 731
603 795
604 281
604 359
604 412
604 476
604 540
604 668
604 732
604 784
604 796
604 1076
605 413
605 477
605 490
605 541
605 618
605 669
605 733
605 797
605 1254
606 147
606 414
606 478
606 485
606 542
606 670
606 734
606 798
606 867
606 924
607 244
607 415
607 479
607 543
607 671
607 735
607 799
607 1273
608 416
608 480
608 544
608 672
608 736
608 800
609 79
609 417
609 481
609 545
609 673
609 737
609 769
609 801
609 1051
609 1052
610 361
610 418
610 482
610 514
610 546
610 674
610 738
610 802
610 834
610 946
611 305
611 400
611 419
611 483
611 547
611 675
611 739
611 803
611 848
612 128
612 420
612 429
612 484
612 548
612 676
612 704
612 740
612 804
612 1085
613 421
613 485
613 549
613 677
613 741
613 805
614 422
614 486
614 550
614 559
614 678
614 742
614 806
615 336
615 423
615 487
615 538
615 551
615 573
615 679
615 696
615 743
615 807
615 931
615 1241
616 177
616 424
616 488
616 492
616 552
616 680
616 744
616 808
616 1067
616 1210
617 425
617 489
617 553
617 681
617 745
617 809
618 426
618 490
618 554
618 605
618 682
618 746
618 810
618 1254
619 443
619 555
619 683
619 747
619 1136
620 63
620 124
620 307
620 492
620 556
620 561
620 684
620 748
620 812
620 948
620 1112
620 1192
620 1209
621 85
621 159
621 429
621 493
621 557
621 685
621 749
621 813
622 405
622 494
622 558
622 686
622 750
622 814
623 18
623 418
623 431
623 495
623 559
623 687
623 751
623 815
624 46
624 163
624 231
624 432
624 496
624 560
624 656
624 688
624 752
624 816
624 827
624 952
624 1265
625 366
625 433
625 497
625 561
625 563
625 689
625 753
625 817
625 892
626 53
626 434
626 487
626 498
626 499
626 562
626 596
626 690
626 754
626 766
626 818
626 1137
627 499
627 563
627 691
627 755
627 761
628 436
628 500
628 533
628 564
628 692
628 739
628 756
628 820
628 1212
629 277
629 308
629 437
629 501
629 564
629 565
629 693
629 757
629 821
630 438
630 502
630 566
630 694
630 758
630 822
631 56
631 247
631 381
631 408
631 439
631 473
631 503
631 567
631 675
631 695
631 752
631 759
631 823
632 171
632 316
632 440
632 504
632 568
632 696
632 760
632 807
632 816
633 505
633 569
633 636
633 697
633 761
634 191
634 506
634 570
634 698
634 762
634 767
635 571
635 699
635 763
635 764
636 508
636 572
636 633
636 700
637 45
637 445
637 509
637 573
637 701
637 765
637 829
637 1045
638 186
638 510
638 569
638 574
638 702
638 766
639 126
639 380
639 511
639 575
639 703
639 747
639 767
639 880
640 448
640 512
640 576
640 704
640 768
640 808
640 832
640 1042
640 1088
641 449
641 513
641 577
641 705
641 769
641 810
641 833
641 859
641 1118
642 420
642 450
642 514
642 578
642 706
642 770
642 834
642 1012
643 451
643 515
643 579
643 707
643 771
643 823
643 835
643 1064
643 1173
643 1218
644 37
644 354
644 452
644 516
644 580
644 708
644 772
644 836
645 453
645 517
645 581
645 709
645 773
645 837
646 6
646 70
646 134
646 198
646 262
646 326
646 390
646 454
646 518
646 582
646 710
646 774
646 838
646 902
646 907
646 966
646 971
646 1030
646 1035
646 1094
646 1099
646 1158
646 1163
646 1222
646 1227
647 455
647 519
647 583
647 711
647 775
647 839
648 9
648 11
648 13
648 72
648 75
648 77
648 139
648 141
648 203
648 205
648 267
648 269
648 328
648 333
648 392
648 395
648 397
648 456
648 461
648 520
648 525
648 584
648 589
648 653
648 712
648 715
648 717
648 776
648 779
648 781
648 840
648 843
648 845
648 904
648 909
648 968
648 973
648 1032
648 1037
648 1096
648 1101
648 1160
648 1165
648 1224
648 1229
649 8
649 73
649 137
649 200
649 265
649 329
649 393
649 457
649 521
649 585
649 713
649 777
649 841
649 905
649 969
649 1033
649 1097
649 1161
649 1225
650 195
650 458
650 522
650 586
650 680
650 714
650 778
650 842
650 1077
651 459
651 523
651 587
651 715
651 779
651 843
652 460
652 524
652 588
652 716
652 780
652 844
653 13
653 75
653 77
653 139
653 141
653 205
653 267
653 269
653 328
653 333
653 397
653 461
653 520
653 525
653 589
653 648
653 712
653 715
653 717
653 776
653 779
653 781
653 840
653 843
653 845
653 904
653 907
653 909
653 968
653 971
653 973
653 1032
653 1035
653 1037
653 1096
653 1099
653 1101
653 1160
653 1163
653 1165
653 1227
653 1229
654 462
654 526
654 590
654 718
654 782
654 846
655 463
655 527
655 591
655 719
655 783
655 847
656 46
656 163
656 231
656 464
656 528
656 592
656 624
656 720
656 784
656 827
656 848
656 952
656 1265
657 465
657 529
657 593
657 721
657 785
657 849
658 466
658 530
658 535
658 594
658 719
658 722
658 786
658 850
659 467
659 486
659 531
659 595
659 723
659 787
659 851
660 25
660 468
660 532
660 537
660 596
660 695
660 724
660 788
660 852
660 1050
661 469
661 533
661 597
661 725
661 789
661 853
662 470
662 534
662 598
662 726
662 790
662 854
663 471
663 535
663 599
663 727
663 791
663 855
663 937
663 1277
664 472
664 536
664 600
664 666
664 728
664 792
664 856
665 105
665 284
665 473
665 489
665 537
665 601
665 720
665 729
665 793
665 794
665 857
665 941
665 1124
666 474
666 538
666 602
666 664
666 730
666 794
666 858
667 475
667 539
667 603
667 731
667 795
667 859
667 1182
668 434
668 476
668 540
668 604
668 732
668 796
668 860
669 477
669 541
669 605
669 733
669 797
669 861
669 1246
670 478
670 542
670 606
670 734
670 798
670 862
671 12
671 388
671 479
671 543
671 607
671 735
671 799
671 863
672 480
672 517
672 544
672 608
672 736
672 800
672 864
672 901
672 1002
673 481
673 545
673 577
673 609
673 737
673 801
673 865
674 41
674 452
674 482
674 546
674 610
674 676
674 738
674 749
674 802
674 866
674 1171
674 1177
675 56
675 247
675 381
675 408
675 473
675 483
675 547
675 611
675 631
675 739
675 752
675 803
675 867
676 41
676 452
676 484
676 548
676 612
676 674
676 740
676 749
676 804
676 868
676 1171
676 1177
677 485
677 549
677 613
677 735
677 741
677 805
677 869
677 1065
677 1242
678 486
678 550
678 614
678 742
678 806
678 870
678 1231
679 423
679 487
679 551
679 615
679 743
679 807
679 869
679 871
679 955
679 1079
680 195
680 488
680 552
680 616
680 650
680 744
680 808
680 872
680 1077
681 19
681 489
681 553
681 617
681 745
681 809
681 863
681 873
681 1049
682 353
682 490
682 554
682 618
682 746
682 810
682 874
683 84
683 152
683 491
683 555
683 597
683 619
683 747
683 757
683 811
683 813
683 875
683 920
683 999
683 1255
684 419
684 556
684 571
684 620
684 748
684 812
684 876
684 1016
685 127
685 493
685 557
685 621
685 749
685 813
685 877
686 494
686 558
686 622
686 750
686 814
686 878
687 495
687 559
687 623
687 751
687 815
687 879
688 505
688 560
688 572
688 624
688 752
688 816
689 497
689 561
689 625
689 753
689 817
689 881
690 101
690 194
690 322
690 448
690 498
690 549
690 562
690 626
690 754
690 818
690 882
690 1219
691 376
691 499
691 563
691 627
691 755
691 819
691 883
692 500
692 540
692 564
692 628
692 756
692 809
692 820
692 884
692 1010
693 100
693 501
693 565
693 629
693 757
693 821
693 885
694 502
694 566
694 630
694 758
694 822
694 886
695 25
695 503
695 537
695 567
695 631
695 660
695 759
695 823
695 887
695 1050
696 336
696 504
696 538
696 568
696 573
696 615
696 632
696 760
696 824
696 888
696 931
696 1241
697 57
697 241
697 569
697 633
697 761
697 825
698 634
698 762
699 571
699 635
699 762
699 763
699 827
699 831
699 891
699 959
700 508
700 572
700 636
700 763
700 764
700 828
700 892
700 1023
701 509
701 573
701 637
701 765
701 829
701 893
702 383
702 574
702 638
702 703
702 766
702 830
702 1150
703 383
703 575
703 639
703 702
703 767
703 831
703 1150
704 128
704 429
704 512
704 576
704 612
704 640
704 768
704 832
704 896
704 1085
705 513
705 577
705 641
705 769
705 833
705 897
706 89
706 317
706 514
706 578
706 642
706 770
706 834
706 898
706 915
707 515
707 579
707 643
707 771
707 835
707 899
708 104
708 516
708 580
708 644
708 772
708 836
708 900
709 69
709 517
709 581
709 645
709 773
709 837
709 901
710 6
710 70
710 134
710 198
710 262
710 326
710 390
710 454
710 518
710 582
710 646
710 774
710 838
710 902
710 966
710 971
710 1030
710 1035
710 1094
710 1158
710 1163
710 1222
710 1227
711 519
711 583
711 647
711 775
711 839
711 903
712 13
712 75
712 77
712 139
712 141
712 203
712 205
712 267
712 269
712 328
712 333
712 392
712 397
712 461
712 520
712 525
712 584
712 589
712 648
712 653
712 715
712 717
712 776
712 779
712 781
712 840
712 843
712 845
712 904
712 907
712 909
712 968
712 973
712 1032
712 1035
712 1037
712 1096
712 1099
712 1101
712 1160
712 1165
712 1224
712 1227
712 1229
713 8
713 73
713 137
713 200
713 265
713 329
713 393
713 457
713 521
713 585
713 649
713 777
713 841
713 905
713 969
713 1033
713 1097
713 1161
713 1225
714 522
714 586
714 650
714 778
714 842
714 906
714 1252
715 9
715 11
715 13
715 72
715 75
715 139
715 141
715 203
715 205
715 267
715 269
715 328
715 333
715 392
715 395
715 397
715 456
715 461
715 520
715 523
715 525
715 584
715 587
715 589
715 648
715 651
715 653
715 712
715 717
715 776
715 779
715 781
715 840
715 843
715 845
715 904
715 907
715 909
715 968
715 1032
715 1037
715 1096
715 1101
715 1160
715 1224
715 1229
716 481
716 524
716 588
716 652
716 780
716 844
716 908
717 13
717 75
717 77
717 139
717 141
717 205
717 267
717 269
717 328
717 333
717 392
717 397
717 461
717 520
717 525
717 589
717 648
717 653
717 712
717 715
717 776
717 779
717 781
717 840
717 843
717 845
717 904
717 907
717 909
717 968
717 973
717 1032
717 1035
717 1037
717 1096
717 1099
717 1101
717 1160
717 1165
717 1224
717 1227
717 1229
718 526
718 590
718 654
718 782
718 846
718 910
719 527
719 535
719 591
719 655
719 658
719 783
719 847
719 911
720 105
720 284
720 489
720 528
720 592
720 656
720 665
720 784
720 794
720 848
720 912
720 941
720 1124
721 529
721 593
721 657
721 785
721 849
721 913
722 530
722 594
722 658
722 786
722 850
722 851
722 914
723 396
723 460
723 531
723 595
723 659
723 787
723 851
723 915
724 436
724 532
724 596
724 660
724 788
724 852
724 916
725 258
725 533
725 597
725 661
725 788
725 789
725 853
725 917
726 534
726 598
726 662
726 790
726 854
726 918
727 283
727 535
727 599
727 663
727 791
727 855
727 919
727 1106
728 212
728 536
728 600
728 664
728 792
728 856
728 920
728 953
728 1264
729 61
729 537
729 601
729 665
729 793
729 857
729 921
729 926
729 932
729 1048
730 208
730 538
730 602
730 666
730 760
730 794
730 858
730 922
730 1232
731 539
731 599
731 603
731 667
731 795
731 859
731 923
732 540
732 604
732 668
732 796
732 844
732 860
732 924
733 541
733 605
733 669
733 797
733 837
733 861
733 925
734 47
734 542
734 606
734 670
734 798
734 850
734 862
734 926
735 543
735 607
735 671
735 677
735 799
735 863
735 927
735 1065
735 1242
736 544
736 608
736 672
736 800
736 864
736 928
737 23
737 545
737 609
737 673
737 801
737 865
737 929
738 287
738 332
738 339
738 546
738 610
738 674
738 768
738 802
738 815
738 866
738 930
738 951
739 533
739 547
739 611
739 628
739 675
739 803
739 867
739 931
739 1212
740 548
740 578
740 612
740 676
740 804
740 868
740 932
740 1070
741 95
741 549
741 613
741 677
741 805
741 869
741 933
741 997
741 1058
742 449
742 550
742 614
742 678
742 806
742 870
742 934
743 450
743 468
743 551
743 615
743 679
743 807
743 871
743 935
744 552
744 616
744 680
744 808
744 872
744 936
744 1090
745 192
745 340
745 553
745 617
745 681
745 809
745 873
745 937
745 957
745 1266
746 554
746 618
746 682
746 810
746 874
746 938
747 126
747 380
747 619
747 639
747 683
747 811
747 875
747 880
748 314
748 556
748 620
748 684
748 812
748 876
748 940
748 1081
748 1211
748 1267
749 41
749 452
749 557
749 621
749 674
749 676
749 685
749 813
749 877
749 941
749 1171
749 1177
750 216
750 365
750 424
750 483
750 488
750 558
750 622
750 686
750 814
750 878
750 942
751 55
751 559
751 623
751 687
751 815
751 879
751 943
751 964
752 56
752 247
752 381
752 408
752 473
752 560
752 624
752 631
752 675
752 688
752 816
752 880
752 944
753 174
753 561
753 625
753 689
753 817
753 881
753 945
753 1274
754 276
754 295
754 479
754 532
754 562
754 626
754 690
754 818
754 882
754 893
754 946
754 1138
755 21
755 168
755 211
755 563
755 576
755 627
755 691
755 819
755 883
755 947
755 1074
756 243
756 445
756 472
756 564
756 592
756 628
756 692
756 820
756 884
756 948
756 1080
757 84
757 152
757 565
757 597
757 629
757 683
757 693
757 813
757 821
757 885
757 920
757 949
757 999
757 1255
758 566
758 630
758 694
758 822
758 886
758 950
759 82
759 114
759 567
759 631
759 695
759 823
759 887
759 951
759 980
760 208
760 568
760 602
760 632
760 696
760 730
760 824
760 888
760 952
760 1232
761 569
761 627
761 633
761 697
761 825
761 889
761 953
762 634
762 698
762 699
762 826
762 831
762 890
762 959
763 571
763 635
763 699
763 700
763 827
763 891
763 955
763 1023
764 635
764 700
764 828
764 892
765 573
765 637
765 701
765 829
765 893
765 957
766 53
766 487
766 499
766 574
766 596
766 626
766 638
766 702
766 830
766 894
766 958
766 1137
767 191
767 634
767 639
767 703
767 831
767 895
768 287
768 332
768 339
768 576
768 640
768 704
768 738
768 802
768 815
768 832
768 896
768 951
768 960
769 79
769 577
769 609
769 641
769 705
769 833
769 897
769 961
769 1051
769 1052
770 280
770 578
770 642
770 706
770 834
770 898
770 962
771 545
771 579
771 643
771 707
771 835
771 899
771 963
771 1115
772 580
772 644
772 708
772 796
772 836
772 900
772 964
772 1253
773 581
773 645
773 709
773 837
773 901
773 965
774 6
774 70
774 134
774 198
774 262
774 326
774 390
774 454
774 518
774 582
774 646
774 710
774 838
774 902
774 907
774 966
774 971
774 1030
774 1035
774 1094
774 1099
774 1158
774 1163
774 1222
774 1227
775 583
775 647
775 711
775 839
775 903
775 967
775 992
776 9
776 11
776 13
776 72
776 75
776 77
776 139
776 141
776 203
776 205
776 267
776 269
776 328
776 333
776 392
776 395
776 397
776 461
776 520
776 525
776 584
776 589
776 648
776 653
776 712
776 715
776 717
776 779
776 781
776 840
776 843
776 845
776 904
776 909
776 968
776 973
776 1032
776 1037
776 1096
776 1101
776 1160
776 1165
776 1224
776 1229
777 8
777 73
777 137
777 200
777 265
777 329
777 393
777 457
777 521
777 585
777 649
777 713
777 841
777 905
777 969
777 1033
777 1097
777 1161
777 1225
778 204
778 586
778 650
778 714
778 842
778 906
778 970
778 1152
778 1220
779 13
779 75
779 77
779 139
779 141
779 203
779 205
779 267
779 269
779 328
779 333
779 392
779 397
779 461
779 520
779 525
779 584
779 587
779 589
779 648
779 651
779 653
779 712
779 715
779 717
779 776
779 781
779 840
779 843
779 845
779 904
779 907
779 909
779 968
779 971
779 973
779 1032
779 1035
779 1037
779 1096
779 1099
779 1101
779 1160
779 1165
779 1224
779 1227
779 1229
780 588
780 652
780 716
780 844
780 908
780 972
781 9
781 13
781 75
781 77
781 139
781 141
781 203
781 205
781 267
781 269
781 328
781 333
781 392
781 395
781 397
781 461
781 520
781 525
781 584
781 589
781 648
781 653
781 712
781 715
781 717
781 776
781 779
781 840
781 843
781 845
781 904
781 907
781 909
781 968
781 973
781 1032
781 1035
781 1037
781 1096
781 1099
781 1101
781 1160
781 1165
781 1224
781 1229
782 590
782 654
782 718
782 846
782 910
782 974
783 591
783 655
783 719
783 847
783 911
783 975
784 281
784 359
784 592
784 604
784 656
784 720
784 848
784 912
784 976
784 1076
785 96
785 593
785 657
785 721
785 849
785 913
785 977
786 594
786 658
786 722
786 850
786 914
786 978
787 595
787 659
787 723
787 851
787 915
787 979
788 258
788 596
788 660
788 724
788 725
788 852
788 916
788 980
789 125
789 320
789 341
789 498
789 597
789 661
789 725
789 853
789 858
789 917
789 981
789 1114
790 598
790 662
790 726
790 854
790 918
790 982
791 599
791 663
791 727
791 855
791 919
791 983
791 1015
792 282
792 568
792 600
792 664
792 728
792 856
792 920
792 984
792 1187
793 421
793 601
793 665
793 729
793 805
793 857
793 921
793 985
794 105
794 284
794 489
794 602
794 665
794 666
794 720
794 730
794 858
794 922
794 941
794 986
794 1124
795 603
795 667
795 731
795 859
795 923
795 987
796 604
796 668
796 732
796 772
796 860
796 924
796 988
796 1253
797 477
797 605
797 669
797 733
797 861
797 925
797 989
797 1155
798 387
798 516
798 606
798 670
798 734
798 862
798 926
798 990
798 1107
799 607
799 671
799 735
799 863
799 927
799 991
800 207
800 608
800 672
800 736
800 864
800 928
800 992
801 609
801 673
801 737
801 865
801 929
801 978
801 993
802 287
802 332
802 339
802 610
802 674
802 738
802 768
802 815
802 866
802 930
802 951
802 994
803 40
803 291
803 528
803 611
803 675
803 739
803 829
803 867
803 931
803 995
803 1113
803 1176
803 1256
804 2
804 183
804 217
804 612
804 676
804 740
804 868
804 932
804 996
804 1024
805 421
805 613
805 677
805 741
805 793
805 869
805 933
805 997
806 614
806 678
806 742
806 870
806 934
806 998
807 171
807 316
807 440
807 615
807 632
807 679
807 743
807 816
807 871
807 935
807 999
808 616
808 640
808 680
808 744
808 872
808 936
808 1000
808 1042
808 1088
809 540
809 617
809 681
809 692
809 745
809 873
809 937
809 1001
809 1010
810 618
810 641
810 682
810 746
810 859
810 874
810 938
810 1002
810 1118
811 58
811 683
811 747
811 875
812 446
812 620
812 684
812 748
812 875
812 876
812 940
812 1004
812 1009
813 84
813 152
813 597
813 621
813 683
813 685
813 749
813 757
813 877
813 920
813 941
813 999
813 1005
813 1255
814 26
814 28
814 90
814 386
814 622
814 686
814 750
814 878
814 942
814 1006
815 287
815 332
815 339
815 623
815 687
815 738
815 751
815 768
815 802
815 879
815 943
815 951
815 1007
816 171
816 316
816 440
816 624
816 632
816 688
816 752
816 807
816 880
816 944
816 1008
817 112
817 625
817 689
817 753
817 881
817 891
817 945
817 1009
817 1017
818 30
818 169
818 626
818 690
818 754
818 877
818 882
818 917
818 946
818 1010
818 1128
819 319
819 691
819 755
819 883
819 947
820 552
820 628
820 692
820 756
820 884
820 948
820 1012
820 1061
821 512
821 629
821 693
821 757
821 885
821 933
821 949
821 1013
822 630
822 694
822 758
822 886
822 950
822 1014
823 631
823 643
823 695
823 759
823 887
823 951
823 1015
823 1064
823 1173
823 1218
824 575
824 696
824 760
824 888
824 952
824 1279
825 44
825 313
825 510
825 697
825 761
825 889
825 953
825 1017
826 190
826 762
826 890
826 954
826 1259
827 46
827 163
827 231
827 624
827 656
827 699
827 763
827 891
827 952
827 955
827 1019
827 1265
828 251
828 700
828 764
828 892
828 956
828 1020
829 40
829 291
829 528
829 637
829 701
829 765
829 803
829 893
829 957
829 1021
829 1113
829 1176
829 1256
830 702
830 766
830 894
830 958
830 1132
831 699
831 703
831 762
831 767
831 895
831 959
831 1023
832 293
832 356
832 357
832 640
832 704
832 768
832 896
832 898
832 960
832 1024
832 1202
832 1268
833 1
833 641
833 705
833 769
833 897
833 961
833 1025
834 361
834 514
834 610
834 642
834 706
834 770
834 898
834 946
834 962
834 1026
835 352
835 643
835 707
835 771
835 899
835 963
835 1027
836 74
836 644
836 708
836 772
836 900
836 964
836 1028
836 1271
837 645
837 709
837 733
837 773
837 901
837 965
837 1029
838 6
838 70
838 134
838 198
838 262
838 326
838 390
838 454
838 518
838 582
838 646
838 710
838 774
838 902
838 907
838 966
838 971
838 1030
838 1035
838 1094
838 1099
838 1158
838 1163
838 1222
838 1227
839 647
839 711
839 775
839 903
839 967
839 1031
839 1071
840 9
840 11
840 13
840 72
840 75
840 77
840 139
840 141
840 203
840 205
840 267
840 269
840 328
840 333
840 392
840 395
840 397
840 461
840 520
840 525
840 584
840 589
840 648
840 653
840 712
840 715
840 717
840 776
840 779
840 781
840 843
840 845
840 904
840 907
840 909
840 968
840 973
840 1032
840 1037
840 1096
840 1099
840 1101
840 1160
840 1165
840 1224
840 1229
841 8
841 73
841 137
841 200
841 265
841 329
841 393
841 457
841 521
841 585
841 649
841 713
841 777
841 905
841 969
841 1033
841 1097
841 1161
841 1225
842 131
842 650
842 714
842 778
842 906
842 970
842 1034
843 13
843 75
843 77
843 139
843 141
843 205
843 269
843 328
843 333
843 397
843 461
843 525
843 648
843 651
843 653
843 712
843 715
843 717
843 776
843 779
843 781
843 840
843 845
843 904
843 907
843 909
843 968
843 971
843 973
843 1032
843 1035
843 1037
843 1096
843 1099
843 1101
843 1160
843 1163
843 1165
843 1227
843 1229
844 652
844 716
844 732
844 780
844 908
844 972
844 1036
845 9
845 11
845 13
845 72
845 75
845 77
845 139
845 141
845 203
845 205
845 267
845 269
845 328
845 333
845 392
845 395
845 397
845 461
845 520
845 525
845 584
845 589
845 648
845 653
845 712
845 715
845 717
845 776
845 779
845 781
845 840
845 843
845 904
845 909
845 968
845 973
845 1032
845 1037
845 1096
845 1099
845 1101
845 1160
845 1165
845 1224
845 1229
846 142
846 288
846 654
846 718
846 782
846 910
846 974
846 1038
847 138
847 655
847 719
847 783
847 911
847 975
847 1039
848 305
848 400
848 611
848 656
848 720
848 784
848 912
848 976
848 1040
849 657
849 721
849 785
849 913
849 977
849 1041
850 47
850 658
850 722
850 734
850 786
850 914
850 978
850 1042
851 659
851 722
851 723
851 787
851 915
851 979
851 1043
852 223
852 229
852 242
852 370
852 546
852 660
852 724
852 788
852 916
852 980
852 1044
853 232
853 661
853 725
853 789
853 917
853 981
853 1045
853 1186
854 662
854 726
854 790
854 918
854 982
854 1046
855 663
855 727
855 791
855 919
855 983
855 1028
855 1047
856 474
856 501
856 503
856 664
856 728
856 792
856 920
856 984
856 1013
856 1048
856 1063
856 1127
857 665
857 729
857 793
857 888
857 921
857 985
857 1000
857 1049
858 125
858 320
858 341
858 498
858 666
858 730
858 789
858 794
858 922
858 986
858 1050
858 1114
859 641
859 667
859 731
859 795
859 810
859 923
859 987
859 1051
859 1118
860 289
860 668
860 732
860 796
860 897
860 924
860 988
860 1052
861 669
861 733
861 797
861 925
861 989
861 1053
861 1248
862 524
862 550
862 670
862 734
862 798
862 926
862 990
862 1054
863 19
863 671
863 681
863 735
863 799
863 927
863 991
863 1049
863 1055
864 672
864 736
864 800
864 928
864 992
864 1056
865 673
865 737
865 801
865 929
865 963
865 993
865 1057
866 99
866 178
866 410
866 464
866 562
866 674
866 738
866 802
866 930
866 994
866 1058
867 147
867 485
867 606
867 675
867 739
867 803
867 924
867 931
867 995
867 1059
868 4
868 119
868 173
868 256
868 676
868 740
868 804
868 932
868 996
868 1060
869 423
869 677
869 679
869 741
869 805
869 933
869 955
869 997
869 1061
869 1079
870 348
870 678
870 742
870 806
870 934
870 998
870 1036
870 1062
871 117
871 679
871 743
871 807
871 935
871 999
871 1063
871 1196
872 123
872 272
872 292
872 680
872 744
872 808
872 936
872 984
872 1000
872 1019
872 1064
872 1172
873 547
873 681
873 745
873 809
873 935
873 937
873 1001
873 1065
874 682
874 746
874 810
874 938
874 1002
874 1066
874 1190
875 446
875 683
875 747
875 811
875 812
875 939
875 1003
875 1009
876 684
876 748
876 812
876 940
876 956
876 1004
876 1008
876 1068
877 30
877 169
877 685
877 749
877 813
877 818
877 917
877 941
877 1005
877 1069
877 1128
878 48
878 686
878 750
878 814
878 942
878 958
878 1006
878 1070
878 1198
879 687
879 751
879 815
879 934
879 943
879 1007
879 1071
880 126
880 380
880 639
880 747
880 752
880 816
880 944
880 1008
880 1072
881 31
881 689
881 753
881 817
881 945
881 1009
881 1073
881 1146
881 1262
882 101
882 194
882 322
882 448
882 549
882 690
882 754
882 818
882 946
882 1010
882 1074
882 1219
883 51
883 172
883 179
883 300
883 565
883 691
883 755
883 819
883 947
883 1011
883 1072
883 1075
883 1215
884 692
884 756
884 820
884 948
884 949
884 1012
884 1076
884 1091
885 345
885 693
885 757
885 821
885 949
885 1013
885 1077
885 1141
886 694
886 758
886 822
886 950
886 1014
886 1078
887 695
887 759
887 823
887 951
887 1015
887 1079
888 696
888 760
888 824
888 857
888 952
888 1000
888 1016
888 1080
889 761
889 825
889 953
889 1017
889 1214
890 252
890 428
890 430
890 435
890 762
890 826
890 954
891 112
891 699
891 763
891 817
891 827
891 955
891 1017
891 1019
891 1083
892 366
892 563
892 625
892 700
892 764
892 828
892 956
892 1020
893 276
893 295
893 479
893 532
893 701
893 754
893 765
893 829
893 957
893 1021
893 1085
893 1138
894 766
894 830
894 895
894 958
894 1022
894 1086
894 1203
895 767
895 831
895 894
895 959
895 1023
895 1203
896 130
896 484
896 704
896 768
896 832
896 960
896 962
896 1024
896 1088
897 289
897 705
897 769
897 833
897 860
897 961
897 1025
897 1089
898 293
898 356
898 357
898 706
898 770
898 832
898 834
898 962
898 1026
898 1090
898 1202
898 1268
899 707
899 771
899 835
899 963
899 1027
899 1091
900 0
900 98
900 226
900 384
900 548
900 708
900 772
900 836
900 964
900 1028
900 1092
901 517
901 672
901 709
901 773
901 837
901 965
901 1002
901 1029
901 1093
902 6
902 70
902 134
902 198
902 262
902 326
902 390
902 454
902 518
902 582
902 646
902 710
902 774
902 838
902 907
902 966
902 971
902 1030
902 1035
902 1094
902 1099
902 1158
902 1163
902 1222
902 1227
903 711
903 775
903 839
903 967
903 1031
903 1095
904 13
904 75
904 77
904 139
904 141
904 203
904 205
904 267
904 269
904 328
904 333
904 392
904 397
904 461
904 520
904 525
904 584
904 589
904 648
904 653
904 712
904 715
904 717
904 776
904 779
904 781
904 840
904 843
904 845
904 907
904 909
904 968
904 973
904 1032
904 1035
904 1037
904 1096
904 1099
904 1101
904 1160
904 1165
904 1224
904 1227
904 1229
905 8
905 73
905 137
905 200
905 265
905 329
905 393
905 457
905 521
905 585
905 649
905 713
905 777
905 841
905 969
905 1033
905 1097
905 1161
905 1225
906 343
906 714
906 778
906 842
906 970
906 1034
906 1098
906 1180
907 70
907 77
907 141
907 198
907 205
907 262
907 269
907 326
907 333
907 390
907 397
907 454
907 461
907 518
907 525
907 582
907 646
907 653
907 712
907 715
907 717
907 774
907 779
907 781
907 838
907 840
907 843
907 902
907 904
907 909
907 966
907 968
907 971
907 973
907 1030
907 1035
907 1037
907 1094
907 1099
907 1101
907 1158
907 1160
907 1163
907 1165
907 1222
907 1227
907 1229
908 716
908 780
908 844
908 972
908 1036
908 1100
909 13
909 75
909 77
909 139
909 141
909 203
909 205
909 267
909 269
909 328
909 333
909 392
909 395
909 397
909 461
909 520
909 525
909 584
909 589
909 648
909 653
909 712
909 715
909 717
909 776
909 779
909 781
909 840
909 843
909 845
909 904
909 907
909 968
909 973
909 1032
909 1035
909 1037
909 1096
909 1099
909 1101
909 1160
909 1165
909 1224
909 1229
910 718
910 782
910 846
910 974
910 1038
910 1102
911 162
911 719
911 783
911 847
911 975
911 1039
911 1047
911 1103
912 35
912 88
912 218
912 220
912 720
912 784
912 848
912 976
912 1040
912 1104
913 721
913 785
913 849
913 977
913 1041
913 1105
914 323
914 722
914 786
914 850
914 978
914 1042
914 1106
915 89
915 317
915 706
915 723
915 787
915 851
915 979
915 1043
915 1107
916 39
916 156
916 364
916 493
916 724
916 788
916 852
916 980
916 1006
916 1044
916 1108
917 30
917 169
917 725
917 789
917 818
917 853
917 877
917 981
917 1045
917 1109
917 1128
918 726
918 790
918 854
918 982
918 1046
918 1110
919 727
919 791
919 855
919 983
919 1047
919 1111
920 84
920 152
920 597
920 683
920 728
920 757
920 792
920 813
920 856
920 984
920 999
920 1048
920 1112
920 1255
921 61
921 729
921 793
921 857
921 926
921 932
921 985
921 1048
921 1049
921 1113
922 730
922 794
922 858
922 986
922 1050
922 1114
922 1168
923 731
923 795
923 859
923 987
923 1051
923 1115
924 147
924 485
924 606
924 732
924 796
924 860
924 867
924 988
924 1052
924 1116
925 15
925 279
925 733
925 797
925 861
925 989
925 1053
925 1117
926 61
926 729
926 734
926 798
926 862
926 921
926 932
926 990
926 1048
926 1054
926 1118
927 301
927 412
927 735
927 799
927 863
927 991
927 1055
927 1108
927 1119
928 736
928 800
928 864
928 992
928 1056
928 1120
928 1238
929 737
929 801
929 865
929 993
929 1057
929 1121
930 738
930 802
930 866
930 994
930 1058
930 1122
931 336
931 538
931 573
931 615
931 696
931 739
931 803
931 867
931 995
931 1059
931 1123
931 1241
932 61
932 729
932 740
932 804
932 868
932 921
932 926
932 996
932 1048
932 1060
932 1124
933 512
933 741
933 805
933 821
933 869
933 997
933 1061
933 1125
934 742
934 806
934 870
934 879
934 998
934 1062
934 1126
935 547
935 743
935 807
935 871
935 873
935 999
935 1063
935 1127
936 94
936 415
936 504
936 744
936 808
936 872
936 1000
936 1064
936 1128
936 1240
937 663
937 745
937 809
937 873
937 1001
937 1065
937 1129
937 1277
938 746
938 810
938 874
938 1002
938 1066
938 1130
939 875
939 1003
940 248
940 748
940 812
940 876
940 1004
940 1068
940 1132
940 1208
941 105
941 284
941 489
941 665
941 720
941 749
941 794
941 813
941 877
941 1005
941 1069
941 1124
941 1133
942 108
942 113
942 432
942 750
942 814
942 878
942 945
942 1006
942 1040
942 1070
942 1134
943 38
943 751
943 815
943 879
943 970
943 1007
943 1071
943 1135
944 154
944 304
944 355
944 752
944 816
944 880
944 1008
944 1072
944 1136
945 108
945 113
945 432
945 753
945 817
945 881
945 942
945 1009
945 1040
945 1073
945 1137
946 361
946 514
946 610
946 754
946 818
946 834
946 882
946 1010
946 1074
946 1138
947 755
947 819
947 883
947 1011
947 1075
948 63
948 124
948 307
948 561
948 620
948 756
948 820
948 884
948 1012
948 1076
948 1112
948 1140
948 1192
948 1209
949 757
949 821
949 884
949 885
949 1013
949 1077
949 1091
949 1141
950 5
950 758
950 822
950 886
950 1014
950 1078
950 1142
951 287
951 332
951 339
951 738
951 759
951 768
951 802
951 815
951 823
951 887
951 1015
951 1079
951 1143
952 46
952 163
952 231
952 624
952 656
952 760
952 824
952 827
952 888
952 1016
952 1080
952 1144
952 1265
953 212
953 728
953 761
953 825
953 889
953 1017
953 1081
953 1145
953 1264
954 826
954 890
954 1018
954 1082
954 1146
955 423
955 679
955 763
955 827
955 869
955 891
955 1019
955 1079
955 1083
955 1147
956 828
956 876
956 892
956 1008
956 1020
956 1084
956 1148
957 192
957 340
957 745
957 765
957 829
957 893
957 1021
957 1085
957 1149
957 1266
958 48
958 766
958 830
958 878
958 894
958 1022
958 1086
958 1150
958 1198
959 699
959 762
959 831
959 895
959 1023
959 1087
960 228
960 303
960 311
960 768
960 832
960 896
960 1024
960 1088
960 1152
961 769
961 833
961 897
961 1025
961 1089
961 1153
962 130
962 484
962 770
962 834
962 896
962 898
962 1026
962 1090
962 1154
963 771
963 835
963 865
963 899
963 1027
963 1091
963 1155
964 55
964 751
964 772
964 836
964 900
964 1028
964 1092
964 1156
965 773
965 837
965 901
965 1029
965 1093
965 1157
966 6
966 70
966 134
966 198
966 262
966 326
966 390
966 454
966 518
966 582
966 646
966 710
966 774
966 838
966 902
966 907
966 971
966 1030
966 1035
966 1094
966 1099
966 1158
966 1163
966 1222
966 1227
967 182
967 775
967 839
967 903
967 1031
967 1095
967 1159
968 13
968 77
968 139
968 141
968 205
968 267
968 269
968 328
968 333
968 392
968 397
968 461
968 520
968 525
968 589
968 648
968 653
968 712
968 715
968 717
968 776
968 779
968 781
968 840
968 843
968 845
968 904
968 907
968 909
968 971
968 973
968 1032
968 1035
968 1037
968 1096
968 1099
968 1101
968 1160
968 1163
968 1165
968 1227
968 1229
969 8
969 73
969 137
969 200
969 265
969 329
969 393
969 457
969 521
969 585
969 649
969 713
969 777
969 841
969 905
969 1033
969 1097
969 1161
969 1225
970 38
970 778
970 842
970 906
970 943
970 1034
970 1098
970 1162
971 134
971 141
971 198
971 262
971 269
971 326
971 390
971 454
971 518
971 582
971 646
971 653
971 710
971 774
971 779
971 838
971 843
971 902
971 907
971 966
971 968
971 973
971 1030
971 1035
971 1094
971 1099
971 1158
971 1163
971 1165
971 1222
971 1227
972 780
972 844
972 908
972 1036
972 1100
972 1164
973 77
973 139
973 141
973 205
973 269
973 328
973 333
973 397
973 461
973 525
973 648
973 653
973 712
973 717
973 776
973 779
973 781
973 840
973 843
973 845
973 904
973 907
973 909
973 968
973 971
973 1032
973 1035
973 1037
973 1099
973 1101
973 1160
973 1163
973 1165
973 1227
973 1229
974 782
974 846
974 910
974 1038
974 1102
974 1166
975 783
975 847
975 911
975 1039
975 1103
975 1167
976 103
976 346
976 375
976 784
976 848
976 912
976 1040
976 1104
976 1168
977 785
977 849
977 913
977 1041
977 1105
977 1169
978 786
978 801
978 850
978 914
978 1042
978 1106
978 1170
979 787
979 851
979 915
979 1043
979 1107
979 1171
980 82
980 114
980 759
980 788
980 852
980 916
980 1044
980 1108
980 1172
981 297
981 789
981 853
981 917
981 1045
981 1109
981 1173
982 790
982 854
982 918
982 1046
982 1110
982 1174
983 791
983 855
983 919
983 988
983 1047
983 1111
983 1175
984 123
984 272
984 292
984 792
984 856
984 872
984 920
984 1019
984 1048
984 1112
984 1172
984 1176
985 68
985 350
985 404
985 793
985 857
985 921
985 1049
985 1113
985 1177
986 351
986 373
986 794
986 858
986 922
986 996
986 1020
986 1050
986 1114
986 1178
987 795
987 859
987 923
987 1051
987 1095
987 1115
987 1179
988 796
988 860
988 924
988 983
988 1052
988 1116
988 1180
989 797
989 861
989 925
989 1053
989 1117
989 1181
990 798
990 862
990 926
990 1054
990 1118
990 1182
991 799
991 863
991 927
991 1055
991 1119
991 1183
992 775
992 800
992 864
992 928
992 1056
992 1120
992 1184
993 97
993 451
993 801
993 865
993 929
993 1057
993 1121
993 1185
994 239
994 802
994 866
994 930
994 1058
994 1122
994 1186
995 222
995 803
995 867
995 931
995 1059
995 1123
995 1187
995 1234
996 351
996 373
996 804
996 868
996 932
996 986
996 1020
996 1060
996 1124
996 1188
997 95
997 741
997 805
997 869
997 933
997 1058
997 1061
997 1125
997 1189
998 42
998 806
998 870
998 934
998 1062
998 1126
998 1190
999 84
999 152
999 597
999 683
999 757
999 807
999 813
999 871
999 920
999 935
999 1063
999 1127
999 1191
999 1255
1000 808
1000 857
1000 872
1000 888
1000 936
1000 1064
1000 1128
1000 1192
1001 809
1001 873
1001 937
1001 1065
1001 1129
1001 1193
1002 517
1002 672
1002 810
1002 874
1002 901
1002 938
1002 1066
1002 1130
1002 1194
1003 185
1003 875
1003 939
1003 1067
1003 1131
1004 50
1004 812
1004 876
1004 940
1004 1068
1004 1132
1004 1196
1005 813
1005 877
1005 941
1005 1069
1005 1133
1005 1197
1005 1204
1005 1247
1006 39
1006 156
1006 364
1006 493
1006 814
1006 878
1006 916
1006 942
1006 1070
1006 1134
1006 1198
1007 815
1007 879
1007 943
1007 1071
1007 1135
1007 1199
1008 816
1008 876
1008 880
1008 944
1008 956
1008 1072
1008 1136
1008 1200
1009 446
1009 812
1009 817
1009 875
1009 881
1009 945
1009 1073
1009 1137
1009 1201
1010 540
1010 692
1010 809
1010 818
1010 882
1010 946
1010 1074
1010 1138
1010 1202
1011 120
1011 187
1011 371
1011 883
1011 947
1011 1075
1011 1145
1012 420
1012 642
1012 820
1012 884
1012 948
1012 1076
1012 1140
1012 1204
1013 474
1013 501
1013 503
1013 821
1013 856
1013 885
1013 949
1013 1063
1013 1077
1013 1127
1013 1141
1013 1205
1014 822
1014 886
1014 950
1014 1078
1014 1142
1014 1206
1015 791
1015 823
1015 887
1015 951
1015 1079
1015 1143
1015 1207
1016 419
1016 571
1016 684
1016 888
1016 952
1016 1080
1016 1144
1016 1208
1017 112
1017 817
1017 825
1017 889
1017 891
1017 953
1017 1081
1017 1145
1017 1209
1018 954
1018 1082
1018 1146
1019 123
1019 272
1019 292
1019 827
1019 872
1019 891
1019 955
1019 984
1019 1083
1019 1147
1019 1172
1019 1211
1020 351
1020 373
1020 828
1020 892
1020 956
1020 986
1020 996
1020 1084
1020 1148
1020 1212
1021 275
1021 829
1021 893
1021 957
1021 1085
1021 1149
1021 1213
1022 894
1022 958
1022 1086
1022 1144
1022 1150
1022 1214
1023 700
1023 763
1023 831
1023 895
1023 959
1023 1087
1023 1151
1023 1215
1024 2
1024 183
1024 217
1024 804
1024 832
1024 896
1024 960
1024 1088
1024 1152
1024 1216
1025 833
1025 897
1025 961
1025 1089
1025 1153
1025 1217
1026 158
1026 834
1026 898
1026 962
1026 1090
1026 1154
1026 1205
1026 1218
1026 1250
1027 92
1027 835
1027 899
1027 963
1027 1091
1027 1155
1027 1219
1028 836
1028 855
1028 900
1028 964
1028 1092
1028 1156
1028 1220
1029 837
1029 901
1029 965
1029 1093
1029 1105
1029 1157
1029 1221
1030 6
1030 70
1030 134
1030 198
1030 262
1030 326
1030 390
1030 454
1030 518
1030 582
1030 646
1030 710
1030 774
1030 838
1030 902
1030 907
1030 966
1030 971
1030 1035
1030 1094
1030 1099
1030 1158
1030 1163
1030 1222
1030 1227
1031 93
1031 839
1031 903
1031 967
1031 1095
1031 1159
1031 1223
1032 75
1032 139
1032 203
1032 205
1032 267
1032 269
1032 328
1032 333
1032 392
1032 395
1032 397
1032 461
1032 520
1032 525
1032 584
1032 589
1032 648
1032 653
1032 712
1032 715
1032 717
1032 776
1032 779
1032 781
1032 840
1032 843
1032 845
1032 904
1032 909
1032 968
1032 973
1032 1037
1032 1096
1032 1101
1032 1160
1032 1165
1032 1224
1032 1229
1033 8
1033 73
1033 137
1033 200
1033 265
1033 329
1033 393
1033 457
1033 521
1033 585
1033 649
1033 713
1033 777
1033 841
1033 905
1033 969
1033 1097
1033 1161
1033 1225
1034 842
1034 906
1034 970
1034 1098
1034 1162
1034 1226
1035 198
1035 205
1035 262
1035 269
1035 326
1035 333
1035 390
1035 397
1035 454
1035 461
1035 518
1035 525
1035 582
1035 646
1035 653
1035 710
1035 712
1035 717
1035 774
1035 779
1035 781
1035 838
1035 843
1035 902
1035 904
1035 907
1035 909
1035 966
1035 968
1035 971
1035 973
1035 1030
1035 1037
1035 1094
1035 1099
1035 1158
1035 1160
1035 1163
1035 1165
1035 1222
1035 1227
1035 1229
1036 348
1036 844
1036 870
1036 908
1036 972
1036 1100
1036 1164
1036 1228
1037 13
1037 139
1037 203
1037 205
1037 267
1037 269
1037 328
1037 333
1037 392
1037 395
1037 397
1037 461
1037 520
1037 525
1037 584
1037 589
1037 648
1037 653
1037 712
1037 715
1037 717
1037 776
1037 779
1037 781
1037 840
1037 843
1037 845
1037 904
1037 907
1037 909
1037 968
1037 973
1037 1032
1037 1035
1037 1096
1037 1099
1037 1101
1037 1160
1037 1165
1037 1224
1037 1229
1038 846
1038 910
1038 974
1038 1102
1038 1166
1038 1230
1039 455
1039 847
1039 911
1039 975
1039 1103
1039 1167
1039 1231
1040 108
1040 113
1040 432
1040 848
1040 912
1040 942
1040 945
1040 976
1040 1104
1040 1168
1040 1232
1041 849
1041 913
1041 977
1041 1105
1041 1169
1041 1233
1042 640
1042 808
1042 850
1042 914
1042 978
1042 1088
1042 1106
1042 1170
1042 1234
1043 530
1043 851
1043 915
1043 979
1043 1107
1043 1171
1043 1235
1044 253
1044 852
1044 916
1044 980
1044 1069
1044 1108
1044 1172
1044 1236
1045 45
1045 637
1045 853
1045 917
1045 981
1045 1109
1045 1173
1045 1237
1046 7
1046 854
1046 918
1046 982
1046 1110
1046 1174
1046 1238
1047 162
1047 855
1047 911
1047 919
1047 983
1047 1111
1047 1175
1047 1239
1048 61
1048 729
1048 856
1048 920
1048 921
1048 926
1048 932
1048 984
1048 1112
1048 1176
1048 1240
1049 19
1049 681
1049 857
1049 863
1049 921
1049 985
1049 1113
1049 1177
1049 1241
1050 25
1050 537
1050 660
1050 695
1050 858
1050 922
1050 986
1050 1114
1050 1178
1050 1242
1051 79
1051 609
1051 769
1051 859
1051 923
1051 987
1051 1052
1051 1115
1051 1179
1051 1243
1052 79
1052 609
1052 769
1052 860
1052 924
1052 988
1052 1051
1052 1116
1052 1180
1052 1244
1053 298
1053 861
1053 925
1053 989
1053 1117
1053 1181
1053 1245
1054 196
1054 862
1054 926
1054 990
1054 1118
1054 1182
1054 1246
1055 863
1055 927
1055 991
1055 1119
1055 1129
1055 1183
1055 1247
1056 864
1056 928
1056 992
1056 1120
1056 1184
1056 1248
1057 495
1057 865
1057 929
1057 993
1057 1092
1057 1121
1057 1185
1057 1249
1058 95
1058 741
1058 866
1058 930
1058 994
1058 997
1058 1122
1058 1186
1058 1250
1059 238
1059 245
1059 867
1059 931
1059 995
1059 1123
1059 1187
1059 1251
1060 868
1060 932
1060 996
1060 1109
1060 1124
1060 1188
1060 1252
1061 552
1061 820
1061 869
1061 933
1061 997
1061 1125
1061 1189
1061 1253
1062 870
1062 934
1062 998
1062 1126
1062 1179
1062 1190
1062 1254
1063 474
1063 501
1063 503
1063 856
1063 871
1063 935
1063 999
1063 1013
1063 1127
1063 1191
1063 1255
1064 643
1064 823
1064 872
1064 936
1064 1000
1064 1128
1064 1173
1064 1192
1064 1218
1064 1256
1065 677
1065 735
1065 873
1065 937
1065 1001
1065 1129
1065 1193
1065 1242
1065 1257
1066 874
1066 938
1066 1002
1066 1130
1066 1162
1066 1194
1066 1258
1067 177
1067 492
1067 616
1067 1003
1067 1131
1067 1195
1067 1210
1068 110
1068 121
1068 312
1068 315
1068 556
1068 600
1068 876
1068 940
1068 1004
1068 1132
1068 1196
1068 1260
1069 253
1069 877
1069 941
1069 1005
1069 1044
1069 1133
1069 1197
1069 1261
1070 578
1070 740
1070 878
1070 942
1070 1006
1070 1134
1070 1198
1070 1262
1071 839
1071 879
1071 943
1071 1007
1071 1135
1071 1199
1071 1263
1072 51
1072 172
1072 179
1072 300
1072 565
1072 880
1072 883
1072 944
1072 1008
1072 1136
1072 1200
1072 1215
1072 1264
1073 153
1073 881
1073 945
1073 1009
1073 1137
1073 1201
1073 1265
1074 21
1074 168
1074 211
1074 576
1074 755
1074 882
1074 946
1074 1010
1074 1138
1074 1202
1074 1266
1075 883
1075 947
1075 1011
1075 1139
1075 1203
1075 1267
1075 1275
1076 281
1076 359
1076 604
1076 784
1076 884
1076 948
1076 1012
1076 1140
1076 1204
1076 1268
1077 195
1077 650
1077 680
1077 885
1077 949
1077 1013
1077 1141
1077 1205
1077 1269
1078 14
1078 886
1078 950
1078 1014
1078 1142
1078 1206
1078 1270
1079 423
1079 679
1079 869
1079 887
1079 951
1079 955
1079 1015
1079 1143
1079 1207
1079 1271
1080 243
1080 445
1080 472
1080 592
1080 756
1080 888
1080 952
1080 1016
1080 1144
1080 1208
1080 1272
1081 314
1081 748
1081 953
1081 1017
1081 1145
1081 1209
1081 1211
1081 1267
1081 1273
1082 954
1082 1018
1082 1146
1082 1151
1082 1210
1083 180
1083 496
1083 500
1083 891
1083 955
1083 1019
1083 1147
1083 1211
1083 1275
1083 1278
1084 956
1084 1020
1084 1148
1084 1212
1085 128
1085 429
1085 612
1085 704
1085 893
1085 957
1085 1021
1085 1149
1085 1213
1085 1277
1086 409
1086 894
1086 958
1086 1022
1086 1150
1086 1214
1086 1278
1087 107
1087 378
1087 959
1087 1023
1087 1151
1087 1215
1088 640
1088 808
1088 896
1088 960
1088 1024
1088 1042
1088 1152
1088 1216
1089 515
1089 897
1089 961
1089 1025
1089 1153
1089 1217
1090 744
1090 898
1090 962
1090 1026
1090 1154
1090 1218
1091 884
1091 899
1091 949
1091 963
1091 1027
1091 1155
1091 1219
1092 495
1092 900
1092 964
1092 1028
1092 1057
1092 1156
1092 1220
1093 901
1093 965
1093 1029
1093 1157
1093 1221
1094 6
1094 70
1094 134
1094 198
1094 262
1094 326
1094 390
1094 454
1094 518
1094 582
1094 646
1094 710
1094 774
1094 838
1094 902
1094 907
1094 966
1094 971
1094 1030
1094 1035
1094 1099
1094 1158
1094 1163
1094 1222
1094 1227
1095 903
1095 967
1095 987
1095 1031
1095 1159
1095 1223
1096 75
1096 139
1096 203
1096 267
1096 269
1096 328
1096 333
1096 392
1096 395
1096 397
1096 456
1096 461
1096 520
1096 525
1096 584
1096 589
1096 648
1096 653
1096 712
1096 715
1096 717
1096 776
1096 779
1096 781
1096 840
1096 843
1096 845
1096 904
1096 909
1096 968
1096 1032
1096 1037
1096 1101
1096 1160
1096 1165
1096 1224
1096 1229
1097 8
1097 73
1097 137
1097 200
1097 265
1097 329
1097 393
1097 457
1097 521
1097 585
1097 649
1097 713
1097 777
1097 841
1097 905
1097 969
1097 1033
1097 1161
1097 1225
1098 155
1098 906
1098 970
1098 1034
1098 1162
1098 1226
1099 77
1099 262
1099 269
1099 326
1099 333
1099 390
1099 397
1099 454
1099 461
1099 518
1099 525
1099 582
1099 646
1099 653
1099 712
1099 717
1099 774
1099 779
1099 781
1099 838
1099 840
1099 843
1099 845
1099 902
1099 904
1099 907
1099 909
1099 966
1099 968
1099 971
1099 973
1099 1030
1099 1035
1099 1037
1099 1094
1099 1101
1099 1158
1099 1160
1099 1163
1099 1165
1099 1222
1099 1227
1099 1229
1100 513
1100 908
1100 972
1100 1036
1100 1164
1100 1228
1100 1244
1101 13
1101 75
1101 139
1101 267
1101 269
1101 328
1101 333
1101 392
1101 395
1101 397
1101 461
1101 520
1101 525
1101 584
1101 589
1101 648
1101 653
1101 712
1101 715
1101 717
1101 776
1101 779
1101 781
1101 840
1101 843
1101 845
1101 904
1101 907
1101 909
1101 968
1101 973
1101 1032
1101 1037
1101 1096
1101 1099
1101 1160
1101 1165
1101 1224
1101 1229
1102 566
1102 910
1102 974
1102 1038
1102 1166
1102 1230
1103 271
1103 911
1103 975
1103 1039
1103 1167
1103 1231
1104 912
1104 976
1104 1040
1104 1168
1104 1232
1105 913
1105 977
1105 1029
1105 1041
1105 1169
1105 1233
1106 283
1106 727
1106 914
1106 978
1106 1042
1106 1170
1106 1234
1107 387
1107 516
1107 798
1107 915
1107 979
1107 1043
1107 1171
1107 1235
1108 301
1108 412
1108 916
1108 927
1108 980
1108 1044
1108 1172
1108 1236
1109 917
1109 981
1109 1045
1109 1060
1109 1173
1109 1237
1110 918
1110 982
1110 1046
1110 1174
1110 1238
1111 919
1111 983
1111 1047
1111 1175
1111 1185
1111 1239
1112 63
1112 124
1112 307
1112 561
1112 620
1112 920
1112 948
1112 984
1112 1048
1112 1176
1112 1192
1112 1209
1112 1240
1113 40
1113 291
1113 528
1113 803
1113 829
1113 921
1113 985
1113 1049
1113 1176
1113 1177
1113 1241
1113 1256
1114 125
1114 320
1114 341
1114 498
1114 789
1114 858
1114 922
1114 986
1114 1050
1114 1178
1114 1242
1115 545
1115 771
1115 923
1115 987
1115 1051
1115 1179
1115 1243
1116 148
1116 924
1116 988
1116 1052
1116 1133
1116 1180
1116 1244
1117 925
1117 989
1117 1053
1117 1181
1117 1228
1117 1245
1118 641
1118 810
1118 859
1118 926
1118 990
1118 1054
1118 1182
1118 1246
1119 595
1119 927
1119 991
1119 1055
1119 1143
1119 1183
1119 1247
1120 928
1120 992
1120 1056
1120 1184
1120 1248
1121 929
1121 993
1121 1057
1121 1185
1121 1249
1122 227
1122 551
1122 930
1122 994
1122 1058
1122 1123
1122 1186
1122 1250
1123 227
1123 551
1123 931
1123 995
1123 1059
1123 1122
1123 1187
1123 1251
1124 105
1124 284
1124 489
1124 665
1124 720
1124 794
1124 932
1124 941
1124 996
1124 1060
1124 1188
1124 1252
1125 933
1125 997
1125 1061
1125 1188
1125 1189
1125 1253
1126 586
1126 934
1126 998
1126 1062
1126 1190
1126 1254
1127 474
1127 501
1127 503
1127 856
1127 935
1127 999
1127 1013
1127 1063
1127 1191
1127 1255
1128 30
1128 169
1128 818
1128 877
1128 917
1128 936
1128 1000
1128 1064
1128 1192
1128 1256
1129 937
1129 1001
1129 1055
1129 1065
1129 1193
1129 1257
1130 358
1130 938
1130 1002
1130 1066
1130 1194
1130 1258
1131 447
1131 1003
1131 1067
1131 1195
1131 1259
1132 830
1132 940
1132 1004
1132 1068
1132 1196
1132 1260
1133 148
1133 941
1133 1005
1133 1069
1133 1116
1133 1197
1133 1261
1134 302
1134 942
1134 1006
1134 1070
1134 1148
1134 1198
1134 1262
1134 1276
1135 33
1135 554
1135 943
1135 1007
1135 1071
1135 1199
1135 1249
1135 1263
1136 443
1136 619
1136 944
1136 1008
1136 1072
1136 1200
1136 1264
1137 53
1137 487
1137 499
1137 596
1137 626
1137 766
1137 945
1137 1009
1137 1073
1137 1201
1137 1265
1138 276
1138 295
1138 479
1138 532
1138 754
1138 893
1138 946
1138 1010
1138 1074
1138 1202
1138 1266
1139 1075
1139 1203
1139 1267
1140 66
1140 948
1140 1012
1140 1076
1140 1204
1140 1268
1141 345
1141 885
1141 949
1141 1013
1141 1077
1141 1205
1141 1269
1142 950
1142 1014
1142 1078
1142 1206
1142 1270
1143 595
1143 951
1143 1015
1143 1079
1143 1119
1143 1207
1143 1271
1144 952
1144 1016
1144 1022
1144 1080
1144 1208
1144 1272
1145 120
1145 187
1145 371
1145 953
1145 1011
1145 1017
1145 1081
1145 1209
1145 1273
1146 31
1146 881
1146 954
1146 1018
1146 1082
1146 1210
1146 1262
1146 1274
1147 574
1147 955
1147 1019
1147 1083
1147 1211
1147 1275
1148 302
1148 956
1148 1020
1148 1084
1148 1134
1148 1212
1148 1276
1149 237
1149 553
1149 957
1149 1021
1149 1085
1149 1213
1149 1277
1150 383
1150 702
1150 703
1150 958
1150 1022
1150 1086
1150 1214
1150 1278
1151 1023
1151 1082
1151 1087
1151 1215
1151 1279
1152 204
1152 778
1152 960
1152 1024
1152 1088
1152 1216
1152 1220
1153 221
1153 268
1153 961
1153 1025
1153 1089
1153 1217
1154 181
1154 213
1154 439
1154 962
1154 1026
1154 1090
1154 1218
1155 477
1155 797
1155 963
1155 1027
1155 1091
1155 1219
1156 531
1156 964
1156 1028
1156 1092
1156 1170
1156 1220
1157 965
1157 1029
1157 1093
1157 1221
1158 6
1158 70
1158 134
1158 198
1158 262
1158 326
1158 390
1158 454
1158 518
1158 582
1158 646
1158 710
1158 774
1158 838
1158 902
1158 907
1158 966
1158 971
1158 1030
1158 1035
1158 1094
1158 1099
1158 1163
1158 1222
1158 1227
1159 967
1159 1031
1159 1095
1159 1223
1160 13
1160 77
1160 141
1160 205
1160 269
1160 328
1160 333
1160 392
1160 397
1160 461
1160 520
1160 525
1160 584
1160 589
1160 648
1160 653
1160 712
1160 715
1160 717
1160 776
1160 779
1160 781
1160 840
1160 843
1160 845
1160 904
1160 907
1160 909
1160 968
1160 973
1160 1032
1160 1035
1160 1037
1160 1096
1160 1099
1160 1101
1160 1165
1160 1224
1160 1227
1160 1229
1161 8
1161 73
1161 137
1161 200
1161 265
1161 329
1161 393
1161 457
1161 521
1161 585
1161 649
1161 713
1161 777
1161 841
1161 905
1161 969
1161 1033
1161 1097
1161 1225
1162 970
1162 1034
1162 1066
1162 1098
1162 1226
1163 326
1163 390
1163 454
1163 518
1163 582
1163 646
1163 653
1163 710
1163 774
1163 838
1163 843
1163 902
1163 907
1163 966
1163 968
1163 971
1163 973
1163 1030
1163 1035
1163 1094
1163 1099
1163 1158
1163 1165
1163 1222
1163 1227
1164 972
1164 1036
1164 1100
1164 1228
1165 13
1165 77
1165 141
1165 205
1165 269
1165 328
1165 333
1165 397
1165 461
1165 525
1165 648
1165 653
1165 712
1165 717
1165 776
1165 779
1165 781
1165 840
1165 843
1165 845
1165 904
1165 907
1165 909
1165 968
1165 971
1165 973
1165 1032
1165 1035
1165 1037
1165 1096
1165 1099
1165 1101
1165 1160
1165 1163
1165 1227
1165 1229
1166 974
1166 1038
1166 1102
1166 1230
1167 234
1167 975
1167 1039
1167 1103
1167 1231
1168 922
1168 976
1168 1040
1168 1104
1168 1232
1169 977
1169 1041
1169 1105
1169 1233
1170 531
1170 978
1170 1042
1170 1106
1170 1156
1170 1234
1171 41
1171 452
1171 674
1171 676
1171 749
1171 979
1171 1043
1171 1107
1171 1177
1171 1235
1172 123
1172 272
1172 292
1172 872
1172 980
1172 984
1172 1019
1172 1044
1172 1108
1172 1236
1173 643
1173 823
1173 981
1173 1045
1173 1064
1173 1109
1173 1218
1173 1237
1174 982
1174 1046
1174 1110
1174 1238
1175 102
1175 983
1175 1047
1175 1111
1175 1239
1176 40
1176 291
1176 528
1176 803
1176 829
1176 984
1176 1048
1176 1112
1176 1113
1176 1240
1176 1256
1177 41
1177 452
1177 674
1177 676
1177 749
1177 985
1177 1049
1177 1113
1177 1171
1177 1241
1178 24
1178 986
1178 1050
1178 1114
1178 1242
1179 987
1179 1051
1179 1062
1179 1115
1179 1243
1180 343
1180 906
1180 988
1180 1052
1180 1116
1180 1244
1181 214
1181 989
1181 1053
1181 1117
1181 1245
1182 667
1182 990
1182 1054
1182 1118
1182 1246
1183 296
1183 594
1183 991
1183 1055
1183 1119
1183 1247
1184 992
1184 1056
1184 1120
1184 1248
1185 993
1185 1057
1185 1111
1185 1121
1185 1249
1186 232
1186 853
1186 994
1186 1058
1186 1122
1186 1250
1187 282
1187 568
1187 792
1187 995
1187 1059
1187 1123
1187 1251
1188 996
1188 1060
1188 1124
1188 1125
1188 1252
1189 83
1189 324
1189 403
1189 414
1189 997
1189 1061
1189 1125
1189 1253
1189 1261
1190 874
1190 998
1190 1062
1190 1126
1190 1254
1191 116
1191 494
1191 601
1191 999
1191 1063
1191 1127
1191 1255
1192 63
1192 124
1192 307
1192 561
1192 620
1192 948
1192 1000
1192 1064
1192 1112
1192 1128
1192 1209
1192 1256
1193 1001
1193 1065
1193 1129
1193 1257
1194 391
1194 1002
1194 1066
1194 1130
1194 1258
1195 62
1195 1067
1195 1131
1195 1259
1196 117
1196 871
1196 1004
1196 1068
1196 1132
1196 1260
1197 1005
1197 1069
1197 1133
1197 1261
1198 48
1198 878
1198 958
1198 1006
1198 1070
1198 1134
1198 1262
1199 1007
1199 1071
1199 1135
1199 1263
1200 1008
1200 1072
1200 1136
1200 1264
1201 1009
1201 1073
1201 1137
1201 1265
1201 1272
1202 293
1202 356
1202 357
1202 832
1202 898
1202 1010
1202 1074
1202 1138
1202 1266
1202 1268
1203 894
1203 895
1203 1075
1203 1139
1203 1267
1204 1005
1204 1012
1204 1076
1204 1140
1204 1247
1204 1268
1205 158
1205 1013
1205 1026
1205 1077
1205 1141
1205 1250
1205 1269
1206 1014
1206 1078
1206 1142
1206 1270
1207 1015
1207 1079
1207 1143
1207 1271
1208 248
1208 940
1208 1016
1208 1080
1208 1144
1208 1272
1209 63
1209 124
1209 307
1209 561
1209 620
1209 948
1209 1017
1209 1081
1209 1112
1209 1145
1209 1192
1209 1273
1210 177
1210 492
1210 616
1210 1067
1210 1082
1210 1146
1210 1274
1211 314
1211 748
1211 1019
1211 1081
1211 1083
1211 1147
1211 1267
1211 1275
1212 533
1212 628
1212 739
1212 1020
1212 1084
1212 1148
1212 1276
1213 1021
1213 1085
1213 1149
1213 1277
1214 889
1214 1022
1214 1086
1214 1150
1214 1278
1215 51
1215 172
1215 179
1215 300
1215 565
1215 883
1215 1023
1215 1072
1215 1087
1215 1151
1215 1279
1216 164
1216 1024
1216 1088
1216 1152
1217 1025
1217 1089
1217 1153
1218 643
1218 823
1218 1026
1218 1064
1218 1090
1218 1154
1218 1173
1219 101
1219 194
1219 322
1219 448
1219 549
1219 690
1219 882
1219 1027
1219 1091
1219 1155
1220 204
1220 778
1220 1028
1220 1092
1220 1152
1220 1156
1221 1029
1221 1093
1221 1157
1222 6
1222 70
1222 134
1222 198
1222 262
1222 326
1222 390
1222 454
1222 518
1222 582
1222 646
1222 710
1222 774
1222 838
1222 902
1222 907
1222 966
1222 971
1222 1030
1222 1035
1222 1094
1222 1099
1222 1158
1222 1163
1222 1227
1223 1031
1223 1095
1223 1159
1224 9
1224 11
1224 72
1224 75
1224 139
1224 203
1224 267
1224 392
1224 395
1224 397
1224 456
1224 461
1224 520
1224 525
1224 584
1224 589
1224 648
1224 712
1224 715
1224 717
1224 776
1224 779
1224 781
1224 840
1224 845
1224 904
1224 909
1224 1032
1224 1037
1224 1096
1224 1101
1224 1160
1224 1229
1225 8
1225 73
1225 137
1225 200
1225 265
1225 329
1225 393
1225 457
1225 521
1225 585
1225 649
1225 713
1225 777
1225 841
1225 905
1225 969
1225 1033
1225 1097
1225 1161
1226 1034
1226 1098
1226 1162
1227 390
1227 397
1227 454
1227 461
1227 518
1227 525
1227 582
1227 646
1227 653
1227 710
1227 712
1227 717
1227 774
1227 779
1227 838
1227 843
1227 902
1227 904
1227 907
1227 966
1227 968
1227 971
1227 973
1227 1030
1227 1035
1227 1094
1227 1099
1227 1158
1227 1160
1227 1163
1227 1165
1227 1222
1227 1229
1228 1036
1228 1100
1228 1117
1228 1164
1229 13
1229 77
1229 141
1229 205
1229 269
1229 333
1229 392
1229 397
1229 461
1229 520
1229 525
1229 589
1229 648
1229 653
1229 712
1229 715
1229 717
1229 776
1229 779
1229 781
1229 840
1229 843
1229 845
1229 904
1229 907
1229 909
1229 968
1229 973
1229 1032
1229 1035
1229 1037
1229 1096
1229 1099
1229 1101
1229 1160
1229 1165
1229 1224
1229 1227
1230 1038
1230 1102
1230 1166
1231 678
1231 1039
1231 1103
1231 1167
1232 208
1232 602
1232 730
1232 760
1232 1040
1232 1104
1232 1168
1233 1041
1233 1105
1233 1169
1234 222
1234 995
1234 1042
1234 1106
1234 1170
1235 64
1235 466
1235 580
1235 1043
1235 1107
1235 1171
1236 184
1236 1044
1236 1108
1236 1172
1237 542
1237 1045
1237 1109
1237 1173
1237 1257
1238 928
1238 1046
1238 1110
1238 1174
1239 1047
1239 1111
1239 1175
1240 94
1240 415
1240 504
1240 936
1240 1048
1240 1112
1240 1176
1241 336
1241 538
1241 573
1241 615
1241 696
1241 931
1241 1049
1241 1113
1241 1177
1242 677
1242 735
1242 1050
1242 1065
1242 1114
1242 1178
1243 1051
1243 1115
1243 1179
1244 513
1244 1052
1244 1100
1244 1116
1244 1180
1245 1053
1245 1117
1245 1181
1246 669
1246 1054
1246 1118
1246 1182
1247 1005
1247 1055
1247 1119
1247 1183
1247 1204
1248 861
1248 1056
1248 1120
1248 1184
1249 33
1249 554
1249 1057
1249 1121
1249 1135
1249 1185
1250 158
1250 1026
1250 1058
1250 1122
1250 1186
1250 1205
1251 165
1251 476
1251 1059
1251 1123
1251 1187
1252 714
1252 1060
1252 1124
1252 1188
1253 772
1253 796
1253 1061
1253 1125
1253 1189
1254 490
1254 605
1254 618
1254 1062
1254 1126
1254 1190
1255 84
1255 152
1255 597
1255 683
1255 757
1255 813
1255 920
1255 999
1255 1063
1255 1127
1255 1191
1256 40
1256 291
1256 528
1256 803
1256 829
1256 1064
1256 1113
1256 1128
1256 1176
1256 1192
1257 542
1257 1065
1257 1129
1257 1193
1257 1237
1258 1066
1258 1130
1258 1194
1259 190
1259 826
1259 1131
1259 1195
1260 49
1260 80
1260 509
1260 1068
1260 1132
1260 1196
1261 83
1261 324
1261 403
1261 414
1261 1069
1261 1133
1261 1189
1261 1197
1262 31
1262 881
1262 1070
1262 1134
1262 1146
1262 1198
1263 166
1263 1071
1263 1135
1263 1199
1264 212
1264 728
1264 953
1264 1072
1264 1136
1264 1200
1265 46
1265 163
1265 231
1265 624
1265 656
1265 827
1265 952
1265 1073
1265 1137
1265 1201
1266 192
1266 340
1266 745
1266 957
1266 1074
1266 1138
1266 1202
1267 314
1267 748
1267 1075
1267 1081
1267 1139
1267 1203
1267 1211
1268 293
1268 356
1268 357
1268 832
1268 898
1268 1076
1268 1140
1268 1202
1268 1204
1269 1077
1269 1141
1269 1205
1270 1078
1270 1142
1270 1206
1271 74
1271 836
1271 1079
1271 1143
1271 1207
1272 1080
1272 1144
1272 1201
1272 1208
1273 244
1273 607
1273 1081
1273 1145
1273 1209
1274 174
1274 753
1274 1146
1274 1210
1275 1075
1275 1083
1275 1147
1275 1211
1276 302
1276 1134
1276 1148
1276 1212
1277 663
1277 937
1277 1085
1277 1149
1277 1213
1278 180
1278 496
1278 500
1278 1083
1278 1086
1278 1150
1278 1214
1279 575
1279 824
1279 1151
1279 1215
