0 64
0 128
0 192
0 590
1 65
1 103
1 129
1 193
2 66
2 130
2 194
2 705
3 67
3 131
3 195
3 234
3 785
4 68
4 132
4 196
4 877
5 69
5 133
5 197
5 681
5 942
6 70
6 73
6 134
6 137
6 198
6 265
6 326
6 390
6 457
6 518
6 585
6 646
6 713
6 777
6 838
6 902
6 966
6 1030
6 1097
6 1161
6 1222
7 14
7 70
7 71
7 135
7 199
7 263
7 327
7 391
7 455
7 519
7 583
7 647
7 711
7 775
7 839
7 841
7 967
7 969
7 982
7 1031
7 1095
8 72
8 119
8 136
8 163
8 200
8 360
8 428
8 1140
9 10
9 73
9 137
9 182
9 201
9 262
9 329
9 393
9 470
9 790
9 918
9 1088
9 1142
9 1158
9 1230
10 9
10 54
10 74
10 134
10 138
10 182
10 201
10 202
10 262
10 329
10 393
10 454
10 470
10 522
10 582
10 649
10 710
10 774
10 790
10 846
10 886
10 950
11 75
11 139
11 203
11 983
12 76
12 140
12 204
12 984
13 77
13 141
13 205
13 1073
13 1137
14 7
14 54
14 70
14 71
14 78
14 134
14 135
14 142
14 199
14 206
14 263
14 327
14 391
14 454
14 455
14 519
14 521
14 526
14 534
14 582
14 583
14 647
14 649
14 710
14 711
14 718
14 774
14 775
14 839
14 841
14 846
14 886
14 970
14 979
14 1038
14 1103
14 1159
14 1166
14 1223
14 1225
14 1238
15 79
15 80
15 143
15 207
15 1231
16 80
16 144
16 208
16 388
16 1027
17 81
17 145
17 209
17 633
17 697
17 953
18 82
18 146
18 210
18 433
18 1267
19 83
19 147
19 211
20 84
20 129
20 148
20 212
20 366
20 731
20 972
20 998
21 85
21 149
21 213
21 729
22 86
22 150
22 214
23 44
23 87
23 151
23 215
23 362
23 834
23 1239
24 88
24 152
24 216
24 490
25 89
25 153
25 217
26 28
26 90
26 154
26 218
27 91
27 155
27 219
27 1180
28 26
28 92
28 156
28 220
29 93
29 157
29 221
29 1072
29 1108
29 1138
30 94
30 158
30 222
30 1028
30 1134
31 95
31 159
31 223
32 96
32 112
32 160
32 224
32 538
32 682
32 921
33 97
33 161
33 225
33 442
34 98
34 162
34 226
34 323
34 693
34 696
34 743
35 99
35 163
35 227
36 100
36 164
36 228
37 101
37 165
37 229
38 102
38 147
38 166
38 230
38 430
38 707
39 103
39 167
39 231
39 776
39 1000
40 104
40 168
40 232
40 474
40 825
40 856
40 881
40 1083
41 46
41 105
41 169
41 233
41 844
41 1016
41 1274
42 106
42 170
42 234
42 293
42 730
42 1150
43 107
43 171
43 191
43 235
43 1214
44 23
44 108
44 172
44 236
44 362
44 834
44 1239
45 109
45 173
45 237
46 41
46 110
46 174
46 238
46 844
46 1016
46 1274
47 111
47 175
47 205
47 239
47 248
47 536
47 687
48 57
48 112
48 176
48 224
48 240
48 441
48 575
48 658
49 113
49 177
49 241
49 789
49 891
50 114
50 161
50 178
50 242
50 895
50 1211
51 82
51 115
51 179
51 243
52 116
52 180
52 244
53 117
53 181
53 245
53 610
54 10
54 14
54 70
54 118
54 134
54 135
54 182
54 199
54 201
54 246
54 263
54 393
54 454
54 521
54 522
54 526
54 534
54 582
54 649
54 710
54 711
54 718
54 774
54 839
54 846
54 886
54 903
54 905
54 1014
54 1162
54 1174
54 1223
54 1225
55 58
55 119
55 183
55 247
55 663
56 120
56 184
56 248
56 872
57 48
57 121
57 185
57 224
57 249
57 441
57 575
57 658
58 55
58 122
58 186
58 250
58 663
59 63
59 123
59 187
59 251
60 124
60 188
60 189
60 226
60 252
60 1056
61 125
61 189
61 249
61 253
61 495
62 126
62 190
62 254
63 59
63 127
63 187
63 191
63 255
64 0
64 128
64 192
64 256
64 1098
64 1262
65 1
65 129
65 193
65 257
65 821
65 1037
66 2
66 130
66 194
66 258
66 376
67 3
67 115
67 131
67 195
67 259
67 271
68 4
68 132
68 196
68 260
69 5
69 133
69 145
69 197
69 261
70 6
70 7
70 14
70 54
70 71
70 134
70 135
70 198
70 199
70 262
70 263
70 327
70 391
70 454
70 455
70 519
70 521
70 526
70 534
70 582
70 583
70 647
70 649
70 710
70 711
70 718
70 775
70 839
70 841
70 846
70 886
70 905
70 970
70 974
70 979
70 1031
70 1033
70 1038
70 1094
70 1159
70 1166
70 1238
71 7
71 14
71 70
71 135
71 199
71 263
71 327
71 391
71 455
71 519
71 583
71 647
71 711
71 775
71 839
71 841
71 967
71 969
71 982
71 1031
71 1095
72 8
72 136
72 200
72 261
72 264
72 267
72 801
72 945
73 6
73 9
73 137
73 198
73 201
73 265
73 326
73 390
73 457
73 518
73 585
73 646
73 713
73 777
73 838
73 902
73 966
73 1030
73 1097
73 1161
73 1222
74 10
74 138
74 202
74 266
75 11
75 102
75 139
75 203
75 267
76 12
76 140
76 204
76 268
76 501
77 13
77 141
77 205
77 269
77 772
78 14
78 142
78 206
78 270
78 302
79 15
79 143
79 207
79 271
80 15
80 16
80 144
80 208
80 272
80 1231
81 17
81 145
81 209
81 273
81 829
81 1178
82 18
82 51
82 146
82 210
82 274
83 19
83 147
83 211
83 275
83 570
84 20
84 148
84 212
84 238
84 276
84 407
84 648
84 1023
85 21
85 149
85 213
85 277
86 22
86 150
86 214
86 278
87 23
87 151
87 215
87 279
88 24
88 152
88 216
88 280
88 295
88 1096
88 1250
89 25
89 153
89 217
89 281
89 780
89 1179
90 26
90 154
90 218
90 282
90 874
91 27
91 155
91 219
91 283
91 337
91 843
92 28
92 151
92 156
92 212
92 220
92 284
92 818
92 1012
92 1069
93 29
93 157
93 221
93 285
93 346
93 795
93 1018
93 1055
93 1080
93 1265
94 30
94 158
94 222
94 286
95 31
95 159
95 223
95 287
95 375
95 550
96 32
96 160
96 224
96 288
97 33
97 161
97 225
97 289
97 1074
97 1115
98 34
98 162
98 226
98 290
99 35
99 163
99 227
99 254
99 291
99 1045
100 36
100 164
100 228
100 292
100 592
101 37
101 165
101 229
101 293
101 386
101 1153
102 38
102 75
102 166
102 230
102 294
103 1
103 39
103 167
103 231
103 295
104 40
104 168
104 232
104 296
104 511
104 533
104 894
104 1164
105 41
105 169
105 233
105 297
105 734
106 42
106 170
106 234
106 298
106 645
106 946
107 43
107 171
107 218
107 235
107 299
107 593
108 44
108 172
108 231
108 236
108 300
108 717
108 1203
109 45
109 173
109 237
109 301
110 46
110 174
110 238
110 302
110 478
110 845
110 995
111 47
111 175
111 239
111 243
111 303
112 32
112 48
112 176
112 240
112 304
112 538
112 682
112 921
113 49
113 177
113 178
113 241
113 305
113 382
113 672
114 50
114 178
114 242
114 306
114 741
114 1114
115 51
115 67
115 179
115 243
115 271
115 307
116 52
116 180
116 244
116 253
116 308
116 876
116 1048
117 53
117 181
117 245
117 309
118 54
118 182
118 246
118 310
118 1206
119 8
119 55
119 163
119 183
119 247
119 311
119 360
119 428
119 1140
120 56
120 184
120 248
120 312
120 1275
121 57
121 185
121 249
121 313
121 515
121 679
121 938
121 1062
122 58
122 186
122 250
122 314
122 401
122 477
122 634
123 59
123 187
123 251
123 315
123 636
123 766
123 955
124 60
124 188
124 252
124 316
124 389
124 709
124 981
125 61
125 189
125 253
125 317
125 618
125 664
126 62
126 190
126 254
126 318
126 677
127 63
127 191
127 255
127 319
127 472
127 1196
128 0
128 64
128 192
128 256
128 320
128 595
129 1
129 20
129 65
129 193
129 257
129 321
129 366
129 731
129 972
129 998
130 2
130 66
130 194
130 258
130 322
130 1021
130 1202
131 3
131 67
131 159
131 179
131 195
131 259
131 323
131 368
131 849
131 1065
131 1191
132 4
132 68
132 196
132 260
132 324
132 779
132 1129
133 5
133 69
133 197
133 261
133 273
133 325
133 755
133 1118
134 6
134 10
134 14
134 54
134 70
134 135
134 198
134 199
134 201
134 262
134 263
134 326
134 393
134 454
134 521
134 522
134 526
134 534
134 582
134 649
134 710
134 711
134 718
134 774
134 839
134 841
134 846
134 886
134 903
134 905
134 950
134 970
134 979
134 1014
134 1162
134 1174
134 1223
134 1225
135 7
135 14
135 54
135 70
135 71
135 134
135 199
135 201
135 263
135 327
135 454
135 455
135 521
135 522
135 526
135 534
135 582
135 649
135 710
135 711
135 718
135 774
135 775
135 839
135 841
135 846
135 886
135 903
135 905
135 970
135 974
135 979
135 982
135 1014
135 1103
135 1159
135 1162
135 1223
135 1225
135 1238
136 8
136 72
136 200
136 264
136 328
136 629
137 6
137 9
137 73
137 198
137 201
137 265
137 326
137 329
137 390
137 457
137 518
137 585
137 646
137 713
137 777
137 838
137 902
137 966
137 1030
137 1097
137 1161
137 1222
138 10
138 74
138 202
138 266
138 330
138 398
139 11
139 75
139 203
139 267
139 331
139 769
140 12
140 76
140 204
140 268
140 332
141 13
141 77
141 205
141 269
141 333
142 14
142 78
142 206
142 270
142 334
142 512
143 15
143 79
143 207
143 271
143 335
144 16
144 80
144 208
144 272
144 336
144 586
145 17
145 69
145 81
145 209
145 273
145 337
146 18
146 82
146 210
146 274
146 338
147 19
147 38
147 83
147 211
147 275
147 339
147 430
147 707
148 20
148 84
148 212
148 276
148 340
149 21
149 85
149 213
149 277
149 341
149 466
150 22
150 86
150 214
150 278
150 342
151 23
151 87
151 92
151 212
151 215
151 279
151 284
151 343
151 818
151 1012
151 1069
152 24
152 88
152 216
152 280
152 344
152 436
152 807
153 25
153 89
153 217
153 269
153 281
153 321
153 345
153 1128
154 26
154 90
154 190
154 218
154 282
154 345
154 346
154 811
154 860
154 882
155 27
155 91
155 219
155 283
155 314
155 347
155 371
155 510
155 639
155 884
155 927
155 1066
156 28
156 92
156 220
156 284
156 348
156 425
156 439
156 994
156 1200
157 29
157 93
157 221
157 285
157 349
158 30
158 94
158 222
158 286
158 350
158 928
158 1029
158 1130
158 1181
159 31
159 95
159 131
159 179
159 223
159 287
159 351
159 368
159 849
159 1065
159 1191
160 32
160 96
160 224
160 288
160 352
160 571
160 823
160 1106
160 1258
161 33
161 50
161 97
161 225
161 289
161 353
161 895
161 1211
162 34
162 98
162 226
162 290
162 354
162 541
163 8
163 35
163 99
163 119
163 227
163 291
163 355
163 360
163 428
163 1140
164 36
164 100
164 228
164 292
164 356
165 37
165 101
165 229
165 293
165 357
165 627
165 991
166 38
166 102
166 230
166 294
166 358
167 39
167 103
167 231
167 264
167 295
167 359
167 392
167 601
167 1209
167 1213
168 40
168 104
168 232
168 296
168 360
169 41
169 105
169 233
169 297
169 361
170 42
170 106
170 217
170 234
170 298
170 362
171 43
171 107
171 235
171 299
171 363
171 411
171 427
171 491
171 560
171 1064
171 1242
172 44
172 108
172 236
172 242
172 300
172 364
172 499
172 653
172 1050
172 1259
173 45
173 109
173 237
173 301
173 365
173 377
173 432
174 46
174 110
174 238
174 260
174 302
174 354
174 366
174 525
174 1249
175 47
175 111
175 239
175 303
175 367
176 48
176 112
176 240
176 304
176 368
176 572
177 49
177 113
177 241
177 305
177 369
177 765
177 859
178 50
178 113
178 114
178 242
178 306
178 370
178 382
178 672
179 51
179 115
179 131
179 159
179 243
179 307
179 368
179 371
179 849
179 1065
179 1191
180 52
180 116
180 244
180 308
180 372
180 827
181 53
181 117
181 245
181 309
181 373
181 864
182 9
182 10
182 54
182 118
182 201
182 246
182 262
182 310
182 329
182 374
182 393
182 454
182 470
182 522
182 582
182 774
182 790
182 903
182 918
182 950
182 1142
183 55
183 119
183 247
183 305
183 311
183 375
184 56
184 120
184 248
184 257
184 312
184 376
184 813
184 1119
185 57
185 121
185 249
185 313
185 377
185 684
185 792
186 58
186 122
186 250
186 314
186 378
186 781
187 59
187 63
187 123
187 251
187 315
187 379
188 60
188 124
188 252
188 316
188 380
188 637
188 657
188 689
188 952
188 1278
189 60
189 61
189 125
189 226
189 253
189 317
189 381
189 1056
190 62
190 126
190 154
190 254
190 318
190 345
190 382
190 811
190 860
190 882
191 43
191 63
191 127
191 255
191 319
191 383
191 1214
192 0
192 64
192 128
192 256
192 320
192 384
193 1
193 65
193 129
193 257
193 321
193 385
193 588
193 986
193 1255
194 2
194 66
194 130
194 258
194 322
194 386
194 867
194 1208
195 3
195 67
195 131
195 259
195 323
195 331
195 387
195 1111
196 4
196 68
196 132
196 260
196 324
196 388
197 5
197 69
197 133
197 261
197 325
197 389
197 437
197 524
198 6
198 70
198 73
198 134
198 137
198 262
198 265
198 326
198 390
198 457
198 518
198 585
198 646
198 713
198 777
198 838
198 902
198 966
198 1030
198 1097
198 1161
198 1222
199 7
199 14
199 54
199 70
199 71
199 134
199 135
199 263
199 327
199 391
199 454
199 455
199 519
199 521
199 526
199 534
199 582
199 647
199 649
199 710
199 711
199 718
199 774
199 775
199 839
199 841
199 846
199 886
199 903
199 905
199 969
199 970
199 974
199 979
199 982
199 1014
199 1031
199 1033
199 1038
199 1103
199 1159
199 1166
199 1223
199 1225
199 1238
200 8
200 72
200 136
200 264
200 328
200 392
200 751
201 9
201 10
201 54
201 73
201 134
201 135
201 137
201 182
201 262
201 265
201 329
201 393
201 454
201 470
201 521
201 522
201 526
201 534
201 582
201 649
201 710
201 718
201 774
201 790
201 846
201 886
201 903
201 905
201 918
201 950
201 1014
202 10
202 74
202 138
202 266
202 330
202 394
203 11
203 75
203 139
203 267
203 331
203 395
203 545
203 651
203 806
203 1271
204 12
204 76
204 140
204 268
204 332
204 396
204 568
205 13
205 47
205 77
205 141
205 248
205 269
205 333
205 397
205 536
205 687
206 14
206 78
206 142
206 270
206 334
206 398
207 15
207 79
207 143
207 271
207 335
207 399
208 16
208 80
208 144
208 272
208 336
208 400
209 17
209 81
209 145
209 273
209 337
209 401
209 555
209 668
209 831
209 1147
209 1175
210 18
210 82
210 146
210 274
210 299
210 338
210 402
210 413
210 931
210 1199
211 19
211 83
211 147
211 275
211 339
211 403
211 423
211 870
211 1169
212 20
212 84
212 92
212 148
212 151
212 276
212 284
212 340
212 404
212 818
212 1012
212 1069
213 21
213 85
213 149
213 277
213 341
213 405
214 22
214 86
214 150
214 278
214 342
214 406
215 23
215 87
215 151
215 279
215 343
215 407
215 565
215 914
215 933
215 1017
215 1256
216 24
216 88
216 152
216 280
216 344
216 408
216 1132
216 1260
216 1277
217 25
217 89
217 153
217 170
217 281
217 345
217 409
218 26
218 90
218 107
218 154
218 282
218 346
218 410
218 593
219 27
219 91
219 155
219 283
219 347
219 411
219 764
219 889
220 28
220 92
220 156
220 284
220 348
220 412
221 29
221 93
221 157
221 285
221 349
221 413
222 30
222 94
222 158
222 286
222 350
222 414
222 1163
223 31
223 95
223 159
223 287
223 351
223 415
223 1276
224 32
224 48
224 57
224 96
224 160
224 288
224 352
224 416
224 441
224 575
224 658
225 33
225 97
225 161
225 289
225 353
225 417
225 770
226 34
226 60
226 98
226 162
226 189
226 290
226 354
226 418
226 1056
227 35
227 99
227 163
227 291
227 355
227 419
227 808
228 36
228 100
228 164
228 292
228 356
228 420
228 1269
229 37
229 101
229 165
229 252
229 288
229 293
229 357
229 421
229 573
230 38
230 102
230 166
230 294
230 358
230 422
230 1089
231 39
231 103
231 108
231 167
231 295
231 359
231 423
231 717
231 1203
232 40
232 104
232 168
232 296
232 359
232 360
232 424
232 908
232 930
232 1087
233 41
233 105
233 169
233 286
233 297
233 361
233 425
233 498
233 1061
233 1177
234 3
234 42
234 106
234 170
234 298
234 362
234 426
234 785
235 43
235 107
235 171
235 299
235 363
235 427
236 44
236 108
236 172
236 300
236 364
236 409
236 428
237 45
237 109
237 173
237 301
237 365
237 429
237 887
237 1218
238 46
238 84
238 110
238 174
238 302
238 366
238 407
238 430
238 648
238 1023
239 47
239 111
239 175
239 274
239 303
239 367
239 431
239 445
240 48
240 112
240 176
240 304
240 368
240 432
240 509
240 556
241 49
241 113
241 177
241 305
241 369
241 433
241 603
241 947
241 1022
242 50
242 114
242 172
242 178
242 306
242 370
242 434
242 499
242 653
242 1050
242 1259
243 51
243 111
243 115
243 179
243 307
243 371
243 435
244 52
244 116
244 180
244 308
244 372
244 436
244 563
244 564
244 1145
245 53
245 117
245 181
245 309
245 373
245 437
246 54
246 118
246 182
246 310
246 374
246 438
247 55
247 119
247 183
247 311
247 375
247 439
247 453
248 47
248 56
248 120
248 184
248 205
248 312
248 376
248 440
248 536
248 687
249 57
249 61
249 121
249 185
249 313
249 377
249 441
249 495
250 58
250 122
250 186
250 314
250 378
250 442
250 935
250 1049
251 59
251 123
251 187
251 315
251 379
251 443
251 800
252 60
252 124
252 188
252 229
252 288
252 316
252 380
252 444
252 573
253 61
253 116
253 125
253 189
253 317
253 381
253 445
253 876
253 1048
254 62
254 99
254 126
254 190
254 318
254 382
254 446
254 1045
255 63
255 127
255 191
255 319
255 383
255 447
255 920
256 64
256 128
256 192
256 320
256 384
256 448
256 778
257 65
257 129
257 184
257 193
257 321
257 385
257 449
257 813
257 1119
258 66
258 130
258 194
258 322
258 386
258 450
258 529
258 643
258 1004
259 67
259 131
259 195
259 323
259 387
259 451
260 68
260 132
260 174
260 196
260 324
260 354
260 388
260 452
260 525
260 1249
261 69
261 72
261 133
261 197
261 267
261 325
261 389
261 453
261 801
261 945
262 9
262 10
262 70
262 134
262 182
262 198
262 201
262 326
262 329
262 390
262 393
262 454
262 470
262 522
262 774
262 790
262 903
262 918
262 950
262 1088
262 1142
262 1158
263 7
263 14
263 54
263 70
263 71
263 134
263 135
263 199
263 327
263 391
263 454
263 455
263 519
263 521
263 526
263 534
263 582
263 583
263 647
263 649
263 710
263 711
263 718
263 774
263 775
263 839
263 841
263 846
263 886
263 903
263 905
263 969
263 970
263 974
263 979
263 982
263 1014
263 1031
263 1033
263 1038
263 1094
263 1095
263 1103
263 1159
263 1166
263 1223
263 1238
264 72
264 136
264 167
264 200
264 328
264 392
264 456
264 601
264 1209
264 1213
265 6
265 73
265 137
265 198
265 201
265 326
265 329
265 390
265 393
265 457
265 518
265 585
265 646
265 713
265 777
265 838
265 902
265 966
265 1030
265 1097
265 1161
265 1222
266 74
266 138
266 202
266 330
266 394
266 458
267 72
267 75
267 139
267 203
267 261
267 331
267 395
267 459
267 801
267 945
268 76
268 140
268 204
268 332
268 396
268 460
269 77
269 141
269 153
269 205
269 321
269 333
269 397
269 461
269 1128
270 78
270 142
270 206
270 334
270 398
270 462
271 67
271 79
271 115
271 143
271 207
271 335
271 399
271 463
272 80
272 144
272 208
272 336
272 400
272 464
272 1226
273 81
273 133
273 145
273 209
273 337
273 401
273 465
273 755
273 1118
274 82
274 146
274 210
274 239
274 338
274 402
274 445
274 466
275 83
275 147
275 211
275 339
275 403
275 467
276 84
276 148
276 212
276 340
276 372
276 404
276 468
277 85
277 149
277 213
277 341
277 405
277 469
277 702
277 1183
278 86
278 150
278 214
278 342
278 406
278 470
279 87
279 151
279 215
279 343
279 407
279 471
279 901
279 1229
280 88
280 152
280 216
280 344
280 408
280 472
281 89
281 153
281 217
281 345
281 409
281 473
282 90
282 154
282 218
282 346
282 410
282 474
283 91
283 155
283 219
283 347
283 411
284 92
284 151
284 156
284 212
284 220
284 348
284 412
284 476
284 818
284 1012
284 1069
285 93
285 157
285 221
285 349
285 413
285 477
286 94
286 158
286 222
286 233
286 350
286 414
286 478
286 498
286 1061
286 1177
287 95
287 159
287 223
287 351
287 415
287 479
287 721
287 943
288 96
288 160
288 224
288 229
288 252
288 352
288 416
288 480
288 573
289 97
289 161
289 225
289 353
289 417
289 481
290 98
290 162
290 226
290 300
290 303
290 354
290 383
290 418
290 482
290 1135
291 99
291 163
291 227
291 355
291 419
292 100
292 164
292 228
292 356
292 420
292 484
293 42
293 101
293 165
293 229
293 357
293 421
293 485
293 730
293 1150
294 102
294 166
294 230
294 358
294 422
294 486
295 88
295 103
295 167
295 231
295 359
295 423
295 487
295 1096
295 1250
296 104
296 168
296 232
296 309
296 360
296 424
296 488
296 810
296 1008
297 105
297 169
297 233
297 361
297 397
297 425
297 489
297 514
297 738
297 869
298 106
298 170
298 234
298 362
298 426
298 490
298 500
298 623
298 753
299 107
299 171
299 210
299 235
299 363
299 413
299 427
299 491
299 931
299 1199
300 108
300 172
300 236
300 290
300 303
300 364
300 383
300 428
300 492
300 1135
301 109
301 173
301 237
301 365
301 429
301 493
301 840
301 1116
302 78
302 110
302 174
302 238
302 366
302 430
302 494
303 111
303 175
303 239
303 290
303 300
303 367
303 383
303 431
303 495
303 1135
304 112
304 176
304 240
304 368
304 432
304 496
305 113
305 177
305 183
305 241
305 369
305 433
305 497
306 114
306 178
306 242
306 370
306 434
306 498
306 798
306 1149
306 1212
307 115
307 179
307 243
307 371
307 435
307 499
308 116
308 180
308 244
308 372
308 436
308 500
308 725
308 815
308 949
309 117
309 181
309 245
309 296
309 373
309 437
309 501
309 810
309 1008
310 118
310 182
310 246
310 374
310 438
310 502
311 119
311 183
311 247
311 375
311 439
311 503
311 819
311 954
312 120
312 184
312 248
312 376
312 440
312 504
312 530
312 799
312 929
313 121
313 185
313 249
313 377
313 441
313 505
313 661
314 122
314 155
314 186
314 250
314 371
314 378
314 442
314 506
314 510
314 639
314 884
314 927
314 1066
315 123
315 187
315 251
315 379
315 443
315 507
316 124
316 188
316 252
316 380
316 444
316 508
316 619
316 690
316 1112
317 125
317 189
317 253
317 381
317 445
317 509
317 722
318 126
318 190
318 254
318 382
318 446
318 510
319 127
319 191
319 255
319 383
319 447
319 511
320 128
320 192
320 256
320 384
320 400
320 448
320 512
321 129
321 153
321 193
321 257
321 269
321 385
321 449
321 513
321 1128
322 130
322 194
322 258
322 386
322 421
322 450
322 488
322 514
322 1254
323 34
323 131
323 195
323 259
323 387
323 451
323 515
323 693
323 696
323 743
324 132
324 196
324 260
324 388
324 452
324 516
325 133
325 197
325 261
325 343
325 389
325 453
325 517
326 6
326 73
326 134
326 137
326 198
326 262
326 265
326 390
326 454
326 457
326 518
326 585
326 646
326 713
326 777
326 838
326 902
326 966
326 1030
326 1097
326 1161
326 1222
327 7
327 14
327 70
327 71
327 135
327 199
327 263
327 391
327 455
327 519
327 583
327 647
327 711
327 775
327 839
327 841
327 967
327 969
327 970
327 974
327 982
327 1031
327 1033
327 1038
327 1094
327 1095
327 1159
327 1166
328 136
328 200
328 264
328 392
328 434
328 456
328 520
328 760
328 1264
329 9
329 10
329 137
329 182
329 201
329 262
329 265
329 393
329 457
329 470
329 521
329 522
329 774
329 790
329 903
329 918
329 950
329 1088
329 1142
329 1158
330 138
330 202
330 266
330 394
330 458
330 522
331 139
331 195
331 203
331 267
331 395
331 459
331 523
331 1111
332 140
332 204
332 268
332 396
332 460
332 524
332 863
333 141
333 205
333 269
333 340
333 397
333 461
333 525
333 662
334 142
334 206
334 270
334 398
334 462
334 526
335 143
335 207
335 271
335 399
335 463
335 527
336 144
336 208
336 272
336 400
336 464
336 528
336 768
336 909
337 91
337 145
337 209
337 273
337 401
337 465
337 529
337 843
338 146
338 210
338 274
338 402
338 466
338 530
338 1193
339 147
339 211
339 275
339 403
339 467
339 531
340 148
340 212
340 276
340 333
340 404
340 468
340 532
340 662
341 149
341 213
341 277
341 405
341 469
341 533
342 150
342 214
342 278
342 406
342 470
342 534
343 151
343 215
343 279
343 325
343 407
343 471
343 535
344 152
344 216
344 280
344 408
344 472
344 536
344 917
345 153
345 154
345 190
345 217
345 281
345 409
345 473
345 537
345 811
345 860
345 882
346 93
346 154
346 218
346 282
346 410
346 474
346 538
346 795
346 1018
346 1055
346 1080
346 1265
347 155
347 219
347 283
347 411
347 475
347 539
347 602
348 156
348 220
348 284
348 412
348 417
348 476
348 481
348 540
348 892
349 157
349 221
349 285
349 413
349 477
349 541
350 158
350 222
350 286
350 414
350 478
350 542
351 159
351 223
351 287
351 415
351 479
351 543
352 160
352 224
352 288
352 416
352 480
352 544
353 161
353 225
353 289
353 417
353 481
353 545
353 552
353 609
353 802
354 162
354 174
354 226
354 260
354 290
354 418
354 482
354 525
354 546
354 1249
355 163
355 227
355 291
355 419
355 547
356 164
356 228
356 292
356 420
356 484
356 548
356 1160
357 165
357 229
357 293
357 421
357 485
357 549
357 715
357 1084
357 1187
358 166
358 230
358 294
358 422
358 486
358 550
358 675
359 167
359 231
359 232
359 295
359 423
359 487
359 551
359 908
359 930
359 1087
360 8
360 119
360 163
360 168
360 232
360 296
360 424
360 428
360 488
360 552
360 1140
361 169
361 233
361 297
361 425
361 489
361 553
361 673
362 23
362 44
362 170
362 234
362 298
362 426
362 490
362 554
362 834
362 1239
363 171
363 235
363 299
363 427
363 491
363 555
363 728
363 1195
363 1241
364 172
364 236
364 300
364 428
364 492
364 556
365 173
365 237
365 301
365 429
365 493
365 557
366 20
366 129
366 174
366 238
366 302
366 430
366 494
366 558
366 731
366 972
366 998
367 175
367 239
367 303
367 431
367 492
367 495
367 507
367 559
368 131
368 159
368 176
368 179
368 240
368 304
368 432
368 496
368 560
368 849
368 1065
368 1191
369 177
369 241
369 305
369 433
369 497
369 561
370 178
370 242
370 306
370 434
370 480
370 498
370 562
370 992
370 1026
371 155
371 179
371 243
371 307
371 314
371 435
371 499
371 510
371 563
371 639
371 884
371 927
371 1066
372 180
372 244
372 276
372 308
372 436
372 500
372 564
373 181
373 245
373 309
373 437
373 501
373 565
373 577
373 671
373 749
374 182
374 246
374 310
374 438
374 502
374 566
374 783
375 95
375 183
375 247
375 311
375 439
375 503
375 550
375 567
376 66
376 184
376 248
376 312
376 440
376 504
376 568
377 173
377 185
377 249
377 313
377 432
377 441
377 505
377 569
378 186
378 250
378 314
378 442
378 506
378 570
378 736
379 187
379 251
379 315
379 443
379 507
379 571
380 188
380 252
380 316
380 444
380 473
380 479
380 508
380 572
381 189
381 253
381 317
381 396
381 445
381 509
381 573
382 113
382 178
382 190
382 254
382 318
382 446
382 510
382 574
382 672
383 191
383 255
383 290
383 300
383 303
383 319
383 447
383 511
383 575
383 1135
384 192
384 256
384 320
384 448
384 512
384 576
384 910
385 193
385 257
385 321
385 449
385 451
385 513
385 577
385 1125
386 101
386 194
386 258
386 322
386 450
386 514
386 578
386 1153
387 195
387 259
387 323
387 419
387 451
387 515
387 579
388 16
388 196
388 260
388 324
388 452
388 516
388 580
388 1027
389 124
389 197
389 261
389 325
389 453
389 517
389 581
389 709
389 981
390 6
390 73
390 137
390 198
390 262
390 265
390 326
390 454
390 457
390 518
390 582
390 585
390 646
390 713
390 777
390 838
390 902
390 966
390 1030
390 1097
390 1161
390 1222
391 7
391 14
391 70
391 71
391 199
391 263
391 327
391 455
391 519
391 583
391 647
391 711
391 775
391 839
391 841
391 967
391 969
391 970
391 974
391 982
391 1031
391 1033
391 1038
391 1094
391 1095
391 1159
391 1166
392 167
392 200
392 264
392 328
392 456
392 520
392 584
392 601
392 1209
392 1213
393 9
393 10
393 54
393 134
393 182
393 201
393 262
393 265
393 329
393 454
393 457
393 470
393 521
393 522
393 582
393 585
393 774
393 790
393 886
393 903
393 905
393 918
393 950
393 1088
393 1142
393 1158
393 1162
393 1174
393 1230
394 202
394 266
394 330
394 403
394 458
394 522
394 586
394 670
394 1104
395 203
395 267
395 331
395 459
395 523
395 587
396 204
396 268
396 332
396 381
396 460
396 524
396 588
397 205
397 269
397 297
397 333
397 461
397 514
397 525
397 589
397 738
397 869
398 138
398 206
398 270
398 334
398 462
398 526
398 590
399 207
399 271
399 335
399 463
399 527
399 591
399 932
400 208
400 272
400 320
400 336
400 464
400 528
400 592
401 122
401 209
401 273
401 337
401 465
401 477
401 529
401 593
401 634
402 210
402 274
402 338
402 466
402 530
402 594
402 875
402 1059
403 211
403 275
403 339
403 394
403 467
403 531
403 595
403 670
403 1104
404 212
404 276
404 340
404 468
404 532
404 596
404 757
404 916
405 213
405 277
405 341
405 469
405 533
405 597
405 858
406 214
406 278
406 342
406 470
406 534
406 598
407 84
407 215
407 238
407 279
407 343
407 471
407 535
407 599
407 648
407 1023
408 216
408 280
408 344
408 412
408 472
408 536
408 600
409 217
409 236
409 281
409 345
409 473
409 537
409 601
410 218
410 282
410 346
410 474
410 538
410 602
411 171
411 219
411 283
411 347
411 427
411 475
411 491
411 539
411 560
411 603
411 1064
411 1242
412 220
412 284
412 348
412 408
412 476
412 540
412 604
413 210
413 221
413 285
413 299
413 349
413 477
413 541
413 605
413 931
413 1199
414 222
414 286
414 350
414 478
414 542
414 606
414 1013
415 223
415 287
415 351
415 479
415 543
415 607
415 721
415 943
416 224
416 288
416 352
416 480
416 544
416 608
417 225
417 289
417 348
417 353
417 481
417 545
417 609
417 892
418 226
418 290
418 354
418 482
418 485
418 546
418 610
419 227
419 291
419 355
419 387
419 483
419 547
419 611
420 228
420 292
420 356
420 484
420 548
420 612
421 229
421 293
421 322
421 357
421 485
421 488
421 549
421 613
421 1254
422 230
422 294
422 358
422 486
422 550
422 614
422 814
423 211
423 231
423 295
423 359
423 487
423 551
423 615
423 870
423 1169
424 232
424 296
424 360
424 488
424 549
424 552
424 616
424 1123
425 156
425 233
425 297
425 361
425 439
425 489
425 553
425 617
425 994
425 1200
426 234
426 298
426 362
426 490
426 554
426 574
426 618
426 797
426 853
427 171
427 235
427 299
427 363
427 411
427 491
427 555
427 560
427 619
427 1064
427 1242
428 8
428 119
428 163
428 236
428 300
428 360
428 364
428 492
428 556
428 620
428 1140
429 237
429 301
429 365
429 493
429 557
429 621
430 38
430 147
430 238
430 302
430 366
430 494
430 558
430 622
430 707
431 239
431 303
431 367
431 495
431 559
431 623
432 173
432 240
432 304
432 368
432 377
432 496
432 560
432 624
433 18
433 241
433 305
433 369
433 497
433 561
433 625
433 1267
434 242
434 306
434 328
434 370
434 498
434 562
434 626
434 760
434 1264
435 243
435 307
435 371
435 499
435 563
435 627
436 152
436 244
436 308
436 372
436 500
436 564
436 628
436 807
437 197
437 245
437 309
437 373
437 501
437 524
437 565
437 629
438 246
438 310
438 374
438 448
438 502
438 566
438 630
439 156
439 247
439 311
439 375
439 425
439 503
439 567
439 631
439 994
439 1200
440 248
440 312
440 376
440 504
440 568
440 632
440 703
440 824
440 828
441 48
441 57
441 224
441 249
441 313
441 377
441 505
441 569
441 575
441 633
441 658
442 33
442 250
442 314
442 378
442 506
442 570
442 634
443 251
443 315
443 379
443 507
443 571
443 620
443 635
443 1240
444 252
444 316
444 380
444 508
444 572
444 636
445 239
445 253
445 274
445 317
445 381
445 509
445 573
445 637
446 254
446 318
446 382
446 510
446 574
446 638
446 944
447 255
447 319
447 383
447 511
447 575
447 639
448 256
448 320
448 384
448 438
448 512
448 576
448 640
449 257
449 321
449 385
449 513
449 577
449 578
449 613
449 641
450 258
450 322
450 386
450 514
450 578
450 642
451 259
451 323
451 385
451 387
451 515
451 579
451 643
451 1125
452 260
452 324
452 388
452 516
452 580
452 644
453 247
453 261
453 325
453 389
453 517
453 581
453 645
454 10
454 14
454 54
454 70
454 134
454 135
454 182
454 199
454 201
454 262
454 263
454 326
454 390
454 393
454 518
454 521
454 522
454 526
454 534
454 582
454 646
454 649
454 710
454 711
454 718
454 774
454 790
454 846
454 886
454 903
454 905
454 950
454 970
454 979
454 1014
454 1038
454 1103
454 1159
454 1162
454 1166
454 1174
454 1223
454 1225
454 1238
455 7
455 14
455 70
455 71
455 135
455 199
455 263
455 327
455 391
455 519
455 521
455 526
455 534
455 583
455 647
455 711
455 718
455 775
455 839
455 841
455 967
455 969
455 970
455 974
455 979
455 982
455 1031
455 1033
455 1038
455 1094
455 1095
455 1103
455 1159
455 1166
455 1223
455 1225
455 1238
456 264
456 328
456 392
456 520
456 584
456 631
456 648
456 850
456 1186
457 6
457 73
457 137
457 198
457 265
457 326
457 329
457 390
457 393
457 518
457 521
457 585
457 646
457 649
457 713
457 777
457 838
457 902
457 966
457 1030
457 1097
457 1161
457 1222
458 266
458 330
458 394
458 522
458 586
458 650
459 267
459 331
459 395
459 523
459 587
459 651
459 1172
460 268
460 332
460 396
460 524
460 588
460 652
460 1243
461 269
461 333
461 397
461 525
461 589
461 653
462 270
462 334
462 398
462 526
462 590
462 654
463 271
463 335
463 399
463 527
463 591
463 655
463 1167
464 272
464 336
464 400
464 528
464 592
464 656
465 273
465 337
465 401
465 529
465 593
465 657
466 149
466 274
466 338
466 402
466 530
466 594
466 658
467 275
467 339
467 403
467 531
467 595
467 659
468 276
468 340
468 404
468 532
468 596
468 660
469 277
469 341
469 405
469 533
469 597
469 661
469 1215
470 9
470 10
470 182
470 201
470 262
470 278
470 329
470 342
470 393
470 406
470 522
470 534
470 598
470 662
470 774
470 790
470 903
470 918
470 950
470 1088
470 1142
470 1158
470 1230
471 279
471 343
471 407
471 535
471 599
471 663
471 893
471 1086
471 1273
472 127
472 280
472 344
472 408
472 536
472 600
472 664
472 1196
473 281
473 345
473 380
473 409
473 479
473 537
473 601
473 665
474 40
474 282
474 346
474 410
474 538
474 602
474 666
474 825
474 856
474 881
474 1083
475 347
475 411
475 539
475 603
475 667
476 284
476 348
476 412
476 540
476 604
476 668
476 919
477 122
477 285
477 349
477 401
477 413
477 541
477 605
477 634
477 669
478 110
478 286
478 350
478 414
478 542
478 606
478 670
478 845
478 995
479 287
479 351
479 380
479 415
479 473
479 543
479 607
479 671
480 288
480 352
480 370
480 416
480 544
480 608
480 672
480 992
480 1026
481 289
481 348
481 353
481 417
481 545
481 609
481 673
481 892
482 290
482 354
482 418
482 546
482 610
482 674
482 773
483 419
483 547
483 611
483 675
484 292
484 356
484 420
484 548
484 612
484 676
484 941
484 1006
484 1155
485 293
485 357
485 418
485 421
485 549
485 613
485 677
486 294
486 358
486 422
486 550
486 614
486 678
487 295
487 359
487 423
487 551
487 615
487 679
488 296
488 322
488 360
488 421
488 424
488 552
488 616
488 680
488 1254
489 297
489 361
489 425
489 553
489 617
489 632
489 681
489 871
490 24
490 298
490 362
490 426
490 554
490 618
490 682
491 171
491 299
491 363
491 411
491 427
491 555
491 560
491 619
491 683
491 1064
491 1242
492 300
492 364
492 367
492 428
492 507
492 556
492 620
492 684
493 301
493 365
493 429
493 557
493 621
493 685
493 791
494 302
494 366
494 430
494 558
494 622
494 686
495 61
495 249
495 303
495 367
495 431
495 559
495 623
495 687
496 304
496 368
496 432
496 560
496 624
496 688
497 305
497 369
497 433
497 561
497 625
497 665
497 689
497 1076
498 233
498 286
498 306
498 370
498 434
498 562
498 626
498 690
498 1061
498 1177
499 172
499 242
499 307
499 371
499 435
499 563
499 627
499 653
499 691
499 1050
499 1259
500 298
500 308
500 372
500 436
500 564
500 623
500 628
500 692
500 753
501 76
501 309
501 373
501 437
501 565
501 629
501 693
502 310
502 374
502 438
502 566
502 630
502 694
503 311
503 375
503 439
503 567
503 631
503 695
504 312
504 376
504 440
504 568
504 632
504 696
505 313
505 377
505 441
505 569
505 633
505 697
505 958
506 314
506 378
506 442
506 570
506 634
506 698
506 809
506 897
506 1067
507 315
507 367
507 379
507 443
507 492
507 571
507 635
507 699
508 316
508 380
508 444
508 572
508 636
508 700
508 701
509 240
509 317
509 381
509 445
509 556
509 573
509 637
509 701
510 155
510 314
510 318
510 371
510 382
510 446
510 574
510 638
510 639
510 702
510 884
510 927
510 1066
511 104
511 319
511 383
511 447
511 533
511 575
511 639
511 703
511 894
511 1164
512 142
512 320
512 384
512 448
512 576
512 640
512 704
513 321
513 385
513 449
513 577
513 641
513 705
513 737
513 925
513 999
514 297
514 322
514 386
514 397
514 450
514 578
514 642
514 706
514 738
514 869
515 121
515 323
515 387
515 451
515 579
515 643
515 679
515 707
515 938
515 1062
516 324
516 388
516 452
516 580
516 644
516 708
517 325
517 389
517 453
517 581
517 645
517 709
517 1077
517 1151
518 6
518 73
518 137
518 198
518 265
518 326
518 390
518 454
518 457
518 582
518 585
518 646
518 710
518 713
518 777
518 838
518 902
518 966
518 1030
518 1097
518 1161
518 1222
519 7
519 14
519 70
519 71
519 199
519 263
519 327
519 391
519 455
519 526
519 583
519 647
519 711
519 775
519 839
519 841
519 967
519 969
519 970
519 974
519 979
519 982
519 1031
519 1033
519 1038
519 1094
519 1095
519 1103
519 1159
519 1166
519 1238
520 328
520 392
520 456
520 584
520 648
520 712
521 14
521 54
521 70
521 134
521 135
521 199
521 201
521 263
521 329
521 393
521 454
521 455
521 457
521 522
521 526
521 534
521 582
521 585
521 649
521 710
521 711
521 713
521 718
521 774
521 775
521 839
521 841
521 846
521 886
521 903
521 905
521 970
521 974
521 979
521 1014
521 1031
521 1033
521 1038
521 1094
521 1103
521 1159
521 1162
521 1166
521 1174
521 1223
521 1225
521 1238
522 10
522 54
522 134
522 135
522 182
522 201
522 262
522 329
522 330
522 393
522 394
522 454
522 458
522 470
522 521
522 534
522 582
522 586
522 649
522 650
522 710
522 714
522 718
522 774
522 790
522 846
522 886
522 903
522 905
522 918
522 950
522 1014
522 1088
522 1142
522 1158
522 1162
522 1174
522 1223
522 1225
522 1230
523 331
523 395
523 459
523 587
523 651
523 715
523 1133
524 197
524 332
524 396
524 437
524 460
524 588
524 652
524 716
525 174
525 260
525 333
525 354
525 397
525 461
525 589
525 653
525 717
525 1249
526 14
526 54
526 70
526 134
526 135
526 199
526 201
526 263
526 334
526 398
526 454
526 455
526 462
526 519
526 521
526 534
526 582
526 590
526 647
526 649
526 654
526 710
526 711
526 718
526 774
526 775
526 839
526 841
526 846
526 886
526 903
526 905
526 969
526 970
526 974
526 979
526 982
526 1014
526 1031
526 1033
526 1038
526 1094
526 1095
526 1103
526 1159
526 1162
526 1166
526 1174
526 1223
526 1225
526 1238
527 335
527 399
527 463
527 591
527 655
527 719
528 336
528 400
528 464
528 592
528 656
528 720
528 1171
529 258
529 337
529 401
529 465
529 593
529 643
529 657
529 721
529 1004
530 312
530 338
530 402
530 466
530 594
530 658
530 722
530 799
530 929
531 339
531 403
531 467
531 595
531 659
531 723
531 963
532 340
532 404
532 468
532 596
532 660
532 724
532 750
532 1082
533 104
533 341
533 405
533 469
533 511
533 597
533 661
533 725
533 894
533 1164
534 14
534 54
534 70
534 134
534 135
534 199
534 201
534 263
534 342
534 406
534 454
534 455
534 470
534 521
534 522
534 526
534 582
534 598
534 649
534 662
534 710
534 711
534 718
534 726
534 774
534 775
534 839
534 841
534 846
534 886
534 903
534 905
534 969
534 970
534 974
534 979
534 982
534 1014
534 1031
534 1033
534 1038
534 1094
534 1103
534 1159
534 1162
534 1166
534 1174
534 1223
534 1225
534 1238
535 343
535 407
535 471
535 599
535 663
535 727
536 47
536 205
536 248
536 344
536 408
536 472
536 600
536 664
536 687
536 728
537 345
537 409
537 473
537 601
537 665
537 729
537 1032
537 1245
538 32
538 112
538 346
538 410
538 474
538 602
538 666
538 682
538 730
538 921
539 347
539 411
539 475
539 603
539 667
539 731
540 348
540 412
540 476
540 604
540 668
540 732
541 162
541 349
541 413
541 477
541 605
541 669
541 733
542 350
542 414
542 478
542 606
542 670
542 734
542 787
543 351
543 415
543 479
543 594
543 607
543 642
543 671
543 735
544 352
544 416
544 480
544 608
544 672
544 736
544 756
544 820
545 203
545 353
545 417
545 481
545 609
545 651
545 673
545 737
545 806
545 1271
546 354
546 418
546 482
546 610
546 615
546 674
546 738
546 762
546 1189
546 1244
547 355
547 419
547 483
547 611
547 675
547 739
547 1003
547 1173
548 356
548 420
548 484
548 612
548 676
548 740
549 357
549 421
549 424
549 485
549 613
549 677
549 741
549 1123
550 95
550 358
550 375
550 422
550 486
550 614
550 678
550 742
551 359
551 423
551 487
551 615
551 679
551 743
552 353
552 360
552 424
552 488
552 609
552 616
552 680
552 744
552 802
553 361
553 425
553 489
553 617
553 681
553 745
554 362
554 426
554 490
554 618
554 682
554 746
554 1020
555 209
555 363
555 427
555 491
555 619
555 668
555 683
555 747
555 831
555 1147
555 1175
556 240
556 364
556 428
556 492
556 509
556 620
556 684
556 748
557 365
557 429
557 493
557 621
557 685
557 749
557 1009
558 366
558 430
558 494
558 622
558 686
558 750
559 367
559 431
559 495
559 623
559 687
559 742
559 751
560 171
560 368
560 411
560 427
560 432
560 491
560 496
560 624
560 688
560 752
560 1064
560 1242
561 369
561 433
561 497
561 581
561 625
561 689
561 753
561 1019
561 1146
561 1228
562 370
562 434
562 498
562 599
562 626
562 690
562 754
562 805
563 244
563 371
563 435
563 499
563 564
563 627
563 691
563 755
563 1145
564 244
564 372
564 436
564 500
564 563
564 628
564 692
564 756
564 1145
565 215
565 373
565 437
565 501
565 629
565 693
565 757
565 914
565 933
565 1017
565 1256
566 374
566 438
566 502
566 630
566 694
566 758
567 375
567 439
567 503
567 624
567 626
567 631
567 695
567 735
567 759
567 763
568 204
568 376
568 440
568 504
568 632
568 696
568 760
569 377
569 441
569 505
569 633
569 697
569 761
570 83
570 378
570 442
570 506
570 634
570 698
570 762
571 160
571 379
571 443
571 507
571 635
571 699
571 763
571 823
571 1106
571 1258
572 176
572 380
572 444
572 508
572 636
572 700
572 764
573 229
573 252
573 288
573 381
573 445
573 509
573 637
573 701
573 765
574 382
574 426
574 446
574 510
574 638
574 702
574 766
574 797
574 853
575 48
575 57
575 224
575 383
575 441
575 447
575 511
575 639
575 658
575 703
575 767
576 384
576 448
576 512
576 640
576 704
576 768
576 1219
577 373
577 385
577 449
577 513
577 641
577 671
577 705
577 749
577 769
578 386
578 449
578 450
578 514
578 613
578 642
578 706
578 770
579 387
579 451
579 515
579 643
579 707
579 771
580 388
580 452
580 516
580 644
580 708
580 772
581 389
581 453
581 517
581 561
581 645
581 709
581 773
581 1019
581 1146
581 1228
582 10
582 14
582 54
582 70
582 134
582 135
582 182
582 199
582 201
582 263
582 390
582 393
582 454
582 518
582 521
582 522
582 526
582 534
582 646
582 649
582 710
582 711
582 718
582 774
582 790
582 846
582 886
582 903
582 905
582 950
582 970
582 979
582 1014
582 1038
582 1103
582 1159
582 1162
582 1166
582 1174
582 1223
582 1225
582 1238
583 7
583 14
583 70
583 71
583 263
583 327
583 391
583 455
583 519
583 647
583 711
583 775
583 839
583 841
583 967
583 969
583 970
583 974
583 982
583 1031
583 1033
583 1038
583 1094
583 1095
583 1159
583 1166
584 392
584 456
584 520
584 648
584 712
584 724
584 776
585 6
585 73
585 137
585 198
585 265
585 326
585 390
585 393
585 457
585 518
585 521
585 646
585 649
585 713
585 777
585 838
585 902
585 966
585 1030
585 1097
585 1161
585 1222
586 144
586 394
586 458
586 522
586 650
586 714
586 778
587 395
587 459
587 523
587 651
587 715
587 779
588 193
588 396
588 460
588 524
588 652
588 716
588 780
588 986
588 1255
589 397
589 461
589 525
589 653
589 717
589 781
590 0
590 398
590 462
590 526
590 654
590 718
590 782
591 399
591 463
591 527
591 655
591 719
591 783
591 854
592 100
592 400
592 464
592 528
592 656
592 720
592 784
593 107
593 218
593 401
593 465
593 529
593 657
593 721
593 785
594 402
594 466
594 530
594 543
594 642
594 658
594 722
594 786
595 128
595 403
595 467
595 531
595 659
595 723
595 787
596 404
596 468
596 532
596 660
596 680
596 724
596 740
596 788
597 405
597 469
597 533
597 661
597 725
597 767
597 789
597 816
597 1148
598 406
598 470
598 534
598 662
598 726
598 790
598 1110
599 407
599 471
599 535
599 562
599 663
599 727
599 791
599 805
600 408
600 472
600 536
600 664
600 728
600 792
601 167
601 264
601 392
601 409
601 473
601 537
601 665
601 729
601 793
601 1209
601 1213
602 347
602 410
602 474
602 538
602 666
602 730
602 794
603 241
603 411
603 475
603 539
603 667
603 731
603 795
603 947
603 1022
604 412
604 476
604 540
604 668
604 732
604 796
604 1081
605 413
605 477
605 541
605 622
605 669
605 733
605 797
606 414
606 478
606 542
606 670
606 734
606 798
607 415
607 479
607 543
607 671
607 735
607 799
607 1170
608 416
608 480
608 544
608 672
608 736
608 800
608 852
608 1052
608 1143
608 1224
609 353
609 417
609 481
609 545
609 552
609 673
609 737
609 801
609 802
610 53
610 418
610 482
610 546
610 674
610 738
610 802
611 419
611 483
611 547
611 675
611 739
611 754
611 796
611 803
611 1057
612 420
612 484
612 548
612 676
612 740
612 804
612 1001
612 1156
613 421
613 449
613 485
613 549
613 578
613 677
613 741
613 805
614 422
614 486
614 550
614 678
614 742
614 806
615 423
615 487
615 546
615 551
615 679
615 743
615 762
615 807
615 1189
615 1244
616 424
616 488
616 552
616 680
616 744
616 808
617 425
617 489
617 553
617 681
617 745
617 809
618 125
618 426
618 490
618 554
618 664
618 682
618 746
618 810
619 316
619 427
619 491
619 555
619 683
619 690
619 747
619 811
619 1112
620 428
620 443
620 492
620 556
620 684
620 748
620 812
620 1240
621 429
621 493
621 557
621 685
621 749
621 813
621 1157
621 1184
622 430
622 494
622 558
622 605
622 686
622 750
622 814
623 298
623 431
623 495
623 500
623 559
623 687
623 751
623 753
623 815
624 432
624 496
624 560
624 567
624 626
624 688
624 735
624 752
624 763
624 816
625 433
625 497
625 561
625 689
625 753
625 812
625 817
625 883
626 434
626 498
626 562
626 567
626 624
626 690
626 735
626 754
626 763
626 818
627 165
627 435
627 499
627 563
627 691
627 755
627 819
627 991
628 436
628 500
628 564
628 692
628 756
628 820
629 136
629 437
629 501
629 565
629 693
629 757
629 821
630 438
630 502
630 566
630 676
630 694
630 758
630 822
631 439
631 456
631 503
631 567
631 695
631 759
631 823
631 850
631 1186
632 440
632 489
632 504
632 568
632 696
632 760
632 824
632 871
633 17
633 441
633 505
633 569
633 697
633 761
633 825
633 953
634 122
634 401
634 442
634 477
634 506
634 570
634 698
634 762
634 826
635 443
635 507
635 571
635 699
635 763
635 827
635 922
635 940
636 123
636 444
636 508
636 572
636 700
636 764
636 766
636 828
636 955
637 188
637 445
637 509
637 573
637 657
637 689
637 701
637 765
637 829
637 952
637 1278
638 446
638 510
638 574
638 702
638 766
638 830
639 155
639 314
639 371
639 447
639 510
639 511
639 575
639 703
639 767
639 831
639 884
639 927
639 1066
640 448
640 512
640 576
640 704
640 768
640 832
641 449
641 513
641 577
641 705
641 746
641 769
641 833
641 855
642 450
642 514
642 543
642 578
642 594
642 706
642 770
642 834
643 258
643 451
643 515
643 529
643 579
643 707
643 771
643 835
643 1004
644 452
644 516
644 580
644 708
644 772
644 836
644 900
645 106
645 453
645 517
645 581
645 709
645 773
645 837
645 946
646 6
646 73
646 137
646 198
646 265
646 326
646 390
646 454
646 457
646 518
646 582
646 585
646 710
646 713
646 774
646 777
646 838
646 902
646 966
646 1030
646 1097
646 1161
646 1222
647 7
647 14
647 70
647 71
647 199
647 263
647 327
647 391
647 455
647 519
647 526
647 583
647 711
647 775
647 839
647 841
647 967
647 969
647 970
647 974
647 979
647 982
647 1031
647 1033
647 1038
647 1094
647 1095
647 1103
647 1159
647 1166
647 1238
648 84
648 238
648 407
648 456
648 520
648 584
648 712
648 776
648 840
648 1023
649 10
649 14
649 54
649 70
649 134
649 135
649 199
649 201
649 263
649 454
649 457
649 521
649 522
649 526
649 534
649 582
649 585
649 710
649 711
649 713
649 718
649 774
649 775
649 777
649 839
649 841
649 846
649 886
649 903
649 905
649 970
649 974
649 979
649 1014
649 1033
649 1038
649 1094
649 1103
649 1159
649 1162
649 1166
649 1174
649 1223
649 1225
649 1238
650 458
650 522
650 586
650 714
650 778
650 842
651 203
651 459
651 523
651 545
651 587
651 715
651 779
651 806
651 843
651 1271
652 460
652 524
652 588
652 716
652 771
652 780
652 844
652 1058
653 172
653 242
653 461
653 499
653 525
653 589
653 717
653 781
653 845
653 1050
653 1259
654 462
654 526
654 590
654 718
654 782
654 846
654 997
655 463
655 527
655 591
655 719
655 783
655 835
655 847
656 464
656 528
656 592
656 720
656 784
656 848
657 188
657 465
657 529
657 593
657 637
657 689
657 721
657 785
657 849
657 952
657 1278
658 48
658 57
658 224
658 441
658 466
658 530
658 575
658 594
658 722
658 786
658 850
659 467
659 531
659 595
659 723
659 787
659 851
660 468
660 532
660 596
660 724
660 788
660 852
661 313
661 469
661 533
661 597
661 725
661 789
661 853
662 333
662 340
662 470
662 534
662 598
662 726
662 790
662 854
663 55
663 58
663 471
663 535
663 599
663 727
663 791
663 855
664 125
664 472
664 536
664 600
664 618
664 728
664 792
664 856
665 473
665 497
665 537
665 601
665 729
665 793
665 857
665 1076
666 474
666 538
666 602
666 730
666 794
666 858
667 475
667 539
667 603
667 699
667 731
667 795
667 859
668 209
668 476
668 540
668 555
668 604
668 732
668 796
668 831
668 860
668 1147
668 1175
669 477
669 541
669 605
669 733
669 797
669 837
669 861
670 394
670 403
670 478
670 542
670 606
670 734
670 798
670 862
670 1104
671 373
671 479
671 543
671 577
671 607
671 735
671 749
671 799
671 863
672 113
672 178
672 382
672 480
672 544
672 608
672 736
672 800
672 864
673 361
673 481
673 545
673 609
673 737
673 801
673 865
674 482
674 546
674 610
674 738
674 802
674 866
675 358
675 483
675 547
675 611
675 739
675 803
675 867
676 484
676 548
676 612
676 630
676 740
676 804
676 868
677 126
677 485
677 549
677 613
677 741
677 805
677 869
678 486
678 550
678 614
678 742
678 806
678 870
679 121
679 487
679 515
679 551
679 615
679 743
679 807
679 871
679 938
679 1062
680 488
680 552
680 596
680 616
680 740
680 744
680 808
680 872
681 5
681 489
681 553
681 617
681 745
681 809
681 873
681 942
682 32
682 112
682 490
682 538
682 554
682 618
682 746
682 810
682 874
682 921
683 491
683 555
683 619
683 747
683 811
683 875
684 185
684 492
684 556
684 620
684 748
684 792
684 812
684 876
685 493
685 557
685 621
685 749
685 813
685 877
686 494
686 558
686 622
686 750
686 814
686 878
687 47
687 205
687 248
687 495
687 536
687 559
687 623
687 751
687 815
687 879
688 496
688 560
688 624
688 752
688 794
688 816
688 880
689 188
689 497
689 561
689 625
689 637
689 657
689 753
689 817
689 881
689 952
689 1278
690 316
690 498
690 562
690 619
690 626
690 754
690 818
690 882
690 1112
691 499
691 563
691 627
691 755
691 819
691 883
692 500
692 564
692 628
692 695
692 698
692 756
692 820
692 884
693 34
693 323
693 501
693 565
693 629
693 696
693 743
693 757
693 821
693 885
694 502
694 566
694 630
694 758
694 822
694 886
694 990
694 1100
695 503
695 567
695 631
695 692
695 698
695 759
695 823
695 887
696 34
696 323
696 504
696 568
696 632
696 693
696 743
696 760
696 824
696 888
697 17
697 505
697 569
697 633
697 761
697 825
697 889
697 953
698 506
698 570
698 634
698 692
698 695
698 762
698 826
698 890
699 507
699 571
699 635
699 667
699 763
699 827
699 891
700 508
700 572
700 636
700 764
700 828
700 892
701 508
701 509
701 573
701 637
701 765
701 829
701 893
702 277
702 510
702 574
702 638
702 766
702 830
702 894
702 1183
703 440
703 511
703 575
703 639
703 767
703 824
703 828
703 831
703 895
704 512
704 576
704 640
704 768
704 832
704 896
705 2
705 513
705 577
705 641
705 769
705 833
705 897
706 514
706 578
706 642
706 770
706 834
706 898
707 38
707 147
707 430
707 515
707 579
707 643
707 771
707 835
707 899
708 516
708 580
708 644
708 772
708 836
708 900
709 124
709 389
709 517
709 581
709 645
709 773
709 837
709 901
709 981
710 10
710 14
710 54
710 70
710 134
710 135
710 199
710 201
710 263
710 454
710 518
710 521
710 522
710 526
710 534
710 582
710 646
710 649
710 711
710 718
710 774
710 775
710 838
710 839
710 841
710 846
710 886
710 902
710 903
710 905
710 970
710 974
710 979
710 1014
710 1033
710 1038
710 1094
710 1103
710 1159
710 1162
710 1166
710 1174
710 1223
710 1225
710 1238
711 7
711 14
711 54
711 70
711 71
711 134
711 135
711 199
711 263
711 327
711 391
711 454
711 455
711 519
711 521
711 526
711 534
711 582
711 583
711 647
711 649
711 710
711 718
711 775
711 839
711 841
711 846
711 886
711 903
711 905
711 967
711 969
711 970
711 974
711 979
711 982
711 1014
711 1031
711 1033
711 1038
711 1094
711 1095
711 1103
711 1159
711 1162
711 1166
711 1174
711 1223
711 1225
711 1238
712 520
712 584
712 648
712 776
712 840
712 904
712 1154
713 6
713 73
713 137
713 198
713 265
713 326
713 390
713 457
713 518
713 521
713 585
713 646
713 649
713 777
713 838
713 841
713 902
713 905
713 966
713 1030
713 1097
713 1161
713 1222
714 522
714 586
714 650
714 778
714 842
714 906
715 357
715 523
715 587
715 651
715 779
715 843
715 907
715 1084
715 1187
716 524
716 588
716 652
716 780
716 844
716 857
716 908
716 987
716 1047
717 108
717 231
717 525
717 589
717 653
717 781
717 845
717 909
717 1203
718 14
718 54
718 70
718 134
718 135
718 199
718 201
718 263
718 454
718 455
718 521
718 522
718 526
718 534
718 582
718 590
718 649
718 654
718 710
718 711
718 774
718 775
718 782
718 839
718 841
718 846
718 886
718 903
718 905
718 910
718 970
718 974
718 979
718 982
718 1014
718 1031
718 1033
718 1038
718 1094
718 1103
718 1159
718 1162
718 1166
718 1174
718 1223
718 1225
718 1238
719 527
719 591
719 655
719 783
719 784
719 847
719 911
720 528
720 592
720 656
720 784
720 848
720 912
721 287
721 415
721 529
721 593
721 657
721 785
721 849
721 913
721 943
722 317
722 530
722 594
722 658
722 786
722 850
722 914
723 531
723 595
723 659
723 787
723 851
723 915
724 532
724 584
724 596
724 660
724 788
724 852
724 916
725 308
725 533
725 597
725 661
725 789
725 815
725 853
725 917
725 949
726 534
726 598
726 662
726 790
726 854
726 918
727 535
727 599
727 663
727 791
727 855
727 919
727 939
728 363
728 536
728 600
728 664
728 792
728 856
728 920
728 1195
728 1241
729 21
729 537
729 601
729 665
729 793
729 857
729 921
730 42
730 293
730 538
730 602
730 666
730 794
730 858
730 922
730 1150
731 20
731 129
731 366
731 539
731 603
731 667
731 795
731 859
731 923
731 972
731 998
732 540
732 604
732 668
732 796
732 860
732 924
732 1253
732 1272
733 541
733 605
733 669
733 797
733 861
733 925
734 105
734 542
734 606
734 670
734 798
734 862
734 926
735 543
735 567
735 607
735 624
735 626
735 671
735 763
735 799
735 863
735 927
736 378
736 544
736 608
736 672
736 800
736 864
736 928
737 513
737 545
737 609
737 673
737 801
737 865
737 925
737 929
737 999
738 297
738 397
738 514
738 546
738 610
738 674
738 802
738 866
738 869
738 930
739 547
739 611
739 675
739 748
739 803
739 867
739 931
740 548
740 596
740 612
740 676
740 680
740 804
740 868
740 932
741 114
741 549
741 613
741 677
741 805
741 869
741 933
741 1114
742 550
742 559
742 614
742 678
742 806
742 870
742 934
743 34
743 323
743 551
743 615
743 679
743 693
743 696
743 807
743 871
743 935
744 552
744 616
744 680
744 808
744 872
744 936
744 1093
745 553
745 617
745 681
745 809
745 873
745 937
746 554
746 618
746 641
746 682
746 810
746 855
746 874
746 938
747 555
747 619
747 683
747 811
747 875
747 939
747 1234
747 1268
747 1279
748 556
748 620
748 684
748 739
748 812
748 876
748 940
749 373
749 557
749 577
749 621
749 671
749 685
749 813
749 877
749 941
750 532
750 558
750 622
750 686
750 814
750 878
750 942
750 1082
751 200
751 559
751 623
751 687
751 815
751 879
751 943
752 560
752 624
752 688
752 816
752 880
752 944
753 298
753 500
753 561
753 623
753 625
753 689
753 817
753 881
753 945
754 562
754 611
754 626
754 690
754 796
754 818
754 882
754 946
754 1057
755 133
755 273
755 563
755 627
755 691
755 819
755 883
755 947
755 1118
756 544
756 564
756 628
756 692
756 820
756 884
756 948
757 404
757 565
757 629
757 693
757 821
757 885
757 916
757 949
758 566
758 630
758 694
758 822
758 886
758 950
759 567
759 631
759 695
759 823
759 887
759 951
760 328
760 434
760 568
760 632
760 696
760 824
760 888
760 952
760 1264
761 569
761 633
761 697
761 825
761 889
761 953
762 546
762 570
762 615
762 634
762 698
762 826
762 890
762 954
762 1189
762 1244
763 567
763 571
763 624
763 626
763 635
763 699
763 735
763 827
763 891
763 955
764 219
764 572
764 636
764 700
764 828
764 889
764 892
764 956
765 177
765 573
765 637
765 701
765 829
765 859
765 893
765 957
766 123
766 574
766 636
766 638
766 702
766 830
766 894
766 955
766 958
767 575
767 597
767 639
767 703
767 816
767 831
767 895
767 959
767 1148
768 336
768 576
768 640
768 704
768 832
768 896
768 909
768 960
769 139
769 577
769 641
769 705
769 833
769 897
769 961
770 225
770 578
770 642
770 706
770 834
770 898
770 962
771 579
771 643
771 652
771 707
771 835
771 899
771 963
771 1058
772 77
772 580
772 644
772 708
772 836
772 900
772 964
773 482
773 581
773 645
773 709
773 837
773 901
773 965
774 10
774 14
774 54
774 134
774 135
774 182
774 199
774 201
774 262
774 263
774 329
774 393
774 454
774 470
774 521
774 522
774 526
774 534
774 582
774 646
774 649
774 710
774 718
774 790
774 838
774 846
774 886
774 902
774 903
774 905
774 950
774 966
774 970
774 979
774 1014
774 1103
774 1159
774 1162
774 1174
774 1223
774 1225
774 1238
775 7
775 14
775 70
775 71
775 135
775 199
775 263
775 327
775 391
775 455
775 519
775 521
775 526
775 534
775 583
775 647
775 649
775 710
775 711
775 718
775 839
775 841
775 846
775 903
775 967
775 969
775 970
775 974
775 979
775 982
775 1031
775 1033
775 1038
775 1094
775 1095
775 1103
775 1159
775 1166
775 1223
775 1225
775 1238
776 39
776 584
776 648
776 712
776 840
776 904
776 968
776 1000
777 6
777 73
777 137
777 198
777 265
777 326
777 390
777 457
777 518
777 585
777 646
777 649
777 713
777 838
777 841
777 902
777 905
777 966
777 969
777 1030
777 1097
777 1161
777 1222
778 256
778 586
778 650
778 714
778 842
778 906
778 970
779 132
779 587
779 651
779 715
779 843
779 907
779 971
779 1129
780 89
780 588
780 652
780 716
780 844
780 908
780 972
780 1179
781 186
781 589
781 653
781 717
781 845
781 909
781 973
782 590
782 654
782 718
782 846
782 910
782 974
783 374
783 591
783 655
783 719
783 847
783 911
783 975
784 592
784 656
784 719
784 720
784 848
784 912
784 976
785 3
785 234
785 593
785 657
785 721
785 849
785 913
785 977
786 594
786 658
786 722
786 850
786 914
786 978
787 542
787 595
787 659
787 723
787 851
787 915
787 979
788 596
788 660
788 724
788 852
788 916
788 980
788 1002
788 1041
789 49
789 597
789 661
789 725
789 853
789 891
789 917
789 981
790 9
790 10
790 182
790 201
790 262
790 329
790 393
790 454
790 470
790 522
790 582
790 598
790 662
790 726
790 774
790 854
790 903
790 918
790 950
790 982
790 1088
790 1142
790 1158
790 1230
791 493
791 599
791 663
791 727
791 855
791 919
791 983
792 185
792 600
792 664
792 684
792 728
792 856
792 920
792 984
793 601
793 665
793 729
793 803
793 857
793 921
793 985
794 602
794 666
794 688
794 730
794 858
794 922
794 986
795 93
795 346
795 603
795 667
795 731
795 859
795 923
795 987
795 1018
795 1055
795 1080
795 1265
796 604
796 611
796 668
796 732
796 754
796 860
796 924
796 988
796 1057
797 426
797 574
797 605
797 669
797 733
797 853
797 861
797 925
797 989
798 306
798 606
798 670
798 734
798 862
798 926
798 990
798 1149
798 1212
799 312
799 530
799 607
799 671
799 735
799 863
799 927
799 929
799 991
800 251
800 608
800 672
800 736
800 864
800 928
800 992
801 72
801 261
801 267
801 609
801 673
801 737
801 865
801 929
801 945
801 993
802 353
802 552
802 609
802 610
802 674
802 738
802 866
802 930
802 994
803 611
803 675
803 739
803 793
803 867
803 931
803 995
804 612
804 676
804 740
804 868
804 932
804 996
805 562
805 599
805 613
805 677
805 741
805 869
805 933
805 997
806 203
806 545
806 614
806 651
806 678
806 742
806 870
806 934
806 998
806 1271
807 152
807 436
807 615
807 679
807 743
807 871
807 935
807 999
808 227
808 616
808 680
808 744
808 872
808 936
808 1000
809 506
809 617
809 681
809 745
809 873
809 897
809 937
809 1001
809 1067
810 296
810 309
810 618
810 682
810 746
810 874
810 938
810 1002
810 1008
811 154
811 190
811 345
811 619
811 683
811 747
811 860
811 875
811 882
811 939
811 1003
812 620
812 625
812 684
812 748
812 876
812 883
812 940
812 1004
813 184
813 257
813 621
813 685
813 749
813 877
813 941
813 1005
813 1119
814 422
814 622
814 686
814 750
814 878
814 942
814 1006
815 308
815 623
815 687
815 725
815 751
815 879
815 943
815 949
815 1007
816 597
816 624
816 688
816 752
816 767
816 880
816 944
816 1008
816 1148
817 625
817 689
817 753
817 881
817 890
817 945
817 1009
818 92
818 151
818 212
818 284
818 626
818 690
818 754
818 882
818 946
818 1010
818 1012
818 1069
819 311
819 627
819 691
819 755
819 883
819 947
819 954
819 1011
820 544
820 628
820 692
820 756
820 884
820 948
820 1012
821 65
821 629
821 693
821 757
821 885
821 949
821 1013
821 1037
822 630
822 694
822 758
822 886
822 950
822 1011
822 1014
822 1044
823 160
823 571
823 631
823 695
823 759
823 887
823 951
823 1015
823 1106
823 1258
824 440
824 632
824 696
824 703
824 760
824 828
824 888
824 952
824 1016
825 40
825 474
825 633
825 697
825 761
825 856
825 881
825 889
825 953
825 1017
825 1083
826 634
826 698
826 762
826 890
826 954
826 1018
827 180
827 635
827 699
827 763
827 891
827 955
827 1019
828 440
828 636
828 700
828 703
828 764
828 824
828 892
828 956
828 1020
829 81
829 637
829 701
829 765
829 893
829 957
829 1021
829 1178
830 638
830 702
830 766
830 894
830 957
830 958
830 1022
831 209
831 555
831 639
831 668
831 703
831 767
831 895
831 959
831 1023
831 1147
831 1175
832 640
832 704
832 768
832 896
832 960
832 1024
833 641
833 705
833 769
833 897
833 961
833 1025
833 1054
833 1099
834 23
834 44
834 362
834 642
834 706
834 770
834 898
834 962
834 1026
834 1239
835 643
835 655
835 707
835 771
835 899
835 963
835 1027
836 644
836 708
836 772
836 900
836 964
836 1028
837 645
837 669
837 709
837 773
837 901
837 965
837 1029
838 6
838 73
838 137
838 198
838 265
838 326
838 390
838 457
838 518
838 585
838 646
838 710
838 713
838 774
838 777
838 902
838 966
838 1030
838 1097
838 1161
838 1222
839 7
839 14
839 54
839 70
839 71
839 134
839 135
839 199
839 263
839 327
839 391
839 455
839 519
839 521
839 526
839 534
839 583
839 647
839 649
839 710
839 711
839 718
839 775
839 841
839 846
839 886
839 903
839 905
839 967
839 969
839 970
839 974
839 979
839 982
839 1014
839 1031
839 1033
839 1038
839 1094
839 1095
839 1103
839 1159
839 1162
839 1166
839 1174
839 1223
839 1225
839 1238
840 301
840 648
840 712
840 776
840 904
840 968
840 1032
840 1116
841 7
841 14
841 70
841 71
841 134
841 135
841 199
841 263
841 327
841 391
841 455
841 519
841 521
841 526
841 534
841 583
841 647
841 649
841 710
841 711
841 713
841 718
841 775
841 777
841 839
841 846
841 886
841 905
841 967
841 969
841 970
841 974
841 979
841 982
841 1014
841 1031
841 1033
841 1038
841 1094
841 1095
841 1103
841 1159
841 1162
841 1166
841 1223
841 1225
841 1238
842 650
842 714
842 778
842 906
842 970
842 1034
843 91
843 337
843 651
843 715
843 779
843 907
843 971
843 1035
844 41
844 46
844 652
844 716
844 780
844 908
844 972
844 1016
844 1036
844 1274
845 110
845 478
845 653
845 717
845 781
845 909
845 973
845 995
845 1037
846 10
846 14
846 54
846 70
846 134
846 135
846 199
846 201
846 263
846 454
846 521
846 522
846 526
846 534
846 582
846 649
846 654
846 710
846 711
846 718
846 774
846 775
846 782
846 839
846 841
846 886
846 903
846 905
846 910
846 970
846 974
846 979
846 1014
846 1033
846 1038
846 1094
846 1103
846 1159
846 1162
846 1166
846 1174
846 1223
846 1225
846 1238
847 655
847 719
847 783
847 911
847 975
847 1039
848 656
848 720
848 784
848 912
848 976
848 1040
849 131
849 159
849 179
849 368
849 657
849 721
849 785
849 913
849 977
849 1041
849 1065
849 1191
850 456
850 631
850 658
850 722
850 786
850 914
850 978
850 1042
850 1186
851 659
851 723
851 787
851 915
851 979
851 1043
852 608
852 660
852 724
852 788
852 916
852 980
852 1044
852 1052
852 1143
852 1224
853 426
853 574
853 661
853 725
853 789
853 797
853 917
853 981
853 1045
854 591
854 662
854 726
854 790
854 918
854 982
854 1046
855 641
855 663
855 727
855 746
855 791
855 919
855 983
855 1047
856 40
856 474
856 664
856 728
856 792
856 825
856 881
856 920
856 984
856 1048
856 1083
857 665
857 716
857 729
857 793
857 921
857 985
857 987
857 1047
857 1049
858 405
858 666
858 730
858 794
858 922
858 986
858 1050
859 177
859 667
859 731
859 765
859 795
859 923
859 987
859 1051
860 154
860 190
860 345
860 668
860 732
860 796
860 811
860 882
860 924
860 988
860 1052
861 669
861 733
861 797
861 925
861 989
861 1053
862 670
862 734
862 798
862 926
862 990
862 1054
863 332
863 671
863 735
863 799
863 927
863 991
863 1055
864 181
864 672
864 736
864 800
864 928
864 992
864 1056
865 673
865 737
865 801
865 929
865 993
865 1057
865 1121
866 674
866 738
866 802
866 930
866 994
866 1058
867 194
867 675
867 739
867 803
867 931
867 995
867 1059
867 1208
868 676
868 740
868 804
868 932
868 996
868 1060
869 297
869 397
869 514
869 677
869 738
869 741
869 805
869 933
869 997
869 1061
870 211
870 423
870 678
870 742
870 806
870 934
870 998
870 1062
870 1169
871 489
871 632
871 679
871 743
871 807
871 935
871 999
871 1063
872 56
872 680
872 744
872 808
872 936
872 1000
872 1064
873 681
873 745
873 809
873 937
873 1001
873 1065
873 1113
874 90
874 682
874 746
874 810
874 938
874 1002
874 1066
875 402
875 683
875 747
875 811
875 939
875 1003
875 1059
875 1067
876 116
876 253
876 684
876 748
876 812
876 940
876 1004
876 1048
876 1068
877 4
877 685
877 749
877 813
877 941
877 1005
877 1069
878 686
878 750
878 814
878 942
878 1006
878 1070
879 687
879 751
879 815
879 943
879 1007
879 1051
879 1071
880 688
880 752
880 816
880 944
880 1008
880 1072
880 1109
880 1182
881 40
881 474
881 689
881 753
881 817
881 825
881 856
881 945
881 1009
881 1073
881 1083
882 154
882 190
882 345
882 690
882 754
882 811
882 818
882 860
882 946
882 1010
882 1074
883 625
883 691
883 755
883 812
883 819
883 947
883 1011
883 1075
884 155
884 314
884 371
884 510
884 639
884 692
884 756
884 820
884 927
884 948
884 1012
884 1066
884 1076
885 693
885 757
885 821
885 949
885 1013
885 1077
885 1210
886 10
886 14
886 54
886 70
886 134
886 135
886 199
886 201
886 263
886 393
886 454
886 521
886 522
886 526
886 534
886 582
886 649
886 694
886 710
886 711
886 718
886 758
886 774
886 822
886 839
886 841
886 846
886 903
886 905
886 950
886 970
886 974
886 979
886 1014
886 1033
886 1038
886 1078
886 1094
886 1103
886 1159
886 1162
886 1166
886 1174
886 1223
886 1225
886 1238
887 237
887 695
887 759
887 823
887 951
887 1015
887 1079
887 1218
888 696
888 760
888 824
888 952
888 1016
888 1080
889 219
889 697
889 761
889 764
889 825
889 953
889 1017
889 1081
890 698
890 762
890 817
890 826
890 954
890 1018
890 1082
891 49
891 699
891 763
891 789
891 827
891 955
891 1019
891 1083
892 348
892 417
892 481
892 700
892 764
892 828
892 956
892 1020
892 1084
893 471
893 701
893 765
893 829
893 957
893 1021
893 1085
893 1086
893 1273
894 104
894 511
894 533
894 702
894 766
894 830
894 958
894 1022
894 1086
894 1164
895 50
895 161
895 703
895 767
895 831
895 959
895 1023
895 1087
895 1211
896 704
896 768
896 832
896 960
896 1024
896 1046
896 1088
897 506
897 705
897 769
897 809
897 833
897 961
897 1025
897 1067
897 1089
898 706
898 770
898 834
898 962
898 1026
898 1035
898 1090
898 1185
899 707
899 771
899 835
899 963
899 1027
899 1091
900 644
900 708
900 772
900 836
900 964
900 1028
900 1092
901 279
901 709
901 773
901 837
901 965
901 1029
901 1093
901 1229
902 6
902 73
902 137
902 198
902 265
902 326
902 390
902 457
902 518
902 585
902 646
902 710
902 713
902 774
902 777
902 838
902 966
902 1030
902 1094
902 1097
902 1161
902 1222
903 54
903 134
903 135
903 182
903 199
903 201
903 262
903 263
903 329
903 393
903 454
903 470
903 521
903 522
903 526
903 534
903 582
903 649
903 710
903 711
903 718
903 774
903 775
903 790
903 839
903 846
903 886
903 905
903 950
903 967
903 970
903 979
903 1014
903 1031
903 1038
903 1095
903 1103
903 1159
903 1162
903 1166
903 1174
903 1223
903 1225
903 1238
904 712
904 776
904 840
904 968
904 1032
904 1096
905 54
905 70
905 134
905 135
905 199
905 201
905 263
905 393
905 454
905 521
905 522
905 526
905 534
905 582
905 649
905 710
905 711
905 713
905 718
905 774
905 777
905 839
905 841
905 846
905 886
905 903
905 969
905 970
905 974
905 979
905 1014
905 1033
905 1038
905 1097
905 1103
905 1159
905 1162
905 1166
905 1174
905 1223
905 1225
905 1238
906 714
906 778
906 842
906 970
906 1034
906 1098
907 715
907 779
907 843
907 971
907 985
907 1035
907 1099
908 232
908 359
908 716
908 780
908 844
908 930
908 972
908 1036
908 1087
908 1100
909 336
909 717
909 768
909 781
909 845
909 973
909 1037
909 1101
910 384
910 718
910 782
910 846
910 974
910 1038
910 1102
911 719
911 783
911 847
911 975
911 1039
911 1103
911 1126
912 720
912 784
912 848
912 976
912 1040
912 1104
913 721
913 785
913 849
913 977
913 1041
913 1105
914 215
914 565
914 722
914 786
914 850
914 933
914 978
914 1017
914 1042
914 1106
914 1256
915 723
915 787
915 851
915 979
915 1043
915 1107
916 404
916 724
916 757
916 788
916 852
916 980
916 1044
916 1108
917 344
917 725
917 789
917 853
917 981
917 1045
917 1109
918 9
918 182
918 201
918 262
918 329
918 393
918 470
918 522
918 726
918 790
918 854
918 950
918 982
918 1046
918 1088
918 1110
918 1142
918 1158
918 1230
919 476
919 727
919 791
919 855
919 983
919 1047
919 1111
920 255
920 728
920 792
920 856
920 984
920 1048
920 1112
921 32
921 112
921 538
921 682
921 729
921 793
921 857
921 985
921 1049
921 1113
922 635
922 730
922 794
922 858
922 940
922 986
922 1050
922 1114
923 731
923 795
923 859
923 987
923 1051
923 1115
924 732
924 796
924 860
924 988
924 1052
924 1116
925 513
925 733
925 737
925 797
925 861
925 989
925 999
925 1053
925 1117
926 734
926 798
926 862
926 990
926 1054
926 1118
927 155
927 314
927 371
927 510
927 639
927 735
927 799
927 863
927 884
927 991
927 1055
927 1066
927 1119
928 158
928 736
928 800
928 864
928 992
928 1029
928 1056
928 1120
928 1130
928 1181
929 312
929 530
929 737
929 799
929 801
929 865
929 993
929 1057
929 1121
930 232
930 359
930 738
930 802
930 866
930 908
930 994
930 1058
930 1087
930 1122
931 210
931 299
931 413
931 739
931 803
931 867
931 995
931 1059
931 1123
931 1199
932 399
932 740
932 804
932 868
932 996
932 1060
932 1124
933 215
933 565
933 741
933 805
933 869
933 914
933 997
933 1017
933 1061
933 1125
933 1256
934 742
934 806
934 870
934 998
934 1062
934 1126
935 250
935 743
935 807
935 871
935 999
935 1049
935 1063
935 1127
936 744
936 808
936 872
936 1000
936 1064
936 1128
937 745
937 809
937 873
937 1001
937 1065
937 1129
938 121
938 515
938 679
938 746
938 810
938 874
938 1002
938 1062
938 1066
938 1130
939 727
939 747
939 811
939 875
939 1003
939 1067
939 1131
940 635
940 748
940 812
940 876
940 922
940 1004
940 1068
940 1132
941 484
941 749
941 813
941 877
941 1005
941 1006
941 1069
941 1133
941 1155
942 5
942 681
942 750
942 814
942 878
942 1006
942 1070
942 1134
943 287
943 415
943 721
943 751
943 815
943 879
943 1007
943 1071
943 1135
944 446
944 752
944 816
944 880
944 1008
944 1072
944 1136
945 72
945 261
945 267
945 753
945 801
945 817
945 881
945 1009
945 1073
945 1137
946 106
946 645
946 754
946 818
946 882
946 1010
946 1074
946 1138
947 241
947 603
947 755
947 819
947 883
947 1011
947 1022
947 1075
947 1139
948 756
948 820
948 884
948 1012
948 1076
948 1140
949 308
949 725
949 757
949 815
949 821
949 885
949 1013
949 1077
949 1141
950 10
950 134
950 182
950 201
950 262
950 329
950 393
950 454
950 470
950 522
950 582
950 758
950 774
950 790
950 822
950 886
950 903
950 918
950 1014
950 1078
950 1088
950 1142
950 1158
950 1174
950 1230
951 759
951 823
951 887
951 1015
951 1079
951 1131
951 1143
952 188
952 637
952 657
952 689
952 760
952 824
952 888
952 1016
952 1080
952 1144
952 1278
953 17
953 633
953 697
953 761
953 825
953 889
953 1017
953 1081
953 1145
954 311
954 762
954 819
954 826
954 890
954 1018
954 1082
954 1146
955 123
955 636
955 763
955 766
955 827
955 891
955 1019
955 1083
955 1147
956 764
956 828
956 892
956 1020
956 1084
956 1148
957 765
957 829
957 830
957 893
957 1021
957 1085
957 1149
958 505
958 766
958 830
958 894
958 1022
958 1086
958 1150
959 767
959 831
959 895
959 1023
959 1087
959 1151
960 768
960 832
960 896
960 1024
960 1088
960 1152
961 769
961 833
961 897
961 968
961 1025
961 1089
961 1153
962 770
962 834
962 898
962 1026
962 1090
962 1154
962 1198
963 531
963 771
963 835
963 899
963 1027
963 1091
963 1155
964 772
964 836
964 900
964 1028
964 1092
964 1156
965 773
965 837
965 901
965 1029
965 1093
965 1157
966 6
966 73
966 137
966 198
966 265
966 326
966 390
966 457
966 518
966 585
966 646
966 713
966 774
966 777
966 838
966 902
966 1030
966 1094
966 1097
966 1158
966 1161
966 1222
967 7
967 71
967 327
967 391
967 455
967 519
967 583
967 647
967 711
967 775
967 839
967 841
967 903
967 969
967 974
967 982
967 1031
967 1033
967 1038
967 1094
967 1095
967 1159
967 1166
968 776
968 840
968 904
968 961
968 1032
968 1096
968 1160
969 7
969 71
969 199
969 263
969 327
969 391
969 455
969 519
969 526
969 534
969 583
969 647
969 711
969 775
969 777
969 839
969 841
969 905
969 967
969 970
969 974
969 979
969 982
969 1031
969 1033
969 1038
969 1094
969 1095
969 1097
969 1103
969 1159
969 1161
969 1166
969 1238
970 14
970 70
970 134
970 135
970 199
970 263
970 327
970 391
970 454
970 455
970 519
970 521
970 526
970 534
970 582
970 583
970 647
970 649
970 710
970 711
970 718
970 774
970 775
970 778
970 839
970 841
970 842
970 846
970 886
970 903
970 905
970 906
970 969
970 974
970 979
970 982
970 1014
970 1031
970 1033
970 1034
970 1038
970 1094
970 1095
970 1098
970 1103
970 1159
970 1162
970 1166
970 1174
970 1223
970 1225
970 1238
971 779
971 843
971 907
971 1035
971 1099
971 1163
972 20
972 129
972 366
972 731
972 780
972 844
972 908
972 998
972 1036
972 1100
972 1164
973 781
973 845
973 909
973 1037
973 1101
973 1165
974 70
974 135
974 199
974 263
974 327
974 391
974 455
974 519
974 521
974 526
974 534
974 583
974 647
974 649
974 710
974 711
974 718
974 775
974 782
974 839
974 841
974 846
974 886
974 905
974 910
974 967
974 969
974 970
974 979
974 982
974 1014
974 1031
974 1033
974 1038
974 1094
974 1095
974 1102
974 1103
974 1159
974 1162
974 1166
974 1223
974 1225
974 1238
975 783
975 847
975 911
975 1039
975 1103
975 1167
976 784
976 848
976 912
976 1040
976 1104
976 1168
977 785
977 849
977 913
977 1041
977 1105
977 1169
978 786
978 850
978 914
978 1042
978 1106
978 1170
979 14
979 70
979 134
979 135
979 199
979 263
979 454
979 455
979 519
979 521
979 526
979 534
979 582
979 647
979 649
979 710
979 711
979 718
979 774
979 775
979 787
979 839
979 841
979 846
979 851
979 886
979 903
979 905
979 915
979 969
979 970
979 974
979 982
979 1014
979 1031
979 1033
979 1038
979 1043
979 1094
979 1095
979 1103
979 1107
979 1159
979 1162
979 1166
979 1171
979 1174
979 1223
979 1225
979 1238
980 788
980 852
980 916
980 1044
980 1108
980 1172
981 124
981 389
981 709
981 789
981 853
981 917
981 1045
981 1109
981 1173
982 7
982 71
982 135
982 199
982 263
982 327
982 391
982 455
982 519
982 526
982 534
982 583
982 647
982 711
982 718
982 775
982 790
982 839
982 841
982 854
982 918
982 967
982 969
982 970
982 974
982 979
982 1031
982 1033
982 1038
982 1046
982 1094
982 1095
982 1103
982 1110
982 1159
982 1166
982 1174
982 1223
982 1225
982 1238
983 11
983 791
983 855
983 919
983 1047
983 1111
983 1175
984 12
984 792
984 856
984 920
984 1048
984 1112
984 1176
985 793
985 857
985 907
985 921
985 1049
985 1113
985 1177
986 193
986 588
986 794
986 858
986 922
986 1050
986 1114
986 1178
986 1255
987 716
987 795
987 857
987 859
987 923
987 1047
987 1051
987 1115
987 1179
988 796
988 860
988 924
988 1052
988 1116
988 1180
989 797
989 861
989 925
989 1053
989 1117
989 1181
990 694
990 798
990 862
990 926
990 1054
990 1100
990 1118
990 1182
991 165
991 627
991 799
991 863
991 927
991 1055
991 1119
991 1183
992 370
992 480
992 800
992 864
992 928
992 1026
992 1056
992 1120
992 1184
993 801
993 865
993 929
993 1057
993 1121
993 1185
994 156
994 425
994 439
994 802
994 866
994 930
994 1058
994 1122
994 1186
994 1200
995 110
995 478
995 803
995 845
995 867
995 931
995 1059
995 1123
995 1187
996 804
996 868
996 932
996 1060
996 1124
996 1188
997 654
997 805
997 869
997 933
997 1061
997 1125
997 1189
998 20
998 129
998 366
998 731
998 806
998 870
998 934
998 972
998 1062
998 1126
998 1190
999 513
999 737
999 807
999 871
999 925
999 935
999 1063
999 1127
999 1191
1000 39
1000 776
1000 808
1000 872
1000 936
1000 1064
1000 1128
1000 1192
1001 612
1001 809
1001 873
1001 937
1001 1065
1001 1129
1001 1156
1001 1193
1002 788
1002 810
1002 874
1002 938
1002 1041
1002 1066
1002 1130
1002 1194
1003 547
1003 811
1003 875
1003 939
1003 1067
1003 1131
1003 1173
1003 1195
1004 258
1004 529
1004 643
1004 812
1004 876
1004 940
1004 1068
1004 1132
1004 1196
1005 813
1005 877
1005 941
1005 1069
1005 1133
1005 1197
1006 484
1006 814
1006 878
1006 941
1006 942
1006 1070
1006 1134
1006 1155
1006 1198
1007 815
1007 879
1007 943
1007 1071
1007 1135
1007 1199
1008 296
1008 309
1008 810
1008 816
1008 880
1008 944
1008 1072
1008 1136
1008 1200
1009 557
1009 817
1009 881
1009 945
1009 1073
1009 1137
1009 1201
1010 818
1010 882
1010 946
1010 1036
1010 1074
1010 1138
1010 1202
1011 819
1011 822
1011 883
1011 947
1011 1044
1011 1075
1011 1139
1011 1203
1012 92
1012 151
1012 212
1012 284
1012 818
1012 820
1012 884
1012 948
1012 1069
1012 1076
1012 1140
1012 1204
1013 414
1013 821
1013 885
1013 949
1013 1077
1013 1141
1013 1205
1014 54
1014 134
1014 135
1014 199
1014 201
1014 263
1014 454
1014 521
1014 522
1014 526
1014 534
1014 582
1014 649
1014 710
1014 711
1014 718
1014 774
1014 822
1014 839
1014 841
1014 846
1014 886
1014 903
1014 905
1014 950
1014 970
1014 974
1014 979
1014 1033
1014 1038
1014 1078
1014 1094
1014 1103
1014 1142
1014 1159
1014 1162
1014 1166
1014 1174
1014 1206
1014 1223
1014 1225
1014 1238
1015 823
1015 887
1015 951
1015 1079
1015 1143
1015 1207
1016 41
1016 46
1016 824
1016 844
1016 888
1016 952
1016 1080
1016 1144
1016 1208
1016 1274
1017 215
1017 565
1017 825
1017 889
1017 914
1017 933
1017 953
1017 1081
1017 1145
1017 1209
1017 1256
1018 93
1018 346
1018 795
1018 826
1018 890
1018 954
1018 1055
1018 1080
1018 1082
1018 1146
1018 1210
1018 1265
1019 561
1019 581
1019 827
1019 891
1019 955
1019 1083
1019 1146
1019 1147
1019 1211
1019 1228
1020 554
1020 828
1020 892
1020 956
1020 1084
1020 1148
1020 1212
1021 130
1021 829
1021 893
1021 957
1021 1085
1021 1149
1021 1202
1021 1213
1022 241
1022 603
1022 830
1022 894
1022 947
1022 958
1022 1086
1022 1150
1022 1214
1023 84
1023 238
1023 407
1023 648
1023 831
1023 895
1023 959
1023 1087
1023 1151
1023 1215
1024 832
1024 896
1024 960
1024 1088
1024 1152
1024 1216
1025 833
1025 897
1025 961
1025 1054
1025 1089
1025 1099
1025 1153
1025 1217
1026 370
1026 480
1026 834
1026 898
1026 962
1026 992
1026 1090
1026 1154
1026 1218
1027 16
1027 388
1027 835
1027 899
1027 963
1027 1091
1027 1155
1027 1219
1028 30
1028 836
1028 900
1028 964
1028 1092
1028 1134
1028 1156
1028 1220
1029 158
1029 837
1029 901
1029 928
1029 965
1029 1093
1029 1130
1029 1157
1029 1181
1029 1221
1030 6
1030 73
1030 137
1030 198
1030 265
1030 326
1030 390
1030 457
1030 518
1030 585
1030 646
1030 713
1030 777
1030 838
1030 902
1030 966
1030 1094
1030 1097
1030 1158
1030 1161
1030 1222
1031 7
1031 70
1031 71
1031 199
1031 263
1031 327
1031 391
1031 455
1031 519
1031 521
1031 526
1031 534
1031 583
1031 647
1031 711
1031 718
1031 775
1031 839
1031 841
1031 903
1031 967
1031 969
1031 970
1031 974
1031 979
1031 982
1031 1033
1031 1038
1031 1094
1031 1095
1031 1103
1031 1159
1031 1166
1031 1223
1031 1225
1031 1238
1032 537
1032 840
1032 904
1032 968
1032 1096
1032 1160
1032 1224
1032 1245
1033 70
1033 199
1033 263
1033 327
1033 391
1033 455
1033 519
1033 521
1033 526
1033 534
1033 583
1033 647
1033 649
1033 710
1033 711
1033 718
1033 775
1033 839
1033 841
1033 846
1033 886
1033 905
1033 967
1033 969
1033 970
1033 974
1033 979
1033 982
1033 1014
1033 1031
1033 1038
1033 1094
1033 1095
1033 1097
1033 1103
1033 1159
1033 1161
1033 1162
1033 1166
1033 1223
1033 1225
1033 1238
1034 842
1034 906
1034 970
1034 1098
1034 1162
1034 1226
1035 843
1035 898
1035 907
1035 971
1035 1099
1035 1163
1035 1185
1035 1227
1036 844
1036 908
1036 972
1036 1010
1036 1100
1036 1164
1036 1228
1037 65
1037 821
1037 845
1037 909
1037 973
1037 1101
1037 1165
1037 1229
1038 14
1038 70
1038 199
1038 263
1038 327
1038 391
1038 454
1038 455
1038 519
1038 521
1038 526
1038 534
1038 582
1038 583
1038 647
1038 649
1038 710
1038 711
1038 718
1038 775
1038 839
1038 841
1038 846
1038 886
1038 903
1038 905
1038 910
1038 967
1038 969
1038 970
1038 974
1038 979
1038 982
1038 1014
1038 1031
1038 1033
1038 1094
1038 1095
1038 1102
1038 1103
1038 1159
1038 1162
1038 1166
1038 1174
1038 1223
1038 1225
1038 1230
1038 1238
1039 847
1039 911
1039 975
1039 1103
1039 1167
1039 1231
1040 848
1040 912
1040 976
1040 1104
1040 1168
1040 1232
1041 788
1041 849
1041 913
1041 977
1041 1002
1041 1105
1041 1169
1041 1233
1042 850
1042 914
1042 978
1042 1106
1042 1136
1042 1170
1042 1234
1042 1237
1043 851
1043 915
1043 979
1043 1060
1043 1107
1043 1171
1043 1235
1044 822
1044 852
1044 916
1044 980
1044 1011
1044 1108
1044 1172
1044 1236
1045 99
1045 254
1045 853
1045 917
1045 981
1045 1109
1045 1173
1045 1237
1046 854
1046 896
1046 918
1046 982
1046 1110
1046 1174
1046 1238
1047 716
1047 855
1047 857
1047 919
1047 983
1047 987
1047 1111
1047 1175
1047 1239
1048 116
1048 253
1048 856
1048 876
1048 920
1048 984
1048 1112
1048 1176
1048 1240
1049 250
1049 857
1049 921
1049 935
1049 985
1049 1113
1049 1177
1049 1241
1050 172
1050 242
1050 499
1050 653
1050 858
1050 922
1050 986
1050 1114
1050 1178
1050 1242
1050 1259
1051 859
1051 879
1051 923
1051 987
1051 1115
1051 1179
1051 1243
1052 608
1052 852
1052 860
1052 924
1052 988
1052 1116
1052 1143
1052 1180
1052 1224
1052 1244
1053 861
1053 925
1053 989
1053 1117
1053 1181
1053 1245
1054 833
1054 862
1054 926
1054 990
1054 1025
1054 1099
1054 1118
1054 1182
1054 1246
1055 93
1055 346
1055 795
1055 863
1055 927
1055 991
1055 1018
1055 1080
1055 1119
1055 1183
1055 1247
1055 1265
1056 60
1056 189
1056 226
1056 864
1056 928
1056 992
1056 1120
1056 1184
1056 1248
1057 611
1057 754
1057 796
1057 865
1057 929
1057 993
1057 1121
1057 1185
1057 1249
1058 652
1058 771
1058 866
1058 930
1058 994
1058 1122
1058 1186
1058 1250
1059 402
1059 867
1059 875
1059 931
1059 995
1059 1123
1059 1187
1059 1251
1060 868
1060 932
1060 996
1060 1043
1060 1124
1060 1188
1060 1252
1061 233
1061 286
1061 498
1061 869
1061 933
1061 997
1061 1125
1061 1177
1061 1189
1061 1253
1062 121
1062 515
1062 679
1062 870
1062 934
1062 938
1062 998
1062 1126
1062 1190
1062 1254
1063 871
1063 935
1063 999
1063 1127
1063 1191
1063 1255
1064 171
1064 411
1064 427
1064 491
1064 560
1064 872
1064 936
1064 1000
1064 1128
1064 1192
1064 1242
1064 1256
1065 131
1065 159
1065 179
1065 368
1065 849
1065 873
1065 937
1065 1001
1065 1129
1065 1191
1065 1193
1065 1257
1066 155
1066 314
1066 371
1066 510
1066 639
1066 874
1066 884
1066 927
1066 938
1066 1002
1066 1130
1066 1194
1066 1258
1067 506
1067 809
1067 875
1067 897
1067 939
1067 1003
1067 1131
1067 1195
1067 1259
1068 876
1068 940
1068 1004
1068 1132
1068 1196
1068 1260
1069 92
1069 151
1069 212
1069 284
1069 818
1069 877
1069 941
1069 1005
1069 1012
1069 1133
1069 1197
1069 1261
1070 878
1070 942
1070 1006
1070 1134
1070 1198
1070 1262
1071 879
1071 943
1071 1007
1071 1135
1071 1199
1071 1263
1072 29
1072 880
1072 944
1072 1008
1072 1108
1072 1136
1072 1138
1072 1200
1072 1264
1073 13
1073 881
1073 945
1073 1009
1073 1137
1073 1201
1073 1265
1074 97
1074 882
1074 946
1074 1010
1074 1115
1074 1138
1074 1202
1074 1266
1075 883
1075 947
1075 1011
1075 1122
1075 1139
1075 1203
1075 1267
1076 497
1076 665
1076 884
1076 948
1076 1012
1076 1140
1076 1204
1076 1268
1077 517
1077 885
1077 949
1077 1013
1077 1141
1077 1151
1077 1205
1077 1269
1078 886
1078 950
1078 1014
1078 1142
1078 1206
1078 1270
1079 887
1079 951
1079 1015
1079 1143
1079 1207
1079 1271
1080 93
1080 346
1080 795
1080 888
1080 952
1080 1016
1080 1018
1080 1055
1080 1144
1080 1208
1080 1265
1080 1272
1081 604
1081 889
1081 953
1081 1017
1081 1145
1081 1209
1081 1273
1082 532
1082 750
1082 890
1082 954
1082 1018
1082 1146
1082 1210
1082 1274
1083 40
1083 474
1083 825
1083 856
1083 881
1083 891
1083 955
1083 1019
1083 1147
1083 1211
1083 1275
1084 357
1084 715
1084 892
1084 956
1084 1020
1084 1148
1084 1187
1084 1212
1084 1276
1085 893
1085 957
1085 1021
1085 1149
1085 1213
1085 1277
1086 471
1086 893
1086 894
1086 958
1086 1022
1086 1150
1086 1214
1086 1273
1086 1278
1087 232
1087 359
1087 895
1087 908
1087 930
1087 959
1087 1023
1087 1151
1087 1215
1087 1279
1088 9
1088 262
1088 329
1088 393
1088 470
1088 522
1088 790
1088 896
1088 918
1088 950
1088 960
1088 1024
1088 1142
1088 1152
1088 1158
1088 1216
1088 1230
1089 230
1089 897
1089 961
1089 1025
1089 1153
1089 1217
1090 898
1090 962
1090 1026
1090 1154
1090 1218
1091 899
1091 963
1091 1027
1091 1155
1091 1219
1092 900
1092 964
1092 1028
1092 1156
1092 1220
1093 744
1093 901
1093 965
1093 1029
1093 1157
1093 1221
1094 70
1094 263
1094 327
1094 391
1094 455
1094 519
1094 521
1094 526
1094 534
1094 583
1094 647
1094 649
1094 710
1094 711
1094 718
1094 775
1094 839
1094 841
1094 846
1094 886
1094 902
1094 966
1094 967
1094 969
1094 970
1094 974
1094 979
1094 982
1094 1014
1094 1030
1094 1031
1094 1033
1094 1038
1094 1095
1094 1103
1094 1158
1094 1159
1094 1162
1094 1166
1094 1222
1094 1223
1094 1225
1094 1238
1095 7
1095 71
1095 263
1095 327
1095 391
1095 455
1095 519
1095 526
1095 583
1095 647
1095 711
1095 775
1095 839
1095 841
1095 903
1095 967
1095 969
1095 970
1095 974
1095 979
1095 982
1095 1031
1095 1033
1095 1038
1095 1094
1095 1103
1095 1159
1095 1166
1095 1223
1095 1238
1096 88
1096 295
1096 904
1096 968
1096 1032
1096 1160
1096 1224
1096 1250
1097 6
1097 73
1097 137
1097 198
1097 265
1097 326
1097 390
1097 457
1097 518
1097 585
1097 646
1097 713
1097 777
1097 838
1097 902
1097 905
1097 966
1097 969
1097 1030
1097 1033
1097 1161
1097 1222
1097 1225
1098 64
1098 906
1098 970
1098 1034
1098 1162
1098 1226
1098 1262
1099 833
1099 907
1099 971
1099 1025
1099 1035
1099 1054
1099 1163
1099 1227
1100 694
1100 908
1100 972
1100 990
1100 1036
1100 1164
1100 1228
1101 909
1101 973
1101 1037
1101 1165
1101 1229
1102 910
1102 974
1102 1038
1102 1166
1102 1230
1103 14
1103 135
1103 199
1103 263
1103 454
1103 455
1103 519
1103 521
1103 526
1103 534
1103 582
1103 647
1103 649
1103 710
1103 711
1103 718
1103 774
1103 775
1103 839
1103 841
1103 846
1103 886
1103 903
1103 905
1103 911
1103 969
1103 970
1103 974
1103 975
1103 979
1103 982
1103 1014
1103 1031
1103 1033
1103 1038
1103 1039
1103 1094
1103 1095
1103 1159
1103 1162
1103 1166
1103 1167
1103 1174
1103 1223
1103 1225
1103 1231
1103 1238
1104 394
1104 403
1104 670
1104 912
1104 976
1104 1040
1104 1168
1104 1232
1105 913
1105 977
1105 1041
1105 1169
1105 1233
1106 160
1106 571
1106 823
1106 914
1106 978
1106 1042
1106 1170
1106 1234
1106 1258
1107 915
1107 979
1107 1043
1107 1171
1107 1235
1108 29
1108 916
1108 980
1108 1044
1108 1072
1108 1138
1108 1172
1108 1236
1109 880
1109 917
1109 981
1109 1045
1109 1173
1109 1182
1109 1237
1110 598
1110 918
1110 982
1110 1046
1110 1174
1110 1238
1111 195
1111 331
1111 919
1111 983
1111 1047
1111 1175
1111 1239
1112 316
1112 619
1112 690
1112 920
1112 984
1112 1048
1112 1176
1112 1240
1113 873
1113 921
1113 985
1113 1049
1113 1177
1113 1241
1114 114
1114 741
1114 922
1114 986
1114 1050
1114 1178
1114 1242
1115 97
1115 923
1115 987
1115 1051
1115 1074
1115 1179
1115 1243
1116 301
1116 840
1116 924
1116 988
1116 1052
1116 1180
1116 1244
1117 925
1117 989
1117 1053
1117 1181
1117 1245
1117 1261
1118 133
1118 273
1118 755
1118 926
1118 990
1118 1054
1118 1182
1118 1246
1119 184
1119 257
1119 813
1119 927
1119 991
1119 1055
1119 1183
1119 1247
1120 928
1120 992
1120 1056
1120 1184
1120 1248
1121 865
1121 929
1121 993
1121 1057
1121 1185
1121 1249
1122 930
1122 994
1122 1058
1122 1075
1122 1186
1122 1250
1123 424
1123 549
1123 931
1123 995
1123 1059
1123 1187
1123 1251
1124 932
1124 996
1124 1060
1124 1188
1124 1252
1125 385
1125 451
1125 933
1125 997
1125 1061
1125 1189
1125 1253
1126 911
1126 934
1126 998
1126 1062
1126 1190
1126 1254
1127 935
1127 999
1127 1063
1127 1191
1127 1255
1128 153
1128 269
1128 321
1128 936
1128 1000
1128 1064
1128 1192
1128 1256
1129 132
1129 779
1129 937
1129 1001
1129 1065
1129 1193
1129 1257
1130 158
1130 928
1130 938
1130 1002
1130 1029
1130 1066
1130 1181
1130 1194
1130 1258
1131 939
1131 951
1131 1003
1131 1067
1131 1195
1131 1259
1132 216
1132 940
1132 1004
1132 1068
1132 1196
1132 1260
1132 1277
1133 523
1133 941
1133 1005
1133 1069
1133 1197
1133 1261
1134 30
1134 942
1134 1006
1134 1028
1134 1070
1134 1198
1134 1262
1135 290
1135 300
1135 303
1135 383
1135 943
1135 1007
1135 1071
1135 1199
1135 1263
1136 944
1136 1008
1136 1042
1136 1072
1136 1200
1136 1237
1136 1264
1137 13
1137 945
1137 1009
1137 1073
1137 1201
1137 1265
1138 29
1138 946
1138 1010
1138 1072
1138 1074
1138 1108
1138 1202
1138 1266
1139 947
1139 1011
1139 1075
1139 1203
1139 1251
1139 1267
1140 8
1140 119
1140 163
1140 360
1140 428
1140 948
1140 1012
1140 1076
1140 1204
1140 1268
1141 949
1141 1013
1141 1077
1141 1205
1141 1269
1142 9
1142 182
1142 262
1142 329
1142 393
1142 470
1142 522
1142 790
1142 918
1142 950
1142 1014
1142 1078
1142 1088
1142 1158
1142 1206
1142 1230
1142 1270
1143 608
1143 852
1143 951
1143 1015
1143 1052
1143 1079
1143 1207
1143 1224
1143 1271
1144 952
1144 1016
1144 1080
1144 1208
1144 1272
1145 244
1145 563
1145 564
1145 953
1145 1017
1145 1081
1145 1209
1145 1273
1146 561
1146 581
1146 954
1146 1018
1146 1019
1146 1082
1146 1210
1146 1228
1146 1274
1147 209
1147 555
1147 668
1147 831
1147 955
1147 1019
1147 1083
1147 1175
1147 1211
1147 1275
1148 597
1148 767
1148 816
1148 956
1148 1020
1148 1084
1148 1212
1148 1276
1149 306
1149 798
1149 957
1149 1021
1149 1085
1149 1212
1149 1213
1149 1277
1150 42
1150 293
1150 730
1150 958
1150 1022
1150 1086
1150 1214
1150 1278
1151 517
1151 959
1151 1023
1151 1077
1151 1087
1151 1215
1151 1279
1152 960
1152 1024
1152 1088
1152 1216
1153 101
1153 386
1153 961
1153 1025
1153 1089
1153 1217
1154 712
1154 962
1154 1026
1154 1090
1154 1218
1155 484
1155 941
1155 963
1155 1006
1155 1027
1155 1091
1155 1219
1156 612
1156 964
1156 1001
1156 1028
1156 1092
1156 1220
1157 621
1157 965
1157 1029
1157 1093
1157 1184
1157 1221
1158 9
1158 262
1158 329
1158 393
1158 470
1158 522
1158 790
1158 918
1158 950
1158 966
1158 1030
1158 1088
1158 1094
1158 1142
1158 1222
1158 1230
1159 14
1159 70
1159 135
1159 199
1159 263
1159 327
1159 391
1159 454
1159 455
1159 519
1159 521
1159 526
1159 534
1159 582
1159 583
1159 647
1159 649
1159 710
1159 711
1159 718
1159 774
1159 775
1159 839
1159 841
1159 846
1159 886
1159 903
1159 905
1159 967
1159 969
1159 970
1159 974
1159 979
1159 982
1159 1014
1159 1031
1159 1033
1159 1038
1159 1094
1159 1095
1159 1103
1159 1162
1159 1166
1159 1174
1159 1223
1159 1225
1159 1238
1160 356
1160 968
1160 1032
1160 1096
1160 1224
1161 6
1161 73
1161 137
1161 198
1161 265
1161 326
1161 390
1161 457
1161 518
1161 585
1161 646
1161 713
1161 777
1161 838
1161 902
1161 966
1161 969
1161 1030
1161 1033
1161 1097
1161 1222
1161 1225
1162 54
1162 134
1162 135
1162 393
1162 454
1162 521
1162 522
1162 526
1162 534
1162 582
1162 649
1162 710
1162 711
1162 718
1162 774
1162 839
1162 841
1162 846
1162 886
1162 903
1162 905
1162 970
1162 974
1162 979
1162 1014
1162 1033
1162 1034
1162 1038
1162 1094
1162 1098
1162 1103
1162 1159
1162 1166
1162 1174
1162 1223
1162 1225
1162 1226
1162 1238
1163 222
1163 971
1163 1035
1163 1099
1163 1227
1164 104
1164 511
1164 533
1164 894
1164 972
1164 1036
1164 1100
1164 1228
1165 973
1165 1037
1165 1101
1165 1229
1166 14
1166 70
1166 199
1166 263
1166 327
1166 391
1166 454
1166 455
1166 519
1166 521
1166 526
1166 534
1166 582
1166 583
1166 647
1166 649
1166 710
1166 711
1166 718
1166 775
1166 839
1166 841
1166 846
1166 886
1166 903
1166 905
1166 967
1166 969
1166 970
1166 974
1166 979
1166 982
1166 1014
1166 1031
1166 1033
1166 1038
1166 1094
1166 1095
1166 1102
1166 1103
1166 1159
1166 1162
1166 1174
1166 1223
1166 1225
1166 1230
1166 1238
1167 463
1167 975
1167 1039
1167 1103
1167 1231
1168 976
1168 1040
1168 1104
1168 1232
1169 211
1169 423
1169 870
1169 977
1169 1041
1169 1105
1169 1233
1170 607
1170 978
1170 1042
1170 1106
1170 1234
1171 528
1171 979
1171 1043
1171 1107
1171 1235
1172 459
1172 980
1172 1044
1172 1108
1172 1236
1173 547
1173 981
1173 1003
1173 1045
1173 1109
1173 1237
1174 54
1174 134
1174 393
1174 454
1174 521
1174 522
1174 526
1174 534
1174 582
1174 649
1174 710
1174 711
1174 718
1174 774
1174 839
1174 846
1174 886
1174 903
1174 905
1174 950
1174 970
1174 979
1174 982
1174 1014
1174 1038
1174 1046
1174 1103
1174 1110
1174 1159
1174 1162
1174 1166
1174 1223
1174 1225
1174 1238
1175 209
1175 555
1175 668
1175 831
1175 983
1175 1047
1175 1111
1175 1147
1175 1239
1176 984
1176 1048
1176 1112
1176 1240
1177 233
1177 286
1177 498
1177 985
1177 1049
1177 1061
1177 1113
1177 1241
1178 81
1178 829
1178 986
1178 1050
1178 1114
1178 1242
1179 89
1179 780
1179 987
1179 1051
1179 1115
1179 1243
1180 27
1180 988
1180 1052
1180 1116
1180 1244
1181 158
1181 928
1181 989
1181 1029
1181 1053
1181 1117
1181 1130
1181 1245
1182 880
1182 990
1182 1054
1182 1109
1182 1118
1182 1246
1183 277
1183 702
1183 991
1183 1055
1183 1119
1183 1247
1184 621
1184 992
1184 1056
1184 1120
1184 1157
1184 1248
1185 898
1185 993
1185 1035
1185 1057
1185 1121
1185 1249
1186 456
1186 631
1186 850
1186 994
1186 1058
1186 1122
1186 1250
1187 357
1187 715
1187 995
1187 1059
1187 1084
1187 1123
1187 1251
1188 996
1188 1060
1188 1124
1188 1252
1189 546
1189 615
1189 762
1189 997
1189 1061
1189 1125
1189 1244
1189 1253
1190 998
1190 1062
1190 1126
1190 1254
1191 131
1191 159
1191 179
1191 368
1191 849
1191 999
1191 1063
1191 1065
1191 1127
1191 1255
1192 1000
1192 1064
1192 1128
1192 1256
1193 338
1193 1001
1193 1065
1193 1129
1193 1257
1194 1002
1194 1066
1194 1130
1194 1258
1195 363
1195 728
1195 1003
1195 1067
1195 1131
1195 1241
1195 1259
1196 127
1196 472
1196 1004
1196 1068
1196 1132
1196 1260
1197 1005
1197 1069
1197 1133
1197 1261
1198 962
1198 1006
1198 1070
1198 1134
1198 1262
1199 210
1199 299
1199 413
1199 931
1199 1007
1199 1071
1199 1135
1199 1263
1200 156
1200 425
1200 439
1200 994
1200 1008
1200 1072
1200 1136
1200 1264
1201 1009
1201 1073
1201 1137
1201 1265
1202 130
1202 1010
1202 1021
1202 1074
1202 1138
1202 1266
1203 108
1203 231
1203 717
1203 1011
1203 1075
1203 1139
1203 1267
1204 1012
1204 1076
1204 1140
1204 1268
1205 1013
1205 1077
1205 1141
1205 1269
1206 118
1206 1014
1206 1078
1206 1142
1206 1270
1207 1015
1207 1079
1207 1143
1207 1271
1208 194
1208 867
1208 1016
1208 1080
1208 1144
1208 1272
1209 167
1209 264
1209 392
1209 601
1209 1017
1209 1081
1209 1145
1209 1213
1209 1273
1210 885
1210 1018
1210 1082
1210 1146
1210 1274
1211 50
1211 161
1211 895
1211 1019
1211 1083
1211 1147
1211 1275
1212 306
1212 798
1212 1020
1212 1084
1212 1148
1212 1149
1212 1276
1213 167
1213 264
1213 392
1213 601
1213 1021
1213 1085
1213 1149
1213 1209
1213 1277
1214 43
1214 191
1214 1022
1214 1086
1214 1150
1214 1278
1215 469
1215 1023
1215 1087
1215 1151
1215 1279
1216 1024
1216 1088
1216 1152
1217 1025
1217 1089
1217 1153
1218 237
1218 887
1218 1026
1218 1090
1218 1154
1219 576
1219 1027
1219 1091
1219 1155
1220 1028
1220 1092
1220 1156
1220 1227
1220 1252
1221 1029
1221 1093
1221 1157
1221 1248
1222 6
1222 73
1222 137
1222 198
1222 265
1222 326
1222 390
1222 457
1222 518
1222 585
1222 646
1222 713
1222 777
1222 838
1222 902
1222 966
1222 1030
1222 1094
1222 1097
1222 1158
1222 1161
1223 14
1223 54
1223 134
1223 135
1223 199
1223 263
1223 454
1223 455
1223 521
1223 522
1223 526
1223 534
1223 582
1223 649
1223 710
1223 711
1223 718
1223 774
1223 775
1223 839
1223 841
1223 846
1223 886
1223 903
1223 905
1223 970
1223 974
1223 979
1223 982
1223 1014
1223 1031
1223 1033
1223 1038
1223 1094
1223 1095
1223 1103
1223 1159
1223 1162
1223 1166
1223 1174
1223 1225
1223 1238
1224 608
1224 852
1224 1032
1224 1052
1224 1096
1224 1143
1224 1160
1225 14
1225 54
1225 134
1225 135
1225 199
1225 454
1225 455
1225 521
1225 522
1225 526
1225 534
1225 582
1225 649
1225 710
1225 711
1225 718
1225 774
1225 775
1225 839
1225 841
1225 846
1225 886
1225 903
1225 905
1225 970
1225 974
1225 979
1225 982
1225 1014
1225 1031
1225 1033
1225 1038
1225 1094
1225 1097
1225 1103
1225 1159
1225 1161
1225 1162
1225 1166
1225 1174
1225 1223
1225 1238
1226 272
1226 1034
1226 1098
1226 1162
1227 1035
1227 1099
1227 1163
1227 1220
1227 1252
1228 561
1228 581
1228 1019
1228 1036
1228 1100
1228 1146
1228 1164
1229 279
1229 901
1229 1037
1229 1101
1229 1165
1230 9
1230 393
1230 470
1230 522
1230 790
1230 918
1230 950
1230 1038
1230 1088
1230 1102
1230 1142
1230 1158
1230 1166
1231 15
1231 80
1231 1039
1231 1103
1231 1167
1232 1040
1232 1104
1232 1168
1233 1041
1233 1105
1233 1169
1234 747
1234 1042
1234 1106
1234 1170
1234 1268
1234 1279
1235 1043
1235 1107
1235 1171
1236 1044
1236 1108
1236 1172
1237 1042
1237 1045
1237 1109
1237 1136
1237 1173
1238 14
1238 70
1238 135
1238 199
1238 263
1238 454
1238 455
1238 519
1238 521
1238 526
1238 534
1238 582
1238 647
1238 649
1238 710
1238 711
1238 718
1238 774
1238 775
1238 839
1238 841
1238 846
1238 886
1238 903
1238 905
1238 969
1238 970
1238 974
1238 979
1238 982
1238 1014
1238 1031
1238 1033
1238 1038
1238 1046
1238 1094
1238 1095
1238 1103
1238 1110
1238 1159
1238 1162
1238 1166
1238 1174
1238 1223
1238 1225
1239 23
1239 44
1239 362
1239 834
1239 1047
1239 1111
1239 1175
1240 443
1240 620
1240 1048
1240 1112
1240 1176
1241 363
1241 728
1241 1049
1241 1113
1241 1177
1241 1195
1242 171
1242 411
1242 427
1242 491
1242 560
1242 1050
1242 1064
1242 1114
1242 1178
1243 460
1243 1051
1243 1115
1243 1179
1244 546
1244 615
1244 762
1244 1052
1244 1116
1244 1180
1244 1189
1245 537
1245 1032
1245 1053
1245 1117
1245 1181
1246 1054
1246 1118
1246 1182
1247 1055
1247 1119
1247 1183
1248 1056
1248 1120
1248 1184
1248 1221
1249 174
1249 260
1249 354
1249 525
1249 1057
1249 1121
1249 1185
1250 88
1250 295
1250 1058
1250 1096
1250 1122
1250 1186
1251 1059
1251 1123
1251 1139
1251 1187
1252 1060
1252 1124
1252 1188
1252 1220
1252 1227
1253 732
1253 1061
1253 1125
1253 1189
1253 1272
1254 322
1254 421
1254 488
1254 1062
1254 1126
1254 1190
1255 193
1255 588
1255 986
1255 1063
1255 1127
1255 1191
1256 215
1256 565
1256 914
1256 933
1256 1017
1256 1064
1256 1128
1256 1192
1257 1065
1257 1129
1257 1193
1258 160
1258 571
1258 823
1258 1066
1258 1106
1258 1130
1258 1194
1259 172
1259 242
1259 499
1259 653
1259 1050
1259 1067
1259 1131
1259 1195
1260 216
1260 1068
1260 1132
1260 1196
1260 1277
1261 1069
1261 1117
1261 1133
1261 1197
1262 64
1262 1070
1262 1098
1262 1134
1262 1198
1263 1071
1263 1135
1263 1199
1264 328
1264 434
1264 760
1264 1072
1264 1136
1264 1200
1265 93
1265 346
1265 795
1265 1018
1265 1055
1265 1073
1265 1080
1265 1137
1265 1201
1266 1074
1266 1138
1266 1202
1267 18
1267 433
1267 1075
1267 1139
1267 1203
1268 747
1268 1076
1268 1140
1268 1204
1268 1234
1268 1279
1269 228
1269 1077
1269 1141
1269 1205
1270 1078
1270 1142
1270 1206
1271 203
1271 545
1271 651
1271 806
1271 1079
1271 1143
1271 1207
1272 732
1272 1080
1272 1144
1272 1208
1272 1253
1273 471
1273 893
1273 1081
1273 1086
1273 1145
1273 1209
1274 41
1274 46
1274 844
1274 1016
1274 1082
1274 1146
1274 1210
1275 120
1275 1083
1275 1147
1275 1211
1276 223
1276 1084
1276 1148
1276 1212
1277 216
1277 1085
1277 1132
1277 1149
1277 1213
1277 1260
1278 188
1278 637
1278 657
1278 689
1278 952
1278 1086
1278 1150
1278 1214
1279 747
1279 1087
1279 1151
1279 1215
1279 1234
1279 1268
