0 64
0 128
0 148
0 192
0 553
0 765
0 1074
0 1113
1 65
1 129
1 193
2 66
2 130
2 194
2 256
2 357
2 498
2 690
2 1027
3 67
3 131
3 195
3 458
3 488
3 885
4 68
4 132
4 196
4 862
4 1152
5 69
5 133
5 197
5 261
6 70
6 134
6 198
6 262
6 326
6 390
6 454
6 518
6 582
6 646
6 710
6 715
6 774
6 779
6 838
6 843
6 902
6 966
6 1030
6 1094
6 1158
6 1222
7 71
7 135
7 199
8 72
8 73
8 136
8 137
8 200
8 201
8 265
8 329
8 393
8 457
8 521
8 585
8 649
8 713
8 777
8 841
8 905
8 969
8 1033
8 1097
8 1161
8 1225
9 11
9 72
9 73
9 137
9 200
9 201
9 203
9 264
9 392
10 74
10 138
10 202
10 1253
11 9
11 75
11 136
11 139
11 141
11 200
11 203
11 264
11 269
11 328
11 333
11 392
11 397
11 456
11 520
11 523
11 584
11 587
11 589
11 648
11 653
11 712
11 717
11 840
11 845
11 904
11 1032
11 1096
11 1165
12 76
12 140
12 204
12 586
12 960
12 1028
13 75
13 77
13 136
13 141
13 200
13 205
13 269
13 328
13 333
13 397
13 456
13 461
13 520
13 523
13 525
13 584
13 587
13 589
13 648
13 651
13 653
13 712
13 715
13 717
13 776
13 781
13 840
13 843
13 845
13 968
13 973
13 1037
13 1101
13 1224
13 1229
14 78
14 142
14 206
15 79
15 143
15 207
15 608
16 80
16 144
16 208
16 410
16 538
16 568
16 1040
17 81
17 145
17 209
18 82
18 146
18 210
18 286
18 1218
19 83
19 147
19 211
19 384
19 563
19 882
20 84
20 148
20 212
20 536
20 761
20 1072
21 85
21 149
21 213
21 247
21 962
22 86
22 150
22 214
22 989
23 67
23 87
23 151
23 215
24 88
24 152
24 173
24 216
24 232
24 291
24 296
24 558
25 89
25 153
25 217
25 612
25 832
26 28
26 90
26 154
26 218
26 720
26 1209
27 91
27 155
27 219
28 26
28 92
28 156
28 220
28 720
28 1209
29 76
29 93
29 157
29 221
29 961
29 1116
30 94
30 158
30 222
30 803
30 1042
31 37
31 50
31 95
31 159
31 178
31 223
31 354
31 660
32 96
32 160
32 224
33 97
33 161
33 225
33 1258
34 98
34 162
34 192
34 226
34 356
34 708
35 99
35 163
35 227
35 359
35 930
35 931
35 1132
35 1255
36 100
36 111
36 119
36 164
36 228
36 768
37 31
37 50
37 101
37 165
37 178
37 229
37 354
37 660
38 102
38 166
38 230
39 103
39 167
39 231
39 432
39 464
39 635
39 760
39 1073
40 104
40 168
40 232
40 661
40 994
41 105
41 169
41 233
42 106
42 170
42 234
42 975
42 1174
43 107
44 108
44 172
44 187
44 236
44 245
45 109
45 173
45 237
45 361
45 957
45 1197
45 1266
46 53
46 110
46 174
46 238
46 867
47 111
47 175
47 239
47 802
47 1182
48 112
48 176
48 240
49 113
49 177
49 241
49 505
50 31
50 37
50 114
50 178
50 242
50 354
50 660
51 115
51 179
51 243
51 253
51 280
51 400
51 564
51 888
51 1134
52 116
52 180
52 244
52 415
52 1081
53 46
53 117
53 181
53 245
53 867
54 118
54 182
54 197
54 224
54 246
54 1248
55 119
55 183
55 189
55 216
55 247
55 281
55 439
55 483
55 560
55 1232
55 1264
56 120
56 184
56 248
56 748
56 1016
56 1133
56 1201
57 121
57 177
57 185
58 122
58 186
58 315
59 123
59 187
59 636
60 124
60 188
60 236
60 238
60 243
60 698
60 1260
61 125
61 189
61 253
61 852
61 877
62 126
63 127
63 191
64 0
64 128
64 192
64 256
64 676
65 1
65 129
65 193
65 257
66 2
66 130
66 194
66 258
66 533
66 596
67 3
67 23
67 131
67 195
67 259
68 4
68 132
68 196
68 260
68 1107
69 5
69 133
69 197
69 261
70 6
70 134
70 198
70 262
70 326
70 390
70 454
70 518
70 582
70 646
70 710
70 715
70 774
70 779
70 838
70 843
70 902
70 907
70 966
70 1030
70 1094
70 1158
70 1222
71 7
71 135
71 199
71 263
72 8
72 9
72 136
72 200
72 203
72 264
73 8
73 9
73 137
73 201
73 265
73 329
73 393
73 457
73 521
73 585
73 649
73 713
73 777
73 841
73 905
73 969
73 1033
73 1097
73 1161
73 1225
74 10
74 138
74 202
74 266
75 11
75 13
75 77
75 136
75 139
75 141
75 200
75 203
75 205
75 264
75 267
75 269
75 328
75 333
75 392
75 397
75 456
75 461
75 520
75 523
75 525
75 584
75 587
75 589
75 648
75 653
75 712
75 717
75 776
75 840
75 845
75 904
75 909
75 1032
75 1096
75 1165
76 12
76 29
76 140
76 204
76 268
76 961
76 1116
77 13
77 75
77 136
77 141
77 205
77 269
77 328
77 333
77 397
77 456
77 461
77 520
77 523
77 525
77 584
77 587
77 589
77 648
77 651
77 653
77 712
77 715
77 717
77 776
77 779
77 781
77 840
77 843
77 845
77 904
77 907
77 909
77 968
77 973
77 1037
77 1101
77 1163
77 1229
78 14
78 142
78 206
78 270
79 15
79 143
79 207
79 271
79 911
80 16
80 100
80 144
80 208
80 272
80 680
80 792
80 827
80 980
80 1123
80 1178
80 1265
81 17
81 145
81 209
81 273
82 18
82 146
82 210
82 274
82 396
83 19
83 147
83 211
83 275
83 829
84 20
84 103
84 148
84 212
84 276
84 287
84 340
84 562
84 701
84 946
85 21
85 116
85 149
85 213
85 277
85 372
85 437
85 1173
86 22
86 150
86 214
86 278
86 327
87 23
87 151
87 215
87 279
87 733
88 24
88 152
88 216
88 280
88 578
89 25
89 153
89 167
89 217
89 281
89 412
89 592
89 884
89 1127
90 26
90 154
90 218
90 282
90 376
90 600
90 995
90 1200
91 27
91 155
91 219
91 283
91 535
91 914
92 28
92 156
92 220
92 284
92 297
92 473
92 528
92 602
92 749
92 932
93 29
93 157
93 221
93 285
94 30
94 158
94 222
94 286
95 31
95 140
95 147
95 159
95 223
95 287
95 546
95 576
95 610
95 623
95 759
95 1143
96 32
96 160
96 224
96 288
96 654
97 33
97 161
97 225
97 289
97 668
97 705
98 34
98 162
98 226
98 290
98 375
99 35
99 163
99 227
99 291
99 336
99 611
99 637
99 921
99 984
99 1064
99 1191
100 36
100 80
100 164
100 228
100 292
100 680
100 792
100 827
100 980
100 1123
100 1178
100 1265
101 37
101 164
101 165
101 229
101 293
101 640
101 706
101 1010
101 1076
101 1268
102 38
102 166
102 230
102 294
103 39
103 84
103 167
103 231
103 287
103 295
103 340
103 562
103 701
103 946
104 40
104 168
104 232
104 296
104 402
104 991
105 41
105 169
105 233
105 297
105 789
105 1183
105 1252
106 42
106 170
106 234
106 298
106 861
107 43
107 171
108 44
108 172
108 236
108 300
108 373
108 691
108 880
108 1023
109 45
109 173
109 220
109 237
109 301
109 735
109 916
110 46
110 174
110 238
110 302
110 942
110 956
110 1084
111 36
111 47
111 119
111 175
111 239
111 303
111 768
112 48
112 163
112 176
112 240
112 304
112 752
113 49
113 177
113 208
113 241
113 305
113 419
113 656
113 1275
114 50
114 178
114 242
114 306
114 1172
115 51
115 179
115 243
115 307
115 369
115 428
115 756
115 920
115 1000
115 1017
116 52
116 85
116 180
116 244
116 308
116 372
116 437
116 1173
117 53
117 181
117 245
117 309
117 1104
117 1141
117 1257
118 54
118 182
118 197
118 224
118 246
118 310
118 1248
119 36
119 55
119 111
119 183
119 247
119 311
119 768
120 56
120 123
120 184
120 248
120 312
120 364
120 408
120 876
121 57
121 185
121 249
121 318
121 633
121 1279
122 58
122 186
122 250
122 556
122 889
122 1019
122 1075
122 1144
122 1204
123 59
123 120
123 187
123 251
123 364
123 408
123 876
124 60
124 188
124 248
124 252
124 316
124 440
124 615
124 624
125 61
125 189
125 253
125 317
125 514
125 723
126 62
126 190
126 254
126 1168
127 63
127 191
127 255
127 627
128 0
128 64
128 149
128 192
128 256
128 306
128 320
128 597
128 666
128 922
128 1136
129 1
129 65
129 193
129 257
129 321
130 2
130 66
130 194
130 256
130 258
130 322
130 357
130 498
130 690
130 1027
131 3
131 67
131 195
131 259
131 323
131 722
132 4
132 68
132 196
132 211
132 222
132 260
132 324
132 997
132 1069
133 5
133 69
133 197
133 261
133 325
134 6
134 70
134 198
134 262
134 326
134 390
134 454
134 518
134 582
134 646
134 710
134 715
134 774
134 779
134 838
134 843
134 902
134 907
134 966
134 971
134 1030
134 1094
134 1158
134 1222
135 7
135 71
135 199
135 263
135 327
136 8
136 11
136 13
136 72
136 75
136 77
136 141
136 200
136 203
136 205
136 264
136 269
136 328
136 333
136 392
136 397
136 456
136 461
136 520
136 523
136 525
136 584
136 587
136 589
136 648
136 651
136 653
136 712
136 717
136 776
136 781
136 840
136 845
136 904
136 909
136 968
136 973
136 1224
137 8
137 9
137 73
137 201
137 265
137 329
137 393
137 457
137 521
137 585
137 649
137 713
137 777
137 841
137 905
137 969
137 1033
137 1097
137 1161
137 1225
138 10
138 74
138 202
138 266
138 330
139 11
139 75
139 203
139 267
139 331
140 12
140 76
140 95
140 147
140 204
140 268
140 332
140 546
140 576
140 610
140 623
140 759
140 1143
141 11
141 13
141 75
141 77
141 136
141 200
141 205
141 269
141 328
141 333
141 392
141 397
141 456
141 461
141 520
141 523
141 525
141 584
141 587
141 589
141 648
141 651
141 653
141 712
141 715
141 717
141 776
141 781
141 840
141 843
141 845
141 904
141 907
141 909
141 968
141 973
141 1037
141 1101
141 1224
141 1229
142 14
142 78
142 206
142 270
142 334
143 15
143 79
143 207
143 271
143 335
143 1103
144 16
144 80
144 208
144 272
144 336
144 346
144 381
144 423
144 504
144 739
144 1049
145 17
145 81
145 209
145 273
145 337
146 18
146 82
146 210
146 274
146 338
147 19
147 83
147 95
147 140
147 211
147 275
147 339
147 546
147 576
147 610
147 623
147 759
147 1143
148 0
148 20
148 84
148 212
148 276
148 340
148 553
148 765
148 1074
148 1113
149 21
149 85
149 128
149 213
149 277
149 306
149 341
149 597
149 666
149 922
149 1136
150 22
150 86
150 214
150 278
150 342
151 23
151 87
151 215
151 279
151 343
151 714
151 988
152 24
152 88
152 216
152 280
152 344
153 25
153 89
153 217
153 281
153 345
153 693
153 949
154 26
154 90
154 183
154 218
154 282
154 346
154 784
155 27
155 91
155 219
155 283
155 347
156 28
156 92
156 220
156 284
156 348
156 678
156 844
157 29
157 93
157 221
157 285
157 330
157 349
158 30
158 94
158 212
158 222
158 286
158 350
158 793
158 1088
159 31
159 95
159 181
159 223
159 287
159 351
159 794
159 804
159 828
160 32
160 96
160 224
160 288
160 352
160 643
161 33
161 97
161 225
161 289
161 353
161 490
162 34
162 98
162 226
162 290
162 354
162 452
163 35
163 99
163 112
163 227
163 291
163 355
163 752
164 36
164 100
164 101
164 165
164 228
164 292
164 356
164 640
164 706
164 1010
164 1076
164 1268
165 37
165 101
165 164
165 229
165 293
165 357
165 640
165 706
165 1010
165 1076
165 1268
166 38
166 102
166 230
166 294
166 358
166 938
166 1089
167 39
167 89
167 103
167 231
167 295
167 359
167 412
167 592
167 884
167 1127
168 40
168 104
168 232
168 296
168 360
169 41
169 105
169 233
169 297
169 322
169 361
169 418
169 642
169 754
170 42
170 106
170 234
170 298
170 362
171 107
172 44
172 108
172 236
172 300
172 301
172 364
172 724
172 814
173 24
173 45
173 109
173 232
173 237
173 291
173 296
173 301
173 365
173 558
174 46
174 110
174 238
174 302
174 371
174 433
174 700
174 1208
175 47
175 111
175 230
175 239
175 303
175 367
175 411
176 48
176 112
176 240
176 304
176 368
177 49
177 57
177 113
177 241
177 305
177 369
178 31
178 37
178 50
178 114
178 242
178 306
178 354
178 370
178 660
179 51
179 115
179 243
179 307
179 819
179 953
179 1214
180 52
180 116
180 244
180 308
180 372
180 1119
181 53
181 117
181 159
181 245
181 309
181 373
181 794
181 804
181 828
182 54
182 118
182 246
182 310
182 374
183 55
183 119
183 154
183 247
183 311
183 375
183 784
184 56
184 120
184 248
184 312
184 376
184 499
184 1128
185 57
185 121
185 249
185 313
185 368
186 58
186 122
186 250
186 314
186 895
187 44
187 59
187 123
187 245
187 251
187 315
187 379
188 60
188 124
188 252
188 316
188 447
188 555
188 688
189 55
189 61
189 125
189 216
189 253
189 281
189 317
189 381
189 439
189 483
189 560
189 1232
189 1264
190 126
190 254
190 318
191 63
191 127
191 255
191 319
191 510
191 511
191 958
191 1212
192 0
192 34
192 64
192 128
192 256
192 320
192 356
192 384
192 708
193 1
193 65
193 129
193 257
193 321
193 385
193 1217
193 1249
194 2
194 66
194 130
194 258
194 322
194 386
194 622
195 3
195 67
195 131
195 259
195 323
195 324
195 387
195 606
195 915
195 1186
196 4
196 68
196 132
196 260
196 324
196 388
196 479
197 5
197 54
197 69
197 118
197 133
197 224
197 261
197 325
197 389
197 1248
198 6
198 70
198 134
198 262
198 326
198 390
198 454
198 518
198 582
198 646
198 710
198 715
198 774
198 779
198 838
198 843
198 902
198 907
198 966
198 971
198 1030
198 1035
198 1094
198 1158
198 1222
199 7
199 71
199 135
199 263
199 327
199 391
199 1002
199 1263
200 8
200 9
200 11
200 13
200 72
200 75
200 136
200 141
200 203
200 205
200 264
200 269
200 328
200 333
200 392
200 397
200 456
200 520
200 523
200 525
200 584
200 587
200 589
200 648
200 653
200 712
200 717
200 776
200 840
200 845
200 904
200 909
200 968
200 1032
200 1037
200 1096
200 1165
201 8
201 9
201 73
201 137
201 265
201 329
201 393
201 457
201 521
201 585
201 649
201 713
201 777
201 841
201 905
201 969
201 1033
201 1097
201 1161
201 1225
202 10
202 74
202 138
202 210
202 266
202 290
202 330
202 394
203 9
203 11
203 72
203 75
203 136
203 139
203 200
203 264
203 267
203 328
203 331
203 392
203 395
203 397
203 456
203 523
203 584
203 589
203 648
203 653
203 717
203 840
203 845
203 904
203 909
203 1032
203 1096
203 1165
204 12
204 76
204 140
204 268
204 332
204 396
204 531
204 1090
205 13
205 75
205 77
205 136
205 141
205 200
205 269
205 328
205 333
205 397
205 456
205 461
205 520
205 523
205 525
205 584
205 587
205 589
205 648
205 651
205 653
205 712
205 715
205 717
205 776
205 781
205 840
205 843
205 845
205 904
205 907
205 909
205 968
205 973
205 1032
205 1035
205 1037
205 1101
205 1224
205 1229
206 14
206 78
206 142
206 270
206 334
206 398
207 15
207 79
207 143
207 271
207 335
207 342
207 387
207 399
208 16
208 80
208 113
208 144
208 272
208 336
208 400
208 419
208 656
208 1275
209 17
209 81
209 145
209 273
209 337
209 401
210 18
210 82
210 146
210 202
210 274
210 290
210 338
210 402
211 19
211 83
211 132
211 147
211 222
211 275
211 339
211 403
211 997
211 1069
212 20
212 84
212 148
212 158
212 276
212 340
212 404
212 793
212 1088
213 21
213 85
213 149
213 277
213 341
213 405
213 430
214 22
214 86
214 150
214 278
214 342
214 406
215 23
215 87
215 151
215 279
215 343
215 407
216 24
216 55
216 88
216 152
216 189
216 280
216 281
216 344
216 408
216 439
216 483
216 560
216 1232
216 1264
217 25
217 89
217 153
217 281
217 345
217 409
217 894
218 26
218 90
218 154
218 272
218 282
218 346
218 370
218 410
218 674
218 1177
219 27
219 91
219 155
219 283
219 347
219 411
220 28
220 92
220 109
220 156
220 284
220 348
220 412
220 735
220 916
221 29
221 93
221 157
221 285
221 349
221 413
222 30
222 94
222 132
222 158
222 211
222 286
222 350
222 414
222 997
222 1069
223 31
223 95
223 159
223 287
223 312
223 351
223 415
223 744
223 1048
223 1237
224 32
224 54
224 96
224 118
224 160
224 197
224 288
224 352
224 416
224 1248
225 33
225 97
225 161
225 283
225 289
225 353
225 417
226 34
226 98
226 162
226 290
226 354
226 418
226 431
226 1244
227 35
227 99
227 163
227 291
227 355
227 379
227 419
227 492
227 824
227 1145
228 36
228 100
228 164
228 292
228 356
228 420
228 450
228 820
229 37
229 101
229 165
229 293
229 357
229 421
229 601
229 613
230 38
230 102
230 166
230 175
230 294
230 358
230 411
230 422
231 39
231 103
231 167
231 295
231 359
231 423
231 487
231 677
231 763
231 887
232 24
232 40
232 104
232 168
232 173
232 291
232 296
232 360
232 424
232 558
233 41
233 105
233 169
233 297
233 361
233 425
234 42
234 106
234 170
234 298
234 362
234 426
235 299
236 44
236 60
236 108
236 172
236 238
236 243
236 300
236 364
236 698
236 1260
237 45
237 109
237 173
237 301
237 365
237 420
237 429
237 512
237 893
238 46
238 60
238 110
238 174
238 236
238 243
238 302
238 366
238 698
238 1260
239 47
239 111
239 175
239 303
239 367
239 431
239 1254
240 48
240 112
240 176
240 304
240 368
240 432
240 750
240 753
240 848
240 1262
241 49
241 113
241 177
241 305
241 369
241 433
242 50
242 114
242 178
242 306
242 370
242 434
242 476
243 51
243 60
243 115
243 179
243 236
243 238
243 307
243 371
243 698
243 1260
244 52
244 116
244 180
244 308
244 372
244 436
244 532
244 1171
245 44
245 53
245 117
245 181
245 187
245 309
245 373
245 437
246 54
246 118
246 182
246 310
246 374
246 438
247 21
247 55
247 119
247 183
247 311
247 375
247 439
247 962
248 56
248 120
248 124
248 184
248 312
248 376
248 440
248 615
248 624
249 121
249 185
249 313
249 377
249 1151
250 122
250 186
250 314
251 123
251 187
251 315
251 379
251 427
251 944
252 124
252 188
252 316
252 380
253 51
253 61
253 125
253 189
253 280
253 317
253 381
253 400
253 445
253 564
253 888
253 1134
254 126
254 190
254 318
254 382
254 620
254 683
254 817
255 127
255 191
255 319
255 383
255 939
255 1215
256 2
256 64
256 128
256 130
256 192
256 320
256 357
256 384
256 448
256 498
256 690
256 1027
257 65
257 129
257 193
257 321
257 385
257 449
257 550
257 1243
258 66
258 130
258 194
258 276
258 322
258 386
258 450
258 551
259 67
259 131
259 195
259 323
259 387
259 451
259 801
260 68
260 132
260 196
260 324
260 388
260 452
260 482
260 484
260 557
260 979
260 985
261 5
261 69
261 133
261 197
261 325
261 389
261 453
262 6
262 70
262 134
262 198
262 326
262 390
262 454
262 518
262 582
262 646
262 710
262 715
262 774
262 779
262 838
262 843
262 902
262 907
262 966
262 971
262 1030
262 1035
262 1094
262 1099
262 1158
262 1222
263 71
263 135
263 199
263 327
263 391
263 455
263 847
263 1166
264 9
264 11
264 72
264 75
264 136
264 200
264 203
264 328
264 392
264 397
264 456
264 523
264 904
264 1032
264 1096
265 8
265 73
265 137
265 201
265 329
265 393
265 457
265 521
265 585
265 649
265 713
265 777
265 841
265 905
265 969
265 1033
265 1097
265 1161
265 1225
266 74
266 138
266 202
266 330
266 394
266 458
267 75
267 139
267 203
267 331
267 395
267 459
268 76
268 140
268 204
268 332
268 396
268 460
268 531
268 1090
269 11
269 13
269 75
269 77
269 136
269 141
269 200
269 205
269 328
269 333
269 392
269 397
269 456
269 461
269 520
269 523
269 525
269 584
269 587
269 589
269 648
269 651
269 653
269 712
269 715
269 717
269 776
269 781
269 840
269 843
269 845
269 904
269 907
269 909
269 968
269 973
269 1032
269 1035
269 1037
269 1099
269 1101
269 1224
269 1229
270 78
270 142
270 206
270 334
270 398
270 462
271 79
271 143
271 207
271 335
271 347
271 399
271 463
272 80
272 144
272 208
272 218
272 336
272 370
272 400
272 464
272 674
272 1177
273 81
273 145
273 209
273 337
273 401
273 465
274 82
274 146
274 210
274 338
274 388
274 402
274 466
274 1043
274 1156
275 83
275 147
275 211
275 339
275 403
275 467
275 1202
276 84
276 148
276 212
276 258
276 340
276 404
276 468
276 551
277 85
277 149
277 213
277 341
277 405
277 469
278 86
278 150
278 214
278 342
278 406
278 470
279 87
279 151
279 215
279 343
279 407
279 471
280 51
280 88
280 152
280 216
280 253
280 344
280 400
280 408
280 472
280 564
280 888
280 1134
281 55
281 89
281 153
281 189
281 216
281 217
281 345
281 409
281 439
281 473
281 483
281 560
281 1232
281 1264
282 90
282 154
282 218
282 309
282 311
282 346
282 410
282 474
282 664
282 821
282 871
282 935
283 91
283 155
283 219
283 225
283 347
283 411
283 475
284 92
284 156
284 220
284 348
284 412
284 476
284 1059
284 1125
284 1170
284 1261
285 93
285 157
285 221
285 349
285 413
285 477
285 605
285 963
286 18
286 94
286 158
286 222
286 350
286 414
286 478
286 1218
287 84
287 95
287 103
287 159
287 223
287 340
287 351
287 415
287 479
287 562
287 701
287 946
288 96
288 160
288 224
288 352
288 416
288 480
289 97
289 161
289 225
289 353
289 417
289 481
289 524
290 98
290 162
290 202
290 210
290 226
290 354
290 418
290 482
291 24
291 99
291 163
291 173
291 227
291 232
291 296
291 355
291 419
291 483
291 558
292 100
292 164
292 228
292 356
292 420
292 484
292 704
292 770
293 101
293 165
293 229
293 357
293 414
293 421
293 485
293 675
293 732
294 102
294 166
294 230
294 358
294 422
294 467
294 486
295 103
295 167
295 231
295 307
295 359
295 404
295 423
295 434
295 487
295 574
295 945
295 1139
295 1198
296 24
296 104
296 168
296 173
296 232
296 291
296 360
296 424
296 488
296 558
297 92
297 105
297 169
297 233
297 361
297 425
297 473
297 489
297 528
297 602
297 749
297 932
298 106
298 170
298 234
298 362
298 413
298 426
298 490
298 1062
299 235
299 363
299 491
300 108
300 172
300 236
300 364
300 424
300 428
300 875
300 1018
300 1259
301 109
301 172
301 173
301 237
301 365
301 429
301 493
301 724
301 814
302 110
302 174
302 238
302 366
302 409
302 430
302 494
302 999
303 111
303 175
303 239
303 367
303 431
303 495
303 865
303 900
304 112
304 176
304 240
304 308
304 368
304 432
304 891
304 1086
305 113
305 177
305 241
305 369
305 433
305 497
305 1150
306 114
306 128
306 149
306 178
306 242
306 370
306 434
306 498
306 597
306 666
306 922
306 1136
307 115
307 179
307 243
307 295
307 371
307 404
307 434
307 435
307 499
307 574
307 945
307 1139
307 1198
308 116
308 180
308 244
308 304
308 372
308 436
308 500
308 891
308 1086
309 117
309 181
309 245
309 282
309 311
309 373
309 437
309 501
309 664
309 821
309 871
309 935
310 118
310 182
310 246
310 374
310 438
310 502
311 119
311 183
311 247
311 282
311 309
311 375
311 439
311 503
311 664
311 821
311 871
311 935
312 120
312 184
312 223
312 248
312 376
312 440
312 504
312 744
312 1048
312 1237
313 185
313 249
313 377
313 380
313 441
313 496
314 186
314 250
314 378
314 442
314 1267
315 58
315 187
315 251
315 379
316 124
316 188
316 252
316 380
316 444
316 508
317 125
317 189
317 253
317 381
317 445
317 509
317 1068
318 121
318 190
318 254
318 382
318 446
318 633
318 1279
319 191
319 255
319 383
319 447
320 128
320 192
320 256
320 384
320 448
320 512
320 629
320 741
321 129
321 193
321 257
321 385
321 449
321 513
321 908
321 1052
322 130
322 169
322 194
322 258
322 386
322 418
322 450
322 514
322 642
322 754
323 131
323 195
323 259
323 387
323 451
323 515
323 897
324 132
324 195
324 196
324 260
324 388
324 452
324 516
324 606
324 915
324 1186
325 133
325 197
325 261
325 389
325 453
325 480
325 517
325 709
325 810
326 6
326 70
326 134
326 198
326 262
326 390
326 454
326 518
326 582
326 646
326 710
326 715
326 774
326 779
326 838
326 843
326 902
326 907
326 966
326 971
326 1030
326 1035
326 1094
326 1099
326 1158
326 1222
327 86
327 135
327 199
327 263
327 391
327 455
327 519
328 11
328 13
328 75
328 77
328 136
328 141
328 200
328 203
328 205
328 264
328 269
328 333
328 392
328 397
328 456
328 461
328 520
328 523
328 525
328 584
328 587
328 589
328 648
328 653
328 712
328 717
328 776
328 840
328 845
328 904
328 909
328 968
328 1032
328 1037
328 1096
328 1101
328 1165
329 8
329 73
329 137
329 201
329 265
329 393
329 457
329 521
329 585
329 649
329 713
329 777
329 841
329 905
329 969
329 1033
329 1097
329 1161
329 1225
330 138
330 157
330 202
330 266
330 394
330 458
330 522
331 139
331 203
331 267
331 395
331 459
331 523
332 140
332 204
332 268
332 358
332 396
332 460
332 524
332 670
333 11
333 13
333 75
333 77
333 136
333 141
333 200
333 205
333 269
333 328
333 392
333 397
333 456
333 461
333 520
333 523
333 525
333 584
333 587
333 589
333 648
333 651
333 653
333 712
333 715
333 717
333 776
333 781
333 840
333 843
333 845
333 904
333 907
333 909
333 968
333 973
333 1032
333 1035
333 1037
333 1099
333 1101
333 1163
333 1224
333 1229
334 142
334 206
334 270
334 398
334 462
334 526
335 143
335 207
335 271
335 399
335 463
335 527
336 99
336 144
336 208
336 272
336 400
336 464
336 528
336 611
336 637
336 921
336 984
336 1064
336 1191
337 145
337 209
337 273
337 401
337 465
337 529
338 146
338 210
338 274
338 402
338 466
338 530
338 851
339 147
339 211
339 275
339 403
339 467
339 531
339 964
339 978
340 84
340 103
340 148
340 212
340 276
340 287
340 404
340 468
340 532
340 562
340 701
340 946
341 149
341 213
341 277
341 405
341 436
341 469
341 533
341 547
341 1020
341 1240
342 150
342 207
342 214
342 278
342 387
342 406
342 470
342 534
343 151
343 215
343 279
343 407
343 466
343 471
343 527
343 535
343 1149
344 152
344 216
344 280
344 408
344 472
344 536
345 153
345 217
345 281
345 409
345 468
345 473
345 503
345 537
345 858
345 1189
346 144
346 154
346 218
346 282
346 381
346 410
346 423
346 474
346 504
346 538
346 739
346 1049
347 155
347 219
347 271
347 283
347 411
347 475
347 539
348 156
348 220
348 284
348 412
348 476
348 500
348 540
348 617
348 818
348 1234
349 157
349 221
349 285
349 413
349 477
349 541
350 158
350 222
350 286
350 414
350 478
350 542
350 1045
350 1065
351 159
351 223
351 287
351 415
351 479
351 543
351 1091
351 1188
352 160
352 224
352 288
352 416
352 480
352 544
353 161
353 225
353 289
353 417
353 481
353 545
353 579
353 923
354 31
354 37
354 50
354 162
354 178
354 226
354 290
354 418
354 482
354 546
354 660
355 163
355 227
355 291
355 419
355 483
355 547
355 681
355 743
355 1236
356 34
356 164
356 192
356 228
356 292
356 420
356 484
356 548
356 708
357 2
357 130
357 165
357 229
357 256
357 293
357 421
357 485
357 498
357 549
357 690
357 1027
358 166
358 230
358 294
358 332
358 422
358 486
358 550
358 670
359 35
359 167
359 231
359 295
359 423
359 487
359 551
359 930
359 931
359 1132
359 1255
360 168
360 232
360 296
360 424
360 488
360 552
360 628
360 869
361 45
361 169
361 233
361 297
361 425
361 489
361 553
361 957
361 1197
361 1266
362 170
362 234
362 298
362 426
362 490
362 554
362 943
362 1057
363 299
363 427
363 491
364 120
364 123
364 172
364 236
364 300
364 408
364 428
364 492
364 556
364 876
365 173
365 237
365 301
365 429
365 493
365 557
366 238
366 302
366 430
366 494
366 558
366 1203
366 1211
367 175
367 239
367 303
367 422
367 431
367 495
367 559
368 176
368 185
368 240
368 304
368 432
368 496
368 560
369 115
369 177
369 241
369 305
369 428
369 433
369 497
369 561
369 756
369 920
369 1000
369 1017
370 178
370 218
370 242
370 272
370 306
370 434
370 498
370 562
370 674
370 1177
371 174
371 243
371 307
371 433
371 435
371 499
371 563
371 700
371 1208
372 85
372 116
372 180
372 244
372 308
372 436
372 437
372 500
372 564
372 1173
373 108
373 181
373 245
373 309
373 437
373 501
373 565
373 691
373 880
373 1023
374 182
374 246
374 310
374 438
374 502
374 566
374 910
375 98
375 183
375 247
375 311
375 439
375 503
375 567
376 90
376 184
376 248
376 312
376 440
376 504
376 568
376 600
376 995
376 1200
377 249
377 313
377 441
377 446
377 505
377 569
377 1146
377 1195
378 314
378 442
379 187
379 227
379 251
379 315
379 443
379 492
379 507
379 571
379 824
379 1145
380 252
380 313
380 316
380 444
380 496
380 508
381 144
381 189
381 253
381 317
381 346
381 423
381 445
381 504
381 509
381 573
381 739
381 1049
382 254
382 318
382 446
382 510
382 574
382 955
383 255
383 319
383 447
383 511
383 632
383 1087
384 19
384 192
384 256
384 320
384 448
384 512
384 563
384 576
384 882
385 193
385 257
385 321
385 449
385 481
385 513
385 577
386 194
386 258
386 322
386 450
386 514
386 548
386 578
386 878
386 1112
387 195
387 207
387 259
387 323
387 342
387 451
387 515
387 579
388 196
388 260
388 274
388 324
388 452
388 516
388 580
388 1043
388 1156
389 197
389 261
389 325
389 453
389 517
389 581
390 6
390 70
390 134
390 198
390 262
390 326
390 454
390 518
390 582
390 646
390 710
390 715
390 774
390 779
390 838
390 843
390 902
390 907
390 966
390 971
390 1030
390 1035
390 1094
390 1099
390 1158
390 1222
390 1227
391 199
391 263
391 327
391 455
391 519
391 583
392 9
392 11
392 75
392 136
392 141
392 200
392 203
392 264
392 269
392 328
392 333
392 397
392 456
392 520
392 523
392 584
392 587
392 589
392 648
392 653
392 712
392 717
392 840
392 845
392 904
392 909
392 968
392 1032
392 1096
392 1101
392 1165
392 1224
393 8
393 73
393 137
393 201
393 265
393 329
393 457
393 521
393 585
393 649
393 713
393 777
393 841
393 905
393 969
393 1033
393 1097
393 1161
393 1225
394 202
394 266
394 330
394 458
394 522
394 586
394 934
395 203
395 267
395 331
395 459
395 523
395 587
396 82
396 204
396 268
396 332
396 460
396 524
396 588
397 11
397 13
397 75
397 77
397 136
397 141
397 200
397 203
397 205
397 264
397 269
397 328
397 333
397 392
397 456
397 461
397 520
397 523
397 525
397 584
397 587
397 589
397 648
397 653
397 712
397 717
397 776
397 840
397 845
397 904
397 909
397 968
397 1032
397 1037
397 1096
397 1101
397 1165
397 1224
398 206
398 270
398 334
398 462
398 526
398 590
399 207
399 271
399 335
399 463
399 527
399 591
399 1111
400 51
400 208
400 253
400 272
400 280
400 336
400 464
400 528
400 564
400 592
400 888
400 1134
401 209
401 273
401 337
401 465
401 529
401 593
401 1233
402 104
402 210
402 274
402 338
402 466
402 530
402 594
402 991
403 211
403 275
403 339
403 467
403 531
403 595
403 927
403 951
404 212
404 276
404 295
404 307
404 340
404 434
404 468
404 532
404 574
404 596
404 945
404 1139
404 1198
405 213
405 277
405 341
405 469
405 491
405 533
405 565
405 597
405 621
405 728
405 807
405 1063
406 214
406 278
406 342
406 470
406 534
406 598
407 215
407 279
407 343
407 471
407 535
407 539
407 599
408 120
408 123
408 216
408 280
408 344
408 364
408 472
408 536
408 600
408 876
409 217
409 281
409 302
409 345
409 473
409 537
409 601
409 999
410 16
410 218
410 282
410 346
410 474
410 538
410 568
410 602
410 1040
411 175
411 219
411 230
411 283
411 347
411 475
411 539
411 603
412 89
412 167
412 220
412 284
412 348
412 476
412 540
412 592
412 604
412 884
412 1127
413 221
413 285
413 298
413 349
413 426
413 477
413 541
413 605
413 1062
414 222
414 286
414 293
414 350
414 478
414 542
414 606
414 675
414 732
415 52
415 223
415 287
415 351
415 479
415 543
415 607
415 1081
416 224
416 288
416 352
416 480
416 544
416 608
417 225
417 289
417 353
417 481
417 545
417 577
417 609
417 859
417 860
417 1115
418 169
418 226
418 290
418 322
418 354
418 482
418 546
418 610
418 642
418 754
419 113
419 208
419 227
419 291
419 355
419 483
419 547
419 611
419 656
419 1275
420 228
420 237
420 292
420 356
420 484
420 512
420 548
420 612
420 893
421 229
421 293
421 357
421 485
421 549
421 613
421 1219
422 230
422 294
422 358
422 367
422 486
422 550
422 614
423 144
423 231
423 295
423 346
423 359
423 381
423 487
423 504
423 551
423 615
423 739
423 1049
424 232
424 296
424 300
424 360
424 488
424 552
424 616
424 875
424 1018
424 1259
425 233
425 297
425 361
425 489
425 553
425 617
425 1114
426 234
426 298
426 362
426 413
426 490
426 554
426 618
426 1062
427 251
427 363
427 491
427 555
427 944
428 115
428 300
428 364
428 369
428 492
428 556
428 620
428 756
428 920
428 1000
428 1017
429 237
429 301
429 365
429 493
429 557
429 621
429 1187
429 1242
430 213
430 302
430 366
430 494
430 558
430 622
431 226
431 239
431 303
431 367
431 495
431 559
431 623
431 1244
432 39
432 240
432 304
432 368
432 464
432 496
432 560
432 624
432 635
432 760
432 1073
433 174
433 241
433 305
433 369
433 371
433 497
433 561
433 625
433 700
433 1208
434 242
434 295
434 306
434 307
434 370
434 404
434 498
434 562
434 574
434 626
434 945
434 1139
434 1198
435 307
435 371
435 499
435 563
435 569
435 1148
436 244
436 308
436 341
436 372
436 500
436 547
436 564
436 628
436 1020
436 1240
437 85
437 116
437 245
437 309
437 372
437 373
437 501
437 565
437 629
437 1173
438 246
438 310
438 374
438 502
438 566
438 630
438 1120
439 55
439 189
439 216
439 247
439 281
439 311
439 375
439 483
439 503
439 560
439 567
439 631
439 1232
439 1264
440 124
440 248
440 312
440 376
440 504
440 568
440 615
440 624
441 313
441 377
441 444
441 505
441 569
442 314
442 378
442 506
442 570
442 575
443 379
443 507
443 571
443 572
444 316
444 380
444 441
444 508
445 253
445 317
445 381
445 509
445 573
445 637
445 853
446 318
446 377
446 382
446 510
446 574
446 1146
446 1195
447 188
447 319
447 383
447 511
447 555
447 575
447 688
448 256
448 320
448 384
448 512
448 576
448 616
448 640
448 850
448 896
449 257
449 321
449 385
449 513
449 577
449 618
449 641
449 667
449 926
450 228
450 258
450 322
450 386
450 514
450 578
450 642
450 820
451 259
451 323
451 387
451 515
451 579
451 631
451 643
451 872
451 981
451 1026
451 1138
452 162
452 260
452 324
452 388
452 516
452 580
452 644
453 261
453 325
453 389
453 517
453 581
453 645
454 6
454 70
454 134
454 198
454 262
454 326
454 390
454 518
454 582
454 646
454 710
454 715
454 774
454 779
454 838
454 843
454 902
454 907
454 966
454 971
454 1030
454 1035
454 1094
454 1099
454 1158
454 1222
454 1227
455 263
455 327
455 391
455 519
455 583
455 647
456 11
456 13
456 75
456 77
456 136
456 141
456 200
456 203
456 205
456 264
456 269
456 328
456 333
456 392
456 397
456 461
456 520
456 523
456 525
456 584
456 587
456 589
456 648
456 651
456 653
456 712
456 717
456 776
456 781
456 840
456 845
456 904
456 909
456 968
456 973
456 1032
456 1037
456 1096
456 1101
456 1163
456 1165
456 1224
456 1229
457 8
457 73
457 137
457 201
457 265
457 329
457 393
457 521
457 585
457 649
457 713
457 777
457 841
457 905
457 969
457 1033
457 1097
457 1161
457 1225
458 3
458 266
458 330
458 394
458 488
458 522
458 586
458 650
458 885
459 267
459 331
459 395
459 523
459 587
459 651
460 268
460 332
460 396
460 524
460 588
460 652
461 13
461 75
461 77
461 136
461 141
461 205
461 269
461 328
461 333
461 397
461 456
461 520
461 523
461 525
461 584
461 587
461 589
461 648
461 651
461 653
461 712
461 715
461 717
461 776
461 779
461 781
461 840
461 843
461 845
461 904
461 907
461 909
461 968
461 971
461 973
461 1035
461 1037
461 1099
461 1101
461 1163
461 1224
461 1227
461 1229
462 270
462 334
462 398
462 526
462 590
462 654
463 271
463 335
463 399
463 527
463 591
463 655
463 1175
464 39
464 272
464 336
464 400
464 432
464 528
464 592
464 635
464 656
464 760
464 1073
465 273
465 337
465 401
465 529
465 593
465 657
466 274
466 338
466 343
466 402
466 527
466 530
466 594
466 658
466 1149
467 275
467 294
467 339
467 403
467 531
467 595
467 659
468 276
468 340
468 345
468 404
468 503
468 532
468 596
468 660
468 858
468 1189
469 277
469 341
469 405
469 533
469 597
469 661
470 278
470 342
470 406
470 534
470 598
470 662
471 279
471 343
471 407
471 535
471 599
471 663
471 745
471 1085
472 280
472 344
472 408
472 474
472 536
472 600
472 664
473 92
473 281
473 297
473 345
473 409
473 528
473 537
473 601
473 602
473 665
473 749
473 932
474 282
474 346
474 410
474 472
474 538
474 602
474 666
475 283
475 347
475 411
475 539
475 603
475 667
475 990
476 242
476 284
476 348
476 412
476 540
476 604
476 668
477 285
477 349
477 413
477 541
477 605
477 669
477 1054
478 286
478 350
478 414
478 542
478 606
478 670
479 196
479 287
479 351
479 415
479 543
479 607
479 671
480 288
480 325
480 352
480 416
480 544
480 608
480 672
480 709
480 810
481 289
481 353
481 385
481 417
481 545
481 609
481 673
482 260
482 290
482 354
482 418
482 484
482 546
482 557
482 610
482 674
482 979
482 985
483 55
483 189
483 216
483 281
483 291
483 355
483 419
483 439
483 547
483 560
483 611
483 675
483 1232
483 1264
484 260
484 292
484 356
484 420
484 482
484 548
484 557
484 612
484 676
484 979
484 985
485 293
485 357
485 421
485 543
485 549
485 613
485 677
485 873
485 1050
485 1109
485 1192
486 294
486 358
486 422
486 550
486 614
486 678
486 1039
487 231
487 295
487 359
487 423
487 551
487 615
487 677
487 679
487 763
487 887
488 3
488 296
488 360
488 424
488 458
488 552
488 616
488 680
488 885
489 297
489 361
489 425
489 553
489 617
489 671
489 681
489 857
489 1207
490 161
490 298
490 362
490 426
490 554
490 618
490 682
491 299
491 363
491 405
491 427
491 555
491 565
491 619
491 621
491 683
491 728
491 807
491 1063
492 227
492 364
492 379
492 428
492 556
492 620
492 684
492 824
492 1145
493 301
493 365
493 429
493 557
493 621
493 685
493 1274
494 302
494 366
494 430
494 558
494 622
494 686
494 1273
495 303
495 367
495 431
495 559
495 623
495 687
496 313
496 368
496 380
496 432
496 560
496 624
497 305
497 369
497 433
497 561
497 625
497 689
498 2
498 130
498 256
498 306
498 357
498 370
498 434
498 562
498 626
498 690
498 1027
499 184
499 307
499 371
499 435
499 563
499 627
499 691
499 1128
500 308
500 348
500 372
500 436
500 564
500 617
500 628
500 692
500 818
500 1234
501 309
501 373
501 437
501 565
501 629
501 693
502 310
502 374
502 438
502 566
502 630
502 694
502 1223
503 311
503 345
503 375
503 439
503 468
503 567
503 631
503 695
503 858
503 1189
504 144
504 312
504 346
504 376
504 381
504 423
504 440
504 568
504 632
504 696
504 739
504 1049
505 49
505 377
505 441
505 569
505 633
506 442
506 570
507 379
507 443
507 570
507 571
507 635
507 639
507 699
507 767
508 316
508 380
508 444
508 571
508 572
508 636
508 700
508 831
508 1147
509 317
509 381
509 445
509 573
509 637
509 701
510 191
510 382
510 446
510 511
510 574
510 638
510 958
510 1212
511 191
511 383
511 447
511 510
511 575
511 639
511 958
511 1212
512 237
512 320
512 384
512 420
512 448
512 576
512 640
512 704
512 893
513 321
513 385
513 449
513 577
513 641
513 705
513 1239
514 125
514 322
514 386
514 450
514 578
514 642
514 706
514 723
515 323
515 387
515 451
515 579
515 643
515 707
516 324
516 388
516 452
516 580
516 644
516 708
516 1194
517 325
517 389
517 453
517 581
517 645
517 709
518 6
518 70
518 134
518 198
518 262
518 326
518 390
518 454
518 582
518 646
518 710
518 774
518 779
518 838
518 843
518 902
518 966
518 971
518 1030
518 1035
518 1094
518 1099
518 1158
518 1222
518 1227
519 327
519 391
519 455
519 583
519 647
519 711
520 11
520 13
520 75
520 77
520 136
520 141
520 200
520 205
520 269
520 328
520 333
520 392
520 397
520 456
520 461
520 523
520 525
520 584
520 587
520 589
520 648
520 651
520 653
520 712
520 715
520 717
520 776
520 781
520 840
520 843
520 845
520 904
520 907
520 909
520 968
520 973
520 1032
520 1035
520 1037
520 1099
520 1101
520 1163
520 1224
520 1227
520 1229
521 8
521 73
521 137
521 201
521 265
521 329
521 393
521 457
521 585
521 649
521 713
521 777
521 841
521 905
521 969
521 1033
521 1097
521 1161
521 1225
522 330
522 394
522 458
522 586
522 650
522 714
522 1060
523 11
523 13
523 75
523 77
523 136
523 141
523 200
523 203
523 205
523 264
523 269
523 328
523 331
523 333
523 392
523 395
523 397
523 456
523 459
523 461
523 520
523 525
523 584
523 587
523 589
523 648
523 651
523 653
523 712
523 715
523 717
523 776
523 840
523 845
523 904
523 909
523 968
523 1032
523 1037
523 1096
523 1101
523 1165
523 1224
524 289
524 332
524 396
524 460
524 588
524 652
524 716
525 13
525 75
525 77
525 136
525 141
525 200
525 205
525 269
525 328
525 333
525 397
525 456
525 461
525 520
525 523
525 584
525 587
525 589
525 648
525 651
525 653
525 712
525 715
525 717
525 776
525 781
525 840
525 843
525 845
525 904
525 907
525 909
525 968
525 973
525 1032
525 1035
525 1037
525 1099
525 1101
525 1163
525 1224
525 1227
525 1229
526 334
526 398
526 462
526 590
526 654
526 718
527 335
527 343
527 399
527 463
527 466
527 591
527 655
527 719
527 1149
528 92
528 297
528 336
528 400
528 464
528 473
528 592
528 602
528 656
528 720
528 749
528 932
529 337
529 401
529 465
529 593
529 657
529 721
530 338
530 402
530 466
530 594
530 658
530 659
530 722
531 204
531 268
531 339
531 403
531 467
531 595
531 659
531 723
531 1090
532 244
532 340
532 404
532 468
532 596
532 660
532 724
532 1171
533 66
533 341
533 405
533 469
533 596
533 597
533 661
533 725
534 342
534 406
534 470
534 598
534 662
534 726
535 91
535 343
535 407
535 471
535 599
535 663
535 727
535 914
536 20
536 344
536 408
536 472
536 600
536 664
536 728
536 761
536 1072
537 345
537 409
537 473
537 601
537 665
537 729
537 734
537 740
537 856
538 16
538 346
538 410
538 474
538 568
538 602
538 666
538 730
538 1040
539 347
539 407
539 411
539 475
539 603
539 667
539 731
540 348
540 412
540 476
540 604
540 652
540 668
540 732
540 1190
541 349
541 413
541 477
541 605
541 645
541 669
541 733
542 350
542 414
542 478
542 606
542 658
542 670
542 734
543 351
543 415
543 479
543 485
543 607
543 671
543 735
543 873
543 1050
543 1109
543 1192
544 352
544 416
544 480
544 608
544 672
544 736
545 353
545 417
545 481
545 609
545 673
545 737
545 1164
545 1228
546 95
546 140
546 147
546 354
546 418
546 482
546 576
546 610
546 623
546 674
546 738
546 759
546 1143
547 341
547 355
547 419
547 436
547 483
547 611
547 675
547 739
547 1020
547 1240
548 356
548 386
548 420
548 484
548 612
548 676
548 740
548 878
548 1112
549 357
549 421
549 485
549 613
549 677
549 741
549 805
549 866
550 257
550 358
550 422
550 486
550 614
550 678
550 742
550 1243
551 258
551 276
551 359
551 423
551 487
551 615
551 679
551 743
552 360
552 424
552 488
552 616
552 680
552 744
552 898
553 0
553 148
553 361
553 425
553 489
553 617
553 681
553 745
553 765
553 1074
553 1113
554 362
554 426
554 490
554 618
554 682
554 746
555 188
555 427
555 447
555 491
555 619
555 683
555 688
556 122
556 364
556 428
556 492
556 620
556 684
556 748
556 889
556 1019
556 1075
556 1144
556 1204
557 260
557 365
557 429
557 482
557 484
557 493
557 621
557 685
557 749
557 979
557 985
558 24
558 173
558 232
558 291
558 296
558 366
558 430
558 494
558 622
558 686
558 750
559 367
559 431
559 495
559 623
559 687
559 751
559 772
560 55
560 189
560 216
560 281
560 368
560 432
560 439
560 483
560 496
560 624
560 688
560 752
560 1232
560 1264
561 369
561 433
561 497
561 625
561 689
561 753
561 1082
561 1210
562 84
562 103
562 287
562 340
562 370
562 434
562 498
562 626
562 690
562 701
562 754
562 946
563 19
563 371
563 384
563 435
563 499
563 627
563 691
563 755
563 882
564 51
564 253
564 280
564 372
564 400
564 436
564 500
564 628
564 692
564 756
564 888
564 1134
565 373
565 405
565 437
565 491
565 501
565 621
565 629
565 693
565 728
565 757
565 807
565 1063
566 374
566 438
566 502
566 630
566 694
566 758
567 375
567 439
567 503
567 631
567 695
567 759
567 788
568 16
568 376
568 410
568 440
568 504
568 538
568 632
568 696
568 760
568 1040
569 377
569 435
569 441
569 505
569 633
569 697
569 761
569 1148
570 442
570 506
570 507
570 634
570 639
570 698
570 767
571 379
571 443
571 507
571 508
571 635
571 699
571 763
571 831
571 1147
572 443
572 508
572 636
572 700
573 381
573 445
573 509
573 637
573 701
573 765
573 1140
574 295
574 307
574 382
574 404
574 434
574 446
574 510
574 638
574 702
574 766
574 945
574 1139
574 1198
575 442
575 447
575 511
575 639
575 703
576 95
576 140
576 147
576 384
576 448
576 512
576 546
576 610
576 623
576 640
576 704
576 759
576 768
576 1143
577 385
577 417
577 449
577 513
577 641
577 705
577 769
577 859
577 860
577 1115
578 88
578 386
578 450
578 514
578 642
578 706
578 770
579 353
579 387
579 451
579 515
579 643
579 707
579 771
579 923
580 388
580 452
580 516
580 604
580 644
580 708
580 772
580 1061
580 1155
580 1181
580 1213
580 1256
581 389
581 453
581 517
581 645
581 709
581 773
582 6
582 70
582 134
582 198
582 262
582 326
582 390
582 454
582 518
582 646
582 710
582 715
582 774
582 779
582 838
582 843
582 902
582 907
582 966
582 971
582 1030
582 1035
582 1094
582 1099
582 1158
582 1222
582 1227
583 391
583 455
583 519
583 647
583 711
583 775
583 800
584 11
584 13
584 75
584 77
584 136
584 141
584 200
584 203
584 205
584 269
584 328
584 333
584 392
584 397
584 456
584 461
584 520
584 523
584 525
584 587
584 589
584 648
584 651
584 653
584 712
584 717
584 776
584 781
584 840
584 845
584 904
584 909
584 968
584 973
584 1032
584 1037
584 1096
584 1101
584 1163
584 1165
584 1224
584 1229
585 8
585 73
585 137
585 201
585 265
585 329
585 393
585 457
585 521
585 649
585 713
585 777
585 841
585 905
585 969
585 1033
585 1097
585 1161
585 1225
586 12
586 394
586 458
586 522
586 650
586 714
586 778
586 960
586 1028
587 11
587 13
587 75
587 77
587 136
587 141
587 200
587 205
587 269
587 328
587 333
587 392
587 395
587 397
587 456
587 459
587 461
587 520
587 523
587 525
587 584
587 589
587 648
587 651
587 653
587 712
587 715
587 717
587 776
587 779
587 781
587 840
587 843
587 845
587 904
587 907
587 909
587 968
587 973
587 1032
587 1035
587 1037
587 1099
587 1101
587 1163
587 1224
587 1227
587 1229
588 396
588 460
588 524
588 652
588 716
588 780
589 11
589 13
589 75
589 77
589 136
589 141
589 200
589 203
589 205
589 269
589 328
589 333
589 392
589 397
589 456
589 461
589 520
589 523
589 525
589 584
589 587
589 648
589 651
589 653
589 712
589 715
589 717
589 776
589 781
589 840
589 843
589 845
589 904
589 907
589 909
589 968
589 973
589 1032
589 1037
589 1096
589 1101
589 1163
589 1165
589 1224
589 1229
590 398
590 462
590 526
590 654
590 718
590 782
591 399
591 463
591 527
591 655
591 719
591 783
592 89
592 167
592 400
592 412
592 464
592 528
592 656
592 720
592 784
592 884
592 1127
593 401
593 465
593 529
593 657
593 721
593 785
594 402
594 466
594 530
594 658
594 722
594 786
595 403
595 467
595 531
595 659
595 723
595 787
596 66
596 404
596 468
596 532
596 533
596 660
596 724
596 788
597 128
597 149
597 306
597 405
597 469
597 533
597 661
597 666
597 725
597 789
597 922
597 1136
598 406
598 470
598 534
598 662
598 726
598 790
599 407
599 471
599 535
599 663
599 727
599 791
599 823
600 90
600 376
600 408
600 472
600 536
600 664
600 728
600 792
600 995
600 1200
601 229
601 409
601 473
601 537
601 613
601 665
601 729
601 793
602 92
602 297
602 410
602 473
602 474
602 528
602 538
602 666
602 730
602 749
602 794
602 932
603 411
603 475
603 539
603 667
603 731
603 795
604 412
604 476
604 540
604 580
604 668
604 732
604 796
604 1061
604 1155
604 1181
604 1213
604 1256
605 285
605 413
605 477
605 541
605 669
605 733
605 797
605 963
606 195
606 324
606 414
606 478
606 542
606 670
606 734
606 798
606 915
606 1186
607 415
607 479
607 543
607 671
607 735
607 799
608 15
608 416
608 480
608 544
608 672
608 736
608 800
609 417
609 481
609 545
609 673
609 737
609 786
609 801
610 95
610 140
610 147
610 418
610 482
610 546
610 576
610 623
610 674
610 738
610 759
610 802
610 1143
611 99
611 336
611 419
611 483
611 547
611 637
611 675
611 739
611 803
611 921
611 984
611 1064
611 1191
612 25
612 420
612 484
612 548
612 676
612 740
612 804
612 832
613 229
613 421
613 485
613 549
613 601
613 677
613 741
613 805
614 422
614 486
614 550
614 678
614 742
614 806
615 124
615 248
615 423
615 440
615 487
615 551
615 624
615 679
615 743
615 807
616 424
616 448
616 488
616 552
616 680
616 744
616 808
616 850
616 896
617 348
617 425
617 489
617 500
617 553
617 681
617 745
617 809
617 818
617 1234
618 426
618 449
618 490
618 554
618 667
618 682
618 746
618 810
618 926
619 491
619 555
619 683
619 1276
620 254
620 428
620 492
620 556
620 683
620 684
620 748
620 812
620 817
621 405
621 429
621 491
621 493
621 557
621 565
621 685
621 728
621 749
621 807
621 813
621 1063
622 194
622 430
622 494
622 558
622 686
622 750
622 814
623 95
623 140
623 147
623 431
623 495
623 546
623 559
623 576
623 610
623 687
623 751
623 759
623 815
623 1143
624 124
624 248
624 432
624 440
624 496
624 560
624 615
624 688
624 752
624 816
625 433
625 497
625 561
625 689
625 699
625 753
625 817
625 825
626 434
626 498
626 562
626 685
626 690
626 725
626 754
626 818
626 936
627 127
627 499
627 563
627 691
627 755
628 360
628 436
628 500
628 564
628 692
628 756
628 820
628 869
629 320
629 437
629 501
629 565
629 693
629 741
629 757
629 821
630 438
630 502
630 566
630 694
630 758
630 822
630 1110
631 439
631 451
631 503
631 567
631 695
631 759
631 823
631 872
631 981
631 1026
631 1138
632 383
632 504
632 568
632 696
632 760
632 1087
633 121
633 318
633 505
633 569
633 697
633 761
633 825
633 1279
634 570
634 698
634 762
634 1067
635 39
635 432
635 464
635 507
635 571
635 699
635 760
635 763
635 827
635 1073
636 59
636 508
636 572
636 700
636 764
636 828
637 99
637 336
637 445
637 509
637 573
637 611
637 701
637 765
637 829
637 921
637 984
637 1064
637 1191
638 510
638 574
638 702
638 766
638 940
638 1131
639 507
639 511
639 570
639 575
639 703
639 767
639 831
640 101
640 164
640 165
640 448
640 512
640 576
640 704
640 706
640 768
640 832
640 1010
640 1076
640 1268
641 449
641 513
641 577
641 705
641 769
641 833
642 169
642 322
642 418
642 450
642 514
642 578
642 706
642 754
642 770
642 834
643 160
643 451
643 515
643 579
643 707
643 771
643 835
644 452
644 516
644 580
644 708
644 772
644 836
644 1079
645 453
645 517
645 541
645 581
645 709
645 773
645 837
646 6
646 70
646 134
646 198
646 262
646 326
646 390
646 454
646 518
646 582
646 710
646 715
646 774
646 779
646 838
646 843
646 902
646 907
646 966
646 971
646 1030
646 1035
646 1094
646 1099
646 1158
646 1222
646 1227
647 455
647 519
647 583
647 711
647 775
647 839
647 879
647 1098
648 11
648 13
648 75
648 77
648 136
648 141
648 200
648 203
648 205
648 269
648 328
648 333
648 392
648 397
648 456
648 461
648 520
648 523
648 525
648 584
648 587
648 589
648 651
648 653
648 712
648 715
648 717
648 776
648 781
648 840
648 845
648 904
648 907
648 909
648 968
648 973
648 1032
648 1037
648 1096
648 1101
648 1163
648 1165
648 1224
648 1229
649 8
649 73
649 137
649 201
649 265
649 329
649 393
649 457
649 521
649 585
649 713
649 777
649 841
649 905
649 969
649 1033
649 1097
649 1161
649 1225
650 458
650 522
650 586
650 714
650 778
650 842
651 13
651 77
651 136
651 141
651 205
651 269
651 333
651 456
651 459
651 461
651 520
651 523
651 525
651 584
651 587
651 589
651 648
651 653
651 712
651 715
651 717
651 776
651 779
651 781
651 840
651 843
651 845
651 904
651 907
651 909
651 968
651 971
651 973
651 1035
651 1037
651 1099
651 1101
651 1163
651 1224
651 1227
651 1229
652 460
652 524
652 540
652 588
652 716
652 780
652 844
652 1190
653 11
653 13
653 75
653 77
653 136
653 141
653 200
653 203
653 205
653 269
653 328
653 333
653 392
653 397
653 456
653 461
653 520
653 523
653 525
653 584
653 587
653 589
653 648
653 651
653 712
653 717
653 776
653 781
653 840
653 845
653 904
653 907
653 909
653 968
653 973
653 1032
653 1037
653 1096
653 1101
653 1163
653 1165
653 1224
653 1229
654 96
654 462
654 526
654 590
654 718
654 782
654 846
655 463
655 527
655 591
655 719
655 783
655 847
655 1277
656 113
656 208
656 419
656 464
656 528
656 592
656 720
656 784
656 848
656 1275
657 465
657 529
657 593
657 721
657 785
657 849
658 466
658 530
658 542
658 594
658 722
658 786
658 850
659 467
659 530
659 531
659 595
659 723
659 787
659 851
660 31
660 37
660 50
660 178
660 354
660 468
660 532
660 596
660 724
660 788
660 852
661 40
661 469
661 533
661 597
661 725
661 789
661 853
661 994
662 470
662 534
662 598
662 726
662 790
662 854
663 471
663 535
663 599
663 727
663 791
663 836
663 855
664 282
664 309
664 311
664 472
664 536
664 600
664 728
664 792
664 821
664 856
664 871
664 935
665 473
665 537
665 601
665 696
665 729
665 793
665 808
665 857
665 1108
665 1251
665 1272
666 128
666 149
666 306
666 474
666 538
666 597
666 602
666 730
666 794
666 858
666 922
666 1136
667 449
667 475
667 539
667 603
667 618
667 731
667 795
667 859
667 926
668 97
668 476
668 540
668 604
668 705
668 732
668 796
668 860
669 477
669 541
669 605
669 733
669 797
669 861
669 1056
670 332
670 358
670 478
670 542
670 606
670 734
670 798
670 862
671 479
671 489
671 543
671 607
671 735
671 799
671 857
671 863
671 1207
672 480
672 544
672 608
672 736
672 800
672 864
673 481
673 545
673 609
673 737
673 771
673 801
673 865
674 218
674 272
674 370
674 482
674 546
674 610
674 738
674 802
674 866
674 1177
675 293
675 414
675 483
675 547
675 611
675 732
675 739
675 803
675 867
676 64
676 484
676 548
676 612
676 740
676 804
676 868
677 231
677 485
677 487
677 549
677 613
677 741
677 763
677 805
677 869
677 887
678 156
678 486
678 550
678 614
678 742
678 806
678 844
678 870
679 487
679 551
679 615
679 743
679 807
679 871
679 1004
680 80
680 100
680 488
680 552
680 616
680 744
680 792
680 808
680 827
680 872
680 980
680 1123
680 1178
680 1265
681 355
681 489
681 553
681 617
681 743
681 745
681 809
681 873
681 1236
682 490
682 554
682 618
682 746
682 810
682 874
682 998
683 254
683 491
683 555
683 619
683 620
683 747
683 811
683 817
684 492
684 556
684 620
684 748
684 764
684 812
684 816
684 876
685 493
685 557
685 621
685 626
685 725
685 749
685 813
685 877
685 936
686 494
686 558
686 622
686 750
686 766
686 814
686 878
686 1006
687 495
687 559
687 623
687 742
687 751
687 815
687 879
688 188
688 447
688 555
688 560
688 624
688 752
688 816
688 880
689 497
689 561
689 625
689 753
689 817
689 881
689 954
689 1070
690 2
690 130
690 256
690 357
690 498
690 562
690 626
690 754
690 818
690 882
690 1027
691 108
691 373
691 499
691 563
691 627
691 755
691 819
691 880
691 883
691 1023
692 500
692 564
692 628
692 756
692 757
692 820
692 884
692 899
692 1235
693 153
693 501
693 565
693 629
693 757
693 821
693 885
693 949
694 502
694 566
694 630
694 758
694 822
694 886
695 503
695 567
695 631
695 759
695 823
695 887
695 1124
695 1129
695 1269
696 504
696 568
696 632
696 665
696 760
696 808
696 824
696 888
696 1108
696 1251
696 1272
697 569
697 633
697 761
697 825
697 1022
698 60
698 236
698 238
698 243
698 570
698 634
698 762
698 1260
699 507
699 571
699 625
699 635
699 763
699 825
699 827
699 891
700 174
700 371
700 433
700 508
700 572
700 636
700 764
700 828
700 1208
701 84
701 103
701 287
701 340
701 509
701 562
701 573
701 637
701 765
701 829
701 893
701 946
702 574
702 638
702 703
702 766
702 830
702 894
702 1011
703 575
703 639
703 702
703 767
703 831
703 1011
704 292
704 512
704 576
704 640
704 768
704 770
704 832
704 896
705 97
705 513
705 577
705 641
705 668
705 769
705 833
705 897
706 101
706 164
706 165
706 514
706 578
706 640
706 642
706 770
706 834
706 898
706 1010
706 1076
706 1268
707 515
707 579
707 643
707 771
707 835
707 899
707 1121
707 1220
708 34
708 192
708 356
708 516
708 580
708 644
708 772
708 836
708 900
709 325
709 480
709 517
709 581
709 645
709 773
709 810
709 837
709 901
710 6
710 70
710 134
710 198
710 262
710 326
710 390
710 454
710 518
710 582
710 646
710 715
710 774
710 779
710 838
710 843
710 902
710 907
710 966
710 971
710 1030
710 1035
710 1094
710 1099
710 1158
710 1222
710 1227
711 519
711 583
711 647
711 775
711 839
711 903
712 11
712 13
712 75
712 77
712 136
712 141
712 200
712 205
712 269
712 328
712 333
712 392
712 397
712 456
712 461
712 520
712 523
712 525
712 584
712 587
712 589
712 648
712 651
712 653
712 715
712 717
712 776
712 781
712 840
712 843
712 845
712 904
712 907
712 909
712 968
712 973
712 1032
712 1035
712 1037
712 1099
712 1101
712 1163
712 1224
712 1227
712 1229
713 8
713 73
713 137
713 201
713 265
713 329
713 393
713 457
713 521
713 585
713 649
713 777
713 841
713 905
713 969
713 1033
713 1097
713 1161
713 1225
714 151
714 522
714 586
714 650
714 778
714 842
714 906
714 988
715 6
715 13
715 70
715 77
715 134
715 141
715 198
715 205
715 262
715 269
715 326
715 333
715 390
715 454
715 461
715 520
715 523
715 525
715 582
715 587
715 589
715 646
715 648
715 651
715 710
715 712
715 717
715 774
715 776
715 779
715 781
715 838
715 843
715 845
715 902
715 907
715 909
715 966
715 968
715 971
715 973
715 1030
715 1035
715 1037
715 1094
715 1099
715 1101
715 1158
715 1163
715 1222
715 1224
715 1227
715 1229
716 524
716 588
716 652
716 780
716 844
716 908
717 11
717 13
717 75
717 77
717 136
717 141
717 200
717 203
717 205
717 269
717 328
717 333
717 392
717 397
717 456
717 461
717 520
717 523
717 525
717 584
717 587
717 589
717 648
717 651
717 653
717 712
717 715
717 776
717 781
717 840
717 843
717 845
717 904
717 907
717 909
717 968
717 973
717 1032
717 1037
717 1096
717 1101
717 1163
717 1165
717 1224
717 1227
717 1229
718 526
718 590
718 654
718 782
718 846
718 910
719 527
719 591
719 655
719 783
719 847
719 855
719 911
720 26
720 28
720 528
720 592
720 656
720 784
720 848
720 912
720 1209
721 529
721 593
721 657
721 785
721 849
721 913
722 131
722 530
722 594
722 658
722 786
722 850
722 914
723 125
723 514
723 531
723 595
723 659
723 787
723 851
723 915
724 172
724 301
724 532
724 596
724 660
724 788
724 814
724 852
724 916
725 533
725 597
725 626
725 661
725 685
725 789
725 853
725 917
725 936
726 534
726 598
726 662
726 790
726 854
726 918
727 535
727 599
727 663
727 791
727 855
727 919
728 405
728 491
728 536
728 565
728 600
728 621
728 664
728 792
728 807
728 856
728 920
728 1063
729 537
729 601
729 665
729 734
729 740
729 793
729 856
729 857
729 921
730 538
730 602
730 666
730 794
730 858
730 922
730 976
731 539
731 603
731 667
731 795
731 859
731 923
732 293
732 414
732 540
732 604
732 668
732 675
732 796
732 860
732 924
733 87
733 541
733 605
733 669
733 797
733 861
733 925
734 537
734 542
734 606
734 670
734 729
734 740
734 798
734 856
734 862
734 926
735 109
735 220
735 543
735 607
735 671
735 799
735 863
735 916
735 927
736 544
736 608
736 672
736 800
736 864
736 928
736 1046
737 545
737 609
737 673
737 801
737 865
737 929
737 1179
738 546
738 610
738 674
738 802
738 866
738 930
739 144
739 346
739 381
739 423
739 504
739 547
739 611
739 675
739 803
739 867
739 931
739 1049
740 537
740 548
740 612
740 676
740 729
740 734
740 804
740 856
740 868
740 932
741 320
741 549
741 613
741 629
741 677
741 805
741 869
741 933
742 550
742 614
742 678
742 687
742 806
742 870
742 934
743 355
743 551
743 615
743 679
743 681
743 807
743 871
743 935
743 1236
744 223
744 312
744 552
744 616
744 680
744 808
744 872
744 936
744 1048
744 1237
745 471
745 553
745 617
745 681
745 809
745 873
745 937
745 1085
746 554
746 618
746 682
746 810
746 874
746 938
746 1167
747 683
747 811
748 56
748 556
748 620
748 684
748 812
748 876
748 940
748 1016
748 1133
748 1201
749 92
749 297
749 473
749 528
749 557
749 602
749 621
749 685
749 813
749 877
749 932
749 941
750 240
750 558
750 622
750 686
750 753
750 814
750 848
750 878
750 942
750 1262
751 559
751 623
751 687
751 778
751 815
751 879
751 943
752 112
752 163
752 560
752 624
752 688
752 816
752 880
752 944
753 240
753 561
753 625
753 689
753 750
753 817
753 848
753 881
753 945
753 1262
754 169
754 322
754 418
754 562
754 626
754 642
754 690
754 818
754 882
754 946
755 563
755 627
755 691
755 819
755 883
755 1241
756 115
756 369
756 428
756 564
756 628
756 692
756 820
756 884
756 920
756 948
756 1000
756 1017
757 565
757 629
757 692
757 693
757 821
757 885
757 899
757 949
757 1235
758 566
758 630
758 694
758 822
758 886
758 950
759 95
759 140
759 147
759 546
759 567
759 576
759 610
759 623
759 631
759 695
759 823
759 887
759 951
759 1143
760 39
760 432
760 464
760 568
760 632
760 635
760 696
760 824
760 888
760 952
760 1073
761 20
761 536
761 569
761 633
761 697
761 825
761 889
761 953
761 1072
762 634
762 698
762 826
762 890
762 954
762 1196
763 231
763 487
763 571
763 635
763 677
763 699
763 827
763 887
763 891
763 955
764 636
764 684
764 700
764 816
764 828
764 892
764 956
765 0
765 148
765 553
765 573
765 637
765 701
765 829
765 893
765 957
765 1074
765 1113
766 574
766 638
766 686
766 702
766 830
766 894
766 958
766 1006
767 507
767 570
767 639
767 703
767 831
767 895
768 36
768 111
768 119
768 576
768 640
768 704
768 832
768 896
768 960
769 577
769 641
769 705
769 833
769 897
769 961
770 292
770 578
770 642
770 704
770 706
770 834
770 898
770 962
771 579
771 643
771 673
771 707
771 835
771 899
771 963
772 559
772 580
772 644
772 708
772 836
772 900
772 964
773 581
773 645
773 709
773 837
773 901
773 965
774 6
774 70
774 134
774 198
774 262
774 326
774 390
774 454
774 518
774 582
774 646
774 710
774 715
774 779
774 838
774 843
774 902
774 907
774 966
774 971
774 1030
774 1035
774 1094
774 1099
774 1158
774 1222
774 1227
775 583
775 647
775 711
775 839
775 903
775 967
776 13
776 75
776 77
776 136
776 141
776 200
776 205
776 269
776 328
776 333
776 397
776 456
776 461
776 520
776 523
776 525
776 584
776 587
776 589
776 648
776 651
776 653
776 712
776 715
776 717
776 779
776 781
776 840
776 843
776 845
776 904
776 907
776 909
776 968
776 971
776 973
776 1035
776 1037
776 1099
776 1101
776 1163
776 1224
776 1227
776 1229
777 8
777 73
777 137
777 201
777 265
777 329
777 393
777 457
777 521
777 585
777 649
777 713
777 841
777 905
777 969
777 1033
777 1097
777 1161
777 1225
778 586
778 650
778 714
778 751
778 842
778 906
778 970
779 6
779 70
779 77
779 134
779 198
779 262
779 326
779 390
779 454
779 461
779 518
779 582
779 587
779 646
779 651
779 710
779 715
779 774
779 776
779 781
779 838
779 843
779 902
779 907
779 966
779 971
779 973
779 1030
779 1035
779 1094
779 1099
779 1158
779 1163
779 1222
779 1227
779 1229
780 588
780 652
780 716
780 844
780 908
780 972
781 13
781 77
781 136
781 141
781 205
781 269
781 333
781 456
781 461
781 520
781 525
781 584
781 587
781 589
781 648
781 651
781 653
781 712
781 715
781 717
781 776
781 779
781 840
781 843
781 845
781 907
781 909
781 968
781 971
781 973
781 1035
781 1037
781 1099
781 1101
781 1158
781 1163
781 1224
781 1227
781 1229
782 590
782 654
782 718
782 846
782 910
782 974
783 591
783 655
783 719
783 847
783 911
783 975
784 154
784 183
784 592
784 656
784 720
784 848
784 912
784 976
785 593
785 657
785 721
785 849
785 913
785 977
786 594
786 609
786 658
786 722
786 850
786 914
786 978
787 595
787 659
787 723
787 851
787 915
787 979
788 567
788 596
788 660
788 724
788 852
788 916
788 980
789 105
789 597
789 661
789 725
789 853
789 917
789 981
789 1183
789 1252
790 598
790 662
790 726
790 854
790 918
790 982
791 599
791 663
791 727
791 796
791 855
791 919
791 983
792 80
792 100
792 600
792 664
792 680
792 728
792 827
792 856
792 920
792 980
792 984
792 1123
792 1178
792 1265
793 158
793 212
793 601
793 665
793 729
793 857
793 921
793 985
793 1088
794 159
794 181
794 602
794 666
794 730
794 804
794 828
794 858
794 922
794 986
795 603
795 667
795 731
795 859
795 903
795 923
795 987
796 604
796 668
796 732
796 791
796 860
796 924
796 988
797 605
797 669
797 733
797 861
797 925
797 989
798 606
798 670
798 734
798 862
798 926
798 990
798 1100
799 607
799 671
799 735
799 863
799 927
799 991
800 583
800 608
800 672
800 736
800 864
800 928
800 992
801 259
801 609
801 673
801 737
801 865
801 929
801 993
802 47
802 610
802 674
802 738
802 866
802 930
802 994
802 1182
803 30
803 611
803 675
803 739
803 867
803 931
803 995
803 1042
804 159
804 181
804 612
804 676
804 740
804 794
804 828
804 868
804 932
804 996
805 549
805 613
805 677
805 741
805 866
805 869
805 933
805 997
806 614
806 678
806 742
806 870
806 934
806 998
807 405
807 491
807 565
807 615
807 621
807 679
807 728
807 743
807 871
807 935
807 999
807 1063
808 616
808 665
808 680
808 696
808 744
808 872
808 936
808 1000
808 1108
808 1251
808 1272
809 617
809 681
809 745
809 873
809 937
809 1001
810 325
810 480
810 618
810 682
810 709
810 746
810 874
810 938
810 1002
811 683
811 747
811 875
811 939
812 620
812 684
812 748
812 876
812 940
812 1004
813 621
813 685
813 749
813 877
813 941
813 1005
813 1012
813 1055
813 1154
814 172
814 301
814 622
814 686
814 724
814 750
814 878
814 942
814 1006
815 623
815 687
815 751
815 879
815 943
815 1007
816 624
816 684
816 688
816 752
816 764
816 880
816 944
816 1008
817 254
817 620
817 625
817 683
817 689
817 753
817 881
817 945
817 1009
818 348
818 500
818 617
818 626
818 690
818 754
818 882
818 946
818 1010
818 1234
819 179
819 691
819 755
819 883
819 953
819 1214
820 228
820 450
820 628
820 692
820 756
820 884
820 948
820 1012
821 282
821 309
821 311
821 629
821 664
821 693
821 757
821 871
821 885
821 935
821 949
821 1013
822 630
822 694
822 758
822 886
822 950
822 1014
823 599
823 631
823 695
823 759
823 887
823 951
823 1015
824 227
824 379
824 492
824 696
824 760
824 888
824 952
824 1016
824 1145
825 625
825 633
825 697
825 699
825 761
825 889
825 953
825 1017
826 762
826 890
826 954
827 80
827 100
827 635
827 680
827 699
827 763
827 792
827 891
827 955
827 980
827 1019
827 1123
827 1178
827 1265
828 159
828 181
828 636
828 700
828 764
828 794
828 804
828 892
828 956
828 1020
829 83
829 637
829 701
829 765
829 893
829 957
829 1021
830 702
830 766
830 894
830 952
830 958
830 1022
830 1137
831 508
831 571
831 639
831 703
831 767
831 895
831 959
831 1023
831 1147
832 25
832 612
832 640
832 704
832 768
832 896
832 960
832 1024
833 641
833 705
833 769
833 897
833 961
833 1025
834 642
834 706
834 770
834 898
834 962
834 1013
834 1026
834 1058
835 643
835 707
835 771
835 899
835 963
835 1027
836 644
836 663
836 708
836 772
836 900
836 964
836 1028
837 645
837 709
837 773
837 901
837 913
837 965
837 1029
838 6
838 70
838 134
838 198
838 262
838 326
838 390
838 454
838 518
838 582
838 646
838 710
838 715
838 774
838 779
838 843
838 902
838 907
838 966
838 971
838 1030
838 1035
838 1094
838 1099
838 1158
838 1163
838 1222
838 1227
839 647
839 711
839 775
839 903
839 967
839 1031
840 11
840 13
840 75
840 77
840 136
840 141
840 200
840 203
840 205
840 269
840 328
840 333
840 392
840 397
840 456
840 461
840 520
840 523
840 525
840 584
840 587
840 589
840 648
840 651
840 653
840 712
840 717
840 776
840 781
840 845
840 904
840 909
840 968
840 973
840 1032
840 1037
840 1096
840 1101
840 1165
840 1224
840 1229
841 8
841 73
841 137
841 201
841 265
841 329
841 393
841 457
841 521
841 585
841 649
841 713
841 777
841 905
841 969
841 1033
841 1097
841 1161
841 1225
842 650
842 714
842 778
842 906
842 970
842 1034
843 6
843 13
843 70
843 77
843 134
843 141
843 198
843 205
843 262
843 269
843 326
843 333
843 390
843 454
843 461
843 518
843 520
843 525
843 582
843 587
843 589
843 646
843 651
843 710
843 712
843 715
843 717
843 774
843 776
843 779
843 781
843 838
843 845
843 902
843 907
843 966
843 968
843 971
843 973
843 1030
843 1035
843 1037
843 1094
843 1099
843 1101
843 1158
843 1163
843 1222
843 1227
843 1229
844 156
844 652
844 678
844 716
844 780
844 908
844 972
844 1036
845 11
845 13
845 75
845 77
845 136
845 141
845 200
845 203
845 205
845 269
845 328
845 333
845 392
845 397
845 456
845 461
845 520
845 523
845 525
845 584
845 587
845 589
845 648
845 651
845 653
845 712
845 715
845 717
845 776
845 781
845 840
845 843
845 904
845 907
845 909
845 968
845 973
845 1032
845 1037
845 1096
845 1101
845 1163
845 1165
845 1224
845 1229
846 654
846 718
846 782
846 910
846 974
846 1038
847 263
847 655
847 719
847 783
847 911
847 975
847 1039
847 1166
848 240
848 656
848 720
848 750
848 753
848 784
848 912
848 976
848 1040
848 1262
849 657
849 721
849 785
849 913
849 977
849 1041
850 448
850 616
850 658
850 722
850 786
850 896
850 914
850 978
850 1042
851 338
851 659
851 723
851 787
851 915
851 979
851 1043
852 61
852 660
852 724
852 788
852 877
852 916
852 980
852 1044
853 445
853 661
853 725
853 789
853 917
853 981
853 1045
854 662
854 726
854 790
854 918
854 982
854 1046
855 663
855 719
855 727
855 791
855 919
855 983
855 1047
856 537
856 664
856 728
856 729
856 734
856 740
856 792
856 920
856 984
856 1048
857 489
857 665
857 671
857 729
857 793
857 921
857 985
857 1049
857 1207
858 345
858 468
858 503
858 666
858 730
858 794
858 922
858 986
858 1050
858 1189
859 417
859 577
859 667
859 731
859 795
859 860
859 923
859 987
859 1051
859 1115
860 417
860 577
860 668
860 732
860 796
860 859
860 924
860 988
860 1052
860 1115
861 106
861 669
861 733
861 797
861 925
861 989
861 1053
862 4
862 670
862 734
862 798
862 926
862 990
862 1054
862 1152
863 671
863 735
863 799
863 927
863 937
863 991
863 1055
864 672
864 736
864 800
864 928
864 992
864 1056
864 1118
865 303
865 673
865 737
865 801
865 900
865 929
865 993
865 1057
866 549
866 674
866 738
866 802
866 805
866 930
866 994
866 1058
867 46
867 53
867 675
867 739
867 803
867 931
867 995
867 1059
868 676
868 740
868 804
868 917
868 932
868 996
868 1060
869 360
869 628
869 677
869 741
869 805
869 933
869 997
869 1061
870 678
870 742
870 806
870 934
870 987
870 998
870 1062
871 282
871 309
871 311
871 664
871 679
871 743
871 807
871 821
871 935
871 999
871 1063
872 451
872 631
872 680
872 744
872 808
872 936
872 981
872 1000
872 1026
872 1064
872 1138
873 485
873 543
873 681
873 745
873 809
873 937
873 1001
873 1050
873 1065
873 1109
873 1192
874 682
874 746
874 810
874 938
874 970
874 1002
874 1066
874 1226
875 300
875 424
875 811
875 939
875 1003
875 1018
875 1259
876 120
876 123
876 364
876 408
876 684
876 748
876 812
876 940
876 1004
876 1068
877 61
877 685
877 749
877 813
877 852
877 941
877 1005
877 1069
878 386
878 548
878 686
878 750
878 814
878 942
878 1006
878 1070
878 1112
879 647
879 687
879 751
879 815
879 943
879 1007
879 1071
879 1098
880 108
880 373
880 688
880 691
880 752
880 816
880 944
880 1008
880 1023
880 1072
881 689
881 753
881 817
881 945
881 1009
881 1073
881 1176
882 19
882 384
882 563
882 690
882 754
882 818
882 946
882 1010
882 1074
883 691
883 755
883 819
883 947
883 1011
883 1075
883 1083
884 89
884 167
884 412
884 592
884 692
884 756
884 820
884 948
884 1012
884 1076
884 1127
885 3
885 458
885 488
885 693
885 757
885 821
885 949
885 1013
885 1077
886 694
886 758
886 822
886 950
886 1014
886 1078
887 231
887 487
887 677
887 695
887 759
887 763
887 823
887 951
887 1015
887 1079
888 51
888 253
888 280
888 400
888 564
888 696
888 760
888 824
888 952
888 1016
888 1080
888 1134
889 122
889 556
889 761
889 825
889 953
889 1017
889 1019
889 1075
889 1081
889 1144
889 1204
890 762
890 826
890 954
890 959
890 1018
891 304
891 308
891 699
891 763
891 827
891 955
891 1019
891 1083
891 1086
892 764
892 828
892 956
892 1020
893 237
893 420
893 512
893 701
893 765
893 829
893 957
893 1021
893 1085
894 217
894 702
894 766
894 830
894 958
894 1022
894 1086
895 186
895 767
895 831
895 959
895 1023
896 448
896 616
896 704
896 768
896 832
896 850
896 960
896 1024
896 1088
897 323
897 705
897 769
897 833
897 961
897 1025
897 1089
898 552
898 706
898 770
898 834
898 962
898 1026
898 1090
899 692
899 707
899 757
899 771
899 835
899 963
899 1027
899 1091
899 1235
900 303
900 708
900 772
900 836
900 865
900 964
900 1028
900 1092
901 709
901 773
901 837
901 965
901 1029
901 1093
902 6
902 70
902 134
902 198
902 262
902 326
902 390
902 454
902 518
902 582
902 646
902 710
902 715
902 774
902 779
902 838
902 843
902 907
902 966
902 971
902 1030
902 1035
902 1094
902 1099
902 1158
902 1163
902 1222
902 1227
903 711
903 775
903 795
903 839
903 967
903 1031
903 1095
904 11
904 75
904 77
904 136
904 141
904 200
904 203
904 205
904 264
904 269
904 328
904 333
904 392
904 397
904 456
904 461
904 520
904 523
904 525
904 584
904 587
904 589
904 648
904 651
904 653
904 712
904 717
904 776
904 840
904 845
904 909
904 968
904 973
904 1032
904 1037
904 1096
904 1101
904 1165
904 1224
904 1229
905 8
905 73
905 137
905 201
905 265
905 329
905 393
905 457
905 521
905 585
905 649
905 713
905 777
905 841
905 969
905 1033
905 1097
905 1161
905 1225
906 714
906 778
906 842
906 970
906 1034
906 1098
907 70
907 77
907 134
907 141
907 198
907 205
907 262
907 269
907 326
907 333
907 390
907 454
907 461
907 520
907 525
907 582
907 587
907 589
907 646
907 648
907 651
907 653
907 710
907 712
907 715
907 717
907 774
907 776
907 779
907 781
907 838
907 843
907 845
907 902
907 909
907 966
907 968
907 971
907 973
907 1030
907 1035
907 1037
907 1094
907 1099
907 1101
907 1158
907 1163
907 1222
907 1224
907 1227
907 1229
908 321
908 716
908 780
908 844
908 972
908 1036
908 1052
908 1100
909 75
909 77
909 136
909 141
909 200
909 203
909 205
909 269
909 328
909 333
909 392
909 397
909 456
909 461
909 520
909 523
909 525
909 584
909 587
909 589
909 648
909 651
909 653
909 712
909 715
909 717
909 776
909 781
909 840
909 845
909 904
909 907
909 968
909 973
909 1032
909 1037
909 1096
909 1101
909 1163
909 1165
909 1224
909 1229
910 374
910 718
910 782
910 846
910 974
910 1038
910 1102
911 79
911 719
911 783
911 847
911 975
911 1039
911 1103
912 720
912 784
912 848
912 976
912 1040
912 1104
912 1205
912 1271
913 721
913 785
913 837
913 849
913 977
913 1041
913 1105
914 91
914 535
914 722
914 786
914 850
914 978
914 1042
914 1106
915 195
915 324
915 606
915 723
915 787
915 851
915 979
915 1043
915 1107
915 1186
916 109
916 220
916 724
916 735
916 788
916 852
916 980
916 1044
916 1108
917 725
917 789
917 853
917 868
917 981
917 1045
917 1109
918 726
918 790
918 854
918 982
918 1046
918 1110
919 727
919 791
919 855
919 983
919 993
919 1047
919 1111
920 115
920 369
920 428
920 728
920 756
920 792
920 856
920 984
920 1000
920 1017
920 1048
920 1112
921 99
921 336
921 611
921 637
921 729
921 793
921 857
921 984
921 985
921 1049
921 1064
921 1113
921 1191
922 128
922 149
922 306
922 597
922 666
922 730
922 794
922 858
922 986
922 1050
922 1114
922 1136
923 353
923 579
923 731
923 795
923 859
923 987
923 1051
923 1115
924 732
924 796
924 860
924 941
924 988
924 1052
924 1116
925 733
925 797
925 861
925 989
925 1036
925 1053
925 1117
926 449
926 618
926 667
926 734
926 798
926 862
926 990
926 1054
926 1118
927 403
927 735
927 799
927 863
927 951
927 991
927 1055
927 1119
928 736
928 800
928 864
928 992
928 1056
928 1120
929 737
929 801
929 865
929 993
929 1057
929 1121
930 35
930 359
930 738
930 802
930 866
930 931
930 994
930 1058
930 1122
930 1132
930 1255
931 35
931 359
931 739
931 803
931 867
931 930
931 995
931 1059
931 1123
931 1132
931 1255
932 92
932 297
932 473
932 528
932 602
932 740
932 749
932 804
932 868
932 996
932 1060
932 1124
933 741
933 805
933 869
933 996
933 997
933 1061
933 1125
934 394
934 742
934 806
934 870
934 998
934 1062
934 1126
935 282
935 309
935 311
935 664
935 743
935 807
935 821
935 871
935 999
935 1063
935 1127
936 626
936 685
936 725
936 744
936 808
936 872
936 1000
936 1064
936 1128
937 745
937 809
937 863
937 873
937 1001
937 1065
937 1129
938 166
938 746
938 810
938 874
938 1002
938 1066
938 1089
938 1130
939 255
939 811
939 875
939 1003
939 1067
939 1215
940 638
940 748
940 812
940 876
940 1004
940 1068
940 1131
940 1132
941 749
941 813
941 877
941 924
941 1005
941 1069
941 1133
942 110
942 750
942 814
942 878
942 956
942 1006
942 1070
942 1084
942 1134
943 362
943 751
943 815
943 879
943 1007
943 1057
943 1071
943 1135
944 251
944 427
944 752
944 816
944 880
944 1008
944 1072
944 1136
945 295
945 307
945 404
945 434
945 574
945 753
945 817
945 881
945 1009
945 1073
945 1137
945 1139
945 1198
946 84
946 103
946 287
946 340
946 562
946 701
946 754
946 818
946 882
946 1010
946 1074
946 1138
947 883
947 1011
947 1075
948 756
948 820
948 884
948 1012
948 1076
948 1140
949 153
949 693
949 757
949 821
949 885
949 1013
949 1077
949 1141
950 758
950 822
950 886
950 1014
950 1078
950 1142
951 403
951 759
951 823
951 887
951 927
951 1015
951 1079
951 1143
952 760
952 824
952 830
952 888
952 1016
952 1080
952 1137
952 1144
953 179
953 761
953 819
953 825
953 889
953 1017
953 1081
953 1214
954 689
954 762
954 826
954 890
954 1018
954 1070
954 1082
954 1146
955 382
955 763
955 827
955 891
955 1019
955 1083
955 1147
956 110
956 764
956 828
956 892
956 942
956 1020
956 1084
957 45
957 361
957 765
957 829
957 893
957 1021
957 1085
957 1149
957 1197
957 1266
958 191
958 510
958 511
958 766
958 830
958 894
958 1022
958 1086
958 1150
958 1212
959 831
959 890
959 895
959 1023
959 1087
960 12
960 586
960 768
960 832
960 896
960 1024
960 1028
960 1088
960 1152
961 29
961 76
961 769
961 833
961 897
961 1025
961 1089
961 1116
961 1153
962 21
962 247
962 770
962 834
962 898
962 1026
962 1090
962 1154
963 285
963 605
963 771
963 835
963 899
963 1027
963 1091
963 1155
964 339
964 772
964 836
964 900
964 978
964 1028
964 1092
964 1156
965 773
965 837
965 901
965 1029
965 1093
965 1157
966 6
966 70
966 134
966 198
966 262
966 326
966 390
966 454
966 518
966 582
966 646
966 710
966 715
966 774
966 779
966 838
966 843
966 902
966 907
966 971
966 1030
966 1035
966 1094
966 1099
966 1158
966 1222
966 1227
967 775
967 839
967 903
967 1031
967 1095
967 1159
968 13
968 77
968 136
968 141
968 200
968 205
968 269
968 328
968 333
968 392
968 397
968 456
968 461
968 520
968 523
968 525
968 584
968 587
968 589
968 648
968 651
968 653
968 712
968 715
968 717
968 776
968 781
968 840
968 843
968 845
968 904
968 907
968 909
968 973
968 1032
968 1035
968 1037
968 1096
968 1099
968 1101
968 1160
968 1163
968 1224
968 1227
968 1229
969 8
969 73
969 137
969 201
969 265
969 329
969 393
969 457
969 521
969 585
969 649
969 713
969 777
969 841
969 905
969 1033
969 1097
969 1161
969 1225
970 778
970 842
970 874
970 906
970 1034
970 1098
970 1162
970 1226
971 134
971 198
971 262
971 326
971 390
971 454
971 461
971 518
971 582
971 646
971 651
971 710
971 715
971 774
971 776
971 779
971 781
971 838
971 843
971 902
971 907
971 966
971 973
971 1030
971 1035
971 1094
971 1099
971 1158
971 1163
971 1222
971 1227
971 1229
972 780
972 844
972 908
972 1036
972 1100
972 1164
973 13
973 77
973 136
973 141
973 205
973 269
973 333
973 456
973 461
973 520
973 525
973 584
973 587
973 589
973 648
973 651
973 653
973 712
973 715
973 717
973 776
973 779
973 781
973 840
973 843
973 845
973 904
973 907
973 909
973 968
973 971
973 1035
973 1037
973 1099
973 1101
973 1163
973 1165
973 1224
973 1227
973 1229
974 782
974 846
974 910
974 1038
974 1102
974 1166
975 42
975 783
975 847
975 911
975 1039
975 1103
975 1167
975 1174
976 730
976 784
976 848
976 912
976 1040
976 1104
976 1168
977 785
977 849
977 913
977 1041
977 1105
977 1169
978 339
978 786
978 850
978 914
978 964
978 1042
978 1106
978 1170
979 260
979 482
979 484
979 557
979 787
979 851
979 915
979 985
979 1043
979 1107
979 1171
980 80
980 100
980 680
980 788
980 792
980 827
980 852
980 916
980 1044
980 1108
980 1123
980 1172
980 1178
980 1265
981 451
981 631
981 789
981 853
981 872
981 917
981 1026
981 1045
981 1109
981 1138
981 1173
982 790
982 854
982 918
982 1046
982 1110
982 1174
983 791
983 855
983 919
983 1047
983 1111
983 1175
984 99
984 336
984 611
984 637
984 792
984 856
984 920
984 921
984 1048
984 1064
984 1112
984 1176
984 1191
985 260
985 482
985 484
985 557
985 793
985 857
985 921
985 979
985 1049
985 1113
985 1177
986 794
986 858
986 922
986 1050
986 1114
986 1178
987 795
987 859
987 870
987 923
987 1051
987 1115
987 1179
988 151
988 714
988 796
988 860
988 924
988 1052
988 1116
988 1180
989 22
989 797
989 861
989 925
989 1053
989 1117
989 1181
990 475
990 798
990 862
990 926
990 1054
990 1118
990 1182
991 104
991 402
991 799
991 863
991 927
991 1055
991 1119
991 1183
992 800
992 864
992 928
992 1056
992 1120
992 1184
992 1270
993 801
993 865
993 919
993 929
993 1057
993 1121
993 1185
994 40
994 661
994 802
994 866
994 930
994 1058
994 1122
994 1186
995 90
995 376
995 600
995 803
995 867
995 931
995 1059
995 1123
995 1187
995 1200
996 804
996 868
996 932
996 933
996 1060
996 1124
996 1188
997 132
997 211
997 222
997 805
997 869
997 933
997 1061
997 1069
997 1125
997 1189
998 682
998 806
998 870
998 934
998 1062
998 1126
998 1190
999 302
999 409
999 807
999 871
999 935
999 1063
999 1127
999 1191
1000 115
1000 369
1000 428
1000 756
1000 808
1000 872
1000 920
1000 936
1000 1017
1000 1064
1000 1128
1000 1192
1001 809
1001 873
1001 937
1001 1065
1001 1129
1001 1193
1002 199
1002 810
1002 874
1002 938
1002 1066
1002 1130
1002 1194
1002 1263
1003 875
1003 939
1003 1067
1004 679
1004 812
1004 876
1004 940
1004 1068
1004 1132
1004 1196
1005 813
1005 877
1005 941
1005 1069
1005 1133
1005 1197
1006 686
1006 766
1006 814
1006 878
1006 942
1006 1070
1006 1134
1006 1198
1007 815
1007 879
1007 943
1007 1071
1007 1135
1007 1199
1008 816
1008 880
1008 944
1008 1072
1008 1136
1008 1200
1009 817
1009 881
1009 945
1009 1073
1009 1080
1009 1137
1009 1201
1010 101
1010 164
1010 165
1010 640
1010 706
1010 818
1010 882
1010 946
1010 1074
1010 1076
1010 1138
1010 1202
1010 1268
1011 702
1011 703
1011 883
1011 947
1011 1075
1011 1139
1012 813
1012 820
1012 884
1012 948
1012 1055
1012 1076
1012 1140
1012 1154
1012 1204
1013 821
1013 834
1013 885
1013 949
1013 1058
1013 1077
1013 1141
1013 1205
1014 822
1014 886
1014 950
1014 1078
1014 1142
1014 1206
1015 823
1015 887
1015 951
1015 1079
1015 1143
1015 1207
1016 56
1016 748
1016 824
1016 888
1016 952
1016 1080
1016 1133
1016 1144
1016 1201
1016 1208
1017 115
1017 369
1017 428
1017 756
1017 825
1017 889
1017 920
1017 953
1017 1000
1017 1081
1017 1145
1017 1209
1018 300
1018 424
1018 875
1018 890
1018 954
1018 1082
1018 1146
1018 1259
1019 122
1019 556
1019 827
1019 889
1019 891
1019 955
1019 1075
1019 1083
1019 1144
1019 1147
1019 1204
1020 341
1020 436
1020 547
1020 828
1020 892
1020 956
1020 1084
1020 1148
1020 1212
1020 1240
1021 829
1021 893
1021 957
1021 1085
1021 1149
1021 1213
1022 697
1022 830
1022 894
1022 958
1022 1086
1022 1150
1023 108
1023 373
1023 691
1023 831
1023 880
1023 895
1023 959
1023 1087
1023 1151
1024 832
1024 896
1024 960
1024 1088
1024 1152
1024 1216
1024 1250
1025 833
1025 897
1025 961
1025 1089
1025 1153
1025 1217
1026 451
1026 631
1026 834
1026 872
1026 898
1026 962
1026 981
1026 1090
1026 1138
1026 1154
1026 1218
1027 2
1027 130
1027 256
1027 357
1027 498
1027 690
1027 835
1027 899
1027 963
1027 1091
1027 1155
1027 1219
1028 12
1028 586
1028 836
1028 900
1028 960
1028 964
1028 1092
1028 1156
1028 1220
1029 837
1029 901
1029 965
1029 1093
1029 1157
1029 1221
1030 6
1030 70
1030 134
1030 198
1030 262
1030 326
1030 390
1030 454
1030 518
1030 582
1030 646
1030 710
1030 715
1030 774
1030 779
1030 838
1030 843
1030 902
1030 907
1030 966
1030 971
1030 1035
1030 1094
1030 1099
1030 1158
1030 1222
1030 1227
1031 839
1031 903
1031 967
1031 1095
1031 1159
1031 1223
1032 11
1032 75
1032 200
1032 203
1032 205
1032 264
1032 269
1032 328
1032 333
1032 392
1032 397
1032 456
1032 520
1032 523
1032 525
1032 584
1032 587
1032 589
1032 648
1032 653
1032 712
1032 717
1032 840
1032 845
1032 904
1032 909
1032 968
1032 1037
1032 1096
1032 1101
1032 1160
1032 1165
1032 1224
1033 8
1033 73
1033 137
1033 201
1033 265
1033 329
1033 393
1033 457
1033 521
1033 585
1033 649
1033 713
1033 777
1033 841
1033 905
1033 969
1033 1097
1033 1161
1033 1225
1034 842
1034 906
1034 970
1034 1098
1034 1162
1034 1226
1035 198
1035 205
1035 262
1035 269
1035 326
1035 333
1035 390
1035 454
1035 461
1035 518
1035 520
1035 525
1035 582
1035 587
1035 646
1035 651
1035 710
1035 712
1035 715
1035 774
1035 776
1035 779
1035 781
1035 838
1035 843
1035 902
1035 907
1035 966
1035 968
1035 971
1035 973
1035 1030
1035 1037
1035 1094
1035 1099
1035 1101
1035 1158
1035 1163
1035 1222
1035 1227
1035 1229
1036 844
1036 908
1036 925
1036 972
1036 1100
1036 1164
1036 1228
1037 13
1037 77
1037 141
1037 200
1037 205
1037 269
1037 328
1037 333
1037 397
1037 456
1037 461
1037 520
1037 523
1037 525
1037 584
1037 587
1037 589
1037 648
1037 651
1037 653
1037 712
1037 715
1037 717
1037 776
1037 781
1037 840
1037 843
1037 845
1037 904
1037 907
1037 909
1037 968
1037 973
1037 1032
1037 1035
1037 1099
1037 1101
1037 1163
1037 1165
1037 1224
1037 1227
1037 1229
1038 846
1038 910
1038 974
1038 1102
1038 1166
1038 1230
1039 486
1039 847
1039 911
1039 975
1039 1103
1039 1167
1039 1231
1040 16
1040 410
1040 538
1040 568
1040 848
1040 912
1040 976
1040 1104
1040 1168
1040 1232
1041 849
1041 913
1041 977
1041 1105
1041 1169
1041 1233
1042 30
1042 803
1042 850
1042 914
1042 978
1042 1106
1042 1170
1042 1234
1043 274
1043 388
1043 851
1043 915
1043 979
1043 1107
1043 1156
1043 1171
1043 1235
1044 852
1044 916
1044 980
1044 1108
1044 1172
1044 1236
1045 350
1045 853
1045 917
1045 981
1045 1065
1045 1109
1045 1173
1045 1237
1046 736
1046 854
1046 918
1046 982
1046 1110
1046 1174
1046 1238
1047 855
1047 919
1047 983
1047 1111
1047 1175
1047 1239
1048 223
1048 312
1048 744
1048 856
1048 920
1048 984
1048 1112
1048 1176
1048 1237
1048 1240
1049 144
1049 346
1049 381
1049 423
1049 504
1049 739
1049 857
1049 921
1049 985
1049 1113
1049 1177
1049 1241
1050 485
1050 543
1050 858
1050 873
1050 922
1050 986
1050 1109
1050 1114
1050 1178
1050 1192
1050 1242
1051 859
1051 923
1051 987
1051 1115
1051 1179
1051 1243
1052 321
1052 860
1052 908
1052 924
1052 988
1052 1116
1052 1180
1052 1244
1053 861
1053 925
1053 989
1053 1117
1053 1181
1053 1245
1054 477
1054 862
1054 926
1054 990
1054 1118
1054 1182
1054 1246
1055 813
1055 863
1055 927
1055 991
1055 1012
1055 1119
1055 1154
1055 1183
1055 1247
1056 669
1056 864
1056 928
1056 992
1056 1120
1056 1184
1056 1248
1057 362
1057 865
1057 929
1057 943
1057 993
1057 1121
1057 1185
1057 1249
1058 834
1058 866
1058 930
1058 994
1058 1013
1058 1122
1058 1186
1058 1250
1059 284
1059 867
1059 931
1059 995
1059 1123
1059 1125
1059 1170
1059 1187
1059 1251
1059 1261
1060 522
1060 868
1060 932
1060 996
1060 1124
1060 1188
1060 1252
1061 580
1061 604
1061 869
1061 933
1061 997
1061 1125
1061 1155
1061 1181
1061 1189
1061 1213
1061 1253
1061 1256
1062 298
1062 413
1062 426
1062 870
1062 934
1062 998
1062 1126
1062 1190
1062 1254
1063 405
1063 491
1063 565
1063 621
1063 728
1063 807
1063 871
1063 935
1063 999
1063 1127
1063 1191
1063 1255
1064 99
1064 336
1064 611
1064 637
1064 872
1064 921
1064 936
1064 984
1064 1000
1064 1128
1064 1191
1064 1192
1064 1256
1065 350
1065 873
1065 937
1065 1001
1065 1045
1065 1129
1065 1193
1065 1257
1066 874
1066 938
1066 1002
1066 1130
1066 1194
1066 1258
1067 634
1067 939
1067 1003
1067 1131
1067 1195
1068 317
1068 876
1068 940
1068 1004
1068 1132
1068 1196
1068 1260
1069 132
1069 211
1069 222
1069 877
1069 941
1069 997
1069 1005
1069 1133
1069 1197
1069 1261
1070 689
1070 878
1070 942
1070 954
1070 1006
1070 1134
1070 1198
1070 1262
1071 879
1071 943
1071 1007
1071 1135
1071 1199
1071 1263
1072 20
1072 536
1072 761
1072 880
1072 944
1072 1008
1072 1136
1072 1200
1072 1264
1073 39
1073 432
1073 464
1073 635
1073 760
1073 881
1073 945
1073 1009
1073 1137
1073 1201
1073 1265
1074 0
1074 148
1074 553
1074 765
1074 882
1074 946
1074 1010
1074 1113
1074 1138
1074 1202
1074 1266
1075 122
1075 556
1075 883
1075 889
1075 947
1075 1011
1075 1019
1075 1139
1075 1144
1075 1203
1075 1204
1076 101
1076 164
1076 165
1076 640
1076 706
1076 884
1076 948
1076 1010
1076 1012
1076 1140
1076 1204
1076 1268
1077 885
1077 949
1077 1013
1077 1141
1077 1205
1077 1269
1078 886
1078 950
1078 1014
1078 1142
1078 1206
1078 1270
1079 644
1079 887
1079 951
1079 1015
1079 1143
1079 1207
1079 1271
1080 888
1080 952
1080 1009
1080 1016
1080 1144
1080 1208
1080 1272
1081 52
1081 415
1081 889
1081 953
1081 1017
1081 1145
1081 1209
1081 1273
1082 561
1082 954
1082 1018
1082 1146
1082 1210
1082 1274
1083 883
1083 891
1083 955
1083 1019
1083 1147
1083 1211
1083 1275
1084 110
1084 942
1084 956
1084 1020
1084 1148
1084 1212
1085 471
1085 745
1085 893
1085 957
1085 1021
1085 1149
1085 1213
1085 1277
1086 304
1086 308
1086 891
1086 894
1086 958
1086 1022
1086 1150
1086 1214
1087 383
1087 632
1087 959
1087 1023
1087 1151
1087 1215
1088 158
1088 212
1088 793
1088 896
1088 960
1088 1024
1088 1152
1088 1216
1089 166
1089 897
1089 938
1089 961
1089 1025
1089 1153
1089 1217
1090 204
1090 268
1090 531
1090 898
1090 962
1090 1026
1090 1154
1090 1218
1091 351
1091 899
1091 963
1091 1027
1091 1155
1091 1188
1091 1219
1092 900
1092 964
1092 1028
1092 1156
1092 1220
1093 901
1093 965
1093 1029
1093 1157
1093 1221
1094 6
1094 70
1094 134
1094 198
1094 262
1094 326
1094 390
1094 454
1094 518
1094 582
1094 646
1094 710
1094 715
1094 774
1094 779
1094 838
1094 843
1094 902
1094 907
1094 966
1094 971
1094 1030
1094 1035
1094 1099
1094 1158
1094 1163
1094 1222
1094 1227
1095 903
1095 967
1095 1031
1095 1159
1095 1223
1096 11
1096 75
1096 200
1096 203
1096 264
1096 328
1096 392
1096 397
1096 456
1096 523
1096 584
1096 589
1096 648
1096 653
1096 717
1096 840
1096 845
1096 904
1096 909
1096 968
1096 1032
1096 1160
1096 1165
1096 1224
1097 8
1097 73
1097 137
1097 201
1097 265
1097 329
1097 393
1097 457
1097 521
1097 585
1097 649
1097 713
1097 777
1097 841
1097 905
1097 969
1097 1033
1097 1161
1097 1225
1098 647
1098 879
1098 906
1098 970
1098 1034
1098 1162
1098 1226
1099 262
1099 269
1099 326
1099 333
1099 390
1099 454
1099 461
1099 518
1099 520
1099 525
1099 582
1099 587
1099 646
1099 651
1099 710
1099 712
1099 715
1099 774
1099 776
1099 779
1099 781
1099 838
1099 843
1099 902
1099 907
1099 966
1099 968
1099 971
1099 973
1099 1030
1099 1035
1099 1037
1099 1094
1099 1101
1099 1158
1099 1163
1099 1222
1099 1227
1099 1229
1100 798
1100 908
1100 972
1100 1036
1100 1164
1100 1228
1101 13
1101 77
1101 141
1101 205
1101 269
1101 328
1101 333
1101 392
1101 397
1101 456
1101 461
1101 520
1101 523
1101 525
1101 584
1101 587
1101 589
1101 648
1101 651
1101 653
1101 712
1101 715
1101 717
1101 776
1101 781
1101 840
1101 843
1101 845
1101 904
1101 907
1101 909
1101 968
1101 973
1101 1032
1101 1035
1101 1037
1101 1099
1101 1163
1101 1165
1101 1224
1101 1227
1101 1229
1102 910
1102 974
1102 1038
1102 1166
1102 1230
1102 1231
1103 143
1103 911
1103 975
1103 1039
1103 1167
1103 1231
1104 117
1104 912
1104 976
1104 1040
1104 1141
1104 1168
1104 1232
1104 1257
1105 913
1105 977
1105 1041
1105 1169
1105 1233
1106 914
1106 978
1106 1042
1106 1170
1106 1234
1107 68
1107 915
1107 979
1107 1043
1107 1171
1107 1235
1108 665
1108 696
1108 808
1108 916
1108 980
1108 1044
1108 1172
1108 1236
1108 1251
1108 1272
1109 485
1109 543
1109 873
1109 917
1109 981
1109 1045
1109 1050
1109 1173
1109 1192
1109 1237
1110 630
1110 918
1110 982
1110 1046
1110 1174
1110 1238
1111 399
1111 919
1111 983
1111 1047
1111 1175
1111 1239
1112 386
1112 548
1112 878
1112 920
1112 984
1112 1048
1112 1176
1112 1240
1113 0
1113 148
1113 553
1113 765
1113 921
1113 985
1113 1049
1113 1074
1113 1177
1113 1241
1114 425
1114 922
1114 986
1114 1050
1114 1178
1114 1242
1115 417
1115 577
1115 859
1115 860
1115 923
1115 987
1115 1051
1115 1179
1115 1243
1116 29
1116 76
1116 924
1116 961
1116 988
1116 1052
1116 1180
1116 1244
1117 925
1117 989
1117 1053
1117 1181
1117 1245
1118 864
1118 926
1118 990
1118 1054
1118 1182
1118 1246
1119 180
1119 927
1119 991
1119 1055
1119 1183
1119 1247
1120 438
1120 928
1120 992
1120 1056
1120 1184
1120 1248
1121 707
1121 929
1121 993
1121 1057
1121 1185
1121 1220
1121 1249
1122 930
1122 994
1122 1058
1122 1186
1122 1250
1123 80
1123 100
1123 680
1123 792
1123 827
1123 931
1123 980
1123 995
1123 1059
1123 1178
1123 1187
1123 1251
1123 1265
1124 695
1124 932
1124 996
1124 1060
1124 1129
1124 1188
1124 1252
1124 1269
1125 284
1125 933
1125 997
1125 1059
1125 1061
1125 1170
1125 1189
1125 1253
1125 1261
1126 934
1126 998
1126 1062
1126 1190
1126 1245
1126 1254
1127 89
1127 167
1127 412
1127 592
1127 884
1127 935
1127 999
1127 1063
1127 1191
1127 1255
1128 184
1128 499
1128 936
1128 1000
1128 1064
1128 1192
1128 1256
1129 695
1129 937
1129 1001
1129 1065
1129 1124
1129 1193
1129 1257
1129 1269
1130 938
1130 1002
1130 1066
1130 1194
1130 1258
1131 638
1131 940
1131 1067
1131 1195
1131 1259
1132 35
1132 359
1132 930
1132 931
1132 940
1132 1004
1132 1068
1132 1196
1132 1255
1132 1260
1133 56
1133 748
1133 941
1133 1005
1133 1016
1133 1069
1133 1197
1133 1201
1133 1261
1134 51
1134 253
1134 280
1134 400
1134 564
1134 888
1134 942
1134 1006
1134 1070
1134 1198
1134 1262
1135 943
1135 1007
1135 1071
1135 1199
1135 1263
1136 128
1136 149
1136 306
1136 597
1136 666
1136 922
1136 944
1136 1008
1136 1072
1136 1200
1136 1264
1137 830
1137 945
1137 952
1137 1009
1137 1073
1137 1201
1137 1265
1138 451
1138 631
1138 872
1138 946
1138 981
1138 1010
1138 1026
1138 1074
1138 1202
1138 1266
1139 295
1139 307
1139 404
1139 434
1139 574
1139 945
1139 1011
1139 1075
1139 1198
1139 1203
1139 1267
1140 573
1140 948
1140 1012
1140 1076
1140 1204
1140 1268
1141 117
1141 949
1141 1013
1141 1077
1141 1104
1141 1205
1141 1257
1141 1269
1142 950
1142 1014
1142 1078
1142 1206
1142 1270
1143 95
1143 140
1143 147
1143 546
1143 576
1143 610
1143 623
1143 759
1143 951
1143 1015
1143 1079
1143 1207
1143 1271
1144 122
1144 556
1144 889
1144 952
1144 1016
1144 1019
1144 1075
1144 1080
1144 1204
1144 1208
1144 1272
1145 227
1145 379
1145 492
1145 824
1145 1017
1145 1081
1145 1209
1145 1273
1146 377
1146 446
1146 954
1146 1018
1146 1082
1146 1195
1146 1210
1146 1274
1147 508
1147 571
1147 831
1147 955
1147 1019
1147 1083
1147 1211
1147 1275
1148 435
1148 569
1148 1020
1148 1084
1148 1212
1148 1276
1149 343
1149 466
1149 527
1149 957
1149 1021
1149 1085
1149 1213
1149 1277
1150 305
1150 958
1150 1022
1150 1086
1150 1214
1150 1278
1151 249
1151 1023
1151 1087
1151 1215
1151 1279
1152 4
1152 862
1152 960
1152 1024
1152 1088
1152 1216
1153 961
1153 1025
1153 1089
1153 1217
1154 813
1154 962
1154 1012
1154 1026
1154 1055
1154 1090
1154 1218
1155 580
1155 604
1155 963
1155 1027
1155 1061
1155 1091
1155 1181
1155 1213
1155 1219
1155 1256
1156 274
1156 388
1156 964
1156 1028
1156 1043
1156 1092
1156 1220
1157 965
1157 1029
1157 1093
1157 1221
1158 6
1158 70
1158 134
1158 198
1158 262
1158 326
1158 390
1158 454
1158 518
1158 582
1158 646
1158 710
1158 715
1158 774
1158 779
1158 781
1158 838
1158 843
1158 902
1158 907
1158 966
1158 971
1158 1030
1158 1035
1158 1094
1158 1099
1158 1163
1158 1222
1158 1227
1159 967
1159 1031
1159 1095
1159 1223
1160 968
1160 1032
1160 1096
1160 1224
1161 8
1161 73
1161 137
1161 201
1161 265
1161 329
1161 393
1161 457
1161 521
1161 585
1161 649
1161 713
1161 777
1161 841
1161 905
1161 969
1161 1033
1161 1097
1161 1225
1162 970
1162 1034
1162 1098
1162 1226
1163 77
1163 333
1163 456
1163 461
1163 520
1163 525
1163 584
1163 587
1163 589
1163 648
1163 651
1163 653
1163 712
1163 715
1163 717
1163 776
1163 779
1163 781
1163 838
1163 843
1163 845
1163 902
1163 907
1163 909
1163 968
1163 971
1163 973
1163 1035
1163 1037
1163 1094
1163 1099
1163 1101
1163 1158
1163 1222
1163 1224
1163 1227
1163 1229
1164 545
1164 972
1164 1036
1164 1100
1164 1228
1165 11
1165 75
1165 200
1165 203
1165 328
1165 392
1165 397
1165 456
1165 523
1165 584
1165 589
1165 648
1165 653
1165 717
1165 840
1165 845
1165 904
1165 909
1165 973
1165 1032
1165 1037
1165 1096
1165 1101
1165 1224
1165 1229
1166 263
1166 847
1166 974
1166 1038
1166 1102
1166 1230
1167 746
1167 975
1167 1039
1167 1103
1167 1231
1168 126
1168 976
1168 1040
1168 1104
1168 1232
1169 977
1169 1041
1169 1105
1169 1233
1170 284
1170 978
1170 1042
1170 1059
1170 1106
1170 1125
1170 1234
1170 1261
1171 244
1171 532
1171 979
1171 1043
1171 1107
1171 1235
1172 114
1172 980
1172 1044
1172 1108
1172 1236
1173 85
1173 116
1173 372
1173 437
1173 981
1173 1045
1173 1109
1173 1237
1174 42
1174 975
1174 982
1174 1046
1174 1110
1174 1238
1175 463
1175 983
1175 1047
1175 1111
1175 1239
1176 881
1176 984
1176 1048
1176 1112
1176 1240
1177 218
1177 272
1177 370
1177 674
1177 985
1177 1049
1177 1113
1177 1241
1178 80
1178 100
1178 680
1178 792
1178 827
1178 980
1178 986
1178 1050
1178 1114
1178 1123
1178 1242
1178 1265
1179 737
1179 987
1179 1051
1179 1115
1179 1243
1180 988
1180 1052
1180 1116
1180 1244
1181 580
1181 604
1181 989
1181 1053
1181 1061
1181 1117
1181 1155
1181 1213
1181 1245
1181 1256
1182 47
1182 802
1182 990
1182 1054
1182 1118
1182 1246
1183 105
1183 789
1183 991
1183 1055
1183 1119
1183 1247
1183 1252
1184 992
1184 1056
1184 1120
1184 1248
1185 993
1185 1057
1185 1121
1185 1249
1186 195
1186 324
1186 606
1186 915
1186 994
1186 1058
1186 1122
1186 1250
1187 429
1187 995
1187 1059
1187 1123
1187 1242
1187 1251
1188 351
1188 996
1188 1060
1188 1091
1188 1124
1188 1252
1189 345
1189 468
1189 503
1189 858
1189 997
1189 1061
1189 1125
1189 1253
1190 540
1190 652
1190 998
1190 1062
1190 1126
1190 1254
1191 99
1191 336
1191 611
1191 637
1191 921
1191 984
1191 999
1191 1063
1191 1064
1191 1127
1191 1255
1192 485
1192 543
1192 873
1192 1000
1192 1050
1192 1064
1192 1109
1192 1128
1192 1256
1193 1001
1193 1065
1193 1129
1193 1257
1194 516
1194 1002
1194 1066
1194 1130
1194 1258
1195 377
1195 446
1195 1067
1195 1131
1195 1146
1195 1259
1196 762
1196 1004
1196 1068
1196 1132
1196 1260
1197 45
1197 361
1197 957
1197 1005
1197 1069
1197 1133
1197 1261
1197 1266
1198 295
1198 307
1198 404
1198 434
1198 574
1198 945
1198 1006
1198 1070
1198 1134
1198 1139
1198 1262
1199 1007
1199 1071
1199 1135
1199 1263
1200 90
1200 376
1200 600
1200 995
1200 1008
1200 1072
1200 1136
1200 1264
1201 56
1201 748
1201 1009
1201 1016
1201 1073
1201 1133
1201 1137
1201 1265
1202 275
1202 1010
1202 1074
1202 1138
1202 1266
1203 366
1203 1075
1203 1139
1203 1211
1203 1267
1204 122
1204 556
1204 889
1204 1012
1204 1019
1204 1075
1204 1076
1204 1140
1204 1144
1204 1268
1205 912
1205 1013
1205 1077
1205 1141
1205 1269
1205 1271
1206 1014
1206 1078
1206 1142
1206 1270
1207 489
1207 671
1207 857
1207 1015
1207 1079
1207 1143
1207 1271
1208 174
1208 371
1208 433
1208 700
1208 1016
1208 1080
1208 1144
1208 1272
1209 26
1209 28
1209 720
1209 1017
1209 1081
1209 1145
1209 1273
1210 561
1210 1082
1210 1146
1210 1274
1211 366
1211 1083
1211 1147
1211 1203
1211 1275
1212 191
1212 510
1212 511
1212 958
1212 1020
1212 1084
1212 1148
1212 1276
1213 580
1213 604
1213 1021
1213 1061
1213 1085
1213 1149
1213 1155
1213 1181
1213 1256
1213 1277
1214 179
1214 819
1214 953
1214 1086
1214 1150
1214 1278
1215 255
1215 939
1215 1087
1215 1151
1215 1279
1216 1024
1216 1088
1216 1152
1217 193
1217 1025
1217 1089
1217 1153
1217 1249
1218 18
1218 286
1218 1026
1218 1090
1218 1154
1219 421
1219 1027
1219 1091
1219 1155
1220 707
1220 1028
1220 1092
1220 1121
1220 1156
1221 1029
1221 1093
1221 1157
1222 6
1222 70
1222 134
1222 198
1222 262
1222 326
1222 390
1222 454
1222 518
1222 582
1222 646
1222 710
1222 715
1222 774
1222 779
1222 838
1222 843
1222 902
1222 907
1222 966
1222 971
1222 1030
1222 1035
1222 1094
1222 1099
1222 1158
1222 1163
1222 1227
1223 502
1223 1031
1223 1095
1223 1159
1224 13
1224 136
1224 141
1224 205
1224 269
1224 333
1224 392
1224 397
1224 456
1224 461
1224 520
1224 523
1224 525
1224 584
1224 587
1224 589
1224 648
1224 651
1224 653
1224 712
1224 715
1224 717
1224 776
1224 781
1224 840
1224 845
1224 904
1224 907
1224 909
1224 968
1224 973
1224 1032
1224 1037
1224 1096
1224 1101
1224 1160
1224 1163
1224 1165
1224 1229
1225 8
1225 73
1225 137
1225 201
1225 265
1225 329
1225 393
1225 457
1225 521
1225 585
1225 649
1225 713
1225 777
1225 841
1225 905
1225 969
1225 1033
1225 1097
1225 1161
1226 874
1226 970
1226 1034
1226 1098
1226 1162
1227 390
1227 454
1227 461
1227 518
1227 520
1227 525
1227 582
1227 587
1227 646
1227 651
1227 710
1227 712
1227 715
1227 717
1227 774
1227 776
1227 779
1227 781
1227 838
1227 843
1227 902
1227 907
1227 966
1227 968
1227 971
1227 973
1227 1030
1227 1035
1227 1037
1227 1094
1227 1099
1227 1101
1227 1158
1227 1163
1227 1222
1227 1229
1228 545
1228 1036
1228 1100
1228 1164
1229 13
1229 77
1229 141
1229 205
1229 269
1229 333
1229 456
1229 461
1229 520
1229 525
1229 584
1229 587
1229 589
1229 648
1229 651
1229 653
1229 712
1229 715
1229 717
1229 776
1229 779
1229 781
1229 840
1229 843
1229 845
1229 904
1229 907
1229 909
1229 968
1229 971
1229 973
1229 1035
1229 1037
1229 1099
1229 1101
1229 1163
1229 1165
1229 1224
1229 1227
1230 1038
1230 1102
1230 1166
1231 1039
1231 1102
1231 1103
1231 1167
1232 55
1232 189
1232 216
1232 281
1232 439
1232 483
1232 560
1232 1040
1232 1104
1232 1168
1232 1264
1233 401
1233 1041
1233 1105
1233 1169
1234 348
1234 500
1234 617
1234 818
1234 1042
1234 1106
1234 1170
1235 692
1235 757
1235 899
1235 1043
1235 1107
1235 1171
1236 355
1236 681
1236 743
1236 1044
1236 1108
1236 1172
1237 223
1237 312
1237 744
1237 1045
1237 1048
1237 1109
1237 1173
1238 1046
1238 1110
1238 1174
1239 513
1239 1047
1239 1111
1239 1175
1240 341
1240 436
1240 547
1240 1020
1240 1048
1240 1112
1240 1176
1241 755
1241 1049
1241 1113
1241 1177
1242 429
1242 1050
1242 1114
1242 1178
1242 1187
1243 257
1243 550
1243 1051
1243 1115
1243 1179
1244 226
1244 431
1244 1052
1244 1116
1244 1180
1245 1053
1245 1117
1245 1126
1245 1181
1246 1054
1246 1118
1246 1182
1247 1055
1247 1119
1247 1183
1248 54
1248 118
1248 197
1248 224
1248 1056
1248 1120
1248 1184
1249 193
1249 1057
1249 1121
1249 1185
1249 1217
1250 1024
1250 1058
1250 1122
1250 1186
1251 665
1251 696
1251 808
1251 1059
1251 1108
1251 1123
1251 1187
1251 1272
1252 105
1252 789
1252 1060
1252 1124
1252 1183
1252 1188
1253 10
1253 1061
1253 1125
1253 1189
1254 239
1254 1062
1254 1126
1254 1190
1255 35
1255 359
1255 930
1255 931
1255 1063
1255 1127
1255 1132
1255 1191
1256 580
1256 604
1256 1061
1256 1064
1256 1128
1256 1155
1256 1181
1256 1192
1256 1213
1257 117
1257 1065
1257 1104
1257 1129
1257 1141
1257 1193
1258 33
1258 1066
1258 1130
1258 1194
1259 300
1259 424
1259 875
1259 1018
1259 1131
1259 1195
1260 60
1260 236
1260 238
1260 243
1260 698
1260 1068
1260 1132
1260 1196
1261 284
1261 1059
1261 1069
1261 1125
1261 1133
1261 1170
1261 1197
1262 240
1262 750
1262 753
1262 848
1262 1070
1262 1134
1262 1198
1263 199
1263 1002
1263 1071
1263 1135
1263 1199
1264 55
1264 189
1264 216
1264 281
1264 439
1264 483
1264 560
1264 1072
1264 1136
1264 1200
1264 1232
1265 80
1265 100
1265 680
1265 792
1265 827
1265 980
1265 1073
1265 1123
1265 1137
1265 1178
1265 1201
1266 45
1266 361
1266 957
1266 1074
1266 1138
1266 1197
1266 1202
1267 314
1267 1139
1267 1203
1268 101
1268 164
1268 165
1268 640
1268 706
1268 1010
1268 1076
1268 1140
1268 1204
1269 695
1269 1077
1269 1124
1269 1129
1269 1141
1269 1205
1270 992
1270 1078
1270 1142
1270 1206
1271 912
1271 1079
1271 1143
1271 1205
1271 1207
1272 665
1272 696
1272 808
1272 1080
1272 1108
1272 1144
1272 1208
1272 1251
1273 494
1273 1081
1273 1145
1273 1209
1274 493
1274 1082
1274 1146
1274 1210
1275 113
1275 208
1275 419
1275 656
1275 1083
1275 1147
1275 1211
1276 619
1276 1148
1276 1212
1277 655
1277 1085
1277 1149
1277 1213
1278 1150
1278 1214
1279 121
1279 318
1279 633
1279 1151
1279 1215
