0 64
0 128
0 192
1 65
1 129
1 193
1 281
1 397
1 449
1 1256
2 12
2 66
2 130
2 133
2 194
2 809
2 1070
3 67
3 131
3 195
4 68
4 132
4 196
4 712
4 852
5 69
5 133
5 197
5 1008
5 1237
6 70
6 134
6 198
6 201
6 265
6 326
6 393
6 454
6 518
6 585
6 646
6 713
6 774
6 841
6 905
6 966
6 1030
6 1094
6 1158
6 1225
7 9
7 14
7 71
7 135
7 142
7 198
7 199
7 263
7 327
7 391
7 455
7 519
7 583
7 647
7 649
7 654
7 662
7 711
7 775
7 839
7 846
7 903
7 967
7 969
7 1097
7 1102
7 1110
7 1159
7 1161
7 1166
7 1222
7 1223
8 34
8 72
8 136
8 200
8 513
8 579
8 1253
9 7
9 14
9 71
9 73
9 135
9 137
9 142
9 182
9 198
9 199
9 201
9 262
9 263
9 327
9 391
9 455
9 519
9 582
9 583
9 647
9 649
9 654
9 662
9 710
9 711
9 775
9 777
9 838
9 839
9 846
9 903
9 967
9 969
9 1098
9 1102
9 1107
9 1161
9 1166
9 1222
9 1231
10 74
10 138
10 202
11 75
11 139
11 203
11 1093
12 2
12 76
12 133
12 140
12 204
12 809
12 1070
13 66
13 77
13 141
13 205
13 975
14 7
14 9
14 71
14 78
14 135
14 142
14 198
14 199
14 206
14 262
14 263
14 327
14 391
14 455
14 519
14 583
14 647
14 649
14 654
14 662
14 711
14 775
14 777
14 838
14 839
14 846
14 903
14 967
14 969
14 1098
14 1102
14 1110
14 1159
14 1161
14 1166
14 1222
15 79
15 143
15 207
16 80
16 144
16 208
17 81
17 145
17 209
17 1016
18 82
18 146
18 210
19 83
19 147
19 211
20 84
20 148
20 212
21 24
21 85
21 136
21 149
21 213
21 247
21 291
21 488
21 556
21 1268
22 86
22 150
22 214
23 87
23 151
23 181
23 215
23 738
24 21
24 88
24 136
24 152
24 216
24 247
24 291
24 488
24 556
24 1268
25 89
25 95
25 153
25 171
25 217
25 319
26 90
26 154
26 218
26 575
27 91
27 155
27 219
28 92
28 156
28 220
28 667
29 93
29 157
29 188
29 221
29 317
29 354
29 1184
30 94
30 158
30 222
31 95
31 159
31 223
32 96
32 160
32 224
32 236
32 359
32 845
33 97
33 161
33 225
33 634
33 937
33 1025
33 1195
34 8
34 98
34 162
34 226
34 513
34 579
34 1253
35 99
35 111
35 163
35 227
35 732
35 1209
36 100
36 164
36 228
36 736
36 980
36 1180
36 1271
37 53
37 101
37 165
37 229
37 674
37 743
37 890
38 102
38 166
38 230
39 103
39 167
39 229
39 231
39 514
40 104
40 168
40 232
40 309
40 992
41 105
41 169
41 233
41 1001
41 1241
42 106
42 116
42 170
42 234
42 251
42 764
42 894
42 1083
43 107
43 171
43 235
43 304
43 700
44 108
44 172
44 236
44 408
45 109
45 173
45 237
45 256
45 723
46 110
46 174
46 238
47 111
47 175
47 239
48 112
48 176
48 240
48 372
48 691
48 692
48 1273
49 113
49 177
49 241
49 1233
50 114
50 151
50 172
50 178
50 242
50 490
50 962
51 115
51 179
51 243
51 283
51 442
51 499
51 638
51 767
51 1012
51 1055
51 1194
52 116
52 180
52 244
52 1135
53 37
53 117
53 181
53 245
53 674
53 743
53 890
54 118
54 182
54 246
54 655
55 113
55 119
55 183
55 247
55 695
55 752
55 754
55 863
55 891
56 120
56 141
56 184
56 248
56 1201
56 1265
57 121
57 185
57 249
58 122
58 186
58 250
58 641
58 865
58 1053
58 1127
59 123
59 187
59 251
60 89
60 124
60 188
60 252
60 415
60 543
60 849
60 1071
61 125
61 189
61 253
61 536
61 540
62 126
62 190
62 254
63 127
63 191
63 255
63 1087
64 0
64 128
64 192
64 256
65 1
65 129
65 193
65 257
65 742
66 2
66 13
66 130
66 194
66 258
66 975
67 3
67 131
67 195
67 259
67 493
68 4
68 132
68 166
68 196
68 260
68 275
68 558
68 835
69 5
69 133
69 179
69 197
69 210
69 261
70 6
70 134
70 198
70 201
70 262
70 265
70 326
70 393
70 454
70 518
70 585
70 646
70 713
70 774
70 841
70 905
70 966
70 1030
70 1094
70 1158
70 1225
71 7
71 9
71 14
71 135
71 142
71 198
71 199
71 263
71 327
71 391
71 455
71 519
71 583
71 647
71 649
71 654
71 662
71 711
71 775
71 839
71 846
71 903
71 967
71 969
71 1097
71 1102
71 1110
71 1159
71 1161
71 1222
71 1223
72 8
72 136
72 200
72 264
72 373
73 9
73 137
73 138
73 182
73 201
73 262
73 265
73 310
73 329
73 390
73 457
73 521
73 582
73 598
73 649
73 650
73 710
73 777
73 838
73 846
73 902
73 918
73 1078
74 10
74 138
74 202
74 266
75 11
75 139
75 203
75 267
76 12
76 140
76 204
76 268
77 13
77 141
77 205
77 222
77 269
78 14
78 142
78 206
78 270
79 15
79 143
79 207
79 271
80 16
80 144
80 208
80 272
81 17
81 145
81 209
81 273
82 18
82 146
82 210
82 274
83 19
83 147
83 211
83 275
84 20
84 148
84 212
84 276
84 834
85 21
85 149
85 213
85 235
85 277
85 346
85 721
86 22
86 150
86 214
86 278
86 1220
87 23
87 151
87 215
87 279
88 24
88 152
88 216
88 280
88 435
89 25
89 60
89 153
89 217
89 281
89 415
89 543
89 849
89 1071
90 26
90 154
90 218
90 282
90 368
90 637
90 684
91 27
91 155
91 219
91 283
91 615
92 28
92 156
92 220
92 284
92 497
93 29
93 157
93 221
93 285
93 429
93 968
93 1244
94 30
94 158
94 222
94 286
95 25
95 31
95 159
95 171
95 223
95 287
95 319
96 32
96 160
96 224
96 288
96 1079
96 1259
97 33
97 161
97 225
97 285
97 289
98 34
98 162
98 226
98 290
98 312
98 385
98 941
98 1247
99 35
99 163
99 227
99 291
100 36
100 164
100 228
100 292
100 1213
101 37
101 165
101 229
101 293
101 645
101 1205
101 1279
102 38
102 166
102 230
102 294
102 687
102 870
103 39
103 120
103 167
103 231
103 295
103 498
103 608
103 1120
103 1154
104 40
104 168
104 232
104 288
104 296
104 699
104 951
104 1234
105 41
105 169
105 233
105 250
105 297
105 529
105 605
105 762
106 42
106 170
106 234
106 298
106 739
106 882
106 924
106 1185
107 43
107 171
107 235
107 299
108 44
108 172
108 236
108 300
108 378
108 1063
108 1177
109 45
109 173
109 237
109 301
110 46
110 174
110 238
110 302
110 745
111 35
111 47
111 175
111 239
111 303
111 732
111 1209
112 48
112 176
112 189
112 240
112 304
112 377
112 623
113 49
113 55
113 177
113 241
113 305
113 695
113 752
113 754
113 863
113 891
114 50
114 178
114 242
114 306
114 308
114 955
115 51
115 179
115 243
115 293
115 307
115 755
115 1119
116 42
116 52
116 180
116 244
116 251
116 308
116 764
116 894
116 1083
117 53
117 181
117 245
117 309
117 1006
118 54
118 182
118 207
118 246
118 310
119 55
119 183
119 247
119 311
119 625
119 793
119 1204
120 56
120 103
120 184
120 248
120 312
120 498
120 608
120 1120
120 1154
121 57
121 185
121 249
121 313
121 697
122 58
122 186
122 250
122 314
122 670
122 915
123 59
123 187
123 251
123 315
123 766
124 60
124 188
124 190
124 252
124 316
125 61
125 189
125 253
125 317
125 446
126 62
126 190
126 254
126 318
126 530
126 1003
126 1187
127 63
127 191
127 255
127 319
127 472
127 1045
128 0
128 64
128 192
128 256
128 320
128 718
129 1
129 65
129 193
129 231
129 257
129 321
130 2
130 66
130 194
130 258
130 322
130 833
131 3
131 67
131 195
131 259
131 323
131 362
131 913
132 4
132 68
132 196
132 260
132 324
132 1005
133 2
133 5
133 12
133 69
133 197
133 261
133 325
133 809
133 1070
134 6
134 70
134 198
134 201
134 262
134 265
134 326
134 393
134 454
134 518
134 585
134 646
134 713
134 774
134 841
134 905
134 966
134 1030
134 1094
134 1158
134 1225
135 7
135 9
135 14
135 71
135 142
135 198
135 199
135 263
135 327
135 391
135 455
135 519
135 583
135 647
135 711
135 775
135 839
135 903
135 967
135 969
135 1095
135 1097
135 1110
135 1159
135 1223
136 8
136 21
136 24
136 72
136 200
136 247
136 264
136 291
136 328
136 488
136 556
136 1268
137 9
137 73
137 138
137 201
137 265
137 310
137 329
137 390
137 457
137 521
137 598
137 918
137 1046
137 1216
137 1270
138 10
138 73
138 74
138 137
138 182
138 202
138 262
138 266
138 310
138 329
138 330
138 390
138 457
138 521
138 582
138 598
138 650
138 710
138 777
138 838
138 902
138 918
138 974
138 1014
138 1078
139 11
139 75
139 203
139 267
139 331
139 1111
140 12
140 76
140 204
140 268
140 332
140 1112
141 13
141 56
141 77
141 205
141 269
141 333
141 1201
141 1265
142 7
142 9
142 14
142 71
142 78
142 135
142 182
142 198
142 199
142 206
142 262
142 263
142 270
142 327
142 334
142 391
142 455
142 519
142 582
142 583
142 647
142 649
142 654
142 662
142 710
142 711
142 775
142 777
142 838
142 839
142 846
142 902
142 903
142 967
142 969
142 974
142 1014
142 1098
142 1107
142 1166
142 1231
143 15
143 79
143 207
143 208
143 271
143 335
144 16
144 80
144 208
144 272
144 336
144 516
144 1155
145 17
145 81
145 209
145 273
145 337
145 761
145 825
145 1081
146 18
146 82
146 210
146 274
146 338
146 561
147 19
147 83
147 211
147 275
147 339
148 20
148 84
148 212
148 257
148 276
148 340
148 494
148 859
148 1100
148 1126
149 21
149 85
149 213
149 277
149 341
149 857
150 22
150 86
150 214
150 278
150 342
151 23
151 50
151 87
151 172
151 215
151 279
151 343
151 490
151 962
152 24
152 88
152 216
152 280
152 344
152 618
153 25
153 89
153 217
153 281
153 345
154 26
154 90
154 156
154 218
154 282
154 346
155 27
155 91
155 219
155 283
155 347
156 28
156 92
156 154
156 220
156 284
156 348
157 29
157 93
157 221
157 285
157 349
157 1200
157 1236
157 1266
158 30
158 94
158 222
158 286
158 350
158 1156
158 1262
159 31
159 95
159 223
159 287
159 351
160 32
160 96
160 224
160 240
160 288
160 352
160 666
160 810
160 1049
161 33
161 97
161 225
161 289
161 353
161 570
162 34
162 98
162 226
162 290
162 354
162 451
162 821
162 824
162 871
163 35
163 99
163 227
163 291
163 355
164 36
164 100
164 228
164 292
164 356
165 37
165 101
165 229
165 293
165 357
166 38
166 68
166 102
166 230
166 275
166 294
166 358
166 558
166 835
167 39
167 103
167 231
167 295
167 359
167 904
167 1128
168 40
168 104
168 232
168 296
168 360
168 602
168 953
168 984
168 1009
168 1211
169 41
169 105
169 174
169 233
169 297
169 361
169 972
169 1144
170 42
170 106
170 234
170 298
170 362
170 421
170 858
170 1278
171 25
171 43
171 95
171 107
171 235
171 299
171 319
171 363
172 44
172 50
172 108
172 151
172 236
172 300
172 364
172 490
172 962
173 45
173 109
173 237
173 301
173 365
174 46
174 110
174 169
174 238
174 302
174 366
174 972
174 1144
175 47
175 111
175 239
175 303
175 333
175 367
175 376
175 664
175 815
176 48
176 112
176 185
176 240
176 304
176 352
176 368
176 569
176 703
176 786
177 49
177 113
177 241
177 305
177 369
177 917
177 1019
178 50
178 114
178 242
178 289
178 306
178 370
178 1023
179 51
179 69
179 115
179 210
179 243
179 307
179 371
180 52
180 116
180 244
180 308
180 372
181 23
181 53
181 117
181 245
181 309
181 373
181 738
182 9
182 54
182 73
182 118
182 138
182 142
182 198
182 246
182 262
182 263
182 310
182 327
182 329
182 374
182 391
182 521
182 582
182 649
182 650
182 654
182 662
182 710
182 777
182 838
182 839
182 846
182 902
182 967
182 974
182 1014
182 1031
182 1033
182 1142
183 55
183 119
183 186
183 247
183 311
183 375
183 791
184 56
184 120
184 248
184 312
184 376
184 1000
185 57
185 121
185 176
185 249
185 313
185 352
185 377
185 569
185 703
185 786
186 58
186 122
186 183
186 250
186 314
186 378
186 791
187 59
187 123
187 191
187 251
187 315
187 379
188 29
188 60
188 124
188 252
188 316
188 317
188 354
188 380
188 1184
189 61
189 112
189 125
189 253
189 317
189 377
189 381
189 623
190 62
190 124
190 126
190 254
190 318
190 382
191 63
191 127
191 187
191 255
191 315
191 319
191 383
192 0
192 64
192 128
192 256
192 320
192 384
192 1226
193 1
193 65
193 129
193 257
193 321
193 385
193 949
193 1165
194 2
194 66
194 130
194 258
194 322
194 386
194 504
195 3
195 67
195 131
195 243
195 259
195 323
195 387
195 399
196 4
196 68
196 132
196 260
196 324
196 388
197 5
197 69
197 133
197 261
197 273
197 325
197 389
198 6
198 7
198 9
198 14
198 70
198 71
198 134
198 135
198 142
198 182
198 199
198 262
198 263
198 326
198 327
198 390
198 391
198 455
198 519
198 582
198 583
198 647
198 649
198 654
198 662
198 710
198 711
198 775
198 777
198 838
198 839
198 846
198 903
198 967
198 969
198 974
198 1014
198 1033
198 1098
198 1102
198 1107
198 1159
198 1161
198 1166
198 1222
199 7
199 9
199 14
199 71
199 135
199 142
199 198
199 263
199 327
199 391
199 455
199 519
199 583
199 647
199 711
199 775
199 839
199 903
199 967
199 969
199 1095
199 1097
199 1110
199 1159
199 1223
200 8
200 72
200 136
200 264
200 328
200 389
200 392
200 395
200 929
200 1073
201 6
201 9
201 70
201 73
201 134
201 137
201 265
201 326
201 329
201 393
201 454
201 518
201 585
201 646
201 713
201 774
201 841
201 905
201 966
201 1030
201 1094
201 1158
201 1225
202 10
202 74
202 138
202 266
202 330
202 394
203 11
203 75
203 139
203 230
203 267
203 331
203 395
204 12
204 76
204 140
204 268
204 332
204 396
204 629
205 13
205 77
205 141
205 269
205 333
205 397
205 900
206 14
206 78
206 142
206 270
206 334
206 398
206 430
207 15
207 79
207 118
207 143
207 271
207 335
207 399
208 16
208 80
208 143
208 144
208 272
208 336
208 400
209 17
209 81
209 145
209 273
209 337
209 401
209 957
210 18
210 69
210 82
210 146
210 179
210 274
210 338
210 402
211 19
211 83
211 147
211 275
211 339
211 403
211 698
212 20
212 84
212 148
212 276
212 340
212 366
212 404
212 535
212 776
212 1151
213 21
213 85
213 149
213 277
213 341
213 405
214 22
214 86
214 150
214 278
214 342
214 406
215 23
215 87
215 151
215 279
215 343
215 407
216 24
216 88
216 152
216 280
216 344
216 408
216 423
216 1224
217 25
217 89
217 153
217 281
217 345
217 409
217 908
218 26
218 90
218 154
218 282
218 346
218 410
218 1002
219 27
219 91
219 155
219 283
219 347
219 411
219 465
219 971
220 28
220 92
220 156
220 279
220 284
220 340
220 348
220 412
220 946
220 1140
220 1197
221 29
221 93
221 157
221 285
221 349
221 413
221 474
221 923
221 1146
221 1183
221 1208
222 30
222 77
222 94
222 158
222 286
222 350
222 414
223 31
223 95
223 159
223 287
223 351
223 415
223 503
223 678
224 32
224 96
224 160
224 288
224 352
224 416
225 33
225 97
225 161
225 289
225 353
225 417
225 1202
225 1243
226 34
226 98
226 162
226 290
226 354
226 418
227 35
227 99
227 163
227 291
227 355
227 382
227 419
227 1173
228 36
228 100
228 164
228 292
228 356
228 420
228 720
229 37
229 39
229 101
229 165
229 293
229 357
229 421
229 514
230 38
230 102
230 166
230 203
230 294
230 358
230 422
231 39
231 103
231 129
231 167
231 295
231 359
231 423
232 40
232 104
232 168
232 296
232 360
232 424
232 639
232 661
232 1022
233 41
233 105
233 169
233 297
233 361
233 425
233 862
234 42
234 106
234 170
234 298
234 362
234 426
234 773
234 1074
235 43
235 85
235 107
235 171
235 299
235 346
235 363
235 427
235 721
236 32
236 44
236 108
236 172
236 300
236 359
236 364
236 428
236 845
237 45
237 109
237 173
237 301
237 365
237 429
238 46
238 110
238 174
238 302
238 366
238 430
238 606
238 973
238 1123
239 47
239 111
239 175
239 303
239 367
239 371
239 431
240 48
240 112
240 160
240 176
240 304
240 368
240 432
240 666
240 810
240 1049
241 49
241 113
241 177
241 305
241 306
241 369
241 433
241 510
241 800
242 50
242 114
242 178
242 306
242 370
242 434
242 869
242 1242
243 51
243 115
243 179
243 195
243 307
243 371
243 399
243 435
244 52
244 116
244 180
244 308
244 372
244 381
244 436
244 1004
244 1176
245 53
245 117
245 181
245 309
245 373
245 437
246 54
246 118
246 182
246 310
246 374
246 438
247 21
247 24
247 55
247 119
247 136
247 183
247 291
247 311
247 375
247 439
247 488
247 556
247 1268
248 56
248 120
248 184
248 312
248 376
248 440
249 57
249 121
249 185
249 313
249 377
249 441
249 643
249 807
249 1066
249 1190
250 58
250 105
250 122
250 186
250 314
250 378
250 442
250 529
250 605
250 762
251 42
251 59
251 116
251 123
251 187
251 315
251 379
251 443
251 764
251 894
251 1083
252 60
252 124
252 188
252 316
252 380
252 444
252 517
252 837
252 1109
253 61
253 125
253 189
253 317
253 381
253 445
253 746
253 792
254 62
254 126
254 190
254 318
254 382
254 446
254 805
255 63
255 127
255 191
255 319
255 383
255 447
255 600
256 45
256 64
256 128
256 192
256 320
256 384
256 448
256 723
257 65
257 129
257 148
257 193
257 321
257 385
257 449
257 494
257 859
257 1100
257 1126
258 66
258 130
258 194
258 322
258 386
258 450
258 1149
259 67
259 131
259 195
259 287
259 307
259 323
259 387
259 451
259 496
259 977
259 1193
260 68
260 132
260 196
260 324
260 388
260 452
260 907
260 1257
261 69
261 133
261 197
261 325
261 389
261 401
261 453
261 883
261 1246
262 9
262 14
262 70
262 73
262 134
262 138
262 142
262 182
262 198
262 263
262 326
262 327
262 329
262 390
262 391
262 454
262 521
262 582
262 649
262 650
262 654
262 662
262 710
262 777
262 838
262 839
262 846
262 902
262 967
262 969
262 974
262 1014
262 1031
262 1033
262 1078
262 1098
262 1107
262 1142
263 7
263 9
263 14
263 71
263 135
263 142
263 182
263 198
263 199
263 262
263 327
263 329
263 391
263 455
263 582
263 583
263 649
263 650
263 654
263 662
263 710
263 777
263 838
263 839
263 846
263 902
263 903
263 967
263 969
263 974
263 1014
263 1031
263 1033
263 1098
263 1102
263 1107
263 1110
263 1142
263 1231
264 72
264 136
264 200
264 328
264 392
264 456
264 757
265 6
265 70
265 73
265 134
265 137
265 201
265 326
265 329
265 393
265 454
265 457
265 518
265 585
265 646
265 713
265 774
265 841
265 905
265 966
265 1030
265 1094
265 1158
265 1225
266 74
266 138
266 202
266 330
266 394
266 458
266 526
267 75
267 139
267 203
267 331
267 395
267 459
267 897
268 76
268 140
268 204
268 332
268 396
268 460
269 77
269 141
269 205
269 333
269 397
269 461
270 78
270 142
270 206
270 334
270 398
270 462
270 640
271 79
271 143
271 207
271 335
271 399
271 463
272 80
272 144
272 208
272 336
272 400
272 464
272 714
273 81
273 145
273 197
273 209
273 337
273 401
273 465
274 82
274 146
274 210
274 338
274 402
274 466
275 68
275 83
275 147
275 166
275 211
275 339
275 403
275 467
275 558
275 835
276 84
276 148
276 212
276 340
276 404
276 468
277 85
277 149
277 213
277 341
277 405
277 469
277 594
278 86
278 150
278 214
278 342
278 406
278 470
279 87
279 151
279 215
279 220
279 340
279 343
279 407
279 412
279 471
279 946
279 1140
279 1197
280 88
280 152
280 216
280 344
280 408
280 472
280 564
280 935
281 1
281 89
281 153
281 217
281 345
281 397
281 409
281 449
281 473
281 1256
282 90
282 154
282 218
282 318
282 346
282 410
282 473
282 474
282 939
282 988
282 1010
283 51
283 91
283 155
283 219
283 347
283 411
283 442
283 475
283 499
283 638
283 767
283 1012
283 1055
283 1194
284 92
284 156
284 220
284 348
284 412
284 476
284 553
284 567
284 1122
285 93
285 97
285 157
285 221
285 349
285 413
285 477
286 94
286 158
286 222
286 350
286 414
286 478
286 1056
286 1157
286 1258
287 95
287 159
287 223
287 259
287 307
287 351
287 415
287 479
287 496
287 977
287 1193
288 96
288 104
288 160
288 224
288 352
288 416
288 480
288 699
288 951
288 1234
289 97
289 161
289 178
289 225
289 353
289 417
289 481
289 1023
290 98
290 162
290 226
290 354
290 418
290 482
290 669
291 21
291 24
291 99
291 136
291 163
291 227
291 247
291 355
291 419
291 483
291 488
291 556
291 1268
292 100
292 164
292 228
292 356
292 420
292 484
293 101
293 115
293 165
293 229
293 357
293 421
293 485
293 755
293 1119
294 102
294 166
294 230
294 358
294 422
294 486
295 103
295 167
295 231
295 359
295 392
295 423
295 487
295 520
295 729
296 104
296 168
296 232
296 360
296 424
296 488
297 105
297 169
297 233
297 361
297 425
297 489
298 106
298 170
298 234
298 345
298 362
298 426
298 490
299 107
299 171
299 235
299 363
299 427
299 491
299 539
299 555
299 619
299 688
299 1192
300 108
300 172
300 236
300 364
300 370
300 428
300 492
300 627
300 781
300 1178
301 109
301 173
301 237
301 365
301 429
301 493
301 505
301 560
302 110
302 174
302 238
302 366
302 388
302 430
302 482
302 494
302 653
303 111
303 175
303 239
303 367
303 431
303 495
304 43
304 112
304 176
304 240
304 368
304 432
304 496
304 700
305 113
305 177
305 241
305 369
305 433
305 497
305 893
305 987
306 114
306 178
306 241
306 242
306 370
306 434
306 498
306 510
306 800
307 115
307 179
307 243
307 259
307 287
307 371
307 435
307 496
307 499
307 977
307 1193
308 114
308 116
308 180
308 244
308 372
308 436
308 500
308 955
309 40
309 117
309 181
309 245
309 373
309 437
309 501
309 992
310 73
310 118
310 137
310 138
310 182
310 246
310 329
310 374
310 390
310 438
310 457
310 502
310 521
310 582
310 598
310 650
310 710
310 902
310 918
310 1031
310 1046
310 1078
310 1270
311 119
311 183
311 247
311 375
311 433
311 439
311 503
312 98
312 120
312 184
312 248
312 376
312 385
312 440
312 504
312 941
312 1247
313 121
313 185
313 249
313 377
313 441
313 505
313 812
313 920
314 122
314 186
314 250
314 378
314 442
314 506
314 909
315 123
315 187
315 191
315 251
315 379
315 443
315 507
316 124
316 188
316 252
316 380
316 444
316 508
316 765
316 785
316 817
316 1080
317 29
317 125
317 188
317 189
317 253
317 354
317 381
317 445
317 509
317 1184
318 126
318 190
318 254
318 282
318 382
318 446
318 473
318 510
318 939
318 988
318 1010
319 25
319 95
319 127
319 171
319 191
319 255
319 383
319 447
319 511
320 128
320 192
320 256
320 384
320 448
320 512
321 129
321 193
321 257
321 385
321 449
321 513
321 716
321 1114
322 130
322 194
322 258
322 386
322 450
322 514
322 995
323 131
323 195
323 259
323 387
323 451
323 459
323 515
323 1239
324 132
324 196
324 260
324 388
324 452
324 516
325 133
325 197
325 261
325 389
325 453
325 517
325 565
325 652
326 6
326 70
326 134
326 198
326 201
326 262
326 265
326 390
326 393
326 454
326 518
326 585
326 646
326 713
326 774
326 841
326 905
326 966
326 1030
326 1094
326 1158
326 1225
327 7
327 9
327 14
327 71
327 135
327 142
327 182
327 198
327 199
327 262
327 263
327 391
327 455
327 519
327 582
327 583
327 647
327 649
327 654
327 662
327 710
327 775
327 777
327 838
327 839
327 846
327 902
327 903
327 967
327 969
327 974
327 1014
327 1031
327 1033
327 1097
327 1098
327 1102
327 1107
327 1110
327 1142
327 1159
327 1161
327 1166
327 1231
328 136
328 200
328 264
328 392
328 456
328 520
328 879
329 73
329 137
329 138
329 182
329 201
329 262
329 263
329 265
329 310
329 390
329 393
329 457
329 521
329 582
329 598
329 649
329 650
329 654
329 662
329 710
329 777
329 838
329 846
329 902
329 918
329 974
329 1014
329 1031
329 1033
329 1046
329 1078
329 1142
330 138
330 202
330 266
330 394
330 458
330 522
331 139
331 203
331 267
331 395
331 459
331 523
331 673
331 779
331 934
332 140
332 204
332 268
332 396
332 460
332 524
332 696
333 141
333 175
333 205
333 269
333 376
333 397
333 461
333 525
333 664
333 815
334 142
334 206
334 270
334 398
334 462
334 526
335 143
335 207
335 271
335 399
335 463
335 527
336 144
336 208
336 272
336 400
336 464
336 528
337 145
337 209
337 273
337 401
337 465
337 529
337 683
337 796
337 959
337 1275
338 146
338 210
338 274
338 402
338 427
338 466
338 530
338 541
338 1059
339 147
339 211
339 275
339 403
339 467
339 531
339 551
339 998
340 148
340 212
340 220
340 276
340 279
340 404
340 412
340 468
340 532
340 946
340 1140
340 1197
341 149
341 213
341 277
341 405
341 469
341 533
342 150
342 214
342 278
342 406
342 470
342 534
343 151
343 215
343 279
343 407
343 471
343 535
343 693
343 1042
343 1061
343 1145
344 152
344 216
344 280
344 408
344 472
344 536
344 1260
345 153
345 217
345 281
345 298
345 409
345 473
345 537
346 85
346 154
346 218
346 235
346 282
346 410
346 474
346 538
346 721
347 155
347 219
347 283
347 411
347 475
347 539
347 892
347 1017
348 156
348 220
348 284
348 412
348 476
348 540
349 157
349 221
349 285
349 413
349 477
349 541
350 158
350 222
350 286
350 414
350 478
350 542
351 159
351 223
351 287
351 415
351 479
351 543
352 160
352 176
352 185
352 224
352 288
352 416
352 480
352 544
352 569
352 703
352 786
353 161
353 225
353 289
353 417
353 481
353 545
353 898
354 29
354 162
354 188
354 226
354 290
354 317
354 418
354 482
354 546
354 1184
355 163
355 227
355 291
355 419
355 483
355 547
355 936
356 164
356 228
356 292
356 420
356 484
356 548
357 165
357 229
357 293
357 380
357 416
357 421
357 485
357 549
357 701
358 166
358 230
358 294
358 422
358 486
358 550
358 1217
359 32
359 167
359 231
359 236
359 295
359 423
359 487
359 551
359 845
360 168
360 232
360 296
360 424
360 487
360 488
360 552
360 1036
360 1058
360 1215
361 169
361 233
361 297
361 414
361 425
361 489
361 553
361 626
361 1189
362 131
362 170
362 234
362 298
362 426
362 490
362 554
362 913
363 171
363 235
363 299
363 427
363 491
363 555
364 172
364 236
364 300
364 428
364 492
364 537
364 556
365 173
365 237
365 301
365 429
365 493
365 557
365 1015
366 174
366 212
366 238
366 302
366 430
366 494
366 535
366 558
366 776
366 1151
367 175
367 239
367 303
367 402
367 431
367 495
367 559
367 573
368 90
368 176
368 240
368 304
368 432
368 496
368 560
368 637
368 684
369 177
369 241
369 305
369 433
369 497
369 561
369 731
369 1075
369 1150
370 178
370 242
370 300
370 306
370 434
370 498
370 562
370 627
370 781
370 1178
371 179
371 239
371 243
371 307
371 435
371 499
371 563
372 48
372 180
372 244
372 308
372 436
372 500
372 564
372 691
372 692
372 1273
373 72
373 181
373 245
373 309
373 437
373 501
373 565
374 182
374 246
374 310
374 438
374 502
374 566
375 183
375 247
375 311
375 439
375 503
375 567
375 581
376 175
376 184
376 248
376 312
376 333
376 440
376 504
376 568
376 664
376 815
377 112
377 185
377 189
377 249
377 313
377 441
377 505
377 569
377 623
378 108
378 186
378 250
378 314
378 442
378 506
378 570
378 1063
378 1177
379 187
379 251
379 315
379 443
379 507
379 571
379 928
380 188
380 252
380 316
380 357
380 416
380 444
380 508
380 572
380 701
381 189
381 244
381 253
381 317
381 445
381 509
381 573
381 1004
381 1176
382 190
382 227
382 254
382 318
382 446
382 510
382 574
382 1173
383 191
383 255
383 319
383 447
383 511
383 575
383 1048
384 192
384 256
384 320
384 448
384 512
384 576
384 906
385 98
385 193
385 257
385 312
385 321
385 449
385 513
385 577
385 941
385 1247
386 194
386 258
386 322
386 450
386 514
386 578
386 657
386 771
386 1132
387 195
387 259
387 323
387 451
387 515
387 579
388 196
388 260
388 302
388 324
388 452
388 482
388 516
388 580
388 653
389 197
389 200
389 261
389 325
389 395
389 453
389 517
389 581
389 929
389 1073
390 73
390 137
390 138
390 198
390 262
390 310
390 326
390 329
390 454
390 457
390 518
390 521
390 582
390 598
390 650
390 902
390 918
390 1031
390 1046
390 1078
390 1216
390 1270
391 7
391 9
391 14
391 71
391 135
391 142
391 182
391 198
391 199
391 262
391 263
391 327
391 455
391 519
391 582
391 583
391 647
391 649
391 654
391 662
391 710
391 711
391 775
391 777
391 838
391 839
391 846
391 902
391 903
391 967
391 969
391 974
391 1014
391 1031
391 1033
391 1097
391 1098
391 1102
391 1107
391 1110
391 1142
391 1159
391 1161
391 1166
391 1222
391 1223
391 1231
392 200
392 264
392 295
392 328
392 456
392 520
392 584
392 729
393 6
393 70
393 134
393 201
393 265
393 326
393 329
393 454
393 457
393 518
393 521
393 585
393 646
393 713
393 774
393 841
393 905
393 966
393 1030
393 1094
393 1158
393 1225
394 202
394 266
394 330
394 458
394 522
394 586
395 200
395 203
395 267
395 331
395 389
395 459
395 523
395 587
395 929
395 1073
396 204
396 268
396 332
396 460
396 524
396 588
397 1
397 205
397 269
397 281
397 333
397 449
397 461
397 525
397 589
397 1256
398 206
398 270
398 334
398 462
398 526
398 590
399 195
399 207
399 243
399 271
399 335
399 463
399 527
399 591
400 208
400 272
400 336
400 464
400 528
400 592
401 209
401 261
401 273
401 337
401 465
401 529
401 593
401 883
401 1246
402 210
402 274
402 338
402 367
402 466
402 530
402 573
402 594
403 211
403 275
403 339
403 467
403 531
403 595
404 212
404 276
404 340
404 468
404 500
404 532
404 596
405 213
405 277
405 341
405 469
405 533
405 597
405 830
406 214
406 278
406 342
406 470
406 534
406 598
407 215
407 279
407 343
407 471
407 535
407 599
407 1029
408 44
408 216
408 280
408 344
408 472
408 536
408 600
409 217
409 281
409 345
409 473
409 537
409 601
410 218
410 282
410 346
410 474
410 538
410 602
411 219
411 283
411 347
411 475
411 539
412 220
412 279
412 284
412 340
412 348
412 476
412 540
412 604
412 946
412 1140
412 1197
413 221
413 285
413 349
413 477
413 541
413 605
414 222
414 286
414 350
414 361
414 478
414 542
414 606
414 626
414 1189
415 60
415 89
415 223
415 287
415 351
415 479
415 543
415 607
415 849
415 1071
416 224
416 288
416 352
416 357
416 380
416 480
416 544
416 608
416 701
417 225
417 289
417 353
417 481
417 545
417 609
418 226
418 290
418 354
418 428
418 431
418 482
418 511
418 546
418 610
418 1263
419 227
419 291
419 355
419 483
419 547
420 228
420 292
420 356
420 484
420 548
420 612
421 170
421 229
421 293
421 357
421 485
421 549
421 613
421 858
421 1278
422 230
422 294
422 358
422 486
422 550
422 614
423 216
423 231
423 295
423 359
423 487
423 551
423 615
423 1224
424 232
424 296
424 360
424 437
424 488
424 552
424 616
424 938
424 1136
425 233
425 297
425 361
425 489
425 525
425 553
425 617
425 642
425 866
425 997
426 234
426 298
426 362
426 490
426 554
426 618
426 628
426 751
426 881
427 235
427 299
427 338
427 363
427 491
427 541
427 555
427 619
427 1059
428 236
428 300
428 364
428 418
428 431
428 492
428 511
428 556
428 620
428 1263
429 93
429 237
429 301
429 365
429 493
429 557
429 621
429 968
429 1244
430 206
430 238
430 302
430 366
430 494
430 558
430 622
431 239
431 303
431 367
431 418
431 428
431 495
431 511
431 559
431 623
431 1263
432 240
432 304
432 368
432 496
432 560
432 624
433 241
433 305
433 311
433 369
433 497
433 561
433 625
434 242
434 306
434 370
434 498
434 562
434 626
434 926
434 1277
435 88
435 243
435 307
435 371
435 499
435 563
435 627
436 244
436 308
436 372
436 500
436 564
436 628
436 853
436 943
436 1077
437 245
437 309
437 373
437 424
437 501
437 565
437 629
437 938
437 1136
438 246
438 310
438 374
438 502
438 566
438 630
439 247
439 311
439 375
439 503
439 567
439 631
439 947
439 1082
440 248
440 312
440 376
440 504
440 568
440 632
440 658
440 927
440 1057
441 249
441 313
441 377
441 505
441 569
441 633
441 789
442 51
442 250
442 283
442 314
442 378
442 499
442 506
442 570
442 634
442 638
442 767
442 1012
442 1055
442 1194
443 251
443 315
443 379
443 507
443 571
443 635
444 252
444 316
444 380
444 508
444 572
444 636
444 747
444 818
444 1240
445 253
445 317
445 381
445 509
445 573
445 637
445 850
446 125
446 254
446 318
446 382
446 510
446 574
446 638
447 255
447 319
447 383
447 511
447 575
447 639
448 256
448 320
448 384
448 512
448 528
448 576
448 640
449 1
449 257
449 281
449 321
449 385
449 397
449 513
449 577
449 641
449 1256
450 258
450 322
450 386
450 514
450 549
450 578
450 616
450 642
451 162
451 259
451 323
451 387
451 515
451 579
451 643
451 821
451 824
451 871
452 260
452 324
452 388
452 516
452 580
452 644
453 261
453 325
453 389
453 471
453 517
453 581
453 645
454 6
454 70
454 134
454 201
454 262
454 265
454 326
454 390
454 393
454 518
454 582
454 585
454 646
454 713
454 774
454 841
454 905
454 966
454 1030
454 1094
454 1158
454 1225
455 7
455 9
455 14
455 71
455 135
455 142
455 198
455 199
455 263
455 327
455 391
455 519
455 583
455 647
455 711
455 775
455 839
455 903
455 967
455 969
455 1095
455 1097
455 1098
455 1102
455 1110
455 1159
455 1161
455 1166
455 1222
455 1223
456 264
456 328
456 392
456 520
456 562
456 584
456 648
456 888
457 73
457 137
457 138
457 265
457 310
457 329
457 390
457 393
457 521
457 585
457 598
457 649
457 650
457 902
457 918
457 1031
457 1046
457 1078
457 1216
457 1270
458 266
458 330
458 394
458 522
458 586
458 650
459 267
459 323
459 331
459 395
459 523
459 587
459 651
459 1239
460 268
460 332
460 396
460 524
460 588
460 652
460 991
461 269
461 333
461 397
461 468
461 525
461 589
461 653
461 790
462 270
462 334
462 398
462 526
462 590
462 654
463 271
463 335
463 399
463 527
463 591
463 655
464 272
464 336
464 400
464 528
464 592
464 656
464 896
464 1037
465 219
465 273
465 337
465 401
465 529
465 593
465 657
465 971
466 274
466 338
466 402
466 530
466 594
466 658
467 275
467 339
467 403
467 531
467 595
467 659
468 276
468 340
468 404
468 461
468 532
468 596
468 660
468 790
469 277
469 341
469 405
469 533
469 597
469 661
470 278
470 342
470 406
470 534
470 598
470 662
471 279
471 343
471 407
471 453
471 535
471 599
471 663
472 127
472 280
472 344
472 408
472 536
472 600
472 664
472 1045
473 281
473 282
473 318
473 345
473 409
473 537
473 601
473 665
473 939
473 988
473 1010
474 221
474 282
474 346
474 410
474 538
474 602
474 666
474 923
474 1146
474 1183
474 1208
475 283
475 347
475 411
475 539
475 603
475 667
475 730
476 284
476 348
476 412
476 540
476 545
476 604
476 609
476 668
476 1020
477 285
477 349
477 413
477 541
477 605
477 669
478 286
478 350
478 414
478 542
478 606
478 670
479 287
479 351
479 415
479 543
479 607
479 671
480 288
480 352
480 416
480 544
480 608
480 672
481 289
481 353
481 417
481 545
481 609
481 673
481 680
481 737
481 930
482 290
482 302
482 354
482 388
482 418
482 546
482 610
482 653
482 674
483 291
483 355
483 419
483 547
483 675
484 292
484 356
484 420
484 548
484 612
484 676
485 293
485 357
485 421
485 549
485 613
485 677
485 843
485 1212
486 294
486 358
486 422
486 550
486 614
486 678
486 803
487 295
487 359
487 360
487 423
487 551
487 615
487 679
487 1036
487 1058
487 1215
488 21
488 24
488 136
488 247
488 291
488 296
488 360
488 424
488 552
488 556
488 616
488 680
488 1268
489 297
489 361
489 425
489 553
489 617
489 681
489 801
490 50
490 151
490 172
490 298
490 362
490 426
490 554
490 618
490 682
490 962
491 299
491 363
491 427
491 555
491 619
491 683
491 856
492 300
492 364
492 428
492 556
492 620
492 684
493 67
493 301
493 365
493 429
493 557
493 621
493 685
494 148
494 257
494 302
494 366
494 430
494 558
494 622
494 686
494 859
494 1100
494 1126
495 303
495 367
495 431
495 559
495 620
495 623
495 635
495 687
496 259
496 287
496 304
496 307
496 368
496 432
496 560
496 624
496 688
496 977
496 1193
497 92
497 305
497 369
497 433
497 561
497 625
497 689
498 103
498 120
498 306
498 370
498 434
498 562
498 608
498 626
498 690
498 1120
498 1154
499 51
499 283
499 307
499 371
499 435
499 442
499 563
499 627
499 638
499 691
499 767
499 1012
499 1055
499 1194
500 308
500 372
500 404
500 436
500 564
500 628
500 692
501 309
501 373
501 437
501 565
501 629
501 693
501 705
501 799
501 877
502 310
502 374
502 438
502 566
502 630
502 694
502 911
503 223
503 311
503 375
503 439
503 567
503 631
503 678
503 695
504 194
504 312
504 376
504 440
504 568
504 632
504 696
505 301
505 313
505 377
505 441
505 560
505 569
505 633
505 697
506 314
506 378
506 442
506 570
506 634
506 698
506 864
507 315
507 379
507 443
507 571
507 635
507 699
508 316
508 380
508 444
508 572
508 601
508 607
508 636
508 700
509 317
509 381
509 445
509 524
509 573
509 637
509 701
510 241
510 306
510 318
510 382
510 446
510 574
510 638
510 702
510 800
511 319
511 383
511 418
511 428
511 431
511 447
511 575
511 639
511 703
511 1263
512 320
512 384
512 448
512 576
512 640
512 704
512 1038
513 8
513 34
513 321
513 385
513 449
513 577
513 579
513 641
513 705
513 1253
514 39
514 229
514 322
514 386
514 450
514 578
514 642
514 706
515 323
515 387
515 451
515 547
515 579
515 643
515 707
516 144
516 324
516 388
516 452
516 580
516 644
516 708
516 1155
517 252
517 325
517 389
517 453
517 581
517 645
517 709
517 837
517 1109
518 6
518 70
518 134
518 201
518 265
518 326
518 390
518 393
518 454
518 582
518 585
518 646
518 710
518 713
518 774
518 841
518 905
518 966
518 1030
518 1094
518 1158
518 1225
519 7
519 9
519 14
519 71
519 135
519 142
519 198
519 199
519 327
519 391
519 455
519 583
519 647
519 711
519 775
519 839
519 903
519 967
519 969
519 1095
519 1097
519 1098
519 1102
519 1110
519 1159
519 1161
519 1166
519 1222
519 1223
520 295
520 328
520 392
520 456
520 584
520 648
520 712
520 729
521 73
521 137
521 138
521 182
521 262
521 310
521 329
521 390
521 393
521 457
521 582
521 585
521 598
521 649
521 650
521 710
521 713
521 902
521 918
521 1014
521 1031
521 1033
521 1046
521 1078
521 1216
521 1270
522 330
522 394
522 458
522 531
522 586
522 650
522 714
522 798
522 1232
523 331
523 395
523 459
523 587
523 651
523 715
524 332
524 396
524 460
524 509
524 588
524 652
524 716
525 333
525 397
525 425
525 461
525 589
525 642
525 653
525 717
525 866
525 997
526 266
526 334
526 398
526 462
526 590
526 654
526 718
527 335
527 399
527 463
527 591
527 655
527 719
527 1060
528 336
528 400
528 448
528 464
528 592
528 656
528 720
529 105
529 250
529 337
529 401
529 465
529 593
529 605
529 657
529 721
529 762
530 126
530 338
530 402
530 466
530 594
530 658
530 722
530 1003
530 1187
531 339
531 403
531 467
531 522
531 595
531 659
531 723
531 798
531 1232
532 340
532 404
532 468
532 596
532 660
532 724
532 885
532 1044
533 341
533 405
533 469
533 597
533 661
533 725
533 986
534 342
534 406
534 470
534 598
534 662
534 726
535 212
535 343
535 366
535 407
535 471
535 599
535 663
535 727
535 776
535 1151
536 61
536 344
536 408
536 472
536 540
536 600
536 664
536 728
537 345
537 364
537 409
537 473
537 601
537 665
537 729
538 346
538 410
538 474
538 602
538 666
538 730
539 299
539 347
539 411
539 475
539 555
539 603
539 619
539 667
539 688
539 731
539 1192
540 61
540 348
540 412
540 476
540 536
540 604
540 668
540 732
541 338
541 349
541 413
541 427
541 477
541 605
541 669
541 733
541 1059
542 350
542 414
542 478
542 606
542 670
542 734
542 1141
543 60
543 89
543 351
543 415
543 479
543 607
543 671
543 735
543 849
543 1071
544 352
544 416
544 480
544 608
544 672
544 736
545 353
545 417
545 476
545 481
545 609
545 673
545 737
545 1020
546 354
546 418
546 482
546 610
546 613
546 674
546 738
547 355
547 419
547 483
547 515
547 611
547 675
547 739
548 356
548 420
548 484
548 612
548 676
548 740
549 357
549 421
549 450
549 485
549 613
549 616
549 677
549 741
550 358
550 422
550 486
550 614
550 678
550 742
550 942
551 339
551 359
551 423
551 487
551 615
551 679
551 743
551 998
552 360
552 424
552 488
552 616
552 677
552 680
552 744
552 1251
553 284
553 361
553 425
553 489
553 567
553 617
553 681
553 745
553 1122
554 362
554 426
554 490
554 618
554 682
554 702
554 746
554 925
554 981
555 299
555 363
555 427
555 491
555 539
555 619
555 683
555 688
555 747
555 1192
556 21
556 24
556 136
556 247
556 291
556 364
556 428
556 488
556 492
556 620
556 684
556 748
556 1268
557 365
557 429
557 493
557 621
557 685
557 749
558 68
558 166
558 275
558 366
558 430
558 494
558 622
558 686
558 750
558 835
559 367
559 431
559 495
559 623
559 687
559 751
560 301
560 368
560 432
560 496
560 505
560 624
560 688
560 752
561 146
561 369
561 433
561 497
561 625
561 689
561 753
562 370
562 434
562 456
562 498
562 626
562 690
562 754
562 888
563 371
563 435
563 499
563 627
563 691
563 755
564 280
564 372
564 436
564 500
564 628
564 692
564 756
564 935
565 325
565 373
565 437
565 501
565 629
565 652
565 693
565 757
566 374
566 438
566 502
566 576
566 630
566 694
566 758
567 284
567 375
567 439
567 503
567 553
567 631
567 695
567 759
567 1122
568 376
568 440
568 504
568 632
568 696
568 760
568 831
568 952
568 956
569 176
569 185
569 352
569 377
569 441
569 505
569 633
569 697
569 703
569 761
569 786
570 161
570 378
570 442
570 506
570 634
570 698
570 762
571 379
571 443
571 507
571 635
571 699
571 748
571 763
572 380
572 444
572 508
572 636
572 700
572 764
573 367
573 381
573 402
573 445
573 509
573 637
573 701
573 765
574 382
574 446
574 510
574 638
574 702
574 766
574 1072
575 26
575 383
575 447
575 511
575 639
575 703
575 767
576 384
576 448
576 512
576 566
576 640
576 704
576 768
577 385
577 449
577 513
577 641
577 705
577 706
577 741
577 769
578 386
578 450
578 514
578 642
578 706
578 770
579 8
579 34
579 387
579 451
579 513
579 515
579 643
579 707
579 771
579 1253
580 388
580 452
580 516
580 644
580 708
580 772
581 375
581 389
581 453
581 517
581 645
581 709
581 773
582 9
582 73
582 138
582 142
582 182
582 198
582 262
582 263
582 310
582 327
582 329
582 390
582 391
582 454
582 518
582 521
582 646
582 649
582 650
582 654
582 662
582 710
582 774
582 777
582 838
582 839
582 846
582 902
582 918
582 974
582 1014
582 1031
582 1033
582 1078
582 1098
582 1107
582 1142
582 1166
582 1231
583 7
583 9
583 14
583 71
583 135
583 142
583 198
583 199
583 263
583 327
583 391
583 455
583 519
583 647
583 649
583 654
583 662
583 711
583 775
583 839
583 846
583 903
583 967
583 969
583 1095
583 1097
583 1098
583 1102
583 1107
583 1110
583 1159
583 1161
583 1166
583 1222
583 1223
583 1231
584 392
584 456
584 520
584 648
584 712
584 759
584 776
584 978
585 6
585 70
585 134
585 201
585 265
585 326
585 393
585 454
585 457
585 518
585 521
585 646
585 649
585 713
585 774
585 777
585 841
585 905
585 966
585 1030
585 1094
585 1158
585 1225
586 394
586 458
586 522
586 650
586 714
586 778
587 395
587 459
587 523
587 651
587 715
587 779
588 396
588 460
588 524
588 652
588 716
588 780
589 397
589 461
589 525
589 653
589 717
589 781
590 398
590 462
590 526
590 654
590 718
590 782
591 399
591 463
591 527
591 655
591 719
591 783
592 400
592 464
592 528
592 656
592 720
592 784
593 401
593 465
593 529
593 657
593 721
593 785
594 277
594 402
594 466
594 530
594 658
594 722
594 786
595 403
595 467
595 531
595 659
595 723
595 787
596 404
596 468
596 532
596 660
596 724
596 788
597 405
597 469
597 533
597 661
597 725
597 789
598 73
598 137
598 138
598 310
598 329
598 390
598 406
598 457
598 470
598 521
598 534
598 650
598 662
598 726
598 790
598 902
598 918
598 1031
598 1046
598 1078
598 1216
598 1270
599 407
599 471
599 535
599 663
599 727
599 791
599 1021
599 1214
600 255
600 408
600 472
600 536
600 664
600 728
600 792
601 409
601 473
601 508
601 537
601 607
601 665
601 729
601 793
602 168
602 410
602 474
602 538
602 666
602 730
602 794
602 953
602 984
602 1009
602 1211
603 475
603 539
603 667
603 731
603 795
604 412
604 476
604 540
604 668
604 732
604 796
604 1047
605 105
605 250
605 413
605 477
605 529
605 541
605 669
605 733
605 762
605 797
606 238
606 414
606 478
606 542
606 670
606 734
606 798
606 973
606 1123
607 415
607 479
607 508
607 543
607 601
607 671
607 735
607 799
608 103
608 120
608 416
608 480
608 498
608 544
608 672
608 736
608 800
608 1120
608 1154
609 417
609 476
609 481
609 545
609 673
609 737
609 801
609 1020
610 418
610 482
610 546
610 674
610 738
610 802
610 901
611 547
611 675
611 739
611 803
612 420
612 484
612 548
612 676
612 740
612 804
612 1069
612 1134
613 421
613 485
613 546
613 549
613 677
613 741
613 805
614 422
614 486
614 550
614 678
614 742
614 806
615 91
615 423
615 487
615 551
615 679
615 743
615 807
616 424
616 450
616 488
616 549
616 552
616 680
616 744
616 808
617 425
617 489
617 553
617 681
617 745
617 760
617 809
617 999
618 152
618 426
618 490
618 554
618 682
618 746
618 810
619 299
619 427
619 491
619 539
619 555
619 683
619 688
619 747
619 811
619 1192
620 428
620 492
620 495
620 556
620 635
620 684
620 748
620 812
621 429
621 493
621 557
621 685
621 749
621 813
621 919
622 430
622 494
622 558
622 686
622 750
622 814
623 112
623 189
623 377
623 431
623 495
623 559
623 687
623 751
623 815
624 432
624 496
624 560
624 688
624 752
624 816
625 119
625 433
625 497
625 561
625 689
625 753
625 793
625 817
625 1204
626 361
626 414
626 434
626 498
626 562
626 690
626 754
626 818
626 1189
627 300
627 370
627 435
627 499
627 563
627 691
627 755
627 781
627 819
627 1178
628 426
628 436
628 500
628 564
628 692
628 751
628 756
628 820
628 881
629 204
629 437
629 501
629 565
629 693
629 757
629 821
630 438
630 502
630 566
630 694
630 758
630 822
631 439
631 503
631 567
631 695
631 759
631 823
632 440
632 504
632 568
632 696
632 760
632 824
633 441
633 505
633 569
633 697
633 761
633 825
633 1086
634 33
634 442
634 506
634 570
634 698
634 762
634 826
634 937
634 1025
634 1195
635 443
635 495
635 507
635 571
635 620
635 699
635 763
635 827
636 444
636 508
636 572
636 700
636 764
636 828
636 829
637 90
637 368
637 445
637 509
637 573
637 684
637 701
637 765
637 829
638 51
638 283
638 442
638 446
638 499
638 510
638 574
638 702
638 766
638 767
638 830
638 1012
638 1055
638 1194
639 232
639 447
639 511
639 575
639 661
639 703
639 767
639 831
639 1022
640 270
640 448
640 512
640 576
640 704
640 768
640 832
641 58
641 449
641 513
641 577
641 705
641 769
641 833
641 865
641 1053
641 1127
642 425
642 450
642 514
642 525
642 578
642 706
642 770
642 834
642 866
642 997
643 249
643 451
643 515
643 579
643 707
643 771
643 807
643 835
643 1066
643 1190
644 452
644 516
644 580
644 708
644 772
644 836
645 101
645 453
645 517
645 581
645 709
645 773
645 837
645 1205
645 1279
646 6
646 70
646 134
646 201
646 265
646 326
646 393
646 454
646 518
646 582
646 585
646 710
646 713
646 774
646 838
646 841
646 905
646 966
646 1030
646 1094
646 1158
646 1225
647 7
647 9
647 14
647 71
647 135
647 142
647 198
647 199
647 327
647 391
647 455
647 519
647 583
647 654
647 711
647 775
647 839
647 903
647 967
647 969
647 1095
647 1097
647 1098
647 1102
647 1107
647 1110
647 1159
647 1161
647 1166
647 1222
647 1223
647 1231
648 456
648 520
648 584
648 712
648 776
648 840
649 7
649 9
649 14
649 71
649 73
649 142
649 182
649 198
649 262
649 263
649 327
649 329
649 391
649 457
649 521
649 582
649 583
649 585
649 650
649 654
649 662
649 710
649 713
649 777
649 838
649 839
649 841
649 846
649 902
649 903
649 967
649 969
649 974
649 1014
649 1031
649 1033
649 1098
649 1102
649 1107
649 1142
649 1159
649 1161
649 1166
649 1222
649 1231
650 73
650 138
650 182
650 262
650 263
650 310
650 329
650 390
650 457
650 458
650 521
650 522
650 582
650 586
650 598
650 649
650 662
650 710
650 714
650 777
650 778
650 838
650 842
650 846
650 902
650 918
650 974
650 1014
650 1031
650 1033
650 1046
650 1078
650 1142
650 1216
650 1270
651 459
651 523
651 587
651 715
651 779
651 843
651 1261
652 325
652 460
652 524
652 565
652 588
652 716
652 780
652 844
653 302
653 388
653 461
653 482
653 525
653 589
653 717
653 781
653 845
654 7
654 9
654 14
654 71
654 142
654 182
654 198
654 262
654 263
654 327
654 329
654 391
654 462
654 526
654 582
654 583
654 590
654 647
654 649
654 662
654 710
654 718
654 775
654 777
654 782
654 838
654 839
654 846
654 902
654 903
654 967
654 969
654 974
654 1014
654 1031
654 1033
654 1097
654 1098
654 1102
654 1107
654 1110
654 1142
654 1159
654 1161
654 1166
654 1222
654 1223
654 1231
655 54
655 463
655 527
655 591
655 719
655 783
655 847
656 464
656 528
656 592
656 720
656 784
656 848
657 386
657 465
657 529
657 593
657 721
657 771
657 785
657 849
657 1132
658 440
658 466
658 530
658 594
658 722
658 786
658 850
658 927
658 1057
659 467
659 531
659 595
659 723
659 787
659 851
659 1091
660 468
660 532
660 596
660 724
660 788
660 852
660 878
660 1210
661 232
661 469
661 533
661 597
661 639
661 725
661 789
661 853
661 1022
662 7
662 9
662 14
662 71
662 142
662 182
662 198
662 262
662 263
662 327
662 329
662 391
662 470
662 534
662 582
662 583
662 598
662 649
662 650
662 654
662 710
662 726
662 777
662 790
662 838
662 839
662 846
662 854
662 902
662 903
662 967
662 969
662 974
662 1014
662 1031
662 1033
662 1097
662 1098
662 1102
662 1107
662 1110
662 1142
662 1159
662 1161
662 1166
662 1222
662 1231
663 471
663 535
663 599
663 727
663 791
663 855
664 175
664 333
664 376
664 472
664 536
664 600
664 728
664 792
664 815
664 856
665 473
665 537
665 601
665 729
665 793
665 857
665 1160
666 160
666 240
666 474
666 538
666 602
666 730
666 794
666 810
666 858
666 1049
667 28
667 475
667 539
667 603
667 731
667 795
667 859
668 476
668 540
668 604
668 732
668 796
668 860
669 290
669 477
669 541
669 605
669 733
669 797
669 861
670 122
670 478
670 542
670 606
670 734
670 798
670 862
670 915
671 479
671 543
671 607
671 722
671 735
671 770
671 799
671 863
672 480
672 544
672 608
672 736
672 800
672 864
672 884
672 948
673 331
673 481
673 545
673 609
673 737
673 779
673 801
673 865
673 934
674 37
674 53
674 482
674 546
674 610
674 738
674 743
674 802
674 866
674 890
675 483
675 547
675 611
675 739
675 803
675 867
675 1131
676 484
676 548
676 612
676 740
676 804
676 868
677 485
677 549
677 552
677 613
677 741
677 805
677 869
677 1251
678 223
678 486
678 503
678 550
678 614
678 742
678 806
678 870
679 487
679 551
679 615
679 743
679 807
679 871
680 481
680 488
680 552
680 616
680 737
680 744
680 808
680 872
680 930
681 489
681 553
681 617
681 745
681 809
681 873
682 490
682 554
682 618
682 746
682 810
682 874
682 1148
683 337
683 491
683 555
683 619
683 747
683 796
683 811
683 875
683 959
683 1275
684 90
684 368
684 492
684 556
684 620
684 637
684 748
684 812
684 876
685 493
685 557
685 621
685 749
685 813
685 877
685 1137
686 494
686 558
686 622
686 750
686 814
686 878
687 102
687 495
687 559
687 623
687 751
687 815
687 870
687 879
688 299
688 496
688 539
688 555
688 560
688 619
688 624
688 752
688 816
688 880
688 1192
689 497
689 561
689 625
689 709
689 753
689 817
689 881
689 1147
689 1274
690 498
690 562
690 626
690 727
690 754
690 818
690 882
690 933
691 48
691 372
691 499
691 563
691 627
691 692
691 755
691 819
691 883
691 1273
692 48
692 372
692 500
692 564
692 628
692 691
692 756
692 820
692 884
692 1273
693 343
693 501
693 565
693 629
693 757
693 821
693 885
693 1042
693 1061
693 1145
694 502
694 566
694 630
694 758
694 822
694 886
695 55
695 113
695 503
695 567
695 631
695 752
695 754
695 759
695 823
695 863
695 887
695 891
696 332
696 504
696 568
696 632
696 760
696 824
696 888
697 121
697 505
697 569
697 633
697 761
697 825
697 889
698 211
698 506
698 570
698 634
698 762
698 826
698 890
699 104
699 288
699 507
699 571
699 635
699 763
699 827
699 891
699 951
699 1234
700 43
700 304
700 508
700 572
700 636
700 764
700 828
700 892
701 357
701 380
701 416
701 509
701 573
701 637
701 765
701 829
701 893
702 510
702 554
702 574
702 638
702 766
702 830
702 894
702 925
702 981
703 176
703 185
703 352
703 511
703 569
703 575
703 639
703 767
703 786
703 831
703 895
704 512
704 576
704 640
704 768
704 832
704 896
705 501
705 513
705 577
705 641
705 769
705 799
705 833
705 877
705 897
706 514
706 577
706 578
706 642
706 741
706 770
706 834
706 898
707 515
707 579
707 643
707 771
707 835
707 899
708 516
708 580
708 644
708 772
708 836
708 900
709 517
709 581
709 645
709 689
709 773
709 837
709 901
709 1147
709 1274
710 9
710 73
710 138
710 142
710 182
710 198
710 262
710 263
710 310
710 327
710 329
710 391
710 518
710 521
710 582
710 646
710 649
710 650
710 654
710 662
710 774
710 777
710 838
710 839
710 846
710 902
710 918
710 974
710 1014
710 1031
710 1033
710 1078
710 1098
710 1107
710 1142
710 1166
710 1231
711 7
711 9
711 14
711 71
711 135
711 142
711 198
711 199
711 391
711 455
711 519
711 583
711 647
711 775
711 839
711 903
711 967
711 969
711 1095
711 1097
711 1098
711 1102
711 1110
711 1159
711 1161
711 1166
711 1222
711 1223
712 4
712 520
712 584
712 648
712 776
712 840
712 852
712 904
713 6
713 70
713 134
713 201
713 265
713 326
713 393
713 454
713 518
713 521
713 585
713 646
713 649
713 774
713 777
713 841
713 905
713 966
713 1030
713 1094
713 1158
713 1225
714 272
714 522
714 586
714 650
714 778
714 842
714 906
715 523
715 587
715 651
715 779
715 843
715 907
716 321
716 524
716 588
716 652
716 780
716 844
716 908
716 1114
717 525
717 589
717 653
717 781
717 845
717 909
718 128
718 526
718 590
718 654
718 782
718 846
718 910
719 527
719 591
719 655
719 783
719 847
719 911
719 982
720 228
720 528
720 592
720 656
720 784
720 848
720 912
721 85
721 235
721 346
721 529
721 593
721 657
721 785
721 849
721 913
722 530
722 594
722 658
722 671
722 770
722 786
722 850
722 914
723 45
723 256
723 531
723 595
723 659
723 787
723 851
723 915
724 532
724 596
724 660
724 788
724 808
724 852
724 868
724 916
725 533
725 597
725 661
725 789
725 853
725 895
725 917
725 944
725 1276
726 534
726 598
726 662
726 790
726 854
726 918
726 1238
727 535
727 599
727 663
727 690
727 791
727 855
727 919
727 933
728 536
728 600
728 664
728 792
728 856
728 920
729 295
729 392
729 520
729 537
729 601
729 665
729 793
729 857
729 921
730 475
730 538
730 602
730 666
730 794
730 858
730 922
731 369
731 539
731 603
731 667
731 795
731 859
731 923
731 1075
731 1150
732 35
732 111
732 540
732 604
732 668
732 796
732 860
732 924
732 1209
733 541
733 605
733 669
733 750
733 797
733 861
733 925
734 542
734 606
734 670
734 798
734 862
734 926
735 543
735 607
735 671
735 799
735 863
735 927
736 36
736 544
736 608
736 672
736 800
736 864
736 928
736 980
736 1180
736 1271
737 481
737 545
737 609
737 673
737 680
737 801
737 865
737 929
737 930
738 23
738 181
738 546
738 610
738 674
738 802
738 866
738 930
739 106
739 547
739 611
739 675
739 803
739 867
739 882
739 924
739 931
739 1185
740 548
740 612
740 676
740 804
740 868
740 932
740 1129
741 549
741 577
741 613
741 677
741 706
741 805
741 869
741 933
742 65
742 550
742 614
742 678
742 806
742 870
742 934
743 37
743 53
743 551
743 615
743 674
743 679
743 807
743 871
743 890
743 935
744 552
744 616
744 680
744 808
744 872
744 936
745 110
745 553
745 617
745 681
745 809
745 873
745 937
746 253
746 554
746 618
746 682
746 792
746 810
746 874
746 938
747 444
747 555
747 619
747 683
747 811
747 818
747 875
747 939
747 1240
748 556
748 571
748 620
748 684
748 812
748 876
748 940
749 557
749 621
749 685
749 813
749 877
749 941
750 558
750 622
750 686
750 733
750 814
750 878
750 942
751 426
751 559
751 623
751 628
751 687
751 815
751 879
751 881
751 943
752 55
752 113
752 560
752 624
752 688
752 695
752 754
752 816
752 863
752 880
752 891
752 944
753 561
753 625
753 689
753 817
753 881
753 940
753 945
753 1011
754 55
754 113
754 562
754 626
754 690
754 695
754 752
754 818
754 863
754 882
754 891
754 946
755 115
755 293
755 563
755 627
755 691
755 819
755 883
755 947
755 1119
756 564
756 628
756 692
756 820
756 884
756 948
757 264
757 565
757 629
757 693
757 821
757 885
757 949
758 566
758 630
758 694
758 804
758 822
758 886
758 950
759 567
759 584
759 631
759 695
759 823
759 887
759 951
759 978
760 568
760 617
760 632
760 696
760 824
760 888
760 952
760 999
761 145
761 569
761 633
761 697
761 825
761 889
761 953
761 1081
762 105
762 250
762 529
762 570
762 605
762 634
762 698
762 826
762 890
762 954
763 571
763 635
763 699
763 827
763 891
763 955
763 1050
763 1068
764 42
764 116
764 251
764 572
764 636
764 700
764 828
764 892
764 894
764 956
764 1083
765 316
765 573
765 637
765 701
765 785
765 817
765 829
765 893
765 957
765 1080
766 123
766 574
766 638
766 702
766 830
766 894
766 958
767 51
767 283
767 442
767 499
767 575
767 638
767 639
767 703
767 831
767 895
767 959
767 1012
767 1055
767 1194
768 576
768 640
768 704
768 832
768 896
768 960
769 577
769 641
769 705
769 833
769 874
769 897
769 961
769 983
770 578
770 642
770 671
770 706
770 722
770 834
770 898
770 962
771 386
771 579
771 643
771 657
771 707
771 835
771 899
771 963
771 1132
772 580
772 644
772 708
772 836
772 900
772 964
772 1028
773 234
773 581
773 645
773 709
773 837
773 901
773 965
773 1074
774 6
774 70
774 134
774 201
774 265
774 326
774 393
774 454
774 518
774 582
774 585
774 646
774 710
774 713
774 838
774 841
774 902
774 905
774 966
774 1030
774 1094
774 1158
774 1225
775 7
775 9
775 14
775 71
775 135
775 142
775 198
775 199
775 327
775 391
775 455
775 519
775 583
775 647
775 654
775 711
775 839
775 903
775 967
775 969
775 1095
775 1097
775 1098
775 1102
775 1107
775 1110
775 1159
775 1161
775 1166
775 1222
775 1223
775 1231
776 212
776 366
776 535
776 584
776 648
776 712
776 840
776 904
776 968
776 1151
777 9
777 14
777 73
777 138
777 142
777 182
777 198
777 262
777 263
777 327
777 329
777 391
777 582
777 585
777 649
777 650
777 654
777 662
777 710
777 713
777 838
777 839
777 841
777 846
777 902
777 903
777 905
777 967
777 969
777 974
777 1014
777 1031
777 1033
777 1098
777 1102
777 1107
777 1142
777 1161
777 1166
777 1222
777 1231
778 586
778 650
778 714
778 842
778 906
778 970
779 331
779 587
779 651
779 673
779 715
779 843
779 907
779 934
779 971
780 588
780 652
780 716
780 844
780 899
780 908
780 972
780 1186
781 300
781 370
781 589
781 627
781 653
781 717
781 845
781 909
781 973
781 1178
782 590
782 654
782 718
782 846
782 910
782 974
782 1125
783 591
783 655
783 719
783 847
783 911
783 963
783 975
784 592
784 656
784 720
784 848
784 912
784 976
785 316
785 593
785 657
785 721
785 765
785 817
785 849
785 913
785 977
785 1080
786 176
786 185
786 352
786 569
786 594
786 658
786 703
786 722
786 850
786 914
786 978
787 595
787 659
787 723
787 851
787 915
787 979
788 596
788 660
788 724
788 852
788 916
788 980
789 441
789 597
789 661
789 725
789 853
789 917
789 981
790 461
790 468
790 598
790 662
790 726
790 854
790 918
790 982
791 183
791 186
791 599
791 663
791 727
791 855
791 919
791 983
792 253
792 600
792 664
792 728
792 746
792 856
792 920
792 984
793 119
793 601
793 625
793 665
793 729
793 857
793 921
793 985
793 1204
794 602
794 666
794 730
794 858
794 922
794 986
795 603
795 667
795 731
795 827
795 859
795 923
795 987
796 337
796 604
796 668
796 683
796 732
796 860
796 924
796 959
796 988
796 1275
797 605
797 669
797 733
797 861
797 925
797 965
797 989
798 522
798 531
798 606
798 670
798 734
798 862
798 926
798 990
798 1232
799 501
799 607
799 671
799 705
799 735
799 863
799 877
799 927
799 991
800 241
800 306
800 510
800 608
800 672
800 736
800 864
800 928
800 992
801 489
801 609
801 673
801 737
801 865
801 929
801 993
802 610
802 674
802 738
802 866
802 930
802 994
803 486
803 611
803 675
803 739
803 867
803 931
803 995
804 612
804 676
804 740
804 758
804 868
804 932
804 996
805 254
805 613
805 677
805 741
805 869
805 933
805 997
806 614
806 678
806 742
806 870
806 934
806 998
807 249
807 615
807 643
807 679
807 743
807 871
807 935
807 999
807 1066
807 1190
808 616
808 680
808 724
808 744
808 868
808 872
808 936
808 1000
809 2
809 12
809 133
809 617
809 681
809 745
809 873
809 937
809 1001
809 1070
810 160
810 240
810 618
810 666
810 682
810 746
810 874
810 938
810 1002
810 1049
811 619
811 683
811 747
811 875
811 939
811 1003
812 313
812 620
812 684
812 748
812 876
812 920
812 940
812 1004
813 621
813 685
813 749
813 877
813 941
813 1005
814 622
814 686
814 750
814 878
814 942
814 1006
815 175
815 333
815 376
815 623
815 664
815 687
815 751
815 879
815 943
815 1007
816 624
816 688
816 752
816 880
816 922
816 944
816 1008
817 316
817 625
817 689
817 753
817 765
817 785
817 881
817 945
817 1009
817 1080
818 444
818 626
818 690
818 747
818 754
818 882
818 946
818 1010
818 1240
819 627
819 691
819 755
819 883
819 947
819 1011
820 628
820 692
820 756
820 823
820 826
820 884
820 948
820 1012
821 162
821 451
821 629
821 693
821 757
821 824
821 871
821 885
821 949
821 1013
822 630
822 694
822 758
822 886
822 950
822 1014
822 1118
822 1228
823 631
823 695
823 759
823 820
823 826
823 887
823 951
823 1015
824 162
824 451
824 632
824 696
824 760
824 821
824 871
824 888
824 952
824 1016
825 145
825 633
825 697
825 761
825 889
825 953
825 1017
825 1081
826 634
826 698
826 762
826 820
826 823
826 890
826 954
826 1018
827 635
827 699
827 763
827 795
827 891
827 955
827 1019
828 636
828 700
828 764
828 892
828 956
828 1020
829 636
829 637
829 701
829 765
829 893
829 957
829 1021
830 405
830 638
830 702
830 766
830 894
830 958
830 1022
831 568
831 639
831 703
831 767
831 895
831 952
831 956
831 959
831 1023
832 640
832 704
832 768
832 896
832 960
832 1024
833 130
833 641
833 705
833 769
833 897
833 961
833 1025
834 84
834 642
834 706
834 770
834 898
834 962
834 1026
835 68
835 166
835 275
835 558
835 643
835 707
835 771
835 899
835 963
835 1027
836 644
836 708
836 772
836 900
836 964
836 1028
837 252
837 517
837 645
837 709
837 773
837 901
837 965
837 1029
837 1109
838 9
838 14
838 73
838 138
838 142
838 182
838 198
838 262
838 263
838 327
838 329
838 391
838 582
838 646
838 649
838 650
838 654
838 662
838 710
838 774
838 777
838 839
838 846
838 902
838 903
838 966
838 967
838 969
838 974
838 1014
838 1030
838 1031
838 1033
838 1098
838 1102
838 1107
838 1142
838 1161
838 1166
838 1222
838 1231
839 7
839 9
839 14
839 71
839 135
839 142
839 182
839 198
839 199
839 262
839 263
839 327
839 391
839 455
839 519
839 582
839 583
839 647
839 649
839 654
839 662
839 710
839 711
839 775
839 777
839 838
839 846
839 903
839 967
839 969
839 974
839 1014
839 1031
839 1033
839 1095
839 1097
839 1098
839 1102
839 1107
839 1110
839 1142
839 1159
839 1161
839 1166
839 1222
839 1223
839 1231
840 648
840 712
840 776
840 904
840 968
840 1032
841 6
841 70
841 134
841 201
841 265
841 326
841 393
841 454
841 518
841 585
841 646
841 649
841 713
841 774
841 777
841 905
841 966
841 969
841 1030
841 1033
841 1094
841 1158
841 1225
842 650
842 714
842 778
842 906
842 970
842 1034
843 485
843 651
843 715
843 779
843 907
843 971
843 1035
843 1212
844 652
844 716
844 780
844 908
844 972
844 985
844 1036
844 1115
844 1175
845 32
845 236
845 359
845 653
845 717
845 781
845 909
845 973
845 1037
846 7
846 9
846 14
846 71
846 73
846 142
846 182
846 198
846 262
846 263
846 327
846 329
846 391
846 582
846 583
846 649
846 650
846 654
846 662
846 710
846 718
846 777
846 782
846 838
846 839
846 902
846 903
846 910
846 967
846 969
846 974
846 1014
846 1031
846 1033
846 1038
846 1098
846 1102
846 1107
846 1110
846 1142
846 1159
846 1161
846 1166
846 1222
846 1231
847 655
847 719
847 783
847 911
847 912
847 975
847 1039
848 656
848 720
848 784
848 912
848 976
848 1040
849 60
849 89
849 415
849 543
849 657
849 721
849 785
849 913
849 977
849 1041
849 1071
850 445
850 658
850 722
850 786
850 914
850 978
850 1042
851 659
851 723
851 787
851 915
851 979
851 1043
852 4
852 660
852 712
852 724
852 788
852 916
852 980
852 1044
853 436
853 661
853 725
853 789
853 917
853 943
853 981
853 1045
853 1077
854 662
854 726
854 790
854 918
854 982
854 1046
855 663
855 727
855 791
855 919
855 983
855 1047
855 1067
856 491
856 664
856 728
856 792
856 920
856 984
856 1048
857 149
857 665
857 729
857 793
857 921
857 985
857 1049
858 170
858 421
858 666
858 730
858 794
858 922
858 986
858 1050
858 1278
859 148
859 257
859 494
859 667
859 731
859 795
859 923
859 987
859 1051
859 1100
859 1126
860 668
860 732
860 796
860 924
860 988
860 1052
861 669
861 733
861 797
861 925
861 989
861 1053
862 233
862 670
862 734
862 798
862 926
862 990
862 1054
863 55
863 113
863 671
863 695
863 735
863 752
863 754
863 799
863 891
863 927
863 991
863 1055
864 506
864 672
864 736
864 800
864 928
864 992
864 1056
865 58
865 641
865 673
865 737
865 801
865 929
865 993
865 1053
865 1057
865 1127
866 425
866 525
866 642
866 674
866 738
866 802
866 930
866 994
866 997
866 1058
867 675
867 739
867 803
867 876
867 931
867 995
867 1059
868 676
868 724
868 740
868 804
868 808
868 932
868 996
868 1060
869 242
869 677
869 741
869 805
869 933
869 997
869 1061
869 1242
870 102
870 678
870 687
870 742
870 806
870 934
870 998
870 1062
871 162
871 451
871 679
871 743
871 807
871 821
871 824
871 935
871 999
871 1063
872 680
872 744
872 808
872 936
872 1000
872 1064
872 1221
873 681
873 745
873 809
873 937
873 1001
873 1065
874 682
874 746
874 769
874 810
874 938
874 983
874 1002
874 1066
875 683
875 747
875 811
875 939
875 1003
875 1067
876 684
876 748
876 812
876 867
876 940
876 1004
876 1068
877 501
877 685
877 705
877 749
877 799
877 813
877 941
877 1005
877 1069
878 660
878 686
878 750
878 814
878 942
878 1006
878 1070
878 1210
879 328
879 687
879 751
879 815
879 943
879 1007
879 1071
880 688
880 752
880 816
880 944
880 1008
880 1072
881 426
881 628
881 689
881 751
881 753
881 817
881 945
881 1009
881 1073
882 106
882 690
882 739
882 754
882 818
882 924
882 946
882 1010
882 1074
882 1185
883 261
883 401
883 691
883 755
883 819
883 947
883 1011
883 1075
883 1246
884 672
884 692
884 756
884 820
884 948
884 1012
884 1076
885 532
885 693
885 757
885 821
885 949
885 1013
885 1044
885 1077
886 694
886 758
886 822
886 950
886 1014
886 1078
887 695
887 759
887 823
887 951
887 1015
887 1079
888 456
888 562
888 696
888 760
888 824
888 952
888 1016
888 1080
889 697
889 761
889 825
889 953
889 1017
889 1081
890 37
890 53
890 674
890 698
890 743
890 762
890 826
890 954
890 1018
890 1082
891 55
891 113
891 695
891 699
891 752
891 754
891 763
891 827
891 863
891 955
891 1019
891 1083
892 347
892 700
892 764
892 828
892 956
892 1017
892 1020
892 1084
893 305
893 701
893 765
893 829
893 957
893 987
893 1021
893 1085
894 42
894 116
894 251
894 702
894 764
894 766
894 830
894 958
894 1022
894 1083
894 1086
895 703
895 725
895 767
895 831
895 944
895 959
895 1023
895 1087
895 1276
896 464
896 704
896 768
896 832
896 960
896 1024
896 1037
896 1088
897 267
897 705
897 769
897 833
897 961
897 1025
897 1089
898 353
898 706
898 770
898 834
898 962
898 1026
898 1090
899 707
899 771
899 780
899 835
899 963
899 1027
899 1091
899 1186
900 205
900 708
900 772
900 836
900 964
900 1028
900 1092
901 610
901 709
901 773
901 837
901 965
901 1029
901 1093
902 73
902 138
902 142
902 182
902 262
902 263
902 310
902 327
902 329
902 390
902 391
902 457
902 521
902 582
902 598
902 649
902 650
902 654
902 662
902 710
902 774
902 777
902 838
902 846
902 918
902 966
902 974
902 1014
902 1030
902 1031
902 1033
902 1078
902 1094
902 1098
902 1107
902 1142
902 1231
903 7
903 9
903 14
903 71
903 135
903 142
903 198
903 199
903 263
903 327
903 391
903 455
903 519
903 583
903 647
903 649
903 654
903 662
903 711
903 775
903 777
903 838
903 839
903 846
903 967
903 969
903 974
903 1031
903 1095
903 1097
903 1098
903 1102
903 1107
903 1110
903 1159
903 1161
903 1166
903 1222
903 1223
903 1231
904 167
904 712
904 776
904 840
904 968
904 1032
904 1096
904 1128
905 6
905 70
905 134
905 201
905 265
905 326
905 393
905 454
905 518
905 585
905 646
905 713
905 774
905 777
905 841
905 966
905 969
905 1030
905 1033
905 1094
905 1097
905 1158
905 1225
906 384
906 714
906 778
906 842
906 970
906 1034
906 1098
907 260
907 715
907 779
907 843
907 971
907 1035
907 1099
907 1257
908 217
908 716
908 780
908 844
908 972
908 1036
908 1100
909 314
909 717
909 781
909 845
909 973
909 1037
909 1101
910 718
910 782
910 846
910 974
910 1038
910 1102
911 502
911 719
911 783
911 847
911 975
911 1039
911 1103
912 720
912 784
912 847
912 848
912 976
912 1040
912 1104
913 131
913 362
913 721
913 785
913 849
913 977
913 1041
913 1105
914 722
914 786
914 850
914 978
914 1042
914 1106
915 122
915 670
915 723
915 787
915 851
915 979
915 1043
915 1107
916 724
916 788
916 852
916 980
916 1044
916 1108
916 1130
916 1169
917 177
917 725
917 789
917 853
917 981
917 1019
917 1045
917 1109
918 73
918 137
918 138
918 310
918 329
918 390
918 457
918 521
918 582
918 598
918 650
918 710
918 726
918 790
918 854
918 902
918 982
918 1031
918 1046
918 1078
918 1110
918 1216
918 1270
919 621
919 727
919 791
919 855
919 983
919 1047
919 1111
920 313
920 728
920 792
920 812
920 856
920 984
920 1048
920 1112
921 729
921 793
921 857
921 931
921 985
921 1049
921 1113
922 730
922 794
922 816
922 858
922 986
922 1050
922 1114
923 221
923 474
923 731
923 795
923 859
923 987
923 1051
923 1115
923 1146
923 1183
923 1208
924 106
924 732
924 739
924 796
924 860
924 882
924 988
924 1052
924 1116
924 1185
925 554
925 702
925 733
925 797
925 861
925 981
925 989
925 1053
925 1117
926 434
926 734
926 798
926 862
926 990
926 1054
926 1118
926 1277
927 440
927 658
927 735
927 799
927 863
927 991
927 1055
927 1057
927 1119
928 379
928 736
928 800
928 864
928 992
928 1056
928 1120
929 200
929 389
929 395
929 737
929 801
929 865
929 993
929 1057
929 1073
929 1121
930 481
930 680
930 737
930 738
930 802
930 866
930 994
930 1058
930 1122
931 739
931 803
931 867
931 921
931 995
931 1059
931 1123
932 740
932 804
932 868
932 996
932 1060
932 1124
933 690
933 727
933 741
933 805
933 869
933 997
933 1061
933 1125
934 331
934 673
934 742
934 779
934 806
934 870
934 998
934 1062
934 1126
935 280
935 564
935 743
935 807
935 871
935 999
935 1063
935 1127
936 355
936 744
936 808
936 872
936 1000
936 1064
936 1128
937 33
937 634
937 745
937 809
937 873
937 1001
937 1025
937 1065
937 1129
937 1195
938 424
938 437
938 746
938 810
938 874
938 1002
938 1066
938 1130
938 1136
939 282
939 318
939 473
939 747
939 811
939 875
939 988
939 1003
939 1010
939 1067
939 1131
940 748
940 753
940 812
940 876
940 1004
940 1011
940 1068
940 1132
941 98
941 312
941 385
941 749
941 813
941 877
941 1005
941 1069
941 1133
941 1247
942 550
942 750
942 814
942 878
942 1006
942 1070
942 1134
943 436
943 751
943 815
943 853
943 879
943 1007
943 1071
943 1077
943 1135
944 725
944 752
944 816
944 880
944 895
944 1008
944 1072
944 1136
944 1276
945 753
945 817
945 881
945 1009
945 1018
945 1073
945 1137
946 220
946 279
946 340
946 412
946 754
946 818
946 882
946 1010
946 1074
946 1138
946 1140
946 1197
947 439
947 755
947 819
947 883
947 1011
947 1075
947 1082
947 1139
948 672
948 756
948 820
948 884
948 1012
948 1076
948 1140
949 193
949 757
949 821
949 885
949 1013
949 1077
949 1141
949 1165
950 758
950 822
950 886
950 1014
950 1078
950 1139
950 1142
950 1172
951 104
951 288
951 699
951 759
951 823
951 887
951 1015
951 1079
951 1143
951 1234
952 568
952 760
952 824
952 831
952 888
952 956
952 1016
952 1080
952 1144
953 168
953 602
953 761
953 825
953 889
953 984
953 1009
953 1017
953 1081
953 1145
953 1211
954 762
954 826
954 890
954 1018
954 1082
954 1146
955 114
955 308
955 763
955 827
955 891
955 1019
955 1083
955 1147
956 568
956 764
956 828
956 831
956 892
956 952
956 1020
956 1084
956 1148
957 209
957 765
957 829
957 893
957 1021
957 1085
957 1149
958 766
958 830
958 894
958 1022
958 1085
958 1086
958 1150
959 337
959 683
959 767
959 796
959 831
959 895
959 1023
959 1087
959 1151
959 1275
960 768
960 832
960 896
960 1024
960 1088
960 1152
961 769
961 833
961 897
961 1025
961 1089
961 1153
961 1182
961 1227
962 50
962 151
962 172
962 490
962 770
962 834
962 898
962 1026
962 1090
962 1154
963 771
963 783
963 835
963 899
963 1027
963 1091
963 1155
964 772
964 836
964 900
964 1028
964 1092
964 1156
965 773
965 797
965 837
965 901
965 1029
965 1093
965 1157
966 6
966 70
966 134
966 201
966 265
966 326
966 393
966 454
966 518
966 585
966 646
966 713
966 774
966 838
966 841
966 902
966 905
966 1030
966 1094
966 1158
966 1225
967 7
967 9
967 14
967 71
967 135
967 142
967 182
967 198
967 199
967 262
967 263
967 327
967 391
967 455
967 519
967 583
967 647
967 649
967 654
967 662
967 711
967 775
967 777
967 838
967 839
967 846
967 903
967 969
967 974
967 1014
967 1031
967 1033
967 1095
967 1097
967 1098
967 1102
967 1107
967 1110
967 1142
967 1159
967 1161
967 1166
967 1222
967 1223
967 1231
968 93
968 429
968 776
968 840
968 904
968 1032
968 1096
968 1160
968 1244
969 7
969 9
969 14
969 71
969 135
969 142
969 198
969 199
969 262
969 263
969 327
969 391
969 455
969 519
969 583
969 647
969 649
969 654
969 662
969 711
969 775
969 777
969 838
969 839
969 841
969 846
969 903
969 905
969 967
969 974
969 1014
969 1033
969 1095
969 1097
969 1098
969 1102
969 1107
969 1110
969 1142
969 1159
969 1161
969 1166
969 1222
969 1223
969 1231
970 778
970 842
970 906
970 1034
970 1098
970 1162
971 219
971 465
971 779
971 843
971 907
971 1035
971 1099
971 1163
972 169
972 174
972 780
972 844
972 908
972 1036
972 1100
972 1144
972 1164
973 238
973 606
973 781
973 845
973 909
973 1037
973 1101
973 1123
973 1165
974 138
974 142
974 182
974 198
974 262
974 263
974 327
974 329
974 391
974 582
974 649
974 650
974 654
974 662
974 710
974 777
974 782
974 838
974 839
974 846
974 902
974 903
974 910
974 967
974 969
974 1014
974 1031
974 1033
974 1038
974 1098
974 1102
974 1107
974 1142
974 1161
974 1166
974 1222
974 1231
975 13
975 66
975 783
975 847
975 911
975 1039
975 1103
975 1167
976 784
976 848
976 912
976 1040
976 1104
976 1168
977 259
977 287
977 307
977 496
977 785
977 849
977 913
977 1041
977 1105
977 1169
977 1193
978 584
978 759
978 786
978 850
978 914
978 1042
978 1106
978 1170
979 787
979 851
979 915
979 1043
979 1107
979 1171
980 36
980 736
980 788
980 852
980 916
980 1044
980 1108
980 1172
980 1180
980 1271
981 554
981 702
981 789
981 853
981 917
981 925
981 1045
981 1109
981 1173
982 719
982 790
982 854
982 918
982 1046
982 1110
982 1174
983 769
983 791
983 855
983 874
983 919
983 1047
983 1111
983 1175
984 168
984 602
984 792
984 856
984 920
984 953
984 1009
984 1048
984 1112
984 1176
984 1211
985 793
985 844
985 857
985 921
985 1049
985 1113
985 1115
985 1175
985 1177
986 533
986 794
986 858
986 922
986 1050
986 1114
986 1178
987 305
987 795
987 859
987 893
987 923
987 1051
987 1115
987 1179
988 282
988 318
988 473
988 796
988 860
988 924
988 939
988 1010
988 1052
988 1116
988 1180
989 797
989 861
989 925
989 1053
989 1117
989 1181
990 798
990 862
990 926
990 1054
990 1118
990 1182
991 460
991 799
991 863
991 927
991 1055
991 1119
991 1183
992 40
992 309
992 800
992 864
992 928
992 1056
992 1120
992 1184
993 801
993 865
993 929
993 1057
993 1121
993 1185
993 1249
994 802
994 866
994 930
994 1058
994 1122
994 1186
995 322
995 803
995 867
995 931
995 1059
995 1123
995 1187
996 804
996 868
996 932
996 1060
996 1124
996 1188
997 425
997 525
997 642
997 805
997 866
997 869
997 933
997 1061
997 1125
997 1189
998 339
998 551
998 806
998 870
998 934
998 1062
998 1126
998 1190
999 617
999 760
999 807
999 871
999 935
999 1063
999 1127
999 1191
1000 184
1000 808
1000 872
1000 936
1000 1064
1000 1128
1000 1192
1001 41
1001 809
1001 873
1001 937
1001 1065
1001 1129
1001 1193
1001 1241
1002 218
1002 810
1002 874
1002 938
1002 1066
1002 1130
1002 1194
1003 126
1003 530
1003 811
1003 875
1003 939
1003 1067
1003 1131
1003 1187
1003 1195
1004 244
1004 381
1004 812
1004 876
1004 940
1004 1068
1004 1132
1004 1176
1004 1196
1005 132
1005 813
1005 877
1005 941
1005 1069
1005 1133
1005 1197
1006 117
1006 814
1006 878
1006 942
1006 1070
1006 1134
1006 1198
1007 815
1007 879
1007 943
1007 1071
1007 1135
1007 1179
1007 1199
1008 5
1008 816
1008 880
1008 944
1008 1072
1008 1136
1008 1200
1008 1237
1009 168
1009 602
1009 817
1009 881
1009 945
1009 953
1009 984
1009 1073
1009 1137
1009 1201
1009 1211
1010 282
1010 318
1010 473
1010 818
1010 882
1010 939
1010 946
1010 988
1010 1074
1010 1138
1010 1202
1011 753
1011 819
1011 883
1011 940
1011 947
1011 1075
1011 1139
1011 1203
1012 51
1012 283
1012 442
1012 499
1012 638
1012 767
1012 820
1012 884
1012 948
1012 1055
1012 1076
1012 1140
1012 1194
1012 1204
1013 821
1013 885
1013 949
1013 1077
1013 1141
1013 1205
1014 138
1014 142
1014 182
1014 198
1014 262
1014 263
1014 327
1014 329
1014 391
1014 521
1014 582
1014 649
1014 650
1014 654
1014 662
1014 710
1014 777
1014 822
1014 838
1014 839
1014 846
1014 886
1014 902
1014 950
1014 967
1014 969
1014 974
1014 1031
1014 1033
1014 1078
1014 1098
1014 1102
1014 1107
1014 1142
1014 1161
1014 1166
1014 1206
1014 1222
1014 1231
1015 365
1015 823
1015 887
1015 951
1015 1079
1015 1143
1015 1207
1016 17
1016 824
1016 888
1016 952
1016 1080
1016 1144
1016 1208
1017 347
1017 825
1017 889
1017 892
1017 953
1017 1081
1017 1145
1017 1209
1018 826
1018 890
1018 945
1018 954
1018 1082
1018 1146
1018 1210
1019 177
1019 827
1019 891
1019 917
1019 955
1019 1083
1019 1147
1019 1211
1020 476
1020 545
1020 609
1020 828
1020 892
1020 956
1020 1084
1020 1148
1020 1212
1021 599
1021 829
1021 893
1021 957
1021 1085
1021 1149
1021 1213
1021 1214
1022 232
1022 639
1022 661
1022 830
1022 894
1022 958
1022 1086
1022 1150
1022 1214
1023 178
1023 289
1023 831
1023 895
1023 959
1023 1087
1023 1151
1023 1215
1024 832
1024 896
1024 960
1024 1088
1024 1152
1024 1174
1024 1216
1025 33
1025 634
1025 833
1025 897
1025 937
1025 961
1025 1089
1025 1153
1025 1195
1025 1217
1026 834
1026 898
1026 962
1026 1090
1026 1154
1026 1163
1026 1218
1027 835
1027 899
1027 963
1027 1091
1027 1155
1027 1219
1028 772
1028 836
1028 900
1028 964
1028 1092
1028 1156
1028 1220
1029 407
1029 837
1029 901
1029 965
1029 1093
1029 1157
1029 1221
1030 6
1030 70
1030 134
1030 201
1030 265
1030 326
1030 393
1030 454
1030 518
1030 585
1030 646
1030 713
1030 774
1030 838
1030 841
1030 902
1030 905
1030 966
1030 1094
1030 1158
1030 1222
1030 1225
1031 182
1031 262
1031 263
1031 310
1031 327
1031 329
1031 390
1031 391
1031 457
1031 521
1031 582
1031 598
1031 649
1031 650
1031 654
1031 662
1031 710
1031 777
1031 838
1031 839
1031 846
1031 902
1031 903
1031 918
1031 967
1031 974
1031 1014
1031 1033
1031 1078
1031 1095
1031 1098
1031 1107
1031 1142
1031 1159
1031 1166
1031 1223
1031 1231
1032 840
1032 904
1032 968
1032 1096
1032 1160
1032 1224
1033 182
1033 198
1033 262
1033 263
1033 327
1033 329
1033 391
1033 521
1033 582
1033 649
1033 650
1033 654
1033 662
1033 710
1033 777
1033 838
1033 839
1033 841
1033 846
1033 902
1033 905
1033 967
1033 969
1033 974
1033 1014
1033 1031
1033 1097
1033 1098
1033 1102
1033 1107
1033 1142
1033 1161
1033 1166
1033 1225
1033 1231
1034 842
1034 906
1034 970
1034 1098
1034 1162
1034 1226
1035 843
1035 907
1035 971
1035 1099
1035 1113
1035 1163
1035 1227
1036 360
1036 487
1036 844
1036 908
1036 972
1036 1058
1036 1100
1036 1164
1036 1215
1036 1228
1037 464
1037 845
1037 896
1037 909
1037 973
1037 1101
1037 1165
1037 1229
1038 512
1038 846
1038 910
1038 974
1038 1102
1038 1166
1038 1230
1039 847
1039 911
1039 975
1039 1103
1039 1167
1039 1231
1039 1254
1040 848
1040 912
1040 976
1040 1104
1040 1168
1040 1232
1041 849
1041 913
1041 977
1041 1105
1041 1169
1041 1233
1042 343
1042 693
1042 850
1042 914
1042 978
1042 1061
1042 1106
1042 1145
1042 1170
1042 1234
1043 851
1043 915
1043 979
1043 1107
1043 1171
1043 1235
1044 532
1044 852
1044 885
1044 916
1044 980
1044 1108
1044 1172
1044 1236
1045 127
1045 472
1045 853
1045 917
1045 981
1045 1109
1045 1173
1045 1237
1046 137
1046 310
1046 329
1046 390
1046 457
1046 521
1046 598
1046 650
1046 854
1046 918
1046 982
1046 1078
1046 1110
1046 1174
1046 1216
1046 1238
1046 1270
1047 604
1047 855
1047 919
1047 983
1047 1111
1047 1175
1047 1239
1048 383
1048 856
1048 920
1048 984
1048 1112
1048 1176
1048 1240
1049 160
1049 240
1049 666
1049 810
1049 857
1049 921
1049 985
1049 1113
1049 1177
1049 1241
1050 763
1050 858
1050 922
1050 986
1050 1068
1050 1114
1050 1178
1050 1242
1051 859
1051 923
1051 987
1051 1115
1051 1179
1051 1243
1052 860
1052 924
1052 988
1052 1116
1052 1180
1052 1244
1053 58
1053 641
1053 861
1053 865
1053 925
1053 989
1053 1117
1053 1127
1053 1181
1053 1245
1054 862
1054 926
1054 990
1054 1118
1054 1182
1054 1246
1055 51
1055 283
1055 442
1055 499
1055 638
1055 767
1055 863
1055 927
1055 991
1055 1012
1055 1119
1055 1183
1055 1194
1055 1247
1056 286
1056 864
1056 928
1056 992
1056 1120
1056 1157
1056 1184
1056 1248
1056 1258
1057 440
1057 658
1057 865
1057 927
1057 929
1057 993
1057 1121
1057 1185
1057 1249
1058 360
1058 487
1058 866
1058 930
1058 994
1058 1036
1058 1122
1058 1186
1058 1215
1058 1250
1059 338
1059 427
1059 541
1059 867
1059 931
1059 995
1059 1123
1059 1187
1059 1251
1060 527
1060 868
1060 932
1060 996
1060 1124
1060 1188
1060 1252
1061 343
1061 693
1061 869
1061 933
1061 997
1061 1042
1061 1125
1061 1145
1061 1189
1061 1253
1062 870
1062 934
1062 998
1062 1126
1062 1190
1062 1254
1063 108
1063 378
1063 871
1063 935
1063 999
1063 1127
1063 1177
1063 1191
1063 1255
1064 872
1064 936
1064 1000
1064 1128
1064 1192
1064 1256
1065 873
1065 937
1065 1001
1065 1129
1065 1193
1065 1257
1066 249
1066 643
1066 807
1066 874
1066 938
1066 1002
1066 1130
1066 1190
1066 1194
1066 1258
1067 855
1067 875
1067 939
1067 1003
1067 1131
1067 1195
1067 1259
1068 763
1068 876
1068 940
1068 1004
1068 1050
1068 1132
1068 1196
1068 1260
1069 612
1069 877
1069 941
1069 1005
1069 1133
1069 1134
1069 1197
1069 1261
1070 2
1070 12
1070 133
1070 809
1070 878
1070 942
1070 1006
1070 1134
1070 1198
1070 1262
1071 60
1071 89
1071 415
1071 543
1071 849
1071 879
1071 943
1071 1007
1071 1135
1071 1199
1071 1263
1072 574
1072 880
1072 944
1072 1008
1072 1136
1072 1200
1072 1264
1073 200
1073 389
1073 395
1073 881
1073 929
1073 945
1073 1009
1073 1137
1073 1201
1073 1265
1074 234
1074 773
1074 882
1074 946
1074 1010
1074 1138
1074 1202
1074 1266
1075 369
1075 731
1075 883
1075 947
1075 1011
1075 1139
1075 1150
1075 1203
1075 1267
1076 884
1076 948
1076 1012
1076 1140
1076 1204
1076 1268
1077 436
1077 853
1077 885
1077 943
1077 949
1077 1013
1077 1141
1077 1205
1077 1269
1078 73
1078 138
1078 262
1078 310
1078 329
1078 390
1078 457
1078 521
1078 582
1078 598
1078 650
1078 710
1078 886
1078 902
1078 918
1078 950
1078 1014
1078 1031
1078 1046
1078 1142
1078 1206
1078 1216
1078 1270
1079 96
1079 887
1079 951
1079 1015
1079 1143
1079 1207
1079 1259
1079 1271
1080 316
1080 765
1080 785
1080 817
1080 888
1080 952
1080 1016
1080 1144
1080 1208
1080 1272
1081 145
1081 761
1081 825
1081 889
1081 953
1081 1017
1081 1145
1081 1209
1081 1273
1082 439
1082 890
1082 947
1082 954
1082 1018
1082 1146
1082 1210
1082 1274
1083 42
1083 116
1083 251
1083 764
1083 891
1083 894
1083 955
1083 1019
1083 1147
1083 1211
1083 1275
1084 892
1084 956
1084 1020
1084 1148
1084 1212
1084 1276
1085 893
1085 957
1085 958
1085 1021
1085 1149
1085 1213
1085 1277
1086 633
1086 894
1086 958
1086 1022
1086 1150
1086 1214
1086 1278
1087 63
1087 895
1087 959
1087 1023
1087 1151
1087 1215
1087 1279
1088 896
1088 960
1088 1024
1088 1152
1088 1216
1089 897
1089 961
1089 1025
1089 1096
1089 1153
1089 1217
1090 898
1090 962
1090 1026
1090 1154
1090 1218
1091 659
1091 899
1091 963
1091 1027
1091 1155
1091 1219
1092 900
1092 964
1092 1028
1092 1156
1092 1220
1093 11
1093 901
1093 965
1093 1029
1093 1157
1093 1221
1094 6
1094 70
1094 134
1094 201
1094 265
1094 326
1094 393
1094 454
1094 518
1094 585
1094 646
1094 713
1094 774
1094 841
1094 902
1094 905
1094 966
1094 1030
1094 1158
1094 1222
1094 1225
1095 135
1095 199
1095 455
1095 519
1095 583
1095 647
1095 711
1095 775
1095 839
1095 903
1095 967
1095 969
1095 1031
1095 1097
1095 1102
1095 1110
1095 1159
1095 1161
1095 1166
1095 1222
1095 1223
1096 904
1096 968
1096 1032
1096 1089
1096 1160
1096 1224
1097 7
1097 71
1097 135
1097 199
1097 327
1097 391
1097 455
1097 519
1097 583
1097 647
1097 654
1097 662
1097 711
1097 775
1097 839
1097 903
1097 905
1097 967
1097 969
1097 1033
1097 1095
1097 1098
1097 1102
1097 1107
1097 1110
1097 1159
1097 1161
1097 1166
1097 1222
1097 1223
1097 1225
1097 1231
1098 9
1098 14
1098 142
1098 198
1098 262
1098 263
1098 327
1098 391
1098 455
1098 519
1098 582
1098 583
1098 647
1098 649
1098 654
1098 662
1098 710
1098 711
1098 775
1098 777
1098 838
1098 839
1098 846
1098 902
1098 903
1098 906
1098 967
1098 969
1098 970
1098 974
1098 1014
1098 1031
1098 1033
1098 1034
1098 1097
1098 1102
1098 1107
1098 1110
1098 1142
1098 1159
1098 1161
1098 1162
1098 1166
1098 1222
1098 1223
1098 1226
1098 1231
1099 907
1099 971
1099 1035
1099 1163
1099 1227
1100 148
1100 257
1100 494
1100 859
1100 908
1100 972
1100 1036
1100 1126
1100 1164
1100 1228
1101 909
1101 973
1101 1037
1101 1165
1101 1229
1102 7
1102 9
1102 14
1102 71
1102 198
1102 263
1102 327
1102 391
1102 455
1102 519
1102 583
1102 647
1102 649
1102 654
1102 662
1102 711
1102 775
1102 777
1102 838
1102 839
1102 846
1102 903
1102 910
1102 967
1102 969
1102 974
1102 1014
1102 1033
1102 1038
1102 1095
1102 1097
1102 1098
1102 1107
1102 1110
1102 1142
1102 1159
1102 1161
1102 1166
1102 1222
1102 1223
1102 1230
1102 1231
1103 911
1103 975
1103 1039
1103 1167
1103 1231
1104 912
1104 976
1104 1040
1104 1168
1104 1232
1105 913
1105 977
1105 1041
1105 1169
1105 1233
1106 914
1106 978
1106 1042
1106 1170
1106 1234
1107 9
1107 142
1107 198
1107 262
1107 263
1107 327
1107 391
1107 582
1107 583
1107 647
1107 649
1107 654
1107 662
1107 710
1107 775
1107 777
1107 838
1107 839
1107 846
1107 902
1107 903
1107 915
1107 967
1107 969
1107 974
1107 979
1107 1014
1107 1031
1107 1033
1107 1043
1107 1097
1107 1098
1107 1102
1107 1110
1107 1142
1107 1159
1107 1161
1107 1166
1107 1171
1107 1222
1107 1223
1107 1231
1107 1235
1108 916
1108 980
1108 1044
1108 1172
1108 1236
1109 252
1109 517
1109 837
1109 917
1109 981
1109 1045
1109 1173
1109 1237
1110 7
1110 14
1110 71
1110 135
1110 199
1110 263
1110 327
1110 391
1110 455
1110 519
1110 583
1110 647
1110 654
1110 662
1110 711
1110 775
1110 839
1110 846
1110 903
1110 918
1110 967
1110 969
1110 982
1110 1046
1110 1095
1110 1097
1110 1098
1110 1102
1110 1107
1110 1159
1110 1161
1110 1166
1110 1174
1110 1222
1110 1223
1110 1231
1110 1238
1111 139
1111 919
1111 983
1111 1047
1111 1175
1111 1239
1112 140
1112 920
1112 984
1112 1048
1112 1176
1112 1240
1113 921
1113 985
1113 1035
1113 1049
1113 1177
1113 1241
1114 321
1114 716
1114 922
1114 986
1114 1050
1114 1178
1114 1242
1115 844
1115 923
1115 985
1115 987
1115 1051
1115 1175
1115 1179
1115 1243
1116 924
1116 988
1116 1052
1116 1180
1116 1244
1117 925
1117 989
1117 1053
1117 1181
1117 1245
1118 822
1118 926
1118 990
1118 1054
1118 1182
1118 1228
1118 1246
1119 115
1119 293
1119 755
1119 927
1119 991
1119 1055
1119 1183
1119 1247
1120 103
1120 120
1120 498
1120 608
1120 928
1120 992
1120 1056
1120 1154
1120 1184
1120 1248
1121 929
1121 993
1121 1057
1121 1185
1121 1249
1122 284
1122 553
1122 567
1122 930
1122 994
1122 1058
1122 1186
1122 1250
1123 238
1123 606
1123 931
1123 973
1123 995
1123 1059
1123 1187
1123 1251
1124 932
1124 996
1124 1060
1124 1188
1124 1252
1125 782
1125 933
1125 997
1125 1061
1125 1189
1125 1253
1126 148
1126 257
1126 494
1126 859
1126 934
1126 998
1126 1062
1126 1100
1126 1190
1126 1254
1127 58
1127 641
1127 865
1127 935
1127 999
1127 1053
1127 1063
1127 1191
1127 1255
1128 167
1128 904
1128 936
1128 1000
1128 1064
1128 1192
1128 1256
1129 740
1129 937
1129 1001
1129 1065
1129 1193
1129 1257
1130 916
1130 938
1130 1002
1130 1066
1130 1169
1130 1194
1130 1258
1131 675
1131 939
1131 1003
1131 1067
1131 1195
1131 1259
1132 386
1132 657
1132 771
1132 940
1132 1004
1132 1068
1132 1196
1132 1260
1133 941
1133 1005
1133 1069
1133 1197
1133 1261
1134 612
1134 942
1134 1006
1134 1069
1134 1070
1134 1198
1134 1262
1135 52
1135 943
1135 1007
1135 1071
1135 1199
1135 1263
1136 424
1136 437
1136 938
1136 944
1136 1008
1136 1072
1136 1200
1136 1264
1137 685
1137 945
1137 1009
1137 1073
1137 1201
1137 1265
1138 946
1138 1010
1138 1074
1138 1164
1138 1202
1138 1266
1139 947
1139 950
1139 1011
1139 1075
1139 1172
1139 1203
1139 1267
1140 220
1140 279
1140 340
1140 412
1140 946
1140 948
1140 1012
1140 1076
1140 1197
1140 1204
1140 1268
1141 542
1141 949
1141 1013
1141 1077
1141 1205
1141 1269
1142 182
1142 262
1142 263
1142 327
1142 329
1142 391
1142 582
1142 649
1142 650
1142 654
1142 662
1142 710
1142 777
1142 838
1142 839
1142 846
1142 902
1142 950
1142 967
1142 969
1142 974
1142 1014
1142 1031
1142 1033
1142 1078
1142 1098
1142 1102
1142 1107
1142 1161
1142 1166
1142 1206
1142 1222
1142 1231
1142 1270
1143 951
1143 1015
1143 1079
1143 1207
1143 1271
1144 169
1144 174
1144 952
1144 972
1144 1016
1144 1080
1144 1208
1144 1272
1145 343
1145 693
1145 953
1145 1017
1145 1042
1145 1061
1145 1081
1145 1209
1145 1273
1146 221
1146 474
1146 923
1146 954
1146 1018
1146 1082
1146 1183
1146 1208
1146 1210
1146 1274
1147 689
1147 709
1147 955
1147 1019
1147 1083
1147 1211
1147 1274
1147 1275
1148 682
1148 956
1148 1020
1148 1084
1148 1212
1148 1276
1149 258
1149 957
1149 1021
1149 1085
1149 1213
1149 1277
1150 369
1150 731
1150 958
1150 1022
1150 1075
1150 1086
1150 1214
1150 1278
1151 212
1151 366
1151 535
1151 776
1151 959
1151 1023
1151 1087
1151 1215
1151 1279
1152 960
1152 1024
1152 1088
1152 1216
1153 961
1153 1025
1153 1089
1153 1182
1153 1217
1153 1227
1154 103
1154 120
1154 498
1154 608
1154 962
1154 1026
1154 1090
1154 1120
1154 1218
1155 144
1155 516
1155 963
1155 1027
1155 1091
1155 1219
1156 158
1156 964
1156 1028
1156 1092
1156 1220
1156 1262
1157 286
1157 965
1157 1029
1157 1056
1157 1093
1157 1221
1157 1258
1158 6
1158 70
1158 134
1158 201
1158 265
1158 326
1158 393
1158 454
1158 518
1158 585
1158 646
1158 713
1158 774
1158 841
1158 905
1158 966
1158 1030
1158 1094
1158 1222
1158 1225
1159 7
1159 14
1159 71
1159 135
1159 198
1159 199
1159 327
1159 391
1159 455
1159 519
1159 583
1159 647
1159 649
1159 654
1159 662
1159 711
1159 775
1159 839
1159 846
1159 903
1159 967
1159 969
1159 1031
1159 1095
1159 1097
1159 1098
1159 1102
1159 1107
1159 1110
1159 1161
1159 1166
1159 1222
1159 1223
1159 1231
1160 665
1160 968
1160 1032
1160 1096
1160 1224
1161 7
1161 9
1161 14
1161 71
1161 198
1161 327
1161 391
1161 455
1161 519
1161 583
1161 647
1161 649
1161 654
1161 662
1161 711
1161 775
1161 777
1161 838
1161 839
1161 846
1161 903
1161 967
1161 969
1161 974
1161 1014
1161 1033
1161 1095
1161 1097
1161 1098
1161 1102
1161 1107
1161 1110
1161 1142
1161 1159
1161 1166
1161 1222
1161 1223
1161 1225
1161 1231
1162 970
1162 1034
1162 1098
1162 1226
1163 971
1163 1026
1163 1035
1163 1099
1163 1227
1164 972
1164 1036
1164 1100
1164 1138
1164 1228
1165 193
1165 949
1165 973
1165 1037
1165 1101
1165 1229
1166 7
1166 9
1166 14
1166 142
1166 198
1166 327
1166 391
1166 455
1166 519
1166 582
1166 583
1166 647
1166 649
1166 654
1166 662
1166 710
1166 711
1166 775
1166 777
1166 838
1166 839
1166 846
1166 903
1166 967
1166 969
1166 974
1166 1014
1166 1031
1166 1033
1166 1038
1166 1095
1166 1097
1166 1098
1166 1102
1166 1107
1166 1110
1166 1142
1166 1159
1166 1161
1166 1222
1166 1223
1166 1230
1166 1231
1167 975
1167 1039
1167 1103
1167 1231
1168 976
1168 1040
1168 1104
1168 1232
1169 916
1169 977
1169 1041
1169 1105
1169 1130
1169 1233
1170 978
1170 1042
1170 1106
1170 1234
1170 1264
1171 979
1171 1043
1171 1107
1171 1188
1171 1235
1172 950
1172 980
1172 1044
1172 1108
1172 1139
1172 1236
1173 227
1173 382
1173 981
1173 1045
1173 1109
1173 1237
1174 982
1174 1024
1174 1046
1174 1110
1174 1238
1175 844
1175 983
1175 985
1175 1047
1175 1111
1175 1115
1175 1239
1176 244
1176 381
1176 984
1176 1004
1176 1048
1176 1112
1176 1240
1177 108
1177 378
1177 985
1177 1049
1177 1063
1177 1113
1177 1241
1178 300
1178 370
1178 627
1178 781
1178 986
1178 1050
1178 1114
1178 1242
1179 987
1179 1007
1179 1051
1179 1115
1179 1243
1180 36
1180 736
1180 980
1180 988
1180 1052
1180 1116
1180 1244
1180 1271
1181 989
1181 1053
1181 1117
1181 1245
1182 961
1182 990
1182 1054
1182 1118
1182 1153
1182 1227
1182 1246
1183 221
1183 474
1183 923
1183 991
1183 1055
1183 1119
1183 1146
1183 1208
1183 1247
1184 29
1184 188
1184 317
1184 354
1184 992
1184 1056
1184 1120
1184 1248
1185 106
1185 739
1185 882
1185 924
1185 993
1185 1057
1185 1121
1185 1249
1186 780
1186 899
1186 994
1186 1058
1186 1122
1186 1250
1187 126
1187 530
1187 995
1187 1003
1187 1059
1187 1123
1187 1251
1188 996
1188 1060
1188 1124
1188 1171
1188 1252
1189 361
1189 414
1189 626
1189 997
1189 1061
1189 1125
1189 1253
1190 249
1190 643
1190 807
1190 998
1190 1062
1190 1066
1190 1126
1190 1254
1191 999
1191 1063
1191 1127
1191 1255
1192 299
1192 539
1192 555
1192 619
1192 688
1192 1000
1192 1064
1192 1128
1192 1256
1193 259
1193 287
1193 307
1193 496
1193 977
1193 1001
1193 1065
1193 1129
1193 1257
1194 51
1194 283
1194 442
1194 499
1194 638
1194 767
1194 1002
1194 1012
1194 1055
1194 1066
1194 1130
1194 1258
1195 33
1195 634
1195 937
1195 1003
1195 1025
1195 1067
1195 1131
1195 1259
1196 1004
1196 1068
1196 1132
1196 1260
1197 220
1197 279
1197 340
1197 412
1197 946
1197 1005
1197 1069
1197 1133
1197 1140
1197 1261
1198 1006
1198 1070
1198 1134
1198 1262
1199 1007
1199 1071
1199 1135
1199 1263
1200 157
1200 1008
1200 1072
1200 1136
1200 1236
1200 1264
1200 1266
1201 56
1201 141
1201 1009
1201 1073
1201 1137
1201 1265
1202 225
1202 1010
1202 1074
1202 1138
1202 1243
1202 1266
1203 1011
1203 1075
1203 1139
1203 1250
1203 1267
1204 119
1204 625
1204 793
1204 1012
1204 1076
1204 1140
1204 1268
1205 101
1205 645
1205 1013
1205 1077
1205 1141
1205 1269
1205 1279
1206 1014
1206 1078
1206 1142
1206 1270
1207 1015
1207 1079
1207 1143
1207 1271
1208 221
1208 474
1208 923
1208 1016
1208 1080
1208 1144
1208 1146
1208 1183
1208 1272
1209 35
1209 111
1209 732
1209 1017
1209 1081
1209 1145
1209 1273
1210 660
1210 878
1210 1018
1210 1082
1210 1146
1210 1274
1211 168
1211 602
1211 953
1211 984
1211 1009
1211 1019
1211 1083
1211 1147
1211 1275
1212 485
1212 843
1212 1020
1212 1084
1212 1148
1212 1276
1213 100
1213 1021
1213 1085
1213 1149
1213 1277
1214 599
1214 1021
1214 1022
1214 1086
1214 1150
1214 1278
1215 360
1215 487
1215 1023
1215 1036
1215 1058
1215 1087
1215 1151
1215 1279
1216 137
1216 390
1216 457
1216 521
1216 598
1216 650
1216 918
1216 1024
1216 1046
1216 1078
1216 1088
1216 1152
1216 1270
1217 358
1217 1025
1217 1089
1217 1153
1218 1026
1218 1090
1218 1154
1219 1027
1219 1091
1219 1155
1220 86
1220 1028
1220 1092
1220 1156
1221 872
1221 1029
1221 1093
1221 1157
1222 7
1222 9
1222 14
1222 71
1222 198
1222 391
1222 455
1222 519
1222 583
1222 647
1222 649
1222 654
1222 662
1222 711
1222 775
1222 777
1222 838
1222 839
1222 846
1222 903
1222 967
1222 969
1222 974
1222 1014
1222 1030
1222 1094
1222 1095
1222 1097
1222 1098
1222 1102
1222 1107
1222 1110
1222 1142
1222 1158
1222 1159
1222 1161
1222 1166
1222 1223
1222 1231
1223 7
1223 71
1223 135
1223 199
1223 391
1223 455
1223 519
1223 583
1223 647
1223 654
1223 711
1223 775
1223 839
1223 903
1223 967
1223 969
1223 1031
1223 1095
1223 1097
1223 1098
1223 1102
1223 1107
1223 1110
1223 1159
1223 1161
1223 1166
1223 1222
1223 1231
1224 216
1224 423
1224 1032
1224 1096
1224 1160
1225 6
1225 70
1225 134
1225 201
1225 265
1225 326
1225 393
1225 454
1225 518
1225 585
1225 646
1225 713
1225 774
1225 841
1225 905
1225 966
1225 1030
1225 1033
1225 1094
1225 1097
1225 1158
1225 1161
1226 192
1226 1034
1226 1098
1226 1162
1227 961
1227 1035
1227 1099
1227 1153
1227 1163
1227 1182
1228 822
1228 1036
1228 1100
1228 1118
1228 1164
1229 1037
1229 1101
1229 1165
1230 1038
1230 1102
1230 1166
1231 9
1231 142
1231 263
1231 327
1231 391
1231 582
1231 583
1231 647
1231 649
1231 654
1231 662
1231 710
1231 775
1231 777
1231 838
1231 839
1231 846
1231 902
1231 903
1231 967
1231 969
1231 974
1231 1014
1231 1031
1231 1033
1231 1039
1231 1097
1231 1098
1231 1102
1231 1103
1231 1107
1231 1110
1231 1142
1231 1159
1231 1161
1231 1166
1231 1167
1231 1222
1231 1223
1232 522
1232 531
1232 798
1232 1040
1232 1104
1232 1168
1233 49
1233 1041
1233 1105
1233 1169
1234 104
1234 288
1234 699
1234 951
1234 1042
1234 1106
1234 1170
1235 1043
1235 1107
1235 1171
1236 157
1236 1044
1236 1108
1236 1172
1236 1200
1236 1266
1237 5
1237 1008
1237 1045
1237 1109
1237 1173
1238 726
1238 1046
1238 1110
1238 1174
1239 323
1239 459
1239 1047
1239 1111
1239 1175
1240 444
1240 747
1240 818
1240 1048
1240 1112
1240 1176
1241 41
1241 1001
1241 1049
1241 1113
1241 1177
1242 242
1242 869
1242 1050
1242 1114
1242 1178
1243 225
1243 1051
1243 1115
1243 1179
1243 1202
1244 93
1244 429
1244 968
1244 1052
1244 1116
1244 1180
1245 1053
1245 1117
1245 1181
1246 261
1246 401
1246 883
1246 1054
1246 1118
1246 1182
1247 98
1247 312
1247 385
1247 941
1247 1055
1247 1119
1247 1183
1248 1056
1248 1120
1248 1184
1249 993
1249 1057
1249 1121
1249 1185
1250 1058
1250 1122
1250 1186
1250 1203
1251 552
1251 677
1251 1059
1251 1123
1251 1187
1252 1060
1252 1124
1252 1188
1253 8
1253 34
1253 513
1253 579
1253 1061
1253 1125
1253 1189
1254 1039
1254 1062
1254 1126
1254 1190
1255 1063
1255 1127
1255 1191
1256 1
1256 281
1256 397
1256 449
1256 1064
1256 1128
1256 1192
1257 260
1257 907
1257 1065
1257 1129
1257 1193
1258 286
1258 1056
1258 1066
1258 1130
1258 1157
1258 1194
1259 96
1259 1067
1259 1079
1259 1131
1259 1195
1260 344
1260 1068
1260 1132
1260 1196
1261 651
1261 1069
1261 1133
1261 1197
1262 158
1262 1070
1262 1134
1262 1156
1262 1198
1263 418
1263 428
1263 431
1263 511
1263 1071
1263 1135
1263 1199
1264 1072
1264 1136
1264 1170
1264 1200
1265 56
1265 141
1265 1073
1265 1137
1265 1201
1266 157
1266 1074
1266 1138
1266 1200
1266 1202
1266 1236
1267 1075
1267 1139
1267 1203
1268 21
1268 24
1268 136
1268 247
1268 291
1268 488
1268 556
1268 1076
1268 1140
1268 1204
1269 1077
1269 1141
1269 1205
1270 137
1270 310
1270 390
1270 457
1270 521
1270 598
1270 650
1270 918
1270 1046
1270 1078
1270 1142
1270 1206
1270 1216
1271 36
1271 736
1271 980
1271 1079
1271 1143
1271 1180
1271 1207
1272 1080
1272 1144
1272 1208
1273 48
1273 372
1273 691
1273 692
1273 1081
1273 1145
1273 1209
1274 689
1274 709
1274 1082
1274 1146
1274 1147
1274 1210
1275 337
1275 683
1275 796
1275 959
1275 1083
1275 1147
1275 1211
1276 725
1276 895
1276 944
1276 1084
1276 1148
1276 1212
1277 434
1277 926
1277 1085
1277 1149
1277 1213
1278 170
1278 421
1278 858
1278 1086
1278 1150
1278 1214
1279 101
1279 645
1279 1087
1279 1151
1279 1205
1279 1215
