0 64
0 80
0 128
0 192
1 65
1 129
1 193
1 808
2 66
2 101
2 130
2 168
2 194
2 934
3 67
3 131
3 195
3 373
3 376
3 423
3 1051
3 1068
3 1247
4 68
4 132
4 196
5 23
5 69
5 133
5 197
5 1144
5 1208
6 70
6 134
6 137
6 198
6 265
6 326
6 393
6 457
6 518
6 582
6 646
6 710
6 777
6 841
6 902
6 969
6 1033
6 1097
6 1158
6 1222
7 71
7 135
7 199
7 263
7 327
7 391
7 455
7 519
7 521
7 647
7 649
7 650
7 654
7 662
7 711
7 713
7 718
7 774
7 775
7 839
7 846
7 967
7 1095
7 1159
7 1166
7 1223
8 72
8 114
8 136
8 200
8 440
8 944
9 73
9 137
9 150
9 201
9 202
9 454
9 470
9 583
9 598
9 630
9 768
9 822
9 838
9 1024
9 1124
9 1216
10 74
10 138
10 202
11 75
11 139
11 203
11 791
12 76
12 140
12 204
12 543
12 1042
13 20
13 77
13 141
13 205
13 342
14 78
14 142
14 206
15 79
15 143
15 207
16 80
16 144
16 208
16 448
16 589
17 81
17 145
17 209
17 523
18 82
18 146
18 210
18 873
19 83
19 147
19 211
20 13
20 84
20 148
20 212
20 342
21 85
21 149
21 213
22 86
22 150
22 214
23 5
23 87
23 151
23 215
23 1144
23 1208
24 88
24 152
24 216
24 597
25 89
25 153
25 217
25 491
25 540
25 562
25 1276
26 90
26 154
26 218
26 475
26 698
26 735
26 760
26 945
26 1139
26 1179
27 91
27 155
27 219
27 282
28 92
28 97
28 156
28 161
28 220
28 572
28 1126
29 93
29 157
29 221
30 94
30 158
30 222
31 95
31 159
31 223
32 96
32 160
32 224
33 97
33 161
33 225
33 232
33 289
33 482
33 1017
34 98
34 162
34 205
34 226
34 929
35 99
35 227
36 100
36 164
36 228
36 840
37 101
37 165
37 229
37 395
37 764
37 867
38 102
38 166
38 230
38 355
38 1083
39 103
39 167
39 231
39 588
39 610
39 767
40 104
40 108
40 168
40 232
40 820
41 105
41 169
41 233
41 353
42 106
42 170
42 234
42 514
42 919
43 107
43 171
43 235
43 408
43 875
43 921
44 108
44 172
44 236
44 1050
44 1132
45 109
45 173
45 237
45 999
46 110
46 174
46 238
46 411
46 652
46 678
46 1133
47 111
47 172
47 175
47 187
47 239
48 112
48 176
48 240
48 529
48 745
48 871
48 1241
49 113
49 177
49 241
49 1067
50 114
50 160
50 178
50 242
50 672
50 706
51 115
51 179
51 190
51 243
51 319
51 564
51 607
51 746
51 1178
52 116
52 180
52 244
53 117
53 181
53 245
53 257
53 351
53 429
54 118
54 182
54 246
54 463
54 1060
55 119
55 183
55 230
55 247
56 120
56 184
56 248
57 112
57 121
57 185
57 249
57 1002
57 1007
57 1009
58 122
58 186
58 250
58 416
59 123
59 187
59 251
60 124
60 153
60 159
60 188
60 252
61 76
61 125
61 189
61 253
62 126
62 190
62 254
62 352
63 127
63 191
63 255
63 815
64 0
64 128
64 192
64 256
64 590
65 1
65 129
65 131
65 193
65 257
65 805
65 995
65 1016
66 2
66 130
66 194
66 258
66 833
66 977
67 3
67 99
67 131
67 195
67 259
68 4
68 132
68 196
68 260
68 707
69 5
69 133
69 197
69 261
69 389
69 661
70 6
70 134
70 137
70 198
70 262
70 265
70 326
70 393
70 457
70 518
70 582
70 646
70 710
70 777
70 841
70 902
70 969
70 1033
70 1097
70 1158
70 1222
71 7
71 135
71 199
71 263
71 327
71 391
71 455
71 519
71 521
71 647
71 649
71 650
71 654
71 662
71 711
71 713
71 718
71 774
71 775
71 839
71 846
71 967
71 1159
71 1223
72 8
72 136
72 200
72 264
72 281
72 889
72 893
72 1059
73 9
73 134
73 137
73 150
73 201
73 202
73 262
73 265
73 454
73 470
73 566
73 583
73 585
73 598
73 630
73 768
73 822
73 838
73 842
73 854
73 910
73 966
73 1024
73 1124
73 1174
73 1182
73 1216
74 10
74 83
74 138
74 202
74 266
74 350
74 784
75 11
75 139
75 203
75 267
76 12
76 61
76 140
76 204
76 268
77 13
77 141
77 194
77 205
77 269
77 418
77 549
78 14
78 142
78 206
78 270
79 15
79 143
79 207
79 271
79 612
80 0
80 16
80 144
80 208
80 272
81 17
81 145
81 157
81 209
81 273
81 314
82 18
82 146
82 210
82 274
82 555
82 739
83 19
83 74
83 147
83 211
83 275
83 350
83 784
84 20
84 148
84 212
84 276
84 437
84 596
85 21
85 149
85 213
85 277
85 538
86 22
86 150
86 214
86 278
86 970
87 23
87 151
87 215
87 279
87 328
87 703
88 24
88 92
88 152
88 216
88 280
89 25
89 153
89 217
89 281
90 26
90 154
90 218
90 282
90 978
91 27
91 107
91 155
91 171
91 219
91 240
91 283
91 744
91 922
92 28
92 88
92 156
92 220
92 284
93 29
93 157
93 221
93 285
93 611
93 879
94 30
94 158
94 222
94 286
94 693
94 971
94 973
94 1197
95 31
95 159
95 223
95 287
95 401
95 623
96 32
96 160
96 224
96 288
97 28
97 33
97 161
97 225
97 289
97 572
97 1126
98 34
98 162
98 165
98 226
98 290
98 1065
99 35
99 67
99 163
99 227
99 291
100 36
100 164
100 228
100 292
100 1232
101 2
101 37
101 165
101 168
101 229
101 293
101 934
102 38
102 166
102 230
102 294
102 494
103 39
103 167
103 231
103 295
103 550
103 849
103 1181
104 40
104 168
104 229
104 232
104 296
104 803
105 41
105 119
105 169
105 233
105 297
105 674
105 880
106 42
106 170
106 234
106 254
106 298
106 477
106 533
107 43
107 91
107 171
107 235
107 240
107 299
107 744
107 922
108 40
108 44
108 172
108 236
108 300
108 820
109 45
109 173
109 237
109 301
109 1221
110 46
110 174
110 238
110 302
110 387
111 47
111 175
111 239
111 303
112 48
112 57
112 176
112 240
112 304
112 1002
112 1007
112 1009
113 49
113 177
113 241
113 305
113 947
113 1256
114 8
114 50
114 178
114 242
114 306
114 440
114 944
115 51
115 179
115 243
115 307
116 52
116 180
116 244
116 308
116 487
117 53
117 181
117 204
117 245
117 309
118 54
118 128
118 182
118 246
118 310
119 55
119 105
119 183
119 247
119 311
119 674
119 880
120 56
120 184
120 248
120 312
120 383
120 504
120 508
120 1115
121 57
121 185
121 249
121 255
121 313
121 338
122 58
122 186
122 250
122 314
123 59
123 187
123 251
123 300
123 315
123 920
124 60
124 188
124 252
124 316
125 61
125 189
125 253
125 317
126 62
126 190
126 254
126 318
126 624
126 1087
127 63
127 191
127 255
127 319
127 1263
128 0
128 64
128 118
128 192
128 256
128 320
129 1
129 65
129 193
129 257
129 258
129 293
129 321
129 968
129 1160
130 2
130 66
130 194
130 258
130 322
130 1268
131 3
131 65
131 67
131 195
131 259
131 323
131 805
131 995
131 1016
132 4
132 68
132 196
132 260
132 324
132 964
133 5
133 69
133 197
133 261
133 325
133 1022
134 6
134 70
134 73
134 198
134 201
134 202
134 206
134 214
134 262
134 326
134 329
134 390
134 391
134 398
134 454
134 470
134 526
134 566
134 583
134 585
134 630
134 650
134 659
134 694
134 718
134 783
134 839
134 842
134 846
134 854
134 903
134 905
134 918
134 966
134 975
134 1030
134 1094
134 1226
134 1270
135 7
135 71
135 199
135 201
135 206
135 214
135 263
135 327
135 391
135 398
135 455
135 519
135 521
135 647
135 649
135 650
135 654
135 659
135 662
135 711
135 713
135 718
135 774
135 775
135 783
135 839
135 846
135 903
135 905
135 918
135 967
135 1031
135 1095
135 1159
135 1166
135 1223
136 8
136 72
136 200
136 264
136 311
136 328
136 530
136 866
136 1085
137 6
137 9
137 70
137 73
137 198
137 201
137 265
137 326
137 329
137 393
137 457
137 518
137 582
137 646
137 710
137 777
137 841
137 902
137 969
137 1033
137 1097
137 1158
137 1222
138 10
138 74
138 202
138 266
138 330
139 11
139 75
139 203
139 267
139 331
139 852
139 1192
140 12
140 76
140 204
140 268
140 332
140 923
141 13
141 77
141 205
141 269
141 333
142 14
142 78
142 206
142 270
142 334
142 1078
143 15
143 79
143 207
143 271
143 335
143 847
144 16
144 80
144 208
144 272
144 336
145 17
145 81
145 209
145 273
145 337
145 1025
146 18
146 82
146 210
146 274
146 338
147 19
147 83
147 211
147 275
147 339
148 20
148 84
148 212
148 276
148 340
149 21
149 85
149 213
149 277
149 341
149 895
150 9
150 22
150 73
150 86
150 202
150 214
150 278
150 342
150 454
150 470
150 583
150 598
150 630
150 768
150 822
150 838
150 910
150 966
150 975
150 1024
150 1124
150 1216
151 23
151 87
151 215
151 279
151 343
151 573
151 766
151 953
152 24
152 88
152 216
152 280
152 344
152 876
153 25
153 60
153 89
153 159
153 217
153 281
153 345
154 26
154 90
154 218
154 282
154 346
154 505
154 536
154 561
154 763
154 1228
155 27
155 91
155 219
155 283
155 347
156 28
156 92
156 220
156 284
156 348
156 599
156 1279
157 29
157 81
157 93
157 221
157 285
157 314
157 349
158 30
158 94
158 222
158 286
158 350
158 525
158 675
158 1239
159 31
159 60
159 95
159 153
159 223
159 287
159 351
160 32
160 50
160 96
160 224
160 288
160 352
160 672
160 706
161 28
161 33
161 97
161 225
161 289
161 353
161 572
161 1126
162 34
162 98
162 226
162 290
162 354
162 453
163 99
163 227
163 291
163 355
164 36
164 100
164 228
164 292
164 356
164 621
164 686
164 835
165 37
165 98
165 101
165 229
165 293
165 357
165 1065
166 38
166 102
166 230
166 294
166 358
167 39
167 103
167 231
167 295
167 359
168 2
168 40
168 101
168 104
168 232
168 296
168 360
168 934
169 41
169 105
169 233
169 297
169 312
169 361
169 551
169 1106
170 42
170 106
170 234
170 298
170 362
170 1211
171 43
171 91
171 107
171 235
171 240
171 299
171 363
171 744
171 922
172 44
172 47
172 108
172 187
172 236
172 300
172 364
173 45
173 109
173 237
173 301
173 365
173 471
174 46
174 110
174 238
174 302
174 366
175 47
175 111
175 239
175 303
175 367
175 1151
176 48
176 112
176 240
176 304
176 368
177 49
177 113
177 241
177 305
177 345
177 369
177 756
178 50
178 114
178 242
178 306
178 370
178 741
178 857
179 51
179 115
179 243
179 307
179 333
179 371
179 730
179 939
180 52
180 116
180 244
180 303
180 308
180 372
180 433
181 53
181 117
181 245
181 309
181 373
182 54
182 118
182 246
182 310
182 374
182 1005
183 55
183 119
183 247
183 311
183 375
184 56
184 120
184 248
184 312
184 376
184 1201
185 57
185 121
185 249
185 313
185 377
185 638
186 58
186 122
186 250
186 314
186 378
186 489
186 577
186 747
186 1130
187 47
187 59
187 123
187 172
187 251
187 315
187 379
188 60
188 124
188 252
188 316
188 380
188 381
188 1012
188 1203
189 61
189 125
189 236
189 253
189 317
189 381
189 1275
190 51
190 62
190 126
190 254
190 318
190 319
190 382
190 564
190 607
190 746
190 1178
191 63
191 127
191 213
191 255
191 319
191 383
191 574
191 844
192 0
192 64
192 128
192 256
192 320
192 384
193 1
193 65
193 129
193 257
193 321
193 385
193 417
193 605
193 679
193 1037
194 2
194 66
194 77
194 130
194 258
194 322
194 386
194 418
194 549
195 3
195 67
195 131
195 259
195 323
195 359
195 387
195 618
195 742
196 4
196 68
196 132
196 260
196 324
196 388
197 5
197 69
197 133
197 261
197 325
197 389
197 757
197 831
198 6
198 70
198 134
198 137
198 262
198 265
198 326
198 390
198 393
198 457
198 518
198 582
198 646
198 710
198 777
198 841
198 902
198 969
198 1033
198 1097
198 1158
198 1222
199 7
199 71
199 135
199 206
199 263
199 327
199 391
199 455
199 519
199 521
199 647
199 649
199 650
199 654
199 659
199 662
199 711
199 713
199 718
199 774
199 775
199 783
199 839
199 846
199 918
199 967
199 1031
199 1095
199 1159
199 1166
199 1223
200 8
200 72
200 136
200 264
200 328
200 392
201 9
201 73
201 134
201 135
201 137
201 202
201 206
201 214
201 262
201 265
201 329
201 390
201 391
201 393
201 398
201 454
201 455
201 519
201 521
201 526
201 566
201 583
201 585
201 650
201 654
201 659
201 694
201 711
201 713
201 718
201 774
201 783
201 839
201 842
201 846
201 854
201 903
201 905
201 918
201 966
201 975
201 1030
201 1031
201 1094
201 1161
201 1226
201 1270
202 9
202 10
202 73
202 74
202 134
202 138
202 150
202 201
202 214
202 262
202 266
202 329
202 330
202 390
202 394
202 398
202 454
202 470
202 526
202 566
202 583
202 585
202 598
202 630
202 694
202 768
202 822
202 838
202 842
202 854
202 903
202 905
202 910
202 966
202 975
202 1024
202 1030
202 1124
202 1174
202 1182
203 11
203 75
203 139
203 267
203 331
203 395
203 813
204 12
204 76
204 117
204 140
204 268
204 332
204 396
205 13
205 34
205 77
205 141
205 269
205 333
205 397
205 929
206 14
206 78
206 134
206 135
206 142
206 199
206 201
206 214
206 262
206 270
206 327
206 329
206 334
206 390
206 391
206 398
206 454
206 455
206 519
206 521
206 526
206 566
206 583
206 585
206 649
206 650
206 654
206 659
206 662
206 694
206 711
206 713
206 718
206 774
206 775
206 783
206 839
206 842
206 846
206 854
206 903
206 905
206 918
206 967
206 975
206 1030
206 1031
206 1094
206 1161
206 1230
206 1270
207 15
207 79
207 143
207 271
207 335
207 399
208 16
208 80
208 144
208 272
208 336
208 400
208 851
209 17
209 81
209 145
209 273
209 323
209 337
209 401
209 684
209 1147
210 18
210 82
210 146
210 274
210 338
210 402
210 479
210 609
211 19
211 83
211 147
211 275
211 339
211 403
211 643
212 20
212 84
212 148
212 276
212 340
212 404
212 430
212 762
213 21
213 85
213 149
213 191
213 277
213 341
213 405
213 574
213 844
214 22
214 86
214 134
214 135
214 150
214 201
214 202
214 206
214 262
214 278
214 329
214 342
214 390
214 391
214 398
214 406
214 454
214 455
214 519
214 521
214 526
214 566
214 583
214 585
214 649
214 650
214 654
214 659
214 662
214 694
214 711
214 713
214 718
214 774
214 783
214 839
214 842
214 846
214 854
214 903
214 905
214 918
214 967
214 975
214 1030
214 1031
214 1094
214 1161
214 1230
214 1270
215 23
215 87
215 151
215 279
215 343
215 407
216 24
216 88
216 152
216 280
216 344
216 367
216 408
216 1101
217 25
217 89
217 153
217 281
217 345
217 409
217 712
217 925
218 26
218 90
218 154
218 282
218 346
218 362
218 410
218 601
218 1003
219 27
219 91
219 155
219 283
219 347
219 411
219 1044
220 28
220 92
220 156
220 284
220 348
220 412
221 29
221 93
221 157
221 285
221 349
221 413
222 30
222 94
222 158
222 286
222 350
222 414
222 467
223 31
223 95
223 159
223 274
223 287
223 322
223 351
223 415
223 1090
224 32
224 96
224 160
224 288
224 352
224 416
224 436
224 500
224 1143
225 33
225 97
225 161
225 289
225 331
225 353
225 417
225 486
225 951
225 961
225 1170
226 34
226 98
226 162
226 290
226 295
226 354
226 418
226 442
226 869
226 924
226 1234
227 35
227 99
227 163
227 291
227 355
227 419
227 683
227 853
227 986
227 1264
228 36
228 100
228 164
228 292
228 356
228 420
229 37
229 101
229 104
229 165
229 293
229 357
229 421
229 803
230 38
230 55
230 102
230 166
230 294
230 358
230 422
231 39
231 103
231 167
231 295
231 359
231 423
232 33
232 40
232 104
232 168
232 289
232 296
232 360
232 424
232 482
232 1017
233 41
233 105
233 169
233 297
233 361
233 425
234 42
234 106
234 170
234 298
234 362
234 426
234 700
235 43
235 107
235 171
235 299
235 348
235 363
235 427
235 511
235 827
235 855
236 44
236 108
236 172
236 189
236 300
236 364
236 428
236 1275
237 45
237 109
237 173
237 301
237 365
237 429
237 689
237 985
238 46
238 110
238 174
238 302
238 366
238 430
239 47
239 111
239 175
239 303
239 367
239 422
239 431
240 48
240 91
240 107
240 112
240 171
240 176
240 304
240 368
240 432
240 744
240 922
241 49
241 113
241 177
241 261
241 305
241 369
241 433
241 699
241 826
241 908
241 1199
242 50
242 114
242 178
242 279
242 306
242 370
242 434
242 485
242 1013
242 1100
243 51
243 115
243 179
243 244
243 307
243 371
243 435
243 825
243 1277
244 52
244 116
244 180
244 243
244 308
244 372
244 436
244 825
244 1277
245 53
245 117
245 181
245 309
245 373
245 437
245 594
245 613
245 697
245 936
246 54
246 118
246 182
246 310
246 374
246 438
247 55
247 119
247 183
247 304
247 306
247 311
247 375
247 415
247 439
247 443
248 56
248 120
248 184
248 312
248 376
248 440
249 57
249 121
249 185
249 313
249 377
249 441
249 1131
249 1266
250 58
250 122
250 186
250 314
250 378
250 442
251 59
251 123
251 187
251 315
251 379
251 443
251 503
251 786
251 938
251 1145
252 60
252 124
252 188
252 316
252 380
252 444
252 1116
253 61
253 125
253 189
253 317
253 381
253 445
253 1084
254 62
254 106
254 126
254 190
254 318
254 382
254 446
254 477
254 533
255 63
255 121
255 127
255 191
255 319
255 338
255 383
255 447
256 64
256 128
256 192
256 320
256 384
256 448
256 899
257 53
257 65
257 129
257 193
257 321
257 351
257 385
257 429
257 449
258 66
258 129
258 130
258 194
258 293
258 322
258 386
258 450
258 968
258 1160
259 67
259 131
259 195
259 323
259 387
259 451
260 68
260 132
260 196
260 324
260 388
260 452
261 69
261 133
261 197
261 241
261 325
261 389
261 453
261 699
261 826
261 908
261 1199
262 70
262 73
262 134
262 198
262 201
262 202
262 206
262 214
262 326
262 329
262 390
262 391
262 398
262 454
262 470
262 526
262 566
262 583
262 585
262 630
262 650
262 659
262 694
262 718
262 783
262 839
262 842
262 846
262 854
262 903
262 905
262 918
262 966
262 975
262 1024
262 1030
262 1094
262 1124
262 1226
262 1270
263 7
263 71
263 135
263 199
263 327
263 391
263 455
263 519
263 521
263 647
263 649
263 650
263 654
263 662
263 711
263 713
263 718
263 774
263 775
263 839
263 846
263 967
263 1031
263 1095
263 1159
263 1223
264 72
264 136
264 200
264 328
264 392
264 404
264 456
264 989
265 6
265 70
265 73
265 137
265 198
265 201
265 326
265 329
265 393
265 457
265 518
265 582
265 646
265 710
265 777
265 841
265 902
265 969
265 1033
265 1097
265 1158
265 1222
266 74
266 138
266 202
266 330
266 394
266 458
267 75
267 139
267 203
267 331
267 395
267 459
268 76
268 140
268 204
268 332
268 396
268 460
268 666
268 935
268 962
269 77
269 141
269 205
269 333
269 397
269 461
270 78
270 142
270 206
270 334
270 398
270 462
270 1028
271 79
271 143
271 207
271 335
271 399
271 463
271 534
272 80
272 144
272 208
272 336
272 400
272 464
272 1206
273 81
273 145
273 209
273 337
273 401
273 465
273 1251
274 82
274 146
274 210
274 223
274 322
274 338
274 402
274 466
274 1090
275 83
275 147
275 211
275 339
275 403
275 467
276 84
276 148
276 212
276 340
276 360
276 404
276 420
276 468
276 1191
277 85
277 149
277 213
277 341
277 405
277 447
277 469
277 496
277 828
277 1073
277 1119
278 86
278 150
278 214
278 342
278 406
278 470
278 790
279 87
279 151
279 215
279 242
279 343
279 407
279 471
279 485
279 1013
279 1100
280 88
280 152
280 216
280 344
280 408
280 472
281 72
281 89
281 153
281 217
281 345
281 409
281 473
281 889
281 893
281 1059
282 27
282 90
282 154
282 218
282 346
282 410
282 474
283 91
283 155
283 219
283 347
283 411
283 475
283 627
283 702
284 92
284 156
284 220
284 348
284 412
284 476
284 761
285 93
285 157
285 221
285 302
285 349
285 413
285 477
285 1092
285 1252
286 94
286 158
286 222
286 350
286 414
286 478
287 95
287 159
287 223
287 351
287 415
287 479
287 850
287 1008
288 96
288 160
288 224
288 352
288 416
288 480
288 532
288 732
288 823
288 904
288 980
289 33
289 97
289 161
289 225
289 232
289 353
289 417
289 481
289 482
289 1017
290 98
290 162
290 226
290 354
290 418
290 482
290 1186
291 99
291 163
291 227
291 355
291 419
291 434
291 476
291 483
291 737
291 1074
292 100
292 164
292 228
292 356
292 420
292 484
292 681
292 836
292 1064
293 101
293 129
293 165
293 229
293 258
293 357
293 421
293 485
293 968
293 1160
294 102
294 166
294 230
294 358
294 422
294 486
295 103
295 167
295 226
295 231
295 359
295 423
295 442
295 487
295 869
295 924
295 1234
296 104
296 168
296 232
296 360
296 424
296 488
296 1153
297 105
297 169
297 233
297 361
297 425
297 489
297 988
298 106
298 170
298 234
298 344
298 362
298 426
298 490
299 107
299 171
299 235
299 363
299 370
299 427
299 491
299 792
300 108
300 123
300 172
300 236
300 364
300 428
300 492
300 920
301 109
301 173
301 237
301 365
301 429
301 493
301 837
301 864
302 110
302 174
302 238
302 285
302 366
302 430
302 494
302 1092
302 1252
303 111
303 175
303 180
303 239
303 367
303 431
303 433
303 495
304 112
304 176
304 240
304 247
304 306
304 368
304 415
304 432
304 443
304 496
305 113
305 177
305 241
305 369
305 433
305 492
305 497
305 563
305 1123
306 114
306 178
306 242
306 247
306 304
306 370
306 415
306 434
306 443
306 498
307 115
307 179
307 243
307 371
307 435
307 499
307 671
308 116
308 180
308 244
308 372
308 436
308 500
308 1185
309 117
309 181
309 245
309 373
309 437
309 501
309 1129
309 1218
310 118
310 182
310 246
310 356
310 374
310 438
310 502
311 119
311 136
311 183
311 247
311 375
311 439
311 503
311 530
311 866
311 1085
312 120
312 169
312 184
312 248
312 376
312 440
312 504
312 551
312 1106
313 121
313 185
313 249
313 377
313 441
313 505
313 633
313 1010
313 1250
314 81
314 122
314 157
314 186
314 250
314 378
314 442
314 506
315 123
315 187
315 251
315 379
315 443
315 507
315 602
315 620
316 124
316 188
316 252
316 380
316 444
316 446
316 508
316 635
317 125
317 189
317 253
317 337
317 369
317 381
317 445
317 509
317 632
317 958
317 991
318 126
318 190
318 254
318 382
318 446
318 510
319 51
319 127
319 190
319 191
319 255
319 383
319 447
319 511
319 564
319 607
319 746
319 1178
320 128
320 192
320 256
320 384
320 448
320 512
321 129
321 193
321 257
321 385
321 426
321 449
321 513
321 535
321 1136
321 1138
322 130
322 194
322 223
322 258
322 274
322 386
322 450
322 514
322 1090
323 131
323 195
323 209
323 259
323 387
323 451
323 515
323 684
323 1147
324 132
324 196
324 260
324 388
324 452
324 516
324 580
325 133
325 197
325 261
325 389
325 453
325 517
325 626
326 6
326 70
326 134
326 137
326 198
326 262
326 265
326 390
326 393
326 454
326 457
326 518
326 582
326 646
326 710
326 777
326 841
326 902
326 969
326 1033
326 1097
326 1158
326 1222
327 7
327 71
327 135
327 199
327 206
327 263
327 391
327 455
327 519
327 521
327 647
327 649
327 650
327 654
327 659
327 662
327 711
327 713
327 718
327 774
327 775
327 783
327 839
327 846
327 918
327 967
327 1031
327 1095
327 1159
327 1161
327 1166
327 1223
328 87
328 136
328 200
328 264
328 392
328 456
328 520
328 703
329 134
329 137
329 201
329 202
329 206
329 214
329 262
329 265
329 390
329 391
329 393
329 398
329 454
329 455
329 457
329 519
329 521
329 526
329 566
329 583
329 585
329 650
329 654
329 659
329 694
329 713
329 718
329 774
329 783
329 839
329 842
329 846
329 854
329 903
329 905
329 918
329 966
329 975
329 1030
329 1094
329 1124
329 1161
329 1174
329 1182
329 1226
329 1270
330 138
330 202
330 266
330 394
330 458
330 522
331 139
331 203
331 225
331 267
331 395
331 459
331 486
331 523
331 951
331 961
331 1170
332 140
332 204
332 268
332 396
332 451
332 460
332 524
332 738
332 1054
333 141
333 179
333 205
333 269
333 397
333 461
333 525
333 730
333 939
334 142
334 206
334 270
334 398
334 462
334 526
334 677
335 143
335 207
335 271
335 399
335 463
335 515
335 527
336 144
336 208
336 272
336 400
336 464
336 528
337 145
337 209
337 273
337 317
337 369
337 401
337 465
337 529
337 632
337 958
337 991
338 121
338 146
338 210
338 255
338 274
338 402
338 466
338 530
339 147
339 211
339 275
339 403
339 467
339 531
340 148
340 212
340 276
340 404
340 468
340 532
340 997
341 149
341 213
341 277
341 405
341 469
341 533
342 13
342 20
342 150
342 214
342 278
342 406
342 470
342 534
343 151
343 215
343 279
343 407
343 471
343 535
343 1236
344 152
344 216
344 280
344 298
344 408
344 472
344 536
345 153
345 177
345 217
345 281
345 409
345 473
345 537
345 756
346 154
346 218
346 282
346 410
346 474
346 538
346 1048
347 155
347 219
347 283
347 379
347 411
347 475
347 539
348 156
348 220
348 235
348 284
348 412
348 476
348 511
348 540
348 827
348 855
349 157
349 221
349 285
349 413
349 477
349 517
349 541
349 1001
349 1075
349 1200
350 74
350 83
350 158
350 222
350 286
350 414
350 478
350 542
350 784
351 53
351 159
351 223
351 257
351 287
351 415
351 429
351 479
351 543
352 62
352 160
352 224
352 288
352 416
352 480
352 544
353 41
353 161
353 225
353 289
353 417
353 481
353 545
354 162
354 226
354 290
354 418
354 482
354 546
355 38
355 163
355 227
355 291
355 419
355 483
355 547
355 1083
356 164
356 228
356 292
356 310
356 420
356 484
356 548
357 165
357 229
357 293
357 421
357 485
357 549
357 1021
357 1184
358 166
358 230
358 294
358 422
358 486
358 550
359 167
359 195
359 231
359 295
359 423
359 487
359 551
359 618
359 742
360 168
360 232
360 276
360 296
360 420
360 424
360 488
360 552
360 1191
361 169
361 233
361 297
361 425
361 489
361 553
361 622
362 170
362 218
362 234
362 298
362 426
362 490
362 554
362 601
362 1003
363 171
363 235
363 299
363 427
363 491
363 555
364 172
364 236
364 300
364 428
364 472
364 492
364 556
365 173
365 237
365 301
365 429
365 493
365 557
365 1122
366 174
366 238
366 302
366 430
366 494
366 558
366 1180
367 175
367 216
367 239
367 303
367 431
367 495
367 559
367 1101
368 176
368 240
368 304
368 432
368 474
368 496
368 560
368 1237
369 177
369 241
369 305
369 317
369 337
369 433
369 497
369 561
369 632
369 958
369 991
370 178
370 242
370 299
370 306
370 434
370 498
370 562
370 792
371 179
371 243
371 307
371 435
371 499
371 563
372 180
372 244
372 308
372 375
372 378
372 436
372 500
372 564
373 3
373 181
373 245
373 309
373 376
373 423
373 437
373 501
373 565
373 1051
373 1068
373 1247
374 182
374 246
374 310
374 438
374 502
374 566
374 670
374 780
375 183
375 247
375 311
375 372
375 378
375 439
375 503
375 567
376 3
376 184
376 248
376 312
376 373
376 423
376 440
376 504
376 568
376 1051
376 1068
376 1247
377 185
377 249
377 313
377 441
377 505
377 569
377 633
377 1010
377 1250
378 186
378 250
378 314
378 372
378 375
378 442
378 506
378 570
379 187
379 251
379 315
379 347
379 443
379 507
379 571
380 188
380 252
380 316
380 444
380 508
380 572
381 188
381 189
381 253
381 317
381 445
381 509
381 573
381 1012
381 1203
382 190
382 254
382 318
382 446
382 510
382 574
382 863
382 981
383 120
383 191
383 255
383 319
383 447
383 504
383 508
383 511
383 575
383 1115
384 192
384 256
384 320
384 448
384 512
384 576
385 193
385 257
385 321
385 449
385 513
385 577
386 194
386 258
386 322
386 450
386 514
386 578
386 972
387 110
387 195
387 259
387 323
387 451
387 515
387 579
388 196
388 260
388 324
388 452
388 516
388 580
389 69
389 197
389 261
389 325
389 453
389 517
389 581
389 661
390 134
390 198
390 201
390 202
390 206
390 214
390 262
390 326
390 329
390 391
390 398
390 454
390 455
390 518
390 519
390 521
390 526
390 566
390 582
390 583
390 585
390 650
390 654
390 659
390 694
390 713
390 718
390 774
390 783
390 839
390 842
390 846
390 854
390 903
390 905
390 918
390 966
390 975
390 1030
390 1094
390 1124
390 1161
390 1174
390 1182
390 1226
390 1230
390 1270
391 7
391 71
391 134
391 135
391 199
391 201
391 206
391 214
391 262
391 263
391 327
391 329
391 390
391 398
391 455
391 519
391 521
391 526
391 566
391 583
391 585
391 647
391 649
391 650
391 654
391 659
391 662
391 694
391 711
391 713
391 718
391 774
391 775
391 783
391 839
391 842
391 846
391 854
391 903
391 905
391 918
391 967
391 1031
391 1094
391 1095
391 1159
391 1161
391 1166
391 1223
391 1226
391 1230
391 1270
392 200
392 264
392 328
392 456
392 520
392 584
392 834
392 1089
392 1243
393 6
393 70
393 137
393 198
393 201
393 265
393 326
393 329
393 457
393 518
393 521
393 582
393 585
393 646
393 710
393 777
393 841
393 902
393 969
393 1033
393 1097
393 1158
393 1222
394 202
394 266
394 330
394 458
394 522
394 586
395 37
395 203
395 267
395 331
395 459
395 523
395 587
395 764
395 867
396 204
396 268
396 332
396 460
396 524
396 537
396 588
396 667
396 727
397 205
397 269
397 333
397 461
397 525
397 589
397 883
398 134
398 135
398 201
398 202
398 206
398 214
398 262
398 270
398 329
398 334
398 390
398 391
398 454
398 455
398 462
398 519
398 521
398 526
398 566
398 583
398 585
398 590
398 650
398 654
398 659
398 662
398 694
398 711
398 713
398 718
398 774
398 783
398 839
398 842
398 846
398 854
398 903
398 905
398 918
398 967
398 975
398 1030
398 1031
398 1094
398 1095
398 1159
398 1161
398 1166
398 1174
398 1226
398 1230
398 1270
399 207
399 271
399 335
399 463
399 464
399 527
399 591
400 208
400 272
400 336
400 464
400 528
400 592
401 95
401 209
401 273
401 337
401 465
401 529
401 593
401 623
402 210
402 274
402 338
402 466
402 530
402 594
403 211
403 275
403 339
403 467
403 531
403 595
404 212
404 264
404 276
404 340
404 468
404 532
404 596
404 989
405 213
405 277
405 341
405 469
405 495
405 533
405 597
405 629
406 214
406 278
406 342
406 470
406 534
406 598
407 215
407 279
407 343
407 471
407 535
407 599
407 619
408 43
408 216
408 280
408 344
408 472
408 536
408 600
408 875
408 921
409 217
409 281
409 345
409 473
409 537
409 601
410 218
410 282
410 346
410 474
410 538
410 602
410 830
411 46
411 219
411 283
411 347
411 475
411 539
411 603
411 652
411 678
411 1133
412 220
412 284
412 348
412 476
412 540
412 604
412 933
412 952
412 1080
413 221
413 285
413 349
413 477
413 541
413 605
413 1173
414 222
414 286
414 350
414 478
414 542
414 606
415 223
415 247
415 287
415 304
415 306
415 351
415 443
415 479
415 543
415 607
416 58
416 224
416 288
416 352
416 480
416 544
416 608
417 193
417 225
417 289
417 353
417 481
417 545
417 605
417 609
417 679
417 1037
418 77
418 194
418 226
418 290
418 354
418 482
418 546
418 549
418 610
419 227
419 291
419 355
419 428
419 483
419 547
419 611
419 1135
420 228
420 276
420 292
420 356
420 360
420 484
420 548
420 612
420 1191
421 229
421 293
421 357
421 485
421 549
421 613
421 794
421 1244
422 230
422 239
422 294
422 358
422 486
422 550
422 614
423 3
423 231
423 295
423 359
423 373
423 376
423 487
423 551
423 615
423 1051
423 1068
423 1247
424 232
424 296
424 360
424 488
424 552
424 616
424 773
425 233
425 297
425 361
425 489
425 553
425 617
425 1274
426 234
426 298
426 321
426 362
426 490
426 535
426 554
426 618
426 1136
426 1138
427 235
427 299
427 363
427 491
427 555
427 619
427 914
427 948
427 959
428 236
428 300
428 364
428 419
428 492
428 556
428 620
428 1135
429 53
429 237
429 257
429 301
429 351
429 365
429 493
429 557
429 621
430 212
430 238
430 302
430 366
430 494
430 558
430 622
430 762
431 239
431 303
431 367
431 495
431 559
431 623
431 1128
432 240
432 304
432 368
432 496
432 560
432 624
433 180
433 241
433 303
433 305
433 369
433 497
433 561
433 625
434 242
434 291
434 306
434 370
434 476
434 498
434 562
434 626
434 737
434 1074
435 243
435 307
435 371
435 499
435 563
435 627
435 798
435 1273
436 224
436 244
436 308
436 372
436 500
436 564
436 628
436 1143
437 84
437 245
437 309
437 373
437 501
437 565
437 596
437 629
438 246
438 310
438 374
438 502
438 566
438 630
438 1168
439 247
439 311
439 375
439 503
439 567
439 631
440 8
440 114
440 248
440 312
440 376
440 504
440 568
440 632
440 944
441 249
441 313
441 377
441 505
441 569
441 633
441 1071
442 226
442 250
442 295
442 314
442 378
442 506
442 570
442 634
442 869
442 924
442 1234
443 247
443 251
443 304
443 306
443 315
443 379
443 415
443 507
443 571
443 635
444 252
444 316
444 380
444 508
444 569
444 572
444 636
445 253
445 317
445 381
445 509
445 539
445 573
445 637
446 254
446 316
446 318
446 382
446 510
446 574
446 635
446 638
447 255
447 277
447 319
447 383
447 496
447 511
447 575
447 639
447 828
447 1073
447 1119
448 16
448 256
448 320
448 384
448 512
448 576
448 589
448 640
449 257
449 321
449 385
449 513
449 577
449 641
449 1125
450 258
450 322
450 386
450 514
450 578
450 642
451 259
451 323
451 332
451 387
451 515
451 579
451 643
451 738
451 1054
452 260
452 324
452 388
452 516
452 580
452 644
453 162
453 261
453 325
453 389
453 517
453 581
453 645
454 9
454 73
454 134
454 150
454 201
454 202
454 206
454 214
454 262
454 326
454 329
454 390
454 398
454 470
454 518
454 526
454 566
454 582
454 583
454 585
454 630
454 646
454 650
454 659
454 694
454 783
454 839
454 842
454 854
454 903
454 905
454 918
454 966
454 975
454 1024
454 1030
454 1094
454 1124
454 1161
454 1174
454 1182
454 1216
454 1226
454 1270
455 7
455 71
455 135
455 199
455 201
455 206
455 214
455 263
455 327
455 329
455 390
455 391
455 398
455 519
455 521
455 526
455 583
455 647
455 649
455 650
455 654
455 659
455 662
455 711
455 713
455 718
455 774
455 775
455 783
455 839
455 846
455 903
455 905
455 918
455 967
455 1031
455 1094
455 1095
455 1159
455 1161
455 1166
455 1223
455 1230
455 1270
456 264
456 328
456 392
456 520
456 584
456 648
456 680
456 1081
457 6
457 70
457 137
457 198
457 265
457 326
457 329
457 393
457 518
457 521
457 582
457 585
457 646
457 649
457 710
457 777
457 841
457 902
457 969
457 1033
457 1097
457 1158
457 1222
458 266
458 330
458 394
458 522
458 586
458 650
458 1088
459 267
459 331
459 395
459 523
459 587
459 651
459 809
460 268
460 332
460 396
460 524
460 588
460 652
460 859
461 269
461 333
461 397
461 525
461 589
461 653
461 1177
462 270
462 334
462 398
462 526
462 590
462 654
463 54
463 271
463 335
463 399
463 527
463 591
463 655
463 1060
464 272
464 336
464 399
464 400
464 528
464 592
464 656
465 273
465 337
465 401
465 529
465 593
465 657
465 1146
466 274
466 338
466 402
466 530
466 594
466 658
467 222
467 275
467 339
467 403
467 531
467 595
467 659
468 276
468 340
468 404
468 532
468 596
468 660
468 682
468 721
468 983
469 277
469 341
469 405
469 533
469 571
469 597
469 661
469 1011
470 9
470 73
470 134
470 150
470 202
470 262
470 278
470 342
470 406
470 454
470 534
470 583
470 598
470 630
470 662
470 768
470 822
470 838
470 910
470 966
470 975
470 1024
470 1030
470 1124
470 1174
470 1182
470 1216
470 1226
470 1246
471 173
471 279
471 343
471 407
471 535
471 599
471 663
472 280
472 344
472 364
472 408
472 536
472 600
472 664
473 281
473 345
473 409
473 483
473 537
473 601
473 665
473 1150
474 282
474 346
474 368
474 410
474 538
474 602
474 666
474 1237
475 26
475 283
475 347
475 411
475 539
475 603
475 667
475 698
475 735
475 760
475 945
475 1139
475 1179
476 284
476 291
476 348
476 412
476 434
476 540
476 604
476 668
476 737
476 1074
477 106
477 254
477 285
477 349
477 413
477 533
477 541
477 605
477 669
478 286
478 350
478 414
478 542
478 606
478 670
478 829
478 892
479 210
479 287
479 351
479 415
479 543
479 607
479 609
479 671
480 288
480 352
480 416
480 544
480 608
480 672
481 289
481 353
481 417
481 545
481 609
481 625
481 673
481 1215
482 33
482 232
482 289
482 290
482 354
482 418
482 546
482 610
482 674
482 1017
483 291
483 355
483 419
483 473
483 547
483 611
483 675
483 1150
484 292
484 356
484 420
484 548
484 612
484 676
484 1220
485 242
485 279
485 293
485 357
485 421
485 549
485 613
485 677
485 1013
485 1100
486 225
486 294
486 331
486 358
486 422
486 550
486 614
486 678
486 951
486 961
486 1170
487 116
487 295
487 359
487 423
487 551
487 615
487 679
488 296
488 360
488 424
488 552
488 616
488 680
489 186
489 297
489 361
489 425
489 553
489 577
489 617
489 681
489 747
489 1130
490 298
490 362
490 426
490 554
490 618
490 682
490 688
490 1209
491 25
491 299
491 363
491 427
491 540
491 555
491 562
491 619
491 683
491 1276
492 300
492 305
492 364
492 428
492 556
492 563
492 620
492 684
492 1123
493 301
493 365
493 429
493 557
493 621
493 685
493 799
494 102
494 302
494 366
494 430
494 558
494 622
494 686
495 303
495 367
495 405
495 431
495 559
495 623
495 629
495 687
496 277
496 304
496 368
496 432
496 447
496 560
496 624
496 688
496 828
496 1073
496 1119
497 305
497 369
497 433
497 561
497 570
497 625
497 689
497 1196
498 306
498 370
498 434
498 562
498 626
498 690
498 692
498 749
498 1096
499 307
499 371
499 435
499 563
499 627
499 634
499 691
500 224
500 308
500 372
500 436
500 564
500 628
500 692
500 1143
501 309
501 373
501 437
501 565
501 629
501 693
501 717
502 310
502 374
502 438
502 566
502 630
502 691
502 694
502 724
503 251
503 311
503 375
503 439
503 567
503 631
503 695
503 786
503 938
503 1145
504 120
504 312
504 376
504 383
504 440
504 508
504 568
504 632
504 696
504 1115
505 154
505 313
505 377
505 441
505 536
505 561
505 569
505 633
505 697
505 763
505 1228
506 314
506 378
506 442
506 570
506 634
506 698
506 1210
507 315
507 379
507 443
507 571
507 635
507 699
508 120
508 316
508 380
508 383
508 444
508 504
508 572
508 636
508 700
508 1115
509 317
509 381
509 445
509 573
509 637
509 701
509 858
510 318
510 382
510 446
510 574
510 637
510 638
510 702
511 235
511 319
511 348
511 383
511 447
511 575
511 639
511 703
511 827
511 855
512 320
512 384
512 448
512 576
512 640
512 704
513 321
513 385
513 449
513 577
513 641
513 705
513 734
513 779
514 42
514 322
514 386
514 450
514 578
514 642
514 706
514 919
515 323
515 335
515 387
515 451
515 579
515 643
515 707
516 324
516 388
516 452
516 580
516 644
516 708
517 325
517 349
517 389
517 453
517 581
517 645
517 709
517 1001
517 1075
517 1200
518 6
518 70
518 137
518 198
518 265
518 326
518 390
518 393
518 454
518 457
518 582
518 646
518 710
518 777
518 841
518 902
518 969
518 1033
518 1097
518 1158
518 1222
519 7
519 71
519 135
519 199
519 201
519 206
519 214
519 263
519 327
519 329
519 390
519 391
519 398
519 455
519 521
519 526
519 566
519 583
519 585
519 647
519 649
519 650
519 654
519 659
519 662
519 694
519 711
519 713
519 718
519 774
519 775
519 783
519 839
519 842
519 846
519 854
519 903
519 905
519 918
519 967
519 1031
519 1094
519 1095
519 1159
519 1161
519 1166
519 1223
519 1226
519 1230
519 1270
520 328
520 392
520 456
520 584
520 648
520 712
520 796
520 1036
520 1120
520 1248
521 7
521 71
521 135
521 199
521 201
521 206
521 214
521 263
521 327
521 329
521 390
521 391
521 393
521 398
521 455
521 457
521 519
521 526
521 566
521 585
521 647
521 649
521 650
521 654
521 659
521 662
521 694
521 711
521 713
521 718
521 774
521 775
521 783
521 839
521 842
521 846
521 903
521 905
521 918
521 967
521 1031
521 1094
521 1095
521 1159
521 1161
521 1166
521 1223
521 1230
521 1270
522 330
522 394
522 458
522 586
522 650
522 714
523 17
523 331
523 395
523 459
523 587
523 651
523 715
524 332
524 396
524 460
524 588
524 652
524 696
524 716
524 954
525 158
525 333
525 397
525 461
525 589
525 653
525 675
525 717
525 1239
526 134
526 201
526 202
526 206
526 214
526 262
526 329
526 334
526 390
526 391
526 398
526 454
526 455
526 462
526 519
526 521
526 566
526 583
526 585
526 590
526 650
526 654
526 659
526 694
526 713
526 718
526 774
526 783
526 839
526 842
526 846
526 854
526 903
526 905
526 918
526 966
526 975
526 1030
526 1094
526 1124
526 1161
526 1174
526 1182
526 1226
526 1230
526 1270
527 335
527 399
527 463
527 591
527 655
527 719
528 336
528 400
528 464
528 592
528 656
528 720
529 48
529 337
529 401
529 465
529 593
529 657
529 721
529 745
529 871
529 1241
530 136
530 311
530 338
530 402
530 466
530 594
530 658
530 722
530 866
530 1085
531 339
531 403
531 467
531 595
531 659
531 723
532 288
532 340
532 404
532 468
532 596
532 660
532 724
532 732
532 823
532 904
532 980
533 106
533 254
533 341
533 405
533 469
533 477
533 597
533 661
533 725
534 271
534 342
534 406
534 470
534 598
534 662
534 726
535 321
535 343
535 407
535 426
535 471
535 599
535 663
535 727
535 1136
535 1138
536 154
536 344
536 408
536 472
536 505
536 561
536 600
536 664
536 728
536 763
536 1228
537 345
537 396
537 409
537 473
537 601
537 665
537 667
537 727
537 729
538 85
538 346
538 410
538 474
538 602
538 666
538 730
539 347
539 411
539 445
539 475
539 603
539 667
539 731
540 25
540 348
540 412
540 476
540 491
540 562
540 604
540 668
540 732
540 1276
541 349
541 413
541 477
541 605
541 669
541 733
542 350
542 414
542 478
542 606
542 670
542 734
542 1055
543 12
543 351
543 415
543 479
543 607
543 671
543 735
543 1042
544 352
544 416
544 480
544 608
544 672
544 736
544 1194
545 353
545 417
545 481
545 609
545 673
545 737
545 801
546 354
546 418
546 482
546 610
546 674
546 738
547 355
547 419
547 483
547 611
547 675
547 739
547 888
547 1265
548 356
548 420
548 484
548 612
548 676
548 740
549 77
549 194
549 357
549 418
549 421
549 485
549 613
549 677
549 741
550 103
550 358
550 422
550 486
550 614
550 678
550 742
550 849
550 1181
551 169
551 312
551 359
551 423
551 487
551 615
551 679
551 743
551 1106
552 360
552 424
552 488
552 616
552 680
552 744
552 1045
553 361
553 425
553 489
553 617
553 681
553 745
553 793
553 1035
554 362
554 426
554 490
554 618
554 682
554 746
555 82
555 363
555 427
555 491
555 619
555 683
555 739
555 747
556 364
556 428
556 492
556 620
556 684
556 728
556 748
556 1272
557 365
557 429
557 493
557 621
557 685
557 749
558 366
558 430
558 494
558 622
558 686
558 750
558 1069
559 367
559 431
559 495
559 623
559 687
559 731
559 751
559 1148
560 368
560 432
560 496
560 624
560 688
560 752
560 789
560 862
561 154
561 369
561 433
561 497
561 505
561 536
561 625
561 689
561 753
561 763
561 1228
562 25
562 370
562 434
562 491
562 498
562 540
562 626
562 690
562 754
562 1276
563 305
563 371
563 435
563 492
563 499
563 627
563 691
563 755
563 1123
564 51
564 190
564 319
564 372
564 436
564 500
564 607
564 628
564 692
564 746
564 756
564 1178
565 373
565 437
565 501
565 629
565 693
565 757
565 890
566 73
566 134
566 201
566 202
566 206
566 214
566 262
566 329
566 374
566 390
566 391
566 398
566 438
566 454
566 502
566 519
566 521
566 526
566 583
566 585
566 630
566 650
566 654
566 659
566 694
566 713
566 718
566 758
566 774
566 783
566 839
566 842
566 846
566 854
566 903
566 905
566 918
566 966
566 975
566 1030
566 1094
566 1124
566 1161
566 1174
566 1182
566 1226
566 1230
566 1270
567 375
567 439
567 503
567 631
567 695
567 759
567 898
567 1217
568 376
568 440
568 504
568 632
568 696
568 760
568 1258
569 377
569 441
569 444
569 505
569 633
569 697
569 761
570 378
570 442
570 497
570 506
570 634
570 698
570 762
570 1196
571 379
571 443
571 469
571 507
571 635
571 699
571 763
571 1011
572 28
572 97
572 161
572 380
572 444
572 508
572 636
572 700
572 764
572 1126
573 151
573 381
573 445
573 509
573 637
573 701
573 765
573 766
573 953
574 191
574 213
574 382
574 446
574 510
574 638
574 702
574 766
574 844
575 383
575 447
575 511
575 639
575 703
575 767
575 891
575 984
576 384
576 448
576 512
576 640
576 704
576 726
576 768
577 186
577 385
577 449
577 489
577 513
577 641
577 705
577 747
577 769
577 1130
578 386
578 450
578 514
578 642
578 706
578 715
578 770
578 865
579 387
579 451
579 515
579 643
579 707
579 771
580 324
580 388
580 452
580 516
580 644
580 708
580 772
581 389
581 453
581 517
581 645
581 709
581 773
581 909
582 6
582 70
582 137
582 198
582 265
582 326
582 390
582 393
582 454
582 457
582 518
582 646
582 710
582 774
582 777
582 841
582 902
582 969
582 1033
582 1097
582 1158
582 1222
583 9
583 73
583 134
583 150
583 201
583 202
583 206
583 214
583 262
583 329
583 390
583 391
583 398
583 454
583 455
583 470
583 519
583 526
583 566
583 585
583 630
583 647
583 650
583 659
583 694
583 711
583 718
583 775
583 783
583 839
583 842
583 846
583 854
583 903
583 905
583 918
583 966
583 975
583 1024
583 1030
583 1094
583 1124
583 1161
583 1174
583 1182
583 1216
583 1226
583 1230
583 1270
584 392
584 456
584 520
584 648
584 712
584 776
584 1204
585 73
585 134
585 201
585 202
585 206
585 214
585 262
585 329
585 390
585 391
585 393
585 398
585 454
585 457
585 519
585 521
585 526
585 566
585 583
585 649
585 650
585 654
585 659
585 694
585 713
585 718
585 777
585 783
585 839
585 842
585 846
585 854
585 903
585 905
585 918
585 966
585 975
585 1030
585 1094
585 1124
585 1161
585 1174
585 1182
585 1226
585 1230
585 1270
586 394
586 458
586 522
586 650
586 714
586 778
587 395
587 459
587 523
587 651
587 665
587 715
587 779
587 1190
588 39
588 396
588 460
588 524
588 610
588 652
588 716
588 767
588 780
589 16
589 397
589 448
589 461
589 525
589 653
589 717
589 781
590 64
590 398
590 462
590 526
590 654
590 718
590 782
591 399
591 463
591 527
591 655
591 719
591 783
591 806
592 400
592 464
592 528
592 656
592 720
592 784
593 401
593 465
593 529
593 657
593 721
593 785
594 245
594 402
594 466
594 530
594 613
594 658
594 697
594 722
594 786
594 936
595 403
595 467
595 531
595 659
595 723
595 787
596 84
596 404
596 437
596 468
596 532
596 660
596 724
596 788
597 24
597 405
597 469
597 533
597 661
597 725
597 789
598 9
598 73
598 150
598 202
598 406
598 470
598 534
598 630
598 662
598 726
598 768
598 790
598 822
598 838
598 910
598 966
598 1024
598 1124
598 1174
598 1182
598 1216
598 1225
598 1246
599 156
599 407
599 471
599 535
599 663
599 727
599 791
599 1279
600 408
600 472
600 536
600 664
600 728
600 792
601 218
601 362
601 409
601 473
601 537
601 665
601 729
601 793
601 1003
602 315
602 410
602 474
602 538
602 620
602 666
602 730
602 794
603 411
603 475
603 539
603 667
603 731
603 795
604 412
604 476
604 540
604 668
604 732
604 796
604 1110
605 193
605 413
605 417
605 477
605 541
605 669
605 679
605 733
605 797
605 1037
606 414
606 478
606 542
606 670
606 734
606 798
606 1070
607 51
607 190
607 319
607 415
607 479
607 543
607 564
607 671
607 735
607 746
607 799
607 1178
608 416
608 480
608 544
608 672
608 709
608 736
608 800
608 810
608 861
608 1127
609 210
609 417
609 479
609 481
609 545
609 673
609 737
609 801
610 39
610 418
610 482
610 546
610 588
610 674
610 738
610 767
610 802
611 93
611 419
611 483
611 547
611 675
611 739
611 803
611 879
612 79
612 420
612 484
612 548
612 676
612 740
612 804
613 245
613 421
613 485
613 549
613 594
613 677
613 697
613 741
613 805
613 936
614 422
614 486
614 550
614 678
614 742
614 806
615 423
615 487
615 551
615 679
615 729
615 743
615 807
616 424
616 488
616 552
616 680
616 744
616 808
616 990
617 425
617 489
617 553
617 681
617 745
617 809
618 195
618 359
618 426
618 490
618 554
618 682
618 742
618 746
618 810
619 407
619 427
619 491
619 555
619 683
619 747
619 811
620 315
620 428
620 492
620 556
620 602
620 684
620 748
620 812
621 164
621 429
621 493
621 557
621 685
621 686
621 749
621 813
621 835
622 361
622 430
622 494
622 558
622 686
622 750
622 814
623 95
623 401
623 431
623 495
623 559
623 687
623 751
623 815
624 126
624 432
624 496
624 560
624 688
624 752
624 816
624 1087
625 433
625 481
625 497
625 561
625 689
625 753
625 817
625 1215
626 325
626 434
626 498
626 562
626 690
626 754
626 818
627 283
627 435
627 499
627 563
627 691
627 702
627 755
627 819
628 436
628 500
628 564
628 692
628 756
628 820
628 1242
629 405
629 437
629 495
629 501
629 565
629 693
629 757
629 821
630 9
630 73
630 134
630 150
630 202
630 262
630 438
630 454
630 470
630 502
630 566
630 583
630 598
630 694
630 758
630 768
630 822
630 838
630 854
630 910
630 966
630 975
630 1024
630 1030
630 1124
630 1174
630 1182
630 1216
630 1226
630 1246
631 439
631 503
631 567
631 695
631 759
631 811
631 823
631 1259
632 317
632 337
632 369
632 440
632 504
632 568
632 696
632 760
632 824
632 958
632 991
633 313
633 377
633 441
633 505
633 569
633 697
633 761
633 825
633 1010
633 1250
634 442
634 499
634 506
634 570
634 698
634 762
634 826
635 316
635 443
635 446
635 507
635 571
635 699
635 763
635 827
636 444
636 508
636 572
636 700
636 764
636 828
637 445
637 509
637 510
637 573
637 701
637 765
637 829
638 185
638 446
638 510
638 574
638 702
638 766
638 830
639 447
639 511
639 575
639 703
639 767
639 831
640 448
640 512
640 576
640 704
640 768
640 832
641 449
641 513
641 577
641 648
641 705
641 769
641 833
642 450
642 514
642 578
642 706
642 770
642 834
642 878
642 1093
643 211
643 451
643 515
643 579
643 707
643 771
643 835
644 452
644 516
644 580
644 708
644 772
644 836
645 453
645 517
645 581
645 709
645 773
645 837
646 6
646 70
646 137
646 198
646 265
646 326
646 393
646 454
646 457
646 518
646 582
646 710
646 774
646 777
646 838
646 841
646 902
646 969
646 1033
646 1097
646 1158
646 1222
647 7
647 71
647 135
647 199
647 263
647 327
647 391
647 455
647 519
647 521
647 583
647 649
647 654
647 662
647 711
647 713
647 718
647 774
647 775
647 839
647 846
647 967
647 1031
647 1095
647 1159
647 1166
647 1223
648 456
648 520
648 584
648 641
648 712
648 776
648 840
649 7
649 71
649 135
649 199
649 206
649 214
649 263
649 327
649 391
649 455
649 457
649 519
649 521
649 585
649 647
649 650
649 654
649 659
649 662
649 711
649 713
649 718
649 774
649 775
649 777
649 783
649 839
649 841
649 846
649 918
649 967
649 1031
649 1095
649 1159
649 1161
649 1166
649 1223
649 1230
650 7
650 71
650 134
650 135
650 199
650 201
650 206
650 214
650 262
650 263
650 327
650 329
650 390
650 391
650 398
650 454
650 455
650 458
650 519
650 521
650 522
650 526
650 566
650 583
650 585
650 586
650 649
650 654
650 659
650 662
650 694
650 711
650 713
650 714
650 718
650 774
650 775
650 778
650 783
650 839
650 842
650 846
650 854
650 903
650 905
650 918
650 967
650 1031
650 1094
650 1095
650 1159
650 1161
650 1166
650 1223
650 1226
650 1230
650 1270
651 459
651 523
651 587
651 715
651 779
651 843
651 1189
652 46
652 411
652 460
652 524
652 588
652 678
652 716
652 780
652 844
652 1133
653 461
653 525
653 589
653 717
653 781
653 845
653 1257
654 7
654 71
654 135
654 199
654 201
654 206
654 214
654 263
654 327
654 329
654 390
654 391
654 398
654 455
654 462
654 519
654 521
654 526
654 566
654 585
654 590
654 647
654 649
654 650
654 659
654 662
654 694
654 711
654 713
654 718
654 774
654 775
654 782
654 783
654 839
654 842
654 846
654 903
654 905
654 918
654 967
654 1031
654 1094
654 1095
654 1159
654 1161
654 1166
654 1223
654 1230
654 1270
655 463
655 527
655 591
655 719
655 783
655 847
656 464
656 528
656 592
656 720
656 784
656 848
657 465
657 529
657 593
657 721
657 785
657 849
657 1041
657 1098
658 466
658 530
658 594
658 722
658 786
658 850
659 134
659 135
659 199
659 201
659 206
659 214
659 262
659 327
659 329
659 390
659 391
659 398
659 454
659 455
659 467
659 519
659 521
659 526
659 531
659 566
659 583
659 585
659 595
659 649
659 650
659 654
659 662
659 694
659 711
659 713
659 718
659 723
659 774
659 775
659 783
659 787
659 839
659 842
659 846
659 851
659 854
659 903
659 905
659 918
659 967
659 975
659 1030
659 1031
659 1094
659 1095
659 1159
659 1161
659 1166
659 1226
659 1230
659 1270
660 468
660 532
660 596
660 724
660 788
660 852
661 69
661 389
661 469
661 533
661 597
661 725
661 789
661 853
662 7
662 71
662 135
662 199
662 206
662 214
662 263
662 327
662 391
662 398
662 455
662 470
662 519
662 521
662 534
662 598
662 647
662 649
662 650
662 654
662 659
662 711
662 713
662 718
662 726
662 774
662 775
662 783
662 790
662 839
662 846
662 854
662 903
662 905
662 918
662 967
662 1031
662 1095
662 1159
662 1161
662 1166
662 1223
662 1230
663 471
663 535
663 599
663 727
663 791
663 855
663 1142
664 472
664 536
664 600
664 728
664 792
664 856
664 993
665 473
665 537
665 587
665 601
665 729
665 793
665 857
665 1190
666 268
666 474
666 538
666 602
666 730
666 794
666 858
666 935
666 962
667 396
667 475
667 537
667 539
667 603
667 727
667 731
667 795
667 859
668 476
668 540
668 604
668 732
668 796
668 860
668 1205
669 477
669 541
669 605
669 733
669 797
669 861
670 374
670 478
670 542
670 606
670 734
670 780
670 798
670 862
671 307
671 479
671 543
671 607
671 735
671 799
671 863
672 50
672 160
672 480
672 544
672 608
672 706
672 736
672 800
672 864
673 481
673 545
673 609
673 737
673 801
673 865
674 105
674 119
674 482
674 546
674 610
674 738
674 802
674 866
674 880
675 158
675 483
675 525
675 547
675 611
675 739
675 803
675 867
675 1239
676 484
676 548
676 612
676 740
676 804
676 868
677 334
677 485
677 549
677 613
677 741
677 805
677 869
678 46
678 411
678 486
678 550
678 614
678 652
678 742
678 806
678 870
678 1133
679 193
679 417
679 487
679 551
679 605
679 615
679 743
679 807
679 871
679 1037
680 456
680 488
680 552
680 616
680 744
680 808
680 872
680 1081
681 292
681 489
681 553
681 617
681 745
681 809
681 836
681 873
681 1064
682 468
682 490
682 554
682 618
682 721
682 746
682 810
682 874
682 983
683 227
683 491
683 555
683 619
683 747
683 811
683 853
683 875
683 986
683 1264
684 209
684 323
684 492
684 556
684 620
684 748
684 812
684 876
684 1147
685 493
685 557
685 621
685 749
685 813
685 877
686 164
686 494
686 558
686 621
686 622
686 750
686 814
686 835
686 878
687 495
687 559
687 623
687 751
687 815
687 879
688 490
688 496
688 560
688 624
688 752
688 816
688 880
688 1209
689 237
689 497
689 561
689 625
689 753
689 817
689 881
689 985
690 498
690 562
690 626
690 716
690 754
690 818
690 882
690 1020
691 499
691 502
691 563
691 627
691 724
691 755
691 819
691 883
692 498
692 500
692 564
692 628
692 749
692 756
692 820
692 884
692 1096
693 94
693 501
693 565
693 629
693 757
693 821
693 885
693 971
693 973
693 1197
694 134
694 201
694 202
694 206
694 214
694 262
694 329
694 390
694 391
694 398
694 454
694 502
694 519
694 521
694 526
694 566
694 583
694 585
694 630
694 650
694 654
694 659
694 713
694 718
694 758
694 774
694 783
694 822
694 839
694 842
694 846
694 854
694 886
694 903
694 905
694 918
694 966
694 975
694 1030
694 1094
694 1124
694 1161
694 1174
694 1182
694 1226
694 1230
694 1270
695 503
695 567
695 631
695 759
695 823
695 887
696 504
696 524
696 568
696 632
696 760
696 824
696 888
696 954
697 245
697 505
697 569
697 594
697 613
697 633
697 761
697 825
697 889
697 936
698 26
698 475
698 506
698 570
698 634
698 735
698 760
698 762
698 826
698 890
698 945
698 1139
698 1179
699 241
699 261
699 507
699 571
699 635
699 763
699 826
699 827
699 891
699 908
699 1199
700 234
700 508
700 572
700 636
700 764
700 828
700 892
701 509
701 573
701 637
701 765
701 829
701 882
701 893
702 283
702 510
702 574
702 627
702 638
702 766
702 830
702 894
703 87
703 328
703 511
703 575
703 639
703 767
703 831
703 895
704 512
704 576
704 640
704 768
704 832
704 896
705 513
705 577
705 641
705 734
705 769
705 779
705 833
705 897
706 50
706 160
706 514
706 578
706 642
706 672
706 770
706 834
706 898
707 68
707 515
707 579
707 643
707 771
707 835
707 899
708 516
708 580
708 644
708 772
708 814
708 836
708 900
709 517
709 581
709 608
709 645
709 773
709 810
709 837
709 861
709 901
709 1127
710 6
710 70
710 137
710 198
710 265
710 326
710 393
710 457
710 518
710 582
710 646
710 774
710 777
710 838
710 841
710 902
710 969
710 1033
710 1097
710 1158
710 1222
711 7
711 71
711 135
711 199
711 201
711 206
711 214
711 263
711 327
711 391
711 398
711 455
711 519
711 521
711 583
711 647
711 649
711 650
711 654
711 659
711 662
711 713
711 718
711 774
711 775
711 783
711 839
711 846
711 903
711 905
711 918
711 967
711 1031
711 1095
711 1159
711 1161
711 1166
711 1223
711 1230
712 217
712 520
712 584
712 648
712 776
712 840
712 904
712 925
713 7
713 71
713 135
713 199
713 201
713 206
713 214
713 263
713 327
713 329
713 390
713 391
713 398
713 455
713 519
713 521
713 526
713 566
713 585
713 647
713 649
713 650
713 654
713 659
713 662
713 694
713 711
713 718
713 774
713 775
713 777
713 783
713 839
713 841
713 842
713 846
713 903
713 905
713 918
713 967
713 1031
713 1094
713 1095
713 1159
713 1161
713 1166
713 1223
713 1230
713 1270
714 522
714 586
714 650
714 778
714 842
714 906
715 523
715 578
715 587
715 651
715 779
715 843
715 865
715 907
716 524
716 588
716 652
716 690
716 780
716 844
716 908
716 1020
717 501
717 525
717 589
717 653
717 781
717 845
717 909
718 7
718 71
718 134
718 135
718 199
718 201
718 206
718 214
718 262
718 263
718 327
718 329
718 390
718 391
718 398
718 455
718 519
718 521
718 526
718 566
718 583
718 585
718 590
718 647
718 649
718 650
718 654
718 659
718 662
718 694
718 711
718 713
718 774
718 775
718 782
718 783
718 839
718 842
718 846
718 854
718 903
718 905
718 910
718 918
718 967
718 1031
718 1094
718 1095
718 1159
718 1161
718 1166
718 1223
718 1226
718 1230
718 1270
719 527
719 591
719 655
719 783
719 847
719 911
719 1102
720 528
720 592
720 656
720 784
720 848
720 912
721 468
721 529
721 593
721 657
721 682
721 785
721 849
721 913
721 983
722 530
722 594
722 658
722 786
722 816
722 850
722 914
722 917
722 1212
723 531
723 595
723 659
723 740
723 787
723 851
723 915
723 1262
724 502
724 532
724 596
724 660
724 691
724 788
724 852
724 916
725 533
725 597
725 661
725 789
725 853
725 917
725 1004
726 534
726 576
726 598
726 662
726 790
726 854
726 918
727 396
727 535
727 537
727 599
727 663
727 667
727 791
727 855
727 919
728 536
728 556
728 600
728 664
728 792
728 856
728 920
728 1272
729 537
729 601
729 615
729 665
729 793
729 857
729 921
730 179
730 333
730 538
730 602
730 666
730 794
730 858
730 922
730 939
731 539
731 559
731 603
731 667
731 795
731 859
731 923
731 1148
732 288
732 532
732 540
732 604
732 668
732 796
732 823
732 860
732 904
732 924
732 980
733 541
733 605
733 669
733 797
733 861
733 925
733 1066
733 1175
734 513
734 542
734 606
734 670
734 705
734 779
734 798
734 862
734 926
735 26
735 475
735 543
735 607
735 671
735 698
735 760
735 799
735 863
735 927
735 945
735 1139
735 1179
736 544
736 608
736 672
736 800
736 864
736 928
736 1240
737 291
737 434
737 476
737 545
737 609
737 673
737 801
737 865
737 929
737 1074
738 332
738 451
738 546
738 610
738 674
738 802
738 866
738 930
738 1054
739 82
739 547
739 555
739 611
739 675
739 803
739 867
739 931
740 548
740 612
740 676
740 723
740 804
740 868
740 932
740 1262
741 178
741 549
741 613
741 677
741 805
741 857
741 869
741 933
742 195
742 359
742 550
742 614
742 618
742 678
742 806
742 870
742 934
743 551
743 615
743 679
743 807
743 871
743 935
744 91
744 107
744 171
744 240
744 552
744 616
744 680
744 808
744 872
744 922
744 936
745 48
745 529
745 553
745 617
745 681
745 809
745 871
745 873
745 937
745 1241
746 51
746 190
746 319
746 554
746 564
746 607
746 618
746 682
746 810
746 874
746 938
746 1178
747 186
747 489
747 555
747 577
747 619
747 683
747 811
747 875
747 939
747 1130
748 556
748 620
748 684
748 812
748 876
748 940
749 498
749 557
749 621
749 685
749 692
749 813
749 877
749 941
749 1096
750 558
750 622
750 686
750 814
750 878
750 942
751 559
751 623
751 687
751 815
751 879
751 943
751 1023
752 560
752 624
752 688
752 788
752 816
752 818
752 880
752 944
752 1193
752 1202
753 561
753 625
753 689
753 817
753 881
753 945
753 1057
754 562
754 626
754 690
754 795
754 818
754 882
754 946
754 1249
755 563
755 627
755 691
755 802
755 819
755 883
755 947
756 177
756 345
756 564
756 628
756 692
756 820
756 884
756 948
757 197
757 565
757 629
757 693
757 821
757 831
757 885
757 949
758 566
758 630
758 694
758 822
758 886
758 950
758 1038
759 567
759 631
759 695
759 823
759 887
759 951
760 26
760 475
760 568
760 632
760 696
760 698
760 735
760 824
760 888
760 945
760 952
760 1139
760 1179
761 284
761 569
761 633
761 697
761 825
761 889
761 953
762 212
762 430
762 570
762 634
762 698
762 826
762 890
762 954
763 154
763 505
763 536
763 561
763 571
763 635
763 699
763 827
763 891
763 955
763 1228
764 37
764 395
764 572
764 636
764 700
764 828
764 867
764 892
764 956
765 573
765 637
765 701
765 829
765 893
765 957
766 151
766 573
766 574
766 638
766 702
766 830
766 894
766 953
766 958
767 39
767 575
767 588
767 610
767 639
767 703
767 831
767 895
767 959
768 9
768 73
768 150
768 202
768 470
768 576
768 598
768 630
768 640
768 704
768 822
768 832
768 838
768 896
768 910
768 960
768 966
768 1024
768 1124
768 1174
768 1182
768 1216
768 1225
768 1246
769 577
769 641
769 705
769 833
769 897
769 961
770 578
770 642
770 706
770 834
770 898
770 962
771 579
771 643
771 707
771 835
771 899
771 963
772 580
772 644
772 708
772 836
772 900
772 964
773 424
773 581
773 645
773 709
773 837
773 901
773 965
774 7
774 71
774 135
774 199
774 201
774 206
774 214
774 263
774 327
774 329
774 390
774 391
774 398
774 455
774 519
774 521
774 526
774 566
774 582
774 646
774 647
774 649
774 650
774 654
774 659
774 662
774 694
774 710
774 711
774 713
774 718
774 775
774 783
774 838
774 839
774 842
774 846
774 902
774 903
774 905
774 918
774 966
774 967
774 1031
774 1094
774 1095
774 1159
774 1161
774 1166
774 1223
774 1230
774 1270
775 7
775 71
775 135
775 199
775 206
775 263
775 327
775 391
775 455
775 519
775 521
775 583
775 647
775 649
775 650
775 654
775 659
775 662
775 711
775 713
775 718
775 774
775 783
775 839
775 846
775 903
775 918
775 967
775 1031
775 1095
775 1159
775 1161
775 1166
775 1223
775 1230
776 584
776 648
776 712
776 840
776 904
776 930
776 968
776 1015
777 6
777 70
777 137
777 198
777 265
777 326
777 393
777 457
777 518
777 582
777 585
777 646
777 649
777 710
777 713
777 841
777 902
777 905
777 969
777 1033
777 1097
777 1158
777 1222
778 586
778 650
778 714
778 842
778 906
778 942
778 970
779 513
779 587
779 651
779 705
779 715
779 734
779 843
779 907
779 971
780 374
780 588
780 652
780 670
780 716
780 844
780 908
780 972
781 589
781 653
781 717
781 845
781 909
781 973
782 590
782 654
782 718
782 846
782 910
782 974
783 134
783 135
783 199
783 201
783 206
783 214
783 262
783 327
783 329
783 390
783 391
783 398
783 454
783 455
783 519
783 521
783 526
783 566
783 583
783 585
783 591
783 649
783 650
783 654
783 655
783 659
783 662
783 694
783 711
783 713
783 718
783 719
783 774
783 775
783 839
783 842
783 846
783 847
783 854
783 903
783 905
783 911
783 918
783 967
783 975
783 1030
783 1031
783 1094
783 1095
783 1159
783 1161
783 1166
783 1226
783 1230
783 1270
784 74
784 83
784 350
784 592
784 656
784 720
784 848
784 912
784 976
785 593
785 657
785 721
785 849
785 913
785 977
785 1032
786 251
786 503
786 594
786 658
786 722
786 850
786 914
786 938
786 978
786 1145
787 595
787 659
787 723
787 851
787 915
787 979
788 596
788 660
788 724
788 752
788 818
788 852
788 916
788 980
788 1193
788 1202
789 560
789 597
789 661
789 725
789 853
789 862
789 917
789 981
790 278
790 598
790 662
790 726
790 854
790 918
790 982
791 11
791 599
791 663
791 727
791 855
791 919
791 983
792 299
792 370
792 600
792 664
792 728
792 856
792 920
792 984
793 553
793 601
793 665
793 729
793 857
793 921
793 985
793 1035
794 421
794 602
794 666
794 730
794 858
794 922
794 986
794 1244
795 603
795 667
795 731
795 754
795 859
795 923
795 987
795 1249
796 520
796 604
796 668
796 732
796 860
796 924
796 988
796 1036
796 1120
796 1248
797 605
797 669
797 733
797 861
797 925
797 941
797 989
797 1169
798 435
798 606
798 670
798 734
798 862
798 926
798 990
798 1273
799 493
799 607
799 671
799 735
799 863
799 927
799 991
800 608
800 672
800 736
800 864
800 928
800 992
800 994
800 1117
801 545
801 609
801 673
801 737
801 865
801 929
801 993
802 610
802 674
802 738
802 755
802 866
802 930
802 994
803 104
803 229
803 611
803 675
803 739
803 867
803 931
803 995
804 612
804 676
804 740
804 868
804 932
804 996
805 65
805 131
805 613
805 677
805 741
805 869
805 933
805 995
805 997
805 1016
806 591
806 614
806 678
806 742
806 870
806 934
806 998
807 615
807 679
807 743
807 871
807 935
807 999
808 1
808 616
808 680
808 744
808 872
808 936
808 1000
809 459
809 617
809 681
809 745
809 873
809 937
809 1001
810 608
810 618
810 682
810 709
810 746
810 861
810 874
810 938
810 1002
810 1127
811 619
811 631
811 683
811 747
811 875
811 939
811 1003
811 1259
812 620
812 684
812 748
812 876
812 940
812 957
812 1004
812 1176
813 203
813 621
813 685
813 749
813 877
813 941
813 1005
814 622
814 686
814 708
814 750
814 878
814 942
814 1006
815 63
815 623
815 687
815 751
815 879
815 943
815 1007
816 624
816 688
816 722
816 752
816 880
816 917
816 944
816 1008
816 1212
817 625
817 689
817 753
817 881
817 945
817 1009
817 1057
818 626
818 690
818 752
818 754
818 788
818 882
818 946
818 1010
818 1193
818 1202
819 627
819 691
819 755
819 883
819 931
819 947
819 987
819 992
819 1011
819 1052
820 40
820 108
820 628
820 692
820 756
820 884
820 948
820 1012
821 629
821 693
821 757
821 885
821 949
821 1013
822 9
822 73
822 150
822 202
822 470
822 598
822 630
822 694
822 758
822 768
822 838
822 886
822 910
822 950
822 966
822 1014
822 1024
822 1030
822 1124
822 1174
822 1182
822 1216
822 1225
822 1246
823 288
823 532
823 631
823 695
823 732
823 759
823 887
823 904
823 951
823 980
823 1015
824 632
824 696
824 760
824 888
824 952
824 1016
825 243
825 244
825 633
825 697
825 761
825 889
825 953
825 1017
825 1277
826 241
826 261
826 634
826 698
826 699
826 762
826 890
826 908
826 954
826 1018
826 1199
827 235
827 348
827 511
827 635
827 699
827 763
827 855
827 891
827 955
827 1019
828 277
828 447
828 496
828 636
828 700
828 764
828 892
828 956
828 1020
828 1073
828 1119
829 478
829 637
829 701
829 765
829 892
829 893
829 957
829 1021
830 410
830 638
830 702
830 766
830 894
830 958
830 1022
831 197
831 639
831 703
831 757
831 767
831 895
831 959
831 1023
832 640
832 704
832 768
832 896
832 960
832 1024
833 66
833 641
833 705
833 769
833 897
833 961
833 977
833 1025
834 392
834 642
834 706
834 770
834 898
834 962
834 1026
834 1089
834 1243
835 164
835 621
835 643
835 686
835 707
835 771
835 899
835 963
835 1027
836 292
836 644
836 681
836 708
836 772
836 900
836 964
836 1028
836 1064
837 301
837 645
837 709
837 773
837 864
837 901
837 965
837 1029
838 9
838 73
838 150
838 202
838 470
838 598
838 630
838 646
838 710
838 768
838 774
838 822
838 902
838 910
838 966
838 1024
838 1030
838 1124
838 1174
838 1182
838 1216
838 1225
838 1246
839 7
839 71
839 134
839 135
839 199
839 201
839 206
839 214
839 262
839 263
839 327
839 329
839 390
839 391
839 398
839 454
839 455
839 519
839 521
839 526
839 566
839 583
839 585
839 647
839 649
839 650
839 654
839 659
839 662
839 694
839 711
839 713
839 718
839 774
839 775
839 783
839 842
839 846
839 854
839 903
839 905
839 918
839 967
839 975
839 1031
839 1094
839 1095
839 1159
839 1161
839 1166
839 1223
839 1226
839 1230
839 1270
840 36
840 648
840 712
840 776
840 904
840 968
840 1032
841 6
841 70
841 137
841 198
841 265
841 326
841 393
841 457
841 518
841 582
841 646
841 649
841 710
841 713
841 777
841 902
841 905
841 969
841 1033
841 1097
841 1158
841 1222
842 73
842 134
842 201
842 202
842 206
842 214
842 262
842 329
842 390
842 391
842 398
842 454
842 519
842 521
842 526
842 566
842 583
842 585
842 650
842 654
842 659
842 694
842 713
842 714
842 718
842 774
842 778
842 783
842 839
842 846
842 854
842 903
842 905
842 906
842 918
842 966
842 970
842 975
842 1030
842 1034
842 1094
842 1124
842 1161
842 1174
842 1182
842 1226
842 1230
842 1270
843 651
843 715
843 779
843 907
843 971
843 1035
843 1062
844 191
844 213
844 574
844 652
844 716
844 780
844 908
844 972
844 1036
845 653
845 717
845 781
845 909
845 973
845 1037
846 7
846 71
846 134
846 135
846 199
846 201
846 206
846 214
846 262
846 263
846 327
846 329
846 390
846 391
846 398
846 455
846 519
846 521
846 526
846 566
846 583
846 585
846 647
846 649
846 650
846 654
846 659
846 662
846 694
846 711
846 713
846 718
846 774
846 775
846 782
846 783
846 839
846 842
846 854
846 903
846 905
846 910
846 918
846 967
846 974
846 1031
846 1038
846 1094
846 1095
846 1159
846 1161
846 1166
846 1223
846 1226
846 1230
846 1270
847 143
847 655
847 719
847 783
847 911
847 975
847 1039
848 656
848 720
848 784
848 912
848 976
848 1040
848 1171
849 103
849 550
849 657
849 721
849 785
849 913
849 977
849 1041
849 1181
850 287
850 658
850 722
850 786
850 914
850 978
850 1008
850 1042
851 208
851 659
851 723
851 787
851 915
851 979
851 1043
852 139
852 660
852 724
852 788
852 916
852 980
852 1044
852 1192
853 227
853 661
853 683
853 725
853 789
853 917
853 981
853 986
853 1045
853 1264
854 73
854 134
854 201
854 202
854 206
854 214
854 262
854 329
854 390
854 391
854 398
854 454
854 519
854 526
854 566
854 583
854 585
854 630
854 650
854 659
854 662
854 694
854 718
854 726
854 783
854 790
854 839
854 842
854 846
854 903
854 905
854 918
854 966
854 975
854 982
854 1024
854 1030
854 1046
854 1094
854 1124
854 1161
854 1174
854 1182
854 1226
854 1230
854 1270
855 235
855 348
855 511
855 663
855 727
855 791
855 827
855 919
855 983
855 1047
856 664
856 728
856 792
856 920
856 984
856 1048
857 178
857 665
857 729
857 741
857 793
857 921
857 985
857 1049
858 509
858 666
858 730
858 794
858 922
858 986
858 1050
859 460
859 667
859 731
859 795
859 923
859 987
859 1051
860 668
860 732
860 796
860 924
860 988
860 1052
861 608
861 669
861 709
861 733
861 797
861 810
861 925
861 989
861 1053
861 1127
862 560
862 670
862 734
862 789
862 798
862 926
862 990
862 1054
863 382
863 671
863 735
863 799
863 927
863 981
863 991
863 1055
864 301
864 672
864 736
864 800
864 837
864 928
864 992
864 1056
865 578
865 673
865 715
865 737
865 801
865 929
865 993
865 1057
866 136
866 311
866 530
866 674
866 738
866 802
866 930
866 994
866 1058
866 1085
867 37
867 395
867 675
867 739
867 764
867 803
867 931
867 995
867 1059
868 676
868 740
868 804
868 932
868 996
868 1060
869 226
869 295
869 442
869 677
869 741
869 805
869 924
869 933
869 997
869 1061
869 1234
870 678
870 742
870 806
870 934
870 998
870 1062
871 48
871 529
871 679
871 743
871 745
871 807
871 935
871 999
871 1063
871 1241
872 680
872 744
872 808
872 936
872 1000
872 1064
873 18
873 681
873 745
873 809
873 937
873 1001
873 1065
874 682
874 746
874 810
874 938
874 1002
874 1066
875 43
875 408
875 683
875 747
875 811
875 921
875 939
875 1003
875 1067
876 152
876 684
876 748
876 812
876 940
876 1004
876 1068
877 685
877 749
877 813
877 941
877 1005
877 1069
878 642
878 686
878 750
878 814
878 942
878 1006
878 1070
878 1093
879 93
879 611
879 687
879 751
879 815
879 943
879 1007
879 1071
880 105
880 119
880 674
880 688
880 752
880 816
880 944
880 1008
880 1072
881 689
881 753
881 817
881 945
881 1009
881 1073
882 690
882 701
882 754
882 818
882 946
882 1010
882 1074
883 397
883 691
883 755
883 819
883 947
883 1011
883 1075
884 692
884 756
884 820
884 948
884 1012
884 1076
884 1140
885 693
885 757
885 821
885 949
885 1013
885 1077
886 694
886 758
886 822
886 950
886 1014
886 1078
887 695
887 759
887 823
887 951
887 982
887 1015
887 1079
887 1188
888 547
888 696
888 760
888 824
888 952
888 1016
888 1080
888 1265
889 72
889 281
889 697
889 761
889 825
889 893
889 953
889 1017
889 1059
889 1081
890 565
890 698
890 762
890 826
890 954
890 1018
890 1082
891 575
891 699
891 763
891 827
891 955
891 984
891 1019
891 1083
892 478
892 700
892 764
892 828
892 829
892 956
892 1020
892 1084
893 72
893 281
893 701
893 765
893 829
893 889
893 957
893 1021
893 1059
893 1085
894 702
894 766
894 830
894 958
894 1022
894 1086
895 149
895 703
895 767
895 831
895 959
895 1023
895 1087
896 704
896 768
896 832
896 960
896 1024
896 1088
897 705
897 769
897 833
897 961
897 1025
897 1089
898 567
898 706
898 770
898 834
898 962
898 1026
898 1090
898 1217
899 256
899 707
899 771
899 835
899 963
899 1027
899 1091
900 708
900 772
900 836
900 907
900 932
900 964
900 1028
900 1092
900 1271
901 709
901 773
901 837
901 928
901 965
901 1029
901 1093
902 6
902 70
902 137
902 198
902 265
902 326
902 393
902 457
902 518
902 582
902 646
902 710
902 774
902 777
902 838
902 841
902 966
902 969
902 1030
902 1033
902 1094
902 1097
902 1158
902 1222
903 134
903 135
903 201
903 202
903 206
903 214
903 262
903 329
903 390
903 391
903 398
903 454
903 455
903 519
903 521
903 526
903 566
903 583
903 585
903 650
903 654
903 659
903 662
903 694
903 711
903 713
903 718
903 774
903 775
903 783
903 839
903 842
903 846
903 854
903 905
903 918
903 966
903 967
903 975
903 1030
903 1031
903 1094
903 1095
903 1161
903 1166
903 1174
903 1182
903 1226
903 1230
903 1270
904 288
904 532
904 712
904 732
904 776
904 823
904 840
904 968
904 980
904 1032
904 1096
905 134
905 135
905 201
905 202
905 206
905 214
905 262
905 329
905 390
905 391
905 398
905 454
905 455
905 519
905 521
905 526
905 566
905 583
905 585
905 650
905 654
905 659
905 662
905 694
905 711
905 713
905 718
905 774
905 777
905 783
905 839
905 841
905 842
905 846
905 854
905 903
905 918
905 966
905 969
905 975
905 1030
905 1031
905 1033
905 1094
905 1095
905 1097
905 1161
905 1166
905 1174
905 1182
905 1226
905 1230
905 1270
906 714
906 778
906 842
906 970
906 1034
906 1098
907 715
907 779
907 843
907 900
907 932
907 971
907 1035
907 1099
907 1271
908 241
908 261
908 699
908 716
908 780
908 826
908 844
908 972
908 1036
908 1100
908 1199
909 581
909 717
909 781
909 845
909 973
909 1037
909 1101
910 73
910 150
910 202
910 470
910 598
910 630
910 718
910 768
910 782
910 822
910 838
910 846
910 966
910 974
910 1024
910 1038
910 1102
910 1124
910 1174
910 1182
910 1216
910 1225
910 1246
911 719
911 783
911 847
911 975
911 1039
911 1103
912 720
912 784
912 848
912 976
912 1040
912 1104
913 721
913 785
913 849
913 977
913 1041
913 1105
914 427
914 722
914 786
914 850
914 948
914 959
914 978
914 1042
914 1106
915 723
915 787
915 851
915 979
915 1043
915 1107
916 724
916 788
916 852
916 980
916 1044
916 1077
916 1108
917 722
917 725
917 789
917 816
917 853
917 981
917 1045
917 1109
917 1212
918 134
918 135
918 199
918 201
918 206
918 214
918 262
918 327
918 329
918 390
918 391
918 398
918 454
918 455
918 519
918 521
918 526
918 566
918 583
918 585
918 649
918 650
918 654
918 659
918 662
918 694
918 711
918 713
918 718
918 726
918 774
918 775
918 783
918 790
918 839
918 842
918 846
918 854
918 903
918 905
918 967
918 975
918 982
918 1030
918 1031
918 1046
918 1094
918 1095
918 1110
918 1159
918 1161
918 1166
918 1226
918 1230
918 1270
919 42
919 514
919 727
919 791
919 855
919 983
919 1047
919 1111
920 123
920 300
920 728
920 792
920 856
920 984
920 1048
920 1112
921 43
921 408
921 729
921 793
921 857
921 875
921 985
921 1049
921 1113
922 91
922 107
922 171
922 240
922 730
922 744
922 794
922 858
922 986
922 1050
922 1114
923 140
923 731
923 795
923 859
923 987
923 1051
923 1115
924 226
924 295
924 442
924 732
924 796
924 860
924 869
924 988
924 1052
924 1116
924 1234
925 217
925 712
925 733
925 797
925 861
925 989
925 1053
925 1117
926 734
926 798
926 862
926 990
926 1054
926 1118
927 735
927 799
927 863
927 991
927 1055
927 1108
927 1119
928 736
928 800
928 864
928 901
928 992
928 1056
928 1120
929 34
929 205
929 737
929 801
929 865
929 993
929 1057
929 1121
930 738
930 776
930 802
930 866
930 994
930 1015
930 1058
930 1122
931 739
931 803
931 819
931 867
931 987
931 992
931 995
931 1052
931 1059
931 1123
932 740
932 804
932 868
932 900
932 907
932 996
932 1060
932 1124
932 1271
933 412
933 741
933 805
933 869
933 952
933 997
933 1061
933 1080
933 1125
934 2
934 101
934 168
934 742
934 806
934 870
934 998
934 1062
934 1126
935 268
935 666
935 743
935 807
935 871
935 962
935 999
935 1063
935 1127
936 245
936 594
936 613
936 697
936 744
936 808
936 872
936 1000
936 1064
936 1128
937 745
937 809
937 873
937 1001
937 1065
937 1129
938 251
938 503
938 746
938 786
938 810
938 874
938 1002
938 1066
938 1130
938 1145
939 179
939 333
939 730
939 747
939 811
939 875
939 1003
939 1067
939 1131
940 748
940 812
940 876
940 957
940 1004
940 1068
940 1132
940 1176
941 749
941 797
941 813
941 877
941 1005
941 1069
941 1133
941 1169
942 750
942 778
942 814
942 878
942 1006
942 1070
942 1134
943 751
943 815
943 879
943 1007
943 1071
943 1135
944 8
944 114
944 440
944 752
944 816
944 880
944 1008
944 1072
944 1136
945 26
945 475
945 698
945 735
945 753
945 760
945 817
945 881
945 1009
945 1073
945 1137
945 1139
945 1179
946 754
946 818
946 882
946 1010
946 1074
946 1138
946 1253
947 113
947 755
947 819
947 883
947 1011
947 1075
947 1139
947 1256
948 427
948 756
948 820
948 884
948 914
948 959
948 1012
948 1076
948 1140
949 757
949 821
949 885
949 1013
949 1077
949 1141
950 758
950 822
950 886
950 1014
950 1078
950 1142
951 225
951 331
951 486
951 759
951 823
951 887
951 961
951 1015
951 1079
951 1143
951 1170
952 412
952 760
952 824
952 888
952 933
952 1016
952 1080
952 1144
953 151
953 573
953 761
953 766
953 825
953 889
953 1017
953 1081
953 1145
954 524
954 696
954 762
954 826
954 890
954 1018
954 1082
954 1146
955 763
955 827
955 891
955 1019
955 1083
955 1147
956 764
956 828
956 892
956 1020
956 1084
956 1148
957 765
957 812
957 829
957 893
957 940
957 1021
957 1085
957 1149
957 1176
958 317
958 337
958 369
958 632
958 766
958 830
958 894
958 991
958 1022
958 1086
958 1150
959 427
959 767
959 831
959 895
959 914
959 948
959 1023
959 1087
959 1151
960 768
960 832
960 896
960 1024
960 1088
960 1152
961 225
961 331
961 486
961 769
961 833
961 897
961 951
961 1025
961 1089
961 1153
961 1170
962 268
962 666
962 770
962 834
962 898
962 935
962 1026
962 1090
962 1154
963 771
963 835
963 899
963 1027
963 1034
963 1091
963 1155
964 132
964 772
964 836
964 900
964 1028
964 1092
964 1156
965 773
965 837
965 901
965 1029
965 1093
965 1157
966 73
966 134
966 150
966 201
966 202
966 262
966 329
966 390
966 454
966 470
966 526
966 566
966 583
966 585
966 598
966 630
966 694
966 768
966 774
966 822
966 838
966 842
966 854
966 902
966 903
966 905
966 910
966 975
966 1024
966 1030
966 1094
966 1124
966 1158
966 1174
966 1182
966 1216
966 1226
966 1246
966 1270
967 7
967 71
967 135
967 199
967 206
967 214
967 263
967 327
967 391
967 398
967 455
967 519
967 521
967 647
967 649
967 650
967 654
967 659
967 662
967 711
967 713
967 718
967 774
967 775
967 783
967 839
967 846
967 903
967 918
967 1031
967 1095
967 1159
967 1161
967 1166
967 1223
967 1230
968 129
968 258
968 293
968 776
968 840
968 904
968 1032
968 1096
968 1160
969 6
969 70
969 137
969 198
969 265
969 326
969 393
969 457
969 518
969 582
969 646
969 710
969 777
969 841
969 902
969 905
969 1033
969 1097
969 1158
969 1161
969 1222
970 86
970 778
970 842
970 906
970 1034
970 1098
970 1162
971 94
971 693
971 779
971 843
971 907
971 973
971 1035
971 1099
971 1163
971 1197
972 386
972 780
972 844
972 908
972 1036
972 1100
972 1164
973 94
973 693
973 781
973 845
973 909
973 971
973 1037
973 1101
973 1165
973 1197
974 782
974 846
974 910
974 1038
974 1046
974 1102
974 1166
975 134
975 150
975 201
975 202
975 206
975 214
975 262
975 329
975 390
975 398
975 454
975 470
975 526
975 566
975 583
975 585
975 630
975 659
975 694
975 783
975 839
975 842
975 847
975 854
975 903
975 905
975 911
975 918
975 966
975 1024
975 1030
975 1039
975 1094
975 1103
975 1124
975 1161
975 1167
975 1174
975 1182
975 1216
975 1226
975 1270
976 784
976 848
976 912
976 1040
976 1104
976 1168
977 66
977 785
977 833
977 849
977 913
977 1041
977 1105
977 1169
978 90
978 786
978 850
978 914
978 1042
978 1106
978 1170
979 787
979 851
979 915
979 1043
979 1107
979 1162
979 1171
980 288
980 532
980 732
980 788
980 823
980 852
980 904
980 916
980 1044
980 1108
980 1172
981 382
981 789
981 853
981 863
981 917
981 1045
981 1109
981 1173
982 790
982 854
982 887
982 918
982 1046
982 1110
982 1174
982 1188
983 468
983 682
983 721
983 791
983 855
983 919
983 1047
983 1111
983 1175
984 575
984 792
984 856
984 891
984 920
984 1048
984 1112
984 1176
985 237
985 689
985 793
985 857
985 921
985 1049
985 1113
985 1177
986 227
986 683
986 794
986 853
986 858
986 922
986 1050
986 1114
986 1178
986 1264
987 795
987 819
987 859
987 923
987 931
987 992
987 1051
987 1052
987 1115
987 1179
988 297
988 796
988 860
988 924
988 1052
988 1116
988 1180
989 264
989 404
989 797
989 861
989 925
989 1053
989 1117
989 1181
990 616
990 798
990 862
990 926
990 1054
990 1118
990 1182
991 317
991 337
991 369
991 632
991 799
991 863
991 927
991 958
991 1055
991 1119
991 1183
992 800
992 819
992 864
992 928
992 931
992 987
992 1052
992 1056
992 1120
992 1184
993 664
993 801
993 865
993 929
993 1057
993 1121
993 1185
994 800
994 802
994 866
994 930
994 1058
994 1117
994 1122
994 1186
995 65
995 131
995 803
995 805
995 867
995 931
995 1016
995 1059
995 1123
995 1187
996 804
996 868
996 932
996 1060
996 1124
996 1188
997 340
997 805
997 869
997 933
997 1061
997 1125
997 1189
998 806
998 870
998 934
998 1062
998 1126
998 1190
999 45
999 807
999 871
999 935
999 1063
999 1127
999 1191
1000 808
1000 872
1000 936
1000 1064
1000 1128
1000 1192
1001 349
1001 517
1001 809
1001 873
1001 937
1001 1065
1001 1075
1001 1129
1001 1193
1001 1200
1002 57
1002 112
1002 810
1002 874
1002 938
1002 1007
1002 1009
1002 1066
1002 1130
1002 1194
1003 218
1003 362
1003 601
1003 811
1003 875
1003 939
1003 1067
1003 1131
1003 1195
1004 725
1004 812
1004 876
1004 940
1004 1068
1004 1132
1004 1196
1005 182
1005 813
1005 877
1005 941
1005 1069
1005 1133
1005 1197
1006 814
1006 878
1006 942
1006 1070
1006 1134
1006 1198
1007 57
1007 112
1007 815
1007 879
1007 943
1007 1002
1007 1009
1007 1071
1007 1135
1007 1199
1008 287
1008 816
1008 850
1008 880
1008 944
1008 1072
1008 1136
1008 1200
1009 57
1009 112
1009 817
1009 881
1009 945
1009 1002
1009 1007
1009 1073
1009 1137
1009 1201
1010 313
1010 377
1010 633
1010 818
1010 882
1010 946
1010 1074
1010 1138
1010 1202
1010 1250
1011 469
1011 571
1011 819
1011 883
1011 947
1011 1075
1011 1139
1011 1203
1012 188
1012 381
1012 820
1012 884
1012 948
1012 1076
1012 1140
1012 1203
1012 1204
1013 242
1013 279
1013 485
1013 821
1013 885
1013 949
1013 1077
1013 1100
1013 1141
1013 1205
1014 822
1014 886
1014 950
1014 1078
1014 1142
1014 1206
1015 776
1015 823
1015 887
1015 930
1015 951
1015 1079
1015 1143
1015 1207
1016 65
1016 131
1016 805
1016 824
1016 888
1016 952
1016 995
1016 1080
1016 1144
1016 1208
1017 33
1017 232
1017 289
1017 482
1017 825
1017 889
1017 953
1017 1081
1017 1145
1017 1209
1018 826
1018 890
1018 954
1018 1082
1018 1099
1018 1146
1018 1210
1019 827
1019 891
1019 955
1019 1083
1019 1112
1019 1147
1019 1211
1020 690
1020 716
1020 828
1020 892
1020 956
1020 1084
1020 1148
1020 1212
1021 357
1021 829
1021 893
1021 957
1021 1085
1021 1149
1021 1184
1021 1213
1022 133
1022 830
1022 894
1022 958
1022 1086
1022 1150
1022 1214
1023 751
1023 831
1023 895
1023 959
1023 1087
1023 1151
1023 1215
1024 9
1024 73
1024 150
1024 202
1024 262
1024 454
1024 470
1024 583
1024 598
1024 630
1024 768
1024 822
1024 832
1024 838
1024 854
1024 896
1024 910
1024 960
1024 966
1024 975
1024 1030
1024 1088
1024 1124
1024 1152
1024 1174
1024 1182
1024 1216
1024 1226
1024 1246
1025 145
1025 833
1025 897
1025 961
1025 1089
1025 1153
1025 1217
1026 834
1026 898
1026 962
1026 1090
1026 1154
1026 1218
1027 835
1027 899
1027 963
1027 1091
1027 1155
1027 1219
1028 270
1028 836
1028 900
1028 964
1028 1092
1028 1156
1028 1220
1029 837
1029 901
1029 965
1029 1072
1029 1093
1029 1157
1029 1221
1030 134
1030 201
1030 202
1030 206
1030 214
1030 262
1030 329
1030 390
1030 398
1030 454
1030 470
1030 526
1030 566
1030 583
1030 585
1030 630
1030 659
1030 694
1030 783
1030 822
1030 838
1030 842
1030 854
1030 902
1030 903
1030 905
1030 918
1030 966
1030 975
1030 1024
1030 1094
1030 1124
1030 1158
1030 1161
1030 1174
1030 1182
1030 1216
1030 1222
1030 1226
1030 1270
1031 135
1031 199
1031 201
1031 206
1031 214
1031 263
1031 327
1031 391
1031 398
1031 455
1031 519
1031 521
1031 647
1031 649
1031 650
1031 654
1031 659
1031 662
1031 711
1031 713
1031 718
1031 774
1031 775
1031 783
1031 839
1031 846
1031 903
1031 905
1031 918
1031 967
1031 1094
1031 1095
1031 1159
1031 1161
1031 1166
1031 1223
1031 1230
1031 1270
1032 785
1032 840
1032 904
1032 968
1032 1096
1032 1160
1032 1224
1033 6
1033 70
1033 137
1033 198
1033 265
1033 326
1033 393
1033 457
1033 518
1033 582
1033 646
1033 710
1033 777
1033 841
1033 902
1033 905
1033 969
1033 1097
1033 1158
1033 1161
1033 1222
1033 1225
1034 842
1034 906
1034 963
1034 970
1034 1098
1034 1162
1034 1226
1035 553
1035 793
1035 843
1035 907
1035 971
1035 1099
1035 1163
1035 1227
1036 520
1036 796
1036 844
1036 908
1036 972
1036 1100
1036 1120
1036 1164
1036 1228
1036 1248
1037 193
1037 417
1037 605
1037 679
1037 845
1037 909
1037 973
1037 1101
1037 1165
1037 1229
1038 758
1038 846
1038 910
1038 974
1038 1102
1038 1166
1038 1230
1039 847
1039 911
1039 975
1039 1103
1039 1167
1039 1231
1040 848
1040 912
1040 976
1040 1104
1040 1168
1040 1232
1041 657
1041 849
1041 913
1041 977
1041 1098
1041 1105
1041 1169
1041 1233
1042 12
1042 543
1042 850
1042 914
1042 978
1042 1106
1042 1170
1042 1234
1043 851
1043 915
1043 979
1043 1107
1043 1171
1043 1233
1043 1235
1044 219
1044 852
1044 916
1044 980
1044 1108
1044 1172
1044 1236
1045 552
1045 853
1045 917
1045 981
1045 1109
1045 1173
1045 1237
1046 854
1046 918
1046 974
1046 982
1046 1110
1046 1174
1046 1238
1047 855
1047 919
1047 983
1047 1111
1047 1175
1047 1239
1047 1255
1048 346
1048 856
1048 920
1048 984
1048 1112
1048 1176
1048 1240
1049 857
1049 921
1049 985
1049 1076
1049 1113
1049 1177
1049 1241
1050 44
1050 858
1050 922
1050 986
1050 1114
1050 1132
1050 1178
1050 1242
1051 3
1051 373
1051 376
1051 423
1051 859
1051 923
1051 987
1051 1068
1051 1115
1051 1179
1051 1243
1051 1247
1052 819
1052 860
1052 924
1052 931
1052 987
1052 988
1052 992
1052 1116
1052 1180
1052 1244
1053 861
1053 925
1053 989
1053 1117
1053 1181
1053 1245
1054 332
1054 451
1054 738
1054 862
1054 926
1054 990
1054 1118
1054 1182
1054 1246
1055 542
1055 863
1055 927
1055 991
1055 1119
1055 1183
1055 1247
1056 864
1056 928
1056 992
1056 1120
1056 1141
1056 1184
1056 1248
1057 753
1057 817
1057 865
1057 929
1057 993
1057 1121
1057 1185
1057 1249
1058 866
1058 930
1058 994
1058 1122
1058 1186
1058 1250
1059 72
1059 281
1059 867
1059 889
1059 893
1059 931
1059 995
1059 1123
1059 1187
1059 1251
1060 54
1060 463
1060 868
1060 932
1060 996
1060 1124
1060 1188
1060 1252
1061 869
1061 933
1061 997
1061 1125
1061 1189
1061 1253
1062 843
1062 870
1062 934
1062 998
1062 1126
1062 1190
1062 1254
1063 871
1063 935
1063 999
1063 1127
1063 1191
1063 1255
1064 292
1064 681
1064 836
1064 872
1064 936
1064 1000
1064 1128
1064 1192
1064 1256
1065 98
1065 165
1065 873
1065 937
1065 1001
1065 1129
1065 1193
1065 1257
1066 733
1066 874
1066 938
1066 1002
1066 1130
1066 1175
1066 1194
1066 1258
1067 49
1067 875
1067 939
1067 1003
1067 1131
1067 1195
1067 1259
1068 3
1068 373
1068 376
1068 423
1068 876
1068 940
1068 1004
1068 1051
1068 1132
1068 1196
1068 1247
1068 1260
1069 558
1069 877
1069 941
1069 1005
1069 1133
1069 1197
1069 1261
1070 606
1070 878
1070 942
1070 1006
1070 1134
1070 1198
1070 1262
1071 441
1071 879
1071 943
1071 1007
1071 1135
1071 1199
1071 1263
1072 880
1072 944
1072 1008
1072 1029
1072 1136
1072 1200
1072 1264
1073 277
1073 447
1073 496
1073 828
1073 881
1073 945
1073 1009
1073 1119
1073 1137
1073 1201
1073 1265
1074 291
1074 434
1074 476
1074 737
1074 882
1074 946
1074 1010
1074 1138
1074 1202
1074 1266
1075 349
1075 517
1075 883
1075 947
1075 1001
1075 1011
1075 1139
1075 1200
1075 1203
1075 1267
1076 884
1076 948
1076 1012
1076 1049
1076 1140
1076 1204
1076 1268
1077 885
1077 916
1077 949
1077 1013
1077 1141
1077 1205
1077 1269
1078 142
1078 886
1078 950
1078 1014
1078 1142
1078 1206
1078 1270
1079 887
1079 951
1079 1015
1079 1143
1079 1207
1079 1271
1080 412
1080 888
1080 933
1080 952
1080 1016
1080 1144
1080 1208
1080 1272
1081 456
1081 680
1081 889
1081 953
1081 1017
1081 1145
1081 1209
1081 1273
1082 890
1082 954
1082 1018
1082 1146
1082 1210
1082 1274
1083 38
1083 355
1083 891
1083 955
1083 1019
1083 1147
1083 1211
1083 1275
1084 253
1084 892
1084 956
1084 1020
1084 1148
1084 1212
1084 1276
1085 136
1085 311
1085 530
1085 866
1085 893
1085 957
1085 1021
1085 1149
1085 1213
1085 1277
1086 894
1086 958
1086 1022
1086 1150
1086 1214
1086 1278
1087 126
1087 624
1087 895
1087 959
1087 1023
1087 1151
1087 1215
1087 1279
1088 458
1088 896
1088 960
1088 1024
1088 1152
1088 1216
1089 392
1089 834
1089 897
1089 961
1089 1025
1089 1153
1089 1217
1089 1243
1090 223
1090 274
1090 322
1090 898
1090 962
1090 1026
1090 1154
1090 1218
1091 899
1091 963
1091 1027
1091 1155
1091 1219
1092 285
1092 302
1092 900
1092 964
1092 1028
1092 1156
1092 1220
1092 1252
1093 642
1093 878
1093 901
1093 965
1093 1029
1093 1157
1093 1221
1094 134
1094 201
1094 206
1094 214
1094 262
1094 329
1094 390
1094 391
1094 398
1094 454
1094 455
1094 519
1094 521
1094 526
1094 566
1094 583
1094 585
1094 650
1094 654
1094 659
1094 694
1094 713
1094 718
1094 774
1094 783
1094 839
1094 842
1094 846
1094 854
1094 902
1094 903
1094 905
1094 918
1094 966
1094 975
1094 1030
1094 1031
1094 1095
1094 1158
1094 1161
1094 1166
1094 1174
1094 1182
1094 1222
1094 1226
1094 1230
1094 1270
1095 7
1095 135
1095 199
1095 263
1095 327
1095 391
1095 398
1095 455
1095 519
1095 521
1095 647
1095 649
1095 650
1095 654
1095 659
1095 662
1095 711
1095 713
1095 718
1095 774
1095 775
1095 783
1095 839
1095 846
1095 903
1095 905
1095 918
1095 967
1095 1031
1095 1094
1095 1159
1095 1161
1095 1166
1095 1223
1095 1230
1096 498
1096 692
1096 749
1096 904
1096 968
1096 1032
1096 1160
1096 1224
1097 6
1097 70
1097 137
1097 198
1097 265
1097 326
1097 393
1097 457
1097 518
1097 582
1097 646
1097 710
1097 777
1097 841
1097 902
1097 905
1097 969
1097 1033
1097 1158
1097 1161
1097 1222
1097 1225
1098 657
1098 906
1098 970
1098 1034
1098 1041
1098 1162
1098 1226
1099 907
1099 971
1099 1018
1099 1035
1099 1163
1099 1227
1100 242
1100 279
1100 485
1100 908
1100 972
1100 1013
1100 1036
1100 1164
1100 1228
1101 216
1101 367
1101 909
1101 973
1101 1037
1101 1165
1101 1229
1102 719
1102 910
1102 974
1102 1038
1102 1166
1102 1230
1103 911
1103 975
1103 1039
1103 1167
1103 1231
1104 912
1104 976
1104 1040
1104 1168
1104 1232
1105 913
1105 977
1105 1041
1105 1169
1105 1233
1106 169
1106 312
1106 551
1106 914
1106 978
1106 1042
1106 1170
1106 1234
1107 915
1107 979
1107 1043
1107 1171
1107 1235
1108 916
1108 927
1108 980
1108 1044
1108 1172
1108 1236
1109 917
1109 981
1109 1045
1109 1173
1109 1237
1110 604
1110 918
1110 982
1110 1046
1110 1174
1110 1238
1111 919
1111 983
1111 1047
1111 1175
1111 1239
1112 920
1112 984
1112 1019
1112 1048
1112 1176
1112 1240
1113 921
1113 985
1113 1049
1113 1177
1113 1195
1113 1241
1114 922
1114 986
1114 1050
1114 1178
1114 1242
1115 120
1115 383
1115 504
1115 508
1115 923
1115 987
1115 1051
1115 1179
1115 1243
1116 252
1116 924
1116 988
1116 1052
1116 1180
1116 1244
1117 800
1117 925
1117 989
1117 994
1117 1053
1117 1181
1117 1245
1118 926
1118 990
1118 1054
1118 1182
1118 1246
1119 277
1119 447
1119 496
1119 828
1119 927
1119 991
1119 1055
1119 1073
1119 1183
1119 1247
1120 520
1120 796
1120 928
1120 992
1120 1036
1120 1056
1120 1184
1120 1248
1121 929
1121 993
1121 1057
1121 1185
1121 1249
1122 365
1122 930
1122 994
1122 1058
1122 1186
1122 1250
1123 305
1123 492
1123 563
1123 931
1123 995
1123 1059
1123 1187
1123 1251
1124 9
1124 73
1124 150
1124 202
1124 262
1124 329
1124 390
1124 454
1124 470
1124 526
1124 566
1124 583
1124 585
1124 598
1124 630
1124 694
1124 768
1124 822
1124 838
1124 842
1124 854
1124 910
1124 932
1124 966
1124 975
1124 996
1124 1024
1124 1030
1124 1060
1124 1174
1124 1182
1124 1188
1124 1216
1124 1226
1124 1246
1124 1252
1124 1270
1125 449
1125 933
1125 997
1125 1061
1125 1189
1125 1253
1126 28
1126 97
1126 161
1126 572
1126 934
1126 998
1126 1062
1126 1190
1126 1254
1127 608
1127 709
1127 810
1127 861
1127 935
1127 999
1127 1063
1127 1191
1127 1255
1128 431
1128 936
1128 1000
1128 1064
1128 1192
1128 1256
1129 309
1129 937
1129 1001
1129 1065
1129 1193
1129 1218
1129 1257
1130 186
1130 489
1130 577
1130 747
1130 938
1130 1002
1130 1066
1130 1194
1130 1258
1131 249
1131 939
1131 1003
1131 1067
1131 1195
1131 1259
1131 1266
1132 44
1132 940
1132 1004
1132 1050
1132 1068
1132 1196
1132 1260
1133 46
1133 411
1133 652
1133 678
1133 941
1133 1005
1133 1069
1133 1197
1133 1261
1134 942
1134 1006
1134 1070
1134 1198
1134 1262
1135 419
1135 428
1135 943
1135 1007
1135 1071
1135 1199
1135 1263
1136 321
1136 426
1136 535
1136 944
1136 1008
1136 1072
1136 1138
1136 1200
1136 1264
1137 945
1137 1009
1137 1073
1137 1201
1137 1265
1138 321
1138 426
1138 535
1138 946
1138 1010
1138 1074
1138 1136
1138 1202
1138 1266
1139 26
1139 475
1139 698
1139 735
1139 760
1139 945
1139 947
1139 1011
1139 1075
1139 1179
1139 1203
1139 1267
1140 884
1140 948
1140 1012
1140 1076
1140 1204
1140 1268
1141 949
1141 1013
1141 1056
1141 1077
1141 1205
1141 1269
1142 663
1142 950
1142 1014
1142 1078
1142 1206
1142 1270
1143 224
1143 436
1143 500
1143 951
1143 1015
1143 1079
1143 1207
1143 1271
1144 5
1144 23
1144 952
1144 1016
1144 1080
1144 1208
1144 1272
1145 251
1145 503
1145 786
1145 938
1145 953
1145 1017
1145 1081
1145 1209
1145 1273
1146 465
1146 954
1146 1018
1146 1082
1146 1210
1146 1274
1147 209
1147 323
1147 684
1147 955
1147 1019
1147 1083
1147 1211
1147 1275
1148 559
1148 731
1148 956
1148 1020
1148 1084
1148 1212
1148 1276
1149 957
1149 1021
1149 1085
1149 1213
1149 1277
1150 473
1150 483
1150 958
1150 1022
1150 1086
1150 1214
1150 1278
1151 175
1151 959
1151 1023
1151 1087
1151 1215
1151 1279
1152 960
1152 1024
1152 1088
1152 1216
1153 296
1153 961
1153 1025
1153 1089
1153 1217
1154 962
1154 1026
1154 1090
1154 1218
1155 963
1155 1027
1155 1091
1155 1156
1155 1219
1156 964
1156 1028
1156 1092
1156 1155
1156 1220
1157 965
1157 1029
1157 1093
1157 1221
1158 6
1158 70
1158 137
1158 198
1158 265
1158 326
1158 393
1158 457
1158 518
1158 582
1158 646
1158 710
1158 777
1158 841
1158 902
1158 966
1158 969
1158 1030
1158 1033
1158 1094
1158 1097
1158 1222
1159 7
1159 71
1159 135
1159 199
1159 263
1159 327
1159 391
1159 398
1159 455
1159 519
1159 521
1159 647
1159 649
1159 650
1159 654
1159 659
1159 662
1159 711
1159 713
1159 718
1159 774
1159 775
1159 783
1159 839
1159 846
1159 918
1159 967
1159 1031
1159 1095
1159 1161
1159 1166
1159 1223
1159 1230
1160 129
1160 258
1160 293
1160 968
1160 1032
1160 1096
1160 1224
1161 201
1161 206
1161 214
1161 327
1161 329
1161 390
1161 391
1161 398
1161 454
1161 455
1161 519
1161 521
1161 526
1161 566
1161 583
1161 585
1161 649
1161 650
1161 654
1161 659
1161 662
1161 694
1161 711
1161 713
1161 718
1161 774
1161 775
1161 783
1161 839
1161 842
1161 846
1161 854
1161 903
1161 905
1161 918
1161 967
1161 969
1161 975
1161 1030
1161 1031
1161 1033
1161 1094
1161 1095
1161 1097
1161 1159
1161 1166
1161 1225
1161 1226
1161 1230
1161 1270
1162 970
1162 979
1162 1034
1162 1098
1162 1226
1163 971
1163 1035
1163 1099
1163 1227
1164 972
1164 1036
1164 1100
1164 1228
1165 973
1165 1037
1165 1101
1165 1229
1166 7
1166 135
1166 199
1166 327
1166 391
1166 398
1166 455
1166 519
1166 521
1166 647
1166 649
1166 650
1166 654
1166 659
1166 662
1166 711
1166 713
1166 718
1166 774
1166 775
1166 783
1166 839
1166 846
1166 903
1166 905
1166 918
1166 967
1166 974
1166 1031
1166 1038
1166 1094
1166 1095
1166 1102
1166 1159
1166 1161
1166 1223
1166 1230
1167 975
1167 1039
1167 1103
1167 1231
1168 438
1168 976
1168 1040
1168 1104
1168 1232
1169 797
1169 941
1169 977
1169 1041
1169 1105
1169 1233
1170 225
1170 331
1170 486
1170 951
1170 961
1170 978
1170 1042
1170 1106
1170 1234
1171 848
1171 979
1171 1043
1171 1107
1171 1235
1172 980
1172 1044
1172 1108
1172 1236
1173 413
1173 981
1173 1045
1173 1109
1173 1237
1174 73
1174 202
1174 329
1174 390
1174 398
1174 454
1174 470
1174 526
1174 566
1174 583
1174 585
1174 598
1174 630
1174 694
1174 768
1174 822
1174 838
1174 842
1174 854
1174 903
1174 905
1174 910
1174 966
1174 975
1174 982
1174 1024
1174 1030
1174 1046
1174 1094
1174 1110
1174 1124
1174 1182
1174 1216
1174 1226
1174 1238
1174 1246
1174 1270
1175 733
1175 983
1175 1047
1175 1066
1175 1111
1175 1239
1176 812
1176 940
1176 957
1176 984
1176 1048
1176 1112
1176 1240
1177 461
1177 985
1177 1049
1177 1113
1177 1241
1178 51
1178 190
1178 319
1178 564
1178 607
1178 746
1178 986
1178 1050
1178 1114
1178 1242
1179 26
1179 475
1179 698
1179 735
1179 760
1179 945
1179 987
1179 1051
1179 1115
1179 1139
1179 1243
1180 366
1180 988
1180 1052
1180 1116
1180 1244
1181 103
1181 550
1181 849
1181 989
1181 1053
1181 1117
1181 1245
1182 73
1182 202
1182 329
1182 390
1182 454
1182 470
1182 526
1182 566
1182 583
1182 585
1182 598
1182 630
1182 694
1182 768
1182 822
1182 838
1182 842
1182 854
1182 903
1182 905
1182 910
1182 966
1182 975
1182 990
1182 1024
1182 1030
1182 1054
1182 1094
1182 1118
1182 1124
1182 1174
1182 1216
1182 1226
1182 1246
1182 1270
1183 991
1183 1055
1183 1119
1183 1247
1184 357
1184 992
1184 1021
1184 1056
1184 1120
1184 1248
1185 308
1185 993
1185 1057
1185 1121
1185 1249
1186 290
1186 994
1186 1058
1186 1122
1186 1250
1187 995
1187 1059
1187 1123
1187 1251
1188 887
1188 982
1188 996
1188 1060
1188 1124
1188 1252
1189 651
1189 997
1189 1061
1189 1125
1189 1253
1190 587
1190 665
1190 998
1190 1062
1190 1126
1190 1254
1191 276
1191 360
1191 420
1191 999
1191 1063
1191 1127
1191 1255
1192 139
1192 852
1192 1000
1192 1064
1192 1128
1192 1256
1193 752
1193 788
1193 818
1193 1001
1193 1065
1193 1129
1193 1202
1193 1257
1194 544
1194 1002
1194 1066
1194 1130
1194 1258
1195 1003
1195 1067
1195 1113
1195 1131
1195 1259
1196 497
1196 570
1196 1004
1196 1068
1196 1132
1196 1260
1197 94
1197 693
1197 971
1197 973
1197 1005
1197 1069
1197 1133
1197 1261
1198 1006
1198 1070
1198 1134
1198 1262
1199 241
1199 261
1199 699
1199 826
1199 908
1199 1007
1199 1071
1199 1135
1199 1263
1200 349
1200 517
1200 1001
1200 1008
1200 1072
1200 1075
1200 1136
1200 1264
1201 184
1201 1009
1201 1073
1201 1137
1201 1265
1202 752
1202 788
1202 818
1202 1010
1202 1074
1202 1138
1202 1193
1202 1266
1203 188
1203 381
1203 1011
1203 1012
1203 1075
1203 1139
1203 1267
1204 584
1204 1012
1204 1076
1204 1140
1204 1268
1205 668
1205 1013
1205 1077
1205 1141
1205 1269
1206 272
1206 1014
1206 1078
1206 1142
1206 1270
1207 1015
1207 1079
1207 1143
1207 1271
1208 5
1208 23
1208 1016
1208 1080
1208 1144
1208 1272
1209 490
1209 688
1209 1017
1209 1081
1209 1145
1209 1273
1210 506
1210 1018
1210 1082
1210 1146
1210 1274
1211 170
1211 1019
1211 1083
1211 1147
1211 1275
1212 722
1212 816
1212 917
1212 1020
1212 1084
1212 1148
1212 1276
1213 1021
1213 1085
1213 1149
1213 1277
1214 1022
1214 1086
1214 1150
1214 1278
1215 481
1215 625
1215 1023
1215 1087
1215 1151
1215 1279
1216 9
1216 73
1216 150
1216 454
1216 470
1216 583
1216 598
1216 630
1216 768
1216 822
1216 838
1216 910
1216 966
1216 975
1216 1024
1216 1030
1216 1088
1216 1124
1216 1152
1216 1174
1216 1182
1216 1226
1216 1246
1217 567
1217 898
1217 1025
1217 1089
1217 1153
1218 309
1218 1026
1218 1090
1218 1129
1218 1154
1219 1027
1219 1091
1219 1155
1220 484
1220 1028
1220 1092
1220 1156
1221 109
1221 1029
1221 1093
1221 1157
1222 6
1222 70
1222 137
1222 198
1222 265
1222 326
1222 393
1222 457
1222 518
1222 582
1222 646
1222 710
1222 777
1222 841
1222 902
1222 969
1222 1030
1222 1033
1222 1094
1222 1097
1222 1158
1223 7
1223 71
1223 135
1223 199
1223 263
1223 327
1223 391
1223 455
1223 519
1223 521
1223 647
1223 649
1223 650
1223 654
1223 662
1223 711
1223 713
1223 718
1223 774
1223 775
1223 839
1223 846
1223 967
1223 1031
1223 1095
1223 1159
1223 1166
1223 1230
1224 1032
1224 1096
1224 1160
1225 598
1225 768
1225 822
1225 838
1225 910
1225 1033
1225 1097
1225 1161
1225 1246
1226 134
1226 201
1226 262
1226 329
1226 390
1226 391
1226 398
1226 454
1226 470
1226 519
1226 526
1226 566
1226 583
1226 585
1226 630
1226 650
1226 659
1226 694
1226 718
1226 783
1226 839
1226 842
1226 846
1226 854
1226 903
1226 905
1226 918
1226 966
1226 975
1226 1024
1226 1030
1226 1034
1226 1094
1226 1098
1226 1124
1226 1161
1226 1162
1226 1174
1226 1182
1226 1216
1226 1230
1226 1270
1227 1035
1227 1099
1227 1163
1228 154
1228 505
1228 536
1228 561
1228 763
1228 1036
1228 1100
1228 1164
1229 1037
1229 1101
1229 1165
1229 1278
1230 206
1230 214
1230 390
1230 391
1230 398
1230 455
1230 519
1230 521
1230 526
1230 566
1230 583
1230 585
1230 649
1230 650
1230 654
1230 659
1230 662
1230 694
1230 711
1230 713
1230 718
1230 774
1230 775
1230 783
1230 839
1230 842
1230 846
1230 854
1230 903
1230 905
1230 918
1230 967
1230 1031
1230 1038
1230 1094
1230 1095
1230 1102
1230 1159
1230 1161
1230 1166
1230 1223
1230 1226
1230 1270
1231 1039
1231 1103
1231 1167
1232 100
1232 1040
1232 1104
1232 1168
1233 1041
1233 1043
1233 1105
1233 1169
1234 226
1234 295
1234 442
1234 869
1234 924
1234 1042
1234 1106
1234 1170
1235 1043
1235 1107
1235 1171
1236 343
1236 1044
1236 1108
1236 1172
1237 368
1237 474
1237 1045
1237 1109
1237 1173
1238 1046
1238 1110
1238 1174
1239 158
1239 525
1239 675
1239 1047
1239 1111
1239 1175
1240 736
1240 1048
1240 1112
1240 1176
1241 48
1241 529
1241 745
1241 871
1241 1049
1241 1113
1241 1177
1242 628
1242 1050
1242 1114
1242 1178
1243 392
1243 834
1243 1051
1243 1089
1243 1115
1243 1179
1244 421
1244 794
1244 1052
1244 1116
1244 1180
1245 1053
1245 1117
1245 1181
1246 470
1246 598
1246 630
1246 768
1246 822
1246 838
1246 910
1246 966
1246 1024
1246 1054
1246 1118
1246 1124
1246 1174
1246 1182
1246 1216
1246 1225
1247 3
1247 373
1247 376
1247 423
1247 1051
1247 1055
1247 1068
1247 1119
1247 1183
1248 520
1248 796
1248 1036
1248 1056
1248 1120
1248 1184
1249 754
1249 795
1249 1057
1249 1121
1249 1185
1250 313
1250 377
1250 633
1250 1010
1250 1058
1250 1122
1250 1186
1251 273
1251 1059
1251 1123
1251 1187
1252 285
1252 302
1252 1060
1252 1092
1252 1124
1252 1188
1253 946
1253 1061
1253 1125
1253 1189
1254 1062
1254 1126
1254 1190
1255 1047
1255 1063
1255 1127
1255 1191
1256 113
1256 947
1256 1064
1256 1128
1256 1192
1257 653
1257 1065
1257 1129
1257 1193
1258 568
1258 1066
1258 1130
1258 1194
1259 631
1259 811
1259 1067
1259 1131
1259 1195
1260 1068
1260 1132
1260 1196
1261 1069
1261 1133
1261 1197
1262 723
1262 740
1262 1070
1262 1134
1262 1198
1263 127
1263 1071
1263 1135
1263 1199
1264 227
1264 683
1264 853
1264 986
1264 1072
1264 1136
1264 1200
1265 547
1265 888
1265 1073
1265 1137
1265 1201
1266 249
1266 1074
1266 1131
1266 1138
1266 1202
1267 1075
1267 1139
1267 1203
1268 130
1268 1076
1268 1140
1268 1204
1269 1077
1269 1141
1269 1205
1270 134
1270 201
1270 206
1270 214
1270 262
1270 329
1270 390
1270 391
1270 398
1270 454
1270 455
1270 519
1270 521
1270 526
1270 566
1270 583
1270 585
1270 650
1270 654
1270 659
1270 694
1270 713
1270 718
1270 774
1270 783
1270 839
1270 842
1270 846
1270 854
1270 903
1270 905
1270 918
1270 966
1270 975
1270 1030
1270 1031
1270 1078
1270 1094
1270 1124
1270 1142
1270 1161
1270 1174
1270 1182
1270 1206
1270 1226
1270 1230
1271 900
1271 907
1271 932
1271 1079
1271 1143
1271 1207
1272 556
1272 728
1272 1080
1272 1144
1272 1208
1273 435
1273 798
1273 1081
1273 1145
1273 1209
1274 425
1274 1082
1274 1146
1274 1210
1275 189
1275 236
1275 1083
1275 1147
1275 1211
1276 25
1276 491
1276 540
1276 562
1276 1084
1276 1148
1276 1212
1277 243
1277 244
1277 825
1277 1085
1277 1149
1277 1213
1278 1086
1278 1150
1278 1214
1278 1229
1279 156
1279 599
1279 1087
1279 1151
1279 1215
