0 64
0 128
0 192
1 13
1 19
1 65
1 69
1 77
1 79
1 83
1 129
1 143
1 147
1 193
1 205
1 211
1 257
1 271
1 275
1 321
1 335
1 339
1 389
1 399
1 453
1 463
1 517
1 581
1 591
1 719
1 773
1 783
1 837
1 847
1 904
1 965
1 1029
1 1229
2 66
2 130
2 194
3 67
3 131
3 195
4 68
4 85
4 132
4 196
5 15
5 19
5 69
5 77
5 79
5 133
5 143
5 147
5 197
5 207
5 261
5 271
5 275
5 325
5 335
5 389
5 390
5 453
5 454
5 463
5 518
5 582
5 646
5 710
5 774
5 838
5 847
5 975
5 1037
5 1039
5 1103
5 1167
5 1231
6 70
6 134
6 198
6 262
6 326
6 390
6 454
6 518
6 582
6 646
6 710
6 774
6 838
7 71
7 135
7 199
8 72
8 136
8 200
8 713
9 73
9 137
9 200
9 201
9 264
9 328
9 392
9 456
9 520
9 584
9 645
9 709
9 776
9 840
9 901
9 968
9 1032
9 1096
9 1160
9 1221
10 74
10 138
10 202
11 75
11 139
11 203
12 76
12 140
12 204
13 1
13 15
13 19
13 65
13 69
13 77
13 79
13 83
13 133
13 141
13 143
13 147
13 193
13 197
13 205
13 207
13 211
13 257
13 261
13 271
13 275
13 321
13 325
13 335
13 339
13 389
13 399
13 453
13 463
13 517
13 581
13 591
13 719
13 783
13 847
13 1093
13 1101
13 1229
14 78
14 142
14 206
15 5
15 13
15 19
15 69
15 77
15 79
15 83
15 133
15 143
15 147
15 193
15 197
15 207
15 211
15 261
15 271
15 275
15 325
15 335
15 389
15 390
15 453
15 463
15 518
15 581
15 582
15 646
15 710
15 774
15 783
15 838
15 847
15 911
15 975
15 1037
15 1039
15 1167
15 1231
16 80
16 144
16 208
16 415
16 424
16 565
17 81
17 145
17 209
17 352
18 82
18 93
18 146
18 210
19 1
19 5
19 13
19 15
19 65
19 69
19 77
19 79
19 83
19 133
19 143
19 147
19 193
19 197
19 205
19 207
19 211
19 261
19 271
19 275
19 325
19 335
19 339
19 389
19 399
19 453
19 463
19 517
19 581
19 719
19 783
19 847
19 911
19 1037
19 1093
19 1101
19 1165
19 1231
20 84
20 148
20 212
20 743
20 803
20 867
20 872
20 932
20 946
21 85
21 149
21 213
22 38
22 86
22 150
22 214
22 777
23 87
23 151
23 215
23 555
23 893
23 1073
24 88
24 152
24 216
24 1256
25 89
25 153
25 217
25 448
26 90
26 154
26 218
26 1058
27 91
27 155
27 219
27 586
28 92
28 119
28 156
28 220
28 795
29 93
29 157
29 221
29 1155
30 94
30 158
30 222
30 1034
31 41
31 95
31 159
31 223
31 274
32 96
32 160
32 224
32 1107
33 97
33 161
33 225
34 98
34 162
34 226
34 246
35 99
35 163
35 227
35 493
35 801
35 996
35 1088
36 100
36 164
36 228
37 101
37 165
37 229
37 708
38 22
38 102
38 166
38 230
38 777
39 103
39 164
39 167
39 231
39 1019
40 104
40 168
40 232
41 31
41 105
41 169
41 233
41 274
42 106
42 154
42 170
42 234
42 490
42 791
42 1210
43 107
43 171
43 235
43 483
43 1047
44 108
44 172
44 236
44 578
45 109
45 162
45 173
45 237
45 672
46 110
46 174
46 238
46 831
46 1020
46 1067
47 111
47 175
47 239
47 794
48 61
48 112
48 176
48 240
48 701
48 1137
49 113
49 151
49 177
49 183
49 241
49 405
49 421
49 860
50 114
50 178
50 242
50 673
50 857
50 937
50 1143
51 115
51 179
51 243
52 116
52 180
52 215
52 244
52 571
52 818
53 117
53 181
53 245
53 609
54 118
54 182
54 246
54 356
55 119
55 183
55 247
56 120
56 184
56 248
56 404
56 720
56 756
56 881
57 58
57 121
57 185
57 188
57 249
57 500
58 57
58 122
58 186
58 188
58 250
58 500
59 123
59 187
59 251
59 1031
60 124
60 188
60 252
60 569
60 816
61 48
61 125
61 189
61 253
61 701
61 1137
62 126
62 190
62 254
62 817
63 127
63 191
63 255
63 637
63 829
63 1007
64 0
64 128
64 192
64 256
65 1
65 13
65 19
65 77
65 83
65 129
65 147
65 193
65 205
65 211
65 257
65 275
65 321
65 339
65 389
65 399
65 453
65 463
65 517
65 581
65 591
65 719
65 773
65 783
65 837
65 847
65 904
65 909
65 965
65 973
65 1029
65 1157
66 2
66 130
66 194
66 258
67 3
67 131
67 195
67 259
68 4
68 132
68 196
68 260
69 1
69 5
69 13
69 15
69 19
69 77
69 79
69 83
69 133
69 143
69 147
69 193
69 197
69 207
69 211
69 261
69 271
69 275
69 325
69 335
69 389
69 390
69 453
69 463
69 518
69 581
69 582
69 646
69 710
69 774
69 783
69 838
69 847
69 902
69 911
69 975
69 1037
69 1039
69 1165
69 1167
69 1231
70 6
70 134
70 198
70 262
70 326
70 390
70 454
70 518
70 582
70 646
70 710
70 774
70 838
70 902
71 7
71 135
71 199
71 263
71 990
72 8
72 136
72 200
72 264
72 285
73 9
73 137
73 200
73 201
73 264
73 265
73 328
73 392
73 456
73 520
73 584
73 645
73 709
73 776
73 840
73 901
73 968
73 1032
73 1096
73 1160
73 1221
74 10
74 138
74 202
74 222
74 266
75 11
75 139
75 203
75 267
76 12
76 140
76 204
76 268
77 1
77 5
77 13
77 15
77 19
77 65
77 69
77 79
77 83
77 133
77 141
77 143
77 147
77 193
77 197
77 205
77 207
77 211
77 257
77 261
77 269
77 271
77 275
77 321
77 325
77 335
77 339
77 389
77 399
77 453
77 463
77 517
77 581
77 591
77 719
77 783
77 847
77 904
77 911
77 1093
77 1101
77 1229
78 14
78 142
78 206
78 270
79 1
79 5
79 13
79 15
79 19
79 69
79 77
79 83
79 133
79 143
79 147
79 193
79 197
79 205
79 207
79 211
79 261
79 271
79 275
79 325
79 335
79 339
79 389
79 399
79 453
79 463
79 581
79 646
79 719
79 783
79 847
79 911
79 975
79 1037
79 1093
79 1101
79 1165
79 1231
80 16
80 144
80 208
80 272
81 17
81 145
81 209
81 273
81 649
82 18
82 146
82 210
82 274
83 1
83 13
83 15
83 19
83 65
83 69
83 77
83 79
83 133
83 143
83 147
83 193
83 197
83 205
83 207
83 211
83 257
83 261
83 271
83 275
83 321
83 325
83 335
83 339
83 389
83 399
83 453
83 463
83 517
83 581
83 591
83 719
83 773
83 783
83 847
83 904
83 911
83 965
83 1093
83 1101
83 1229
84 20
84 148
84 212
84 276
84 656
84 661
84 869
84 912
84 1262
85 4
85 21
85 149
85 213
85 277
86 22
86 150
86 214
86 278
86 354
87 23
87 151
87 215
87 216
87 279
87 699
87 917
87 1079
88 24
88 152
88 216
88 280
88 628
88 680
88 1059
88 1268
89 25
89 153
89 217
89 281
90 26
90 154
90 218
90 282
91 27
91 155
91 219
91 283
92 28
92 149
92 156
92 220
92 284
92 684
93 18
93 29
93 157
93 221
93 285
94 30
94 158
94 222
94 286
95 31
95 100
95 159
95 223
95 287
95 832
95 1083
96 32
96 160
96 224
96 258
96 288
97 33
97 161
97 225
97 289
98 34
98 162
98 226
98 290
99 35
99 163
99 227
99 291
99 549
100 36
100 95
100 164
100 228
100 292
100 832
100 1083
101 37
101 165
101 229
101 293
101 744
101 848
101 1176
101 1239
102 38
102 166
102 230
102 294
102 605
103 39
103 123
103 167
103 231
103 295
103 1270
104 40
104 168
104 232
104 289
104 296
105 41
105 169
105 233
105 297
105 786
106 42
106 170
106 227
106 234
106 298
106 473
106 933
107 43
107 171
107 235
107 255
107 299
107 879
107 888
108 44
108 172
108 236
108 300
109 45
109 173
109 237
109 276
109 301
109 362
109 1012
110 46
110 174
110 238
110 302
110 638
111 47
111 175
111 239
111 303
111 482
111 758
111 808
112 48
112 176
112 240
112 304
112 1077
113 49
113 177
113 241
113 305
113 441
113 568
113 1111
114 50
114 159
114 178
114 242
114 306
114 955
114 1185
115 51
115 179
115 243
115 294
115 307
115 915
116 52
116 180
116 244
116 308
117 53
117 181
117 245
117 309
117 1168
117 1241
118 54
118 182
118 246
118 310
118 1188
119 28
119 55
119 183
119 247
119 311
119 795
120 56
120 184
120 248
120 249
120 312
120 554
120 788
120 1017
120 1150
120 1264
121 57
121 185
121 249
121 250
121 313
121 528
121 537
122 58
122 186
122 250
122 314
122 688
122 810
122 1209
123 59
123 103
123 187
123 251
123 315
123 1270
124 60
124 188
124 252
124 316
124 505
124 762
125 61
125 189
125 234
125 253
125 304
125 312
125 317
125 319
125 410
125 728
125 852
125 875
125 1072
126 62
126 190
126 254
126 318
126 633
126 697
126 1023
127 63
127 191
127 255
127 319
127 446
127 503
127 660
127 696
128 0
128 64
128 192
128 256
128 320
128 428
129 1
129 65
129 193
129 257
129 321
130 2
130 66
130 194
130 258
130 322
130 451
131 3
131 67
131 195
131 259
131 323
132 4
132 68
132 196
132 260
132 324
132 854
132 1106
133 5
133 13
133 15
133 19
133 69
133 77
133 79
133 83
133 143
133 147
133 193
133 197
133 207
133 211
133 261
133 271
133 275
133 325
133 335
133 389
133 390
133 453
133 463
133 518
133 581
133 582
133 646
133 710
133 774
133 783
133 838
133 847
133 902
133 911
133 966
133 975
133 1037
133 1039
133 1165
133 1167
133 1231
134 6
134 70
134 198
134 262
134 326
134 390
134 454
134 518
134 582
134 646
134 710
134 774
134 838
134 902
134 966
135 7
135 71
135 199
135 263
135 327
135 906
136 8
136 72
136 200
136 264
136 328
137 9
137 73
137 200
137 201
137 264
137 265
137 328
137 329
137 392
137 456
137 520
137 584
137 645
137 709
137 776
137 840
137 901
137 968
137 1032
137 1096
137 1160
137 1221
138 10
138 74
138 202
138 266
138 283
138 330
139 11
139 75
139 203
139 267
139 331
140 12
140 76
140 204
140 268
140 332
140 465
140 1219
141 13
141 77
141 205
141 269
141 333
142 14
142 78
142 206
142 270
142 327
142 334
142 842
142 972
143 1
143 5
143 13
143 15
143 19
143 69
143 77
143 79
143 83
143 133
143 147
143 193
143 197
143 205
143 207
143 211
143 261
143 271
143 275
143 325
143 335
143 339
143 389
143 399
143 453
143 463
143 581
143 646
143 719
143 783
143 847
143 904
143 911
143 965
143 975
143 1037
143 1093
143 1101
143 1165
143 1231
144 16
144 80
144 208
144 272
144 336
145 17
145 81
145 209
145 273
145 337
146 18
146 82
146 210
146 274
146 286
146 338
147 1
147 5
147 13
147 15
147 19
147 65
147 69
147 77
147 79
147 83
147 133
147 143
147 193
147 197
147 205
147 207
147 211
147 257
147 261
147 271
147 275
147 321
147 325
147 335
147 339
147 389
147 399
147 453
147 463
147 517
147 581
147 719
147 783
147 847
147 904
147 911
147 965
147 975
147 1093
147 1101
147 1165
147 1229
148 20
148 84
148 212
148 276
148 340
148 1202
149 21
149 85
149 92
149 213
149 277
149 341
149 684
150 22
150 86
150 214
150 278
150 342
151 23
151 49
151 87
151 183
151 215
151 279
151 343
151 405
151 421
151 860
152 24
152 88
152 216
152 280
152 344
153 25
153 89
153 217
153 281
153 345
153 359
154 26
154 42
154 90
154 218
154 282
154 346
154 490
154 791
154 1210
155 27
155 91
155 219
155 283
155 347
155 411
155 1190
156 28
156 92
156 220
156 284
156 348
156 1046
157 29
157 93
157 221
157 285
157 349
158 30
158 94
158 222
158 286
158 350
158 1235
159 31
159 95
159 114
159 223
159 287
159 351
159 955
159 1185
160 32
160 96
160 224
160 288
160 352
161 33
161 97
161 225
161 289
161 353
162 34
162 45
162 98
162 226
162 290
162 354
162 672
163 35
163 99
163 227
163 231
163 291
163 355
163 993
164 36
164 39
164 100
164 228
164 292
164 356
164 1019
165 37
165 101
165 229
165 293
165 357
165 676
165 900
166 38
166 102
166 230
166 294
166 358
167 39
167 103
167 169
167 231
167 295
167 359
167 361
167 678
167 941
168 40
168 104
168 174
168 232
168 296
168 360
168 487
168 617
168 789
169 41
169 105
169 167
169 233
169 297
169 361
169 678
169 941
170 42
170 106
170 234
170 291
170 298
170 362
170 622
170 784
170 1271
171 43
171 107
171 235
171 299
172 44
172 108
172 236
172 300
172 364
172 1100
173 45
173 109
173 237
173 301
173 365
173 1234
174 46
174 110
174 168
174 238
174 302
174 366
174 487
174 617
174 789
175 47
175 111
175 239
175 303
175 367
176 48
176 112
176 240
176 304
176 316
176 368
176 624
176 664
177 49
177 113
177 241
177 305
177 369
177 599
178 50
178 114
178 242
178 306
178 370
178 567
179 51
179 115
179 243
179 307
179 371
180 52
180 116
180 244
180 308
180 372
181 53
181 117
181 245
181 309
181 373
182 54
182 118
182 246
182 310
182 374
183 49
183 55
183 119
183 151
183 247
183 311
183 375
183 405
183 421
183 860
184 56
184 120
184 248
184 312
184 376
184 378
185 57
185 121
185 249
185 313
185 366
185 377
185 408
186 58
186 122
186 250
186 314
186 378
186 760
186 1018
187 59
187 123
187 251
187 315
187 320
187 379
187 620
188 57
188 58
188 60
188 124
188 252
188 316
188 380
188 500
189 61
189 125
189 253
189 317
189 340
189 381
189 725
189 853
189 1257
190 62
190 126
190 254
190 318
190 382
190 735
190 828
190 954
191 63
191 127
191 255
191 319
191 383
191 430
191 639
191 753
191 895
192 0
192 64
192 128
192 256
192 320
192 384
192 914
193 1
193 13
193 15
193 19
193 65
193 69
193 77
193 79
193 83
193 129
193 133
193 143
193 147
193 197
193 205
193 207
193 211
193 257
193 261
193 271
193 275
193 321
193 325
193 335
193 339
193 385
193 389
193 399
193 453
193 463
193 517
193 581
193 591
193 719
193 773
193 783
193 837
193 847
193 904
193 909
193 911
193 965
193 973
193 1029
193 1037
193 1101
193 1229
194 2
194 66
194 130
194 258
194 322
194 386
194 458
195 3
195 67
195 131
195 219
195 259
195 323
195 387
196 4
196 68
196 132
196 260
196 324
196 388
196 978
196 1197
197 5
197 13
197 15
197 19
197 69
197 77
197 79
197 83
197 133
197 143
197 147
197 193
197 207
197 211
197 261
197 271
197 275
197 325
197 335
197 389
197 390
197 453
197 463
197 518
197 581
197 582
197 646
197 710
197 774
197 783
197 838
197 847
197 902
197 911
197 966
197 975
197 1030
197 1037
197 1039
197 1167
197 1231
198 6
198 70
198 134
198 262
198 326
198 390
198 454
198 518
198 582
198 646
198 710
198 774
198 838
198 902
198 966
198 1030
199 7
199 71
199 135
199 263
199 323
199 327
199 391
200 8
200 9
200 72
200 73
200 136
200 137
200 264
200 328
200 392
200 456
200 520
200 584
200 645
200 709
200 776
200 840
200 901
200 968
200 1032
200 1096
200 1160
200 1221
201 9
201 73
201 137
201 265
201 329
201 393
202 10
202 74
202 138
202 266
202 330
202 394
203 11
203 75
203 139
203 267
203 331
203 395
204 12
204 76
204 140
204 268
204 332
204 396
204 531
205 1
205 13
205 19
205 65
205 77
205 79
205 83
205 141
205 143
205 147
205 193
205 211
205 257
205 269
205 275
205 321
205 333
205 339
205 389
205 397
205 399
205 453
205 463
205 517
205 581
205 591
205 719
205 773
205 783
205 837
205 847
205 904
205 909
205 911
205 965
205 973
205 1029
206 14
206 78
206 142
206 270
206 334
206 398
207 5
207 13
207 15
207 19
207 69
207 77
207 79
207 83
207 133
207 143
207 147
207 193
207 197
207 211
207 261
207 271
207 275
207 325
207 335
207 389
207 390
207 399
207 453
207 463
207 518
207 581
207 582
207 646
207 710
207 774
207 783
207 838
207 847
207 902
207 911
207 966
207 975
207 1030
207 1037
207 1039
207 1167
207 1231
208 16
208 80
208 144
208 272
208 336
208 400
209 17
209 81
209 145
209 273
209 337
209 401
210 18
210 82
210 146
210 274
210 338
210 402
210 998
211 1
211 13
211 15
211 19
211 65
211 69
211 77
211 79
211 83
211 133
211 143
211 147
211 193
211 197
211 205
211 207
211 257
211 261
211 271
211 275
211 321
211 325
211 335
211 339
211 389
211 399
211 403
211 453
211 463
211 517
211 581
211 591
211 719
211 783
211 847
211 904
211 911
211 965
211 973
211 975
211 1029
211 1037
211 1093
211 1101
211 1229
212 20
212 84
212 148
212 247
212 276
212 340
212 404
212 597
212 809
212 999
212 1104
212 1127
213 21
213 85
213 149
213 277
213 341
213 405
213 877
214 22
214 86
214 150
214 278
214 342
214 406
215 23
215 52
215 87
215 151
215 279
215 343
215 407
215 571
215 818
216 24
216 87
216 88
216 152
216 280
216 344
216 408
216 699
216 917
216 1079
217 25
217 89
217 153
217 281
217 345
217 409
217 1057
217 1183
218 26
218 90
218 154
218 282
218 346
218 410
218 562
218 1172
219 27
219 91
219 155
219 195
219 283
219 347
219 411
220 28
220 92
220 156
220 284
220 348
220 402
220 412
220 929
221 29
221 93
221 157
221 285
221 349
221 413
222 30
222 74
222 94
222 158
222 286
222 350
222 414
223 31
223 95
223 159
223 287
223 351
223 415
223 856
223 1000
224 32
224 96
224 160
224 288
224 352
224 416
224 845
225 33
225 97
225 161
225 289
225 310
225 353
225 417
226 34
226 98
226 162
226 290
226 354
226 418
226 1005
227 35
227 99
227 106
227 163
227 291
227 355
227 419
227 473
227 933
228 36
228 100
228 164
228 292
228 356
228 420
228 1228
229 37
229 101
229 165
229 293
229 357
229 421
229 598
229 1196
230 38
230 102
230 166
230 294
230 358
230 422
230 650
230 992
231 39
231 103
231 163
231 167
231 295
231 359
231 423
231 993
232 40
232 104
232 168
232 296
232 360
232 424
232 768
232 949
232 1014
233 41
233 105
233 169
233 297
233 361
233 425
233 594
234 42
234 106
234 125
234 170
234 298
234 304
234 312
234 319
234 362
234 410
234 426
234 728
234 852
234 875
234 1072
235 43
235 107
235 171
235 299
235 363
235 427
235 483
235 1047
236 44
236 108
236 172
236 300
236 364
236 428
236 785
237 45
237 109
237 173
237 301
237 365
237 429
237 1068
238 46
238 110
238 174
238 302
238 366
238 430
238 444
238 532
238 687
238 1200
239 47
239 111
239 175
239 303
239 367
239 431
240 48
240 112
240 176
240 304
240 368
240 432
240 663
241 49
241 113
241 177
241 305
241 313
241 369
241 433
241 730
241 1208
241 1259
242 50
242 114
242 178
242 306
242 370
242 434
242 882
243 51
243 115
243 179
243 307
243 371
243 435
243 1139
244 52
244 116
244 180
244 287
244 308
244 372
244 436
244 748
244 1011
244 1156
245 53
245 117
245 181
245 277
245 309
245 373
245 437
246 34
246 54
246 118
246 182
246 310
246 374
246 438
247 55
247 119
247 183
247 212
247 311
247 375
247 439
247 597
247 809
247 999
247 1104
247 1127
248 56
248 120
248 184
248 312
248 376
248 379
248 440
248 873
248 1055
249 57
249 120
249 121
249 185
249 313
249 377
249 441
249 554
249 788
249 1017
249 1150
249 1264
250 58
250 121
250 122
250 186
250 314
250 378
250 442
250 528
250 537
251 59
251 123
251 187
251 315
251 379
251 443
251 1065
252 60
252 124
252 188
252 316
252 380
252 444
252 471
252 956
252 1148
253 61
253 125
253 189
253 317
253 381
253 445
253 468
253 1112
254 62
254 126
254 190
254 318
254 382
254 446
254 1273
255 63
255 107
255 127
255 191
255 319
255 383
255 447
255 879
255 888
256 64
256 128
256 192
256 278
256 320
256 384
256 448
257 1
257 13
257 65
257 77
257 83
257 129
257 147
257 193
257 205
257 211
257 275
257 321
257 339
257 385
257 399
257 449
257 453
257 463
257 517
257 581
257 591
257 719
257 773
257 783
257 837
257 847
257 904
257 909
257 965
257 973
257 1029
257 1093
257 1101
257 1157
258 66
258 96
258 130
258 194
258 322
258 386
258 450
259 67
259 131
259 195
259 323
259 387
259 451
260 68
260 132
260 196
260 324
260 388
260 452
260 982
261 5
261 13
261 15
261 19
261 69
261 77
261 79
261 83
261 133
261 143
261 147
261 193
261 197
261 207
261 211
261 271
261 275
261 325
261 335
261 389
261 390
261 453
261 463
261 518
261 581
261 582
261 646
261 710
261 774
261 783
261 838
261 847
261 902
261 911
261 966
261 975
261 1030
261 1037
261 1039
261 1093
261 1094
261 1101
261 1103
261 1167
261 1231
262 6
262 70
262 134
262 198
262 326
262 390
262 454
262 518
262 582
262 646
262 710
262 774
262 838
262 902
262 966
262 1030
262 1094
262 1103
263 71
263 135
263 199
263 327
263 391
263 455
264 9
264 72
264 73
264 136
264 137
264 200
264 328
264 392
264 456
264 520
264 584
264 645
264 709
264 776
264 840
264 901
264 968
264 1032
264 1096
264 1160
264 1221
265 73
265 137
265 201
265 329
265 393
265 457
266 74
266 138
266 202
266 283
266 330
266 394
266 458
267 75
267 139
267 203
267 331
267 395
267 459
268 76
268 140
268 204
268 332
268 396
268 460
268 1163
269 77
269 141
269 205
269 333
269 397
269 461
270 78
270 142
270 206
270 334
270 398
270 462
271 1
271 5
271 13
271 15
271 19
271 69
271 77
271 79
271 83
271 133
271 143
271 147
271 193
271 197
271 207
271 211
271 261
271 275
271 325
271 335
271 389
271 390
271 399
271 453
271 463
271 518
271 581
271 582
271 646
271 710
271 774
271 783
271 838
271 847
271 902
271 911
271 966
271 975
271 1030
271 1037
271 1039
271 1093
271 1094
271 1101
271 1103
271 1165
271 1167
271 1231
272 80
272 144
272 208
272 336
272 400
272 464
272 695
273 81
273 145
273 209
273 337
273 401
273 465
274 31
274 41
274 82
274 146
274 210
274 338
274 402
274 466
275 1
275 5
275 13
275 15
275 19
275 65
275 69
275 77
275 79
275 83
275 133
275 143
275 147
275 193
275 197
275 205
275 207
275 211
275 257
275 261
275 271
275 321
275 325
275 335
275 339
275 389
275 399
275 403
275 453
275 463
275 467
275 517
275 581
275 719
275 783
275 847
275 904
275 911
275 965
275 975
275 1029
275 1037
275 1039
275 1093
275 1101
275 1165
275 1229
276 84
276 109
276 148
276 212
276 340
276 362
276 404
276 468
276 1012
277 85
277 149
277 213
277 245
277 341
277 405
277 469
278 86
278 150
278 214
278 256
278 342
278 406
278 470
279 87
279 151
279 215
279 343
279 407
279 471
279 484
279 665
279 1048
279 1138
280 88
280 152
280 216
280 343
280 344
280 408
280 472
280 535
280 921
281 89
281 153
281 217
281 345
281 409
281 473
281 822
281 985
282 90
282 154
282 218
282 346
282 381
282 410
282 437
282 474
282 746
283 91
283 138
283 155
283 219
283 266
283 347
283 411
283 475
284 92
284 156
284 220
284 348
284 412
284 434
284 476
285 72
285 93
285 157
285 221
285 349
285 413
285 477
286 94
286 146
286 158
286 222
286 350
286 414
286 478
287 95
287 159
287 223
287 244
287 351
287 415
287 479
287 748
287 1011
287 1156
288 96
288 160
288 224
288 352
288 416
288 480
289 97
289 104
289 161
289 225
289 353
289 417
289 481
290 98
290 162
290 226
290 354
290 370
290 418
290 482
290 580
291 99
291 163
291 170
291 227
291 355
291 419
291 483
291 622
291 784
291 1271
292 100
292 164
292 228
292 356
292 420
292 484
292 1060
293 101
293 165
293 229
293 348
293 357
293 421
293 485
294 102
294 115
294 166
294 230
294 358
294 422
294 486
294 915
295 103
295 167
295 231
295 359
295 423
295 487
295 694
295 918
296 104
296 168
296 232
296 360
296 363
296 424
296 488
296 814
297 105
297 169
297 233
297 361
297 425
297 489
297 846
298 106
298 170
298 234
298 362
298 426
298 440
298 490
298 807
298 1074
299 107
299 171
299 235
299 363
299 427
299 491
299 815
300 108
300 172
300 236
300 364
300 428
300 492
300 667
301 109
301 173
301 237
301 365
301 429
301 493
301 534
302 110
302 174
302 238
302 366
302 430
302 494
302 677
302 995
302 1003
302 1044
303 111
303 175
303 239
303 367
303 431
303 495
303 631
303 1108
304 112
304 125
304 176
304 234
304 240
304 312
304 319
304 368
304 410
304 432
304 496
304 728
304 852
304 875
304 1072
305 113
305 177
305 241
305 369
305 433
305 497
306 114
306 178
306 242
306 370
306 434
306 479
306 498
307 115
307 179
307 243
307 371
307 435
307 499
308 116
308 180
308 244
308 372
308 436
308 500
309 117
309 181
309 245
309 373
309 425
309 437
309 501
309 607
309 802
310 118
310 182
310 225
310 246
310 374
310 438
310 502
311 119
311 183
311 247
311 375
311 439
311 503
312 120
312 125
312 184
312 234
312 248
312 304
312 319
312 376
312 410
312 440
312 504
312 728
312 852
312 875
312 1072
313 121
313 185
313 241
313 249
313 377
313 441
313 505
313 730
313 1208
313 1259
314 122
314 186
314 250
314 378
314 442
314 491
314 506
314 1258
314 1278
315 123
315 187
315 251
315 379
315 443
315 507
316 124
316 176
316 188
316 252
316 380
316 444
316 508
316 624
316 664
317 125
317 189
317 253
317 355
317 381
317 445
317 509
317 887
317 1178
318 126
318 190
318 254
318 382
318 446
318 488
318 497
318 510
319 125
319 127
319 191
319 234
319 255
319 304
319 312
319 383
319 410
319 447
319 511
319 728
319 852
319 875
319 1072
320 128
320 187
320 192
320 256
320 384
320 448
320 512
320 620
321 1
321 13
321 65
321 77
321 83
321 129
321 147
321 193
321 205
321 211
321 257
321 275
321 339
321 385
321 389
321 399
321 449
321 453
321 463
321 513
321 517
321 581
321 591
321 719
321 773
321 783
321 837
321 847
321 904
321 909
321 965
321 973
321 1029
321 1093
321 1101
321 1157
322 130
322 194
322 258
322 386
322 450
322 514
323 131
323 195
323 199
323 259
323 387
323 451
323 515
324 132
324 196
324 260
324 388
324 452
324 516
325 5
325 13
325 15
325 19
325 69
325 77
325 79
325 83
325 133
325 143
325 147
325 193
325 197
325 207
325 211
325 261
325 271
325 275
325 335
325 389
325 390
325 453
325 463
325 517
325 518
325 581
325 582
325 646
325 710
325 774
325 783
325 838
325 847
325 902
325 911
325 966
325 975
325 1030
325 1037
325 1039
325 1093
325 1094
325 1101
325 1103
325 1158
325 1165
325 1167
325 1231
326 6
326 70
326 134
326 198
326 262
326 390
326 454
326 518
326 582
326 646
326 710
326 774
326 838
326 902
326 966
326 1030
326 1039
326 1094
326 1103
326 1158
326 1222
327 135
327 142
327 199
327 263
327 391
327 455
327 519
327 842
327 972
328 9
328 73
328 136
328 137
328 200
328 264
328 392
328 456
328 520
328 584
328 645
328 709
328 776
328 840
328 901
328 968
328 1032
328 1096
328 1160
328 1221
329 137
329 201
329 265
329 393
329 457
329 521
330 138
330 202
330 266
330 394
330 458
330 522
331 139
331 203
331 267
331 395
331 459
331 523
332 140
332 204
332 268
332 396
332 460
332 524
333 141
333 205
333 269
333 397
333 461
333 525
333 591
333 648
333 712
333 773
333 837
333 909
333 973
333 1157
333 1218
333 1224
334 142
334 206
334 270
334 398
334 462
334 513
334 526
335 1
335 5
335 13
335 15
335 19
335 69
335 77
335 79
335 83
335 133
335 143
335 147
335 193
335 197
335 207
335 211
335 261
335 271
335 275
335 325
335 339
335 389
335 399
335 453
335 463
335 518
335 527
335 581
335 582
335 646
335 710
335 783
335 838
335 847
335 902
335 911
335 966
335 975
335 1030
335 1037
335 1039
335 1093
335 1094
335 1101
335 1103
335 1158
335 1165
335 1167
335 1231
336 144
336 208
336 272
336 400
336 464
336 528
336 737
336 1129
337 145
337 209
337 273
337 401
337 465
337 529
338 146
338 210
338 274
338 402
338 466
338 530
339 1
339 13
339 19
339 65
339 77
339 79
339 83
339 143
339 147
339 193
339 205
339 211
339 257
339 275
339 321
339 335
339 389
339 399
339 403
339 453
339 463
339 467
339 517
339 531
339 581
339 591
339 719
339 773
339 783
339 837
339 847
339 904
339 909
339 911
339 965
339 973
339 1029
339 1037
339 1093
339 1101
339 1157
339 1165
339 1229
340 148
340 189
340 212
340 276
340 404
340 468
340 532
340 725
340 853
340 1257
341 149
341 213
341 277
341 405
341 469
341 533
341 644
342 150
342 214
342 278
342 406
342 466
342 470
342 534
343 151
343 215
343 279
343 280
343 407
343 471
343 535
343 921
344 152
344 216
344 280
344 408
344 472
344 536
344 674
345 153
345 217
345 281
345 409
345 418
345 431
345 473
345 537
345 948
345 1232
346 154
346 218
346 282
346 410
346 474
346 538
346 546
346 1266
347 155
347 219
347 283
347 411
347 475
347 514
347 539
348 156
348 220
348 284
348 293
348 412
348 476
348 540
349 157
349 221
349 285
349 413
349 477
349 541
349 593
350 158
350 222
350 286
350 414
350 478
350 542
350 588
351 159
351 223
351 287
351 415
351 479
351 543
351 1021
351 1192
352 17
352 160
352 224
352 288
352 416
352 480
352 544
353 161
353 225
353 289
353 417
353 481
353 545
353 861
354 86
354 162
354 226
354 290
354 418
354 482
354 546
355 163
355 227
355 291
355 317
355 419
355 483
355 547
355 887
355 1178
356 54
356 164
356 228
356 292
356 420
356 484
356 548
357 165
357 229
357 293
357 421
357 485
357 549
358 166
358 230
358 294
358 422
358 486
358 550
358 1174
359 153
359 167
359 231
359 295
359 423
359 487
359 551
360 168
360 232
360 296
360 424
360 488
360 552
360 576
361 167
361 169
361 233
361 297
361 425
361 489
361 553
361 678
361 941
362 109
362 170
362 234
362 276
362 298
362 426
362 490
362 554
362 1012
363 235
363 296
363 299
363 427
363 491
363 555
363 814
364 172
364 236
364 300
364 428
364 492
364 556
365 173
365 237
365 301
365 429
365 493
365 557
366 174
366 185
366 238
366 302
366 408
366 430
366 494
366 558
367 175
367 239
367 303
367 431
367 495
367 559
367 640
368 176
368 240
368 304
368 432
368 496
368 560
368 626
369 177
369 241
369 305
369 432
369 433
369 497
369 508
369 890
369 1134
369 1215
370 178
370 242
370 290
370 306
370 434
370 498
370 562
370 580
371 179
371 243
371 307
371 435
371 499
371 563
372 180
372 244
372 308
372 436
372 500
372 564
372 596
372 820
372 1136
372 1198
373 181
373 245
373 309
373 437
373 501
373 547
373 565
373 793
374 182
374 246
374 310
374 438
374 502
374 566
375 183
375 247
375 311
375 439
375 503
375 567
375 798
376 184
376 248
376 312
376 440
376 474
376 504
376 568
376 884
377 185
377 249
377 313
377 441
377 505
377 569
377 616
377 874
377 894
377 1016
377 1022
377 1279
378 184
378 186
378 250
378 314
378 442
378 506
378 570
379 187
379 248
379 251
379 315
379 443
379 507
379 571
379 873
379 1055
380 188
380 252
380 316
380 439
380 444
380 508
380 572
380 953
380 1006
381 189
381 253
381 282
381 317
381 437
381 445
381 509
381 573
381 746
382 190
382 254
382 318
382 446
382 510
382 574
382 1081
383 191
383 255
383 319
383 447
383 494
383 511
383 575
383 1146
383 1194
383 1212
384 192
384 256
384 320
384 448
384 512
384 576
384 1249
385 193
385 257
385 321
385 449
385 513
385 577
385 1090
386 194
386 258
386 322
386 450
386 514
386 578
387 195
387 259
387 323
387 451
387 515
387 579
388 196
388 260
388 324
388 452
388 516
388 580
389 1
389 5
389 13
389 15
389 19
389 65
389 69
389 77
389 79
389 83
389 133
389 143
389 147
389 193
389 197
389 205
389 207
389 211
389 261
389 271
389 275
389 321
389 325
389 335
389 339
389 399
389 453
389 463
389 517
389 581
389 719
389 783
389 847
389 904
389 911
389 965
389 975
389 1029
389 1037
389 1039
389 1093
389 1101
389 1103
389 1165
389 1167
389 1229
389 1231
390 5
390 6
390 15
390 69
390 70
390 133
390 134
390 197
390 198
390 207
390 261
390 262
390 271
390 325
390 326
390 454
390 518
390 582
390 646
390 710
390 774
390 838
390 902
390 966
390 975
390 1030
390 1039
390 1094
390 1103
390 1158
390 1167
390 1222
390 1231
391 199
391 263
391 327
391 455
391 519
391 524
391 583
392 9
392 73
392 137
392 200
392 264
392 328
392 456
392 520
392 584
392 645
392 709
392 776
392 840
392 901
392 968
392 1032
392 1096
392 1160
392 1221
393 201
393 265
393 329
393 457
393 521
393 585
394 202
394 266
394 330
394 458
394 522
394 586
394 905
394 1054
394 1102
395 203
395 267
395 331
395 459
395 523
395 587
396 204
396 268
396 332
396 460
396 524
396 588
397 205
397 269
397 333
397 461
397 525
397 589
398 206
398 270
398 334
398 462
398 526
398 590
399 1
399 13
399 19
399 65
399 77
399 79
399 83
399 143
399 147
399 193
399 205
399 207
399 211
399 257
399 271
399 275
399 321
399 335
399 339
399 389
399 453
399 463
399 517
399 527
399 581
399 591
399 719
399 773
399 783
399 837
399 847
399 904
399 909
399 911
399 965
399 973
399 1029
399 1093
399 1101
399 1157
399 1165
399 1229
400 208
400 272
400 336
400 464
400 528
400 592
400 920
400 1236
401 209
401 273
401 337
401 465
401 529
401 593
401 903
402 210
402 220
402 274
402 338
402 466
402 530
402 594
402 929
403 211
403 275
403 339
403 467
403 531
403 595
403 1089
404 56
404 212
404 276
404 340
404 468
404 532
404 596
404 720
404 756
404 881
405 49
405 151
405 183
405 213
405 277
405 341
405 421
405 469
405 533
405 597
405 860
406 214
406 278
406 342
406 470
406 534
406 598
407 215
407 279
407 343
407 471
407 509
407 535
407 599
407 623
407 1045
408 185
408 216
408 280
408 344
408 366
408 472
408 536
408 600
409 217
409 281
409 345
409 473
409 495
409 496
409 537
409 601
409 1251
409 1265
410 125
410 218
410 234
410 282
410 304
410 312
410 319
410 346
410 474
410 538
410 602
410 728
410 852
410 875
410 1072
411 155
411 219
411 283
411 347
411 475
411 539
411 603
411 1190
412 220
412 284
412 348
412 476
412 540
412 604
413 221
413 285
413 349
413 477
413 541
413 605
413 614
413 770
413 1184
414 222
414 286
414 350
414 478
414 542
414 606
415 16
415 223
415 287
415 351
415 424
415 479
415 543
415 565
415 607
416 224
416 288
416 352
416 480
416 544
416 608
417 225
417 289
417 353
417 481
417 545
417 609
417 976
418 226
418 290
418 345
418 354
418 431
418 482
418 546
418 610
418 948
418 1232
419 227
419 291
419 355
419 483
419 547
419 611
419 855
419 1009
419 1066
420 228
420 292
420 356
420 484
420 548
420 612
421 49
421 151
421 183
421 229
421 293
421 357
421 405
421 485
421 549
421 613
421 860
422 230
422 294
422 358
422 486
422 550
422 614
423 231
423 295
423 359
423 487
423 551
423 601
423 615
423 671
423 866
423 1010
423 1076
423 1255
424 16
424 232
424 296
424 360
424 415
424 488
424 552
424 565
424 616
425 233
425 297
425 309
425 361
425 489
425 553
425 607
425 617
425 802
426 234
426 298
426 362
426 490
426 554
426 602
426 618
427 235
427 299
427 363
427 491
427 555
427 944
428 128
428 236
428 300
428 364
428 492
428 556
428 620
429 237
429 301
429 365
429 493
429 557
429 621
429 635
429 885
429 960
429 1170
429 1204
430 191
430 238
430 302
430 366
430 494
430 558
430 622
430 639
430 753
430 895
431 239
431 303
431 345
431 367
431 418
431 495
431 559
431 623
431 948
431 1232
432 240
432 304
432 368
432 369
432 496
432 508
432 560
432 624
432 890
432 1134
432 1215
433 241
433 305
433 369
433 497
433 561
433 625
433 980
434 242
434 284
434 306
434 370
434 498
434 562
434 626
435 243
435 307
435 371
435 499
435 563
435 627
436 244
436 308
436 372
436 500
436 564
436 628
436 823
436 1052
437 245
437 282
437 309
437 373
437 381
437 501
437 565
437 629
437 746
438 246
438 310
438 374
438 502
438 566
438 630
439 247
439 311
439 375
439 380
439 503
439 567
439 631
439 953
439 1006
440 248
440 298
440 312
440 376
440 504
440 568
440 632
440 807
440 1074
441 113
441 249
441 313
441 377
441 505
441 568
441 569
441 633
441 1111
442 250
442 314
442 378
442 506
442 570
442 634
443 251
443 315
443 379
443 507
443 571
443 635
444 238
444 252
444 316
444 380
444 508
444 532
444 572
444 636
444 687
444 1200
445 253
445 317
445 381
445 509
445 573
445 637
445 919
445 1013
446 127
446 254
446 318
446 382
446 503
446 510
446 574
446 660
446 696
447 255
447 319
447 383
447 511
447 538
447 558
447 572
447 575
447 639
447 1085
448 25
448 256
448 320
448 384
448 512
448 576
448 640
449 257
449 321
449 385
449 513
449 577
449 641
450 258
450 322
450 386
450 514
450 578
450 642
451 130
451 259
451 323
451 387
451 515
451 579
451 643
452 260
452 324
452 388
452 516
452 580
452 604
452 644
452 658
452 726
452 988
452 1186
453 1
453 5
453 13
453 15
453 19
453 65
453 69
453 77
453 79
453 83
453 133
453 143
453 147
453 193
453 197
453 205
453 207
453 211
453 257
453 261
453 271
453 275
453 321
453 325
453 335
453 339
453 389
453 399
453 463
453 517
453 581
453 645
453 719
453 783
453 847
453 904
453 911
453 965
453 975
453 1029
453 1037
453 1039
453 1093
453 1101
453 1103
453 1165
453 1167
453 1229
453 1231
454 5
454 6
454 70
454 134
454 198
454 262
454 326
454 390
454 518
454 582
454 646
454 710
454 774
454 838
454 902
454 966
454 1030
454 1039
454 1094
454 1103
454 1158
454 1222
455 263
455 327
455 391
455 519
455 583
455 647
455 1230
456 9
456 73
456 137
456 200
456 264
456 328
456 392
456 520
456 584
456 645
456 648
456 709
456 776
456 840
456 901
456 968
456 1032
456 1096
456 1160
456 1221
457 265
457 329
457 393
457 521
457 585
457 649
457 1171
458 194
458 266
458 330
458 394
458 522
458 586
458 650
459 267
459 331
459 395
459 523
459 587
459 651
460 268
460 332
460 396
460 524
460 588
460 652
460 812
461 269
461 333
461 397
461 525
461 589
461 653
462 270
462 334
462 398
462 526
462 590
462 654
463 1
463 5
463 13
463 15
463 19
463 65
463 69
463 77
463 79
463 83
463 133
463 143
463 147
463 193
463 197
463 205
463 207
463 211
463 257
463 261
463 271
463 275
463 321
463 325
463 335
463 339
463 389
463 399
463 453
463 517
463 527
463 581
463 591
463 655
463 719
463 783
463 847
463 904
463 911
463 965
463 975
463 1029
463 1037
463 1039
463 1093
463 1101
463 1165
463 1167
463 1229
463 1231
464 272
464 336
464 400
464 528
464 592
464 656
465 140
465 273
465 337
465 401
465 529
465 593
465 657
465 1219
466 274
466 338
466 342
466 402
466 530
466 594
466 658
467 275
467 339
467 403
467 531
467 595
467 659
468 253
468 276
468 340
468 404
468 532
468 596
468 660
468 1112
469 277
469 341
469 405
469 533
469 545
469 597
469 661
469 804
470 278
470 342
470 406
470 534
470 598
470 662
470 1036
471 252
471 279
471 343
471 407
471 535
471 599
471 663
471 956
471 1148
472 280
472 344
472 408
472 536
472 600
472 664
472 724
472 984
473 106
473 227
473 281
473 345
473 409
473 537
473 601
473 665
473 933
474 282
474 346
474 376
474 410
474 538
474 602
474 666
474 884
475 283
475 347
475 411
475 539
475 603
475 667
476 284
476 348
476 412
476 516
476 540
476 604
476 668
476 827
476 1001
476 1191
477 285
477 349
477 413
477 541
477 605
477 669
478 286
478 350
478 414
478 542
478 606
478 647
478 670
478 1245
479 287
479 306
479 351
479 415
479 543
479 607
479 671
480 288
480 352
480 416
480 544
480 608
480 672
480 721
481 289
481 353
481 417
481 498
481 545
481 609
481 673
482 111
482 290
482 354
482 418
482 546
482 610
482 674
482 758
482 808
483 43
483 235
483 291
483 355
483 419
483 547
483 611
483 675
483 1047
484 279
484 292
484 356
484 420
484 548
484 612
484 665
484 676
484 1048
484 1138
485 293
485 357
485 421
485 549
485 613
485 677
486 294
486 358
486 422
486 550
486 614
486 678
486 797
487 168
487 174
487 295
487 359
487 423
487 551
487 615
487 617
487 679
487 789
488 296
488 318
488 360
488 424
488 497
488 552
488 616
488 680
489 297
489 361
489 425
489 553
489 617
489 681
489 1125
489 1216
490 42
490 154
490 298
490 362
490 426
490 554
490 618
490 682
490 791
490 1210
491 299
491 314
491 363
491 427
491 555
491 619
491 683
491 1258
491 1278
492 300
492 364
492 428
492 556
492 620
492 684
492 1124
493 35
493 301
493 365
493 429
493 557
493 621
493 685
493 801
493 996
493 1088
494 302
494 366
494 383
494 430
494 558
494 622
494 686
494 1146
494 1194
494 1212
495 303
495 367
495 409
495 431
495 496
495 559
495 623
495 687
495 1251
495 1265
496 304
496 368
496 409
496 432
496 495
496 560
496 624
496 688
496 1251
496 1265
497 305
497 318
497 369
497 433
497 488
497 561
497 625
497 689
498 306
498 370
498 434
498 481
498 562
498 626
498 690
499 307
499 371
499 435
499 563
499 627
499 691
500 57
500 58
500 188
500 308
500 372
500 436
500 564
500 628
500 692
501 309
501 373
501 437
501 548
501 565
501 629
501 693
501 863
502 310
502 374
502 438
502 566
502 630
502 694
502 805
502 821
502 1207
503 127
503 311
503 375
503 439
503 446
503 567
503 631
503 660
503 695
503 696
504 312
504 376
504 440
504 568
504 632
504 636
504 696
505 124
505 313
505 377
505 441
505 569
505 633
505 697
505 762
506 314
506 378
506 442
506 570
506 634
506 765
507 315
507 379
507 443
507 571
507 635
507 699
508 316
508 369
508 380
508 432
508 444
508 572
508 636
508 700
508 890
508 1134
508 1215
509 317
509 381
509 407
509 445
509 573
509 623
509 637
509 701
509 1045
510 318
510 382
510 446
510 574
510 638
510 1140
511 319
511 383
511 447
511 575
511 639
511 683
511 703
511 824
512 320
512 384
512 448
512 576
512 640
512 704
512 924
512 1173
513 321
513 334
513 385
513 449
513 577
513 641
513 705
514 322
514 347
514 386
514 450
514 578
514 642
514 706
515 323
515 387
515 451
515 579
515 643
515 707
515 1227
516 324
516 388
516 452
516 476
516 580
516 644
516 708
516 827
516 1001
516 1191
517 1
517 13
517 19
517 65
517 77
517 83
517 147
517 193
517 205
517 211
517 257
517 275
517 321
517 325
517 339
517 389
517 399
517 453
517 463
517 581
517 591
517 645
517 709
517 719
517 773
517 783
517 837
517 847
517 904
517 909
517 965
517 973
517 1029
517 1093
517 1101
517 1157
517 1165
517 1229
518 5
518 6
518 15
518 69
518 70
518 133
518 134
518 197
518 198
518 207
518 261
518 262
518 271
518 325
518 326
518 335
518 390
518 454
518 582
518 646
518 710
518 774
518 838
518 902
518 966
518 975
518 1030
518 1037
518 1039
518 1094
518 1103
518 1158
518 1167
518 1222
518 1231
519 327
519 391
519 455
519 583
519 647
519 711
519 749
520 9
520 73
520 137
520 200
520 264
520 328
520 392
520 456
520 584
520 645
520 648
520 709
520 712
520 776
520 840
520 901
520 968
520 1032
520 1096
520 1160
520 1221
521 329
521 393
521 457
521 585
521 649
521 713
521 897
522 330
522 394
522 458
522 586
522 650
522 714
523 331
523 395
523 459
523 587
523 651
523 715
524 332
524 391
524 396
524 460
524 583
524 588
524 652
524 716
525 333
525 397
525 461
525 589
525 653
525 717
526 334
526 398
526 462
526 590
526 654
526 718
526 800
527 335
527 399
527 463
527 591
527 655
527 719
528 121
528 250
528 336
528 400
528 464
528 537
528 592
528 656
528 720
529 337
529 401
529 465
529 593
529 657
529 721
530 338
530 402
530 466
530 594
530 658
530 722
531 204
531 339
531 403
531 467
531 595
531 659
531 723
532 238
532 340
532 404
532 444
532 468
532 596
532 660
532 687
532 724
532 1200
533 341
533 405
533 469
533 597
533 661
533 725
534 301
534 342
534 406
534 470
534 598
534 662
534 726
535 280
535 343
535 407
535 471
535 599
535 663
535 727
535 921
536 344
536 408
536 472
536 600
536 634
536 664
536 728
536 739
537 121
537 250
537 345
537 409
537 473
537 528
537 601
537 665
537 729
538 346
538 410
538 447
538 474
538 558
538 572
538 602
538 666
538 730
538 1085
539 347
539 411
539 475
539 563
539 603
539 652
539 667
539 731
540 348
540 412
540 476
540 604
540 668
540 732
541 349
541 413
541 477
541 605
541 669
541 733
541 940
541 1028
542 350
542 414
542 478
542 606
542 670
542 734
543 351
543 415
543 479
543 607
543 671
543 735
543 1119
544 352
544 416
544 480
544 608
544 672
544 736
544 1097
545 353
545 417
545 469
545 481
545 609
545 673
545 737
545 804
546 346
546 354
546 418
546 482
546 610
546 674
546 738
546 1266
547 355
547 373
547 419
547 483
547 611
547 675
547 739
547 793
548 356
548 420
548 484
548 501
548 612
548 676
548 740
548 863
549 99
549 357
549 421
549 485
549 613
549 677
549 741
550 358
550 422
550 486
550 614
550 678
550 742
551 359
551 423
551 487
551 615
551 679
551 743
551 983
551 1061
551 1242
552 360
552 424
552 488
552 616
552 680
552 744
552 1008
552 1086
553 361
553 425
553 489
553 617
553 681
553 745
554 120
554 249
554 362
554 426
554 490
554 618
554 682
554 746
554 788
554 1017
554 1150
554 1264
555 23
555 363
555 427
555 491
555 619
555 683
555 893
555 1073
556 364
556 428
556 492
556 620
556 684
556 748
556 950
556 1180
557 365
557 429
557 493
557 621
557 685
557 749
558 366
558 430
558 447
558 494
558 538
558 572
558 622
558 686
558 1085
559 367
559 431
559 495
559 623
559 640
559 687
559 751
560 368
560 432
560 496
560 624
560 688
560 752
560 1272
560 1277
561 433
561 497
561 625
561 689
561 727
561 753
562 218
562 370
562 434
562 498
562 626
562 690
562 754
562 1172
563 371
563 435
563 499
563 539
563 627
563 652
563 691
563 755
564 372
564 436
564 500
564 628
564 692
564 756
564 891
564 991
565 16
565 373
565 415
565 424
565 437
565 501
565 629
565 693
565 757
566 374
566 438
566 502
566 630
566 694
566 758
567 178
567 375
567 439
567 503
567 631
567 695
567 759
568 113
568 376
568 440
568 441
568 504
568 632
568 696
568 760
568 1111
569 60
569 377
569 441
569 505
569 633
569 697
569 816
570 378
570 442
570 506
570 634
570 762
571 52
571 215
571 379
571 443
571 507
571 635
571 699
571 763
571 818
572 380
572 444
572 447
572 508
572 538
572 558
572 636
572 700
572 1085
573 381
573 445
573 509
573 637
573 701
574 382
574 446
574 510
574 638
574 675
574 702
574 766
574 858
574 935
574 1247
575 383
575 447
575 511
575 639
575 703
576 360
576 384
576 448
576 512
576 640
576 704
576 768
577 385
577 449
577 513
577 641
577 705
577 769
578 44
578 386
578 450
578 514
578 642
578 706
578 770
579 387
579 451
579 515
579 643
579 707
579 771
579 841
580 290
580 370
580 388
580 452
580 516
580 644
580 708
580 772
581 1
581 13
581 15
581 19
581 65
581 69
581 77
581 79
581 83
581 133
581 143
581 147
581 193
581 197
581 205
581 207
581 211
581 257
581 261
581 271
581 275
581 321
581 325
581 335
581 339
581 389
581 399
581 453
581 463
581 517
581 591
581 645
581 709
581 719
581 773
581 783
581 847
581 904
581 911
581 965
581 973
581 975
581 1029
581 1037
581 1093
581 1101
581 1157
581 1165
581 1167
581 1229
581 1231
582 5
582 6
582 15
582 69
582 70
582 133
582 134
582 197
582 198
582 207
582 261
582 262
582 271
582 325
582 326
582 335
582 390
582 454
582 518
582 646
582 710
582 774
582 838
582 902
582 966
582 975
582 1030
582 1037
582 1039
582 1094
582 1103
582 1158
582 1167
582 1222
582 1231
583 391
583 455
583 519
583 524
583 647
583 711
583 775
584 9
584 73
584 137
584 200
584 264
584 328
584 392
584 456
584 520
584 645
584 648
584 709
584 712
584 776
584 840
584 901
584 968
584 1032
584 1096
584 1160
584 1221
585 393
585 457
585 521
585 649
585 713
585 777
586 27
586 394
586 458
586 522
586 650
586 714
586 778
587 395
587 459
587 523
587 651
587 715
587 779
588 350
588 396
588 460
588 524
588 652
588 716
588 780
589 397
589 461
589 525
589 653
589 717
589 781
590 398
590 462
590 526
590 654
590 718
590 782
591 1
591 13
591 65
591 77
591 83
591 193
591 205
591 211
591 257
591 321
591 333
591 339
591 399
591 463
591 517
591 527
591 581
591 655
591 719
591 773
591 783
591 837
591 847
591 904
591 909
591 965
591 973
591 1029
591 1157
591 1218
591 1224
591 1229
592 400
592 464
592 528
592 656
592 720
592 784
593 349
593 401
593 465
593 529
593 657
593 721
593 785
594 233
594 402
594 466
594 530
594 658
594 722
594 786
595 403
595 467
595 531
595 659
595 723
595 787
596 372
596 404
596 468
596 532
596 660
596 724
596 788
596 820
596 1136
596 1198
597 212
597 247
597 405
597 469
597 533
597 661
597 725
597 789
597 809
597 999
597 1104
597 1127
598 229
598 406
598 470
598 534
598 662
598 726
598 790
598 1196
599 177
599 407
599 471
599 535
599 663
599 727
599 791
600 408
600 472
600 536
600 664
600 728
600 792
600 811
600 1128
600 1130
601 409
601 423
601 473
601 537
601 665
601 671
601 729
601 793
601 866
601 1010
601 1076
601 1255
602 410
602 426
602 474
602 538
602 666
602 730
602 794
603 411
603 475
603 539
603 667
603 731
603 795
603 898
604 412
604 452
604 476
604 540
604 658
604 668
604 726
604 732
604 796
604 988
604 1186
605 102
605 413
605 477
605 541
605 669
605 733
605 797
606 414
606 478
606 542
606 670
606 734
606 798
607 309
607 415
607 425
607 479
607 543
607 671
607 735
607 799
607 802
608 416
608 480
608 544
608 672
608 736
608 800
609 53
609 417
609 481
609 545
609 673
609 737
609 801
610 418
610 482
610 546
610 674
610 738
610 802
611 419
611 483
611 547
611 675
611 739
611 803
612 420
612 484
612 548
612 676
612 740
612 804
613 421
613 485
613 549
613 677
613 741
613 805
613 1189
613 1237
614 413
614 422
614 486
614 550
614 678
614 742
614 770
614 806
614 1184
615 423
615 487
615 551
615 679
615 743
615 799
615 807
616 377
616 424
616 488
616 552
616 680
616 744
616 808
616 874
616 894
616 1016
616 1022
616 1279
617 168
617 174
617 425
617 487
617 489
617 553
617 681
617 745
617 789
617 809
618 426
618 490
618 554
618 632
618 682
618 746
618 810
618 1071
618 1240
619 491
619 555
619 683
620 187
620 320
620 428
620 492
620 556
620 684
620 748
620 812
621 429
621 493
621 557
621 685
621 749
621 813
622 170
622 291
622 430
622 494
622 558
622 686
622 750
622 784
622 814
622 1271
623 407
623 431
623 495
623 509
623 559
623 687
623 751
623 815
623 1045
624 176
624 316
624 432
624 496
624 560
624 664
624 688
624 752
624 816
625 433
625 497
625 561
625 689
625 753
626 368
626 434
626 498
626 562
626 690
626 754
626 818
627 435
627 499
627 563
627 691
627 755
627 819
628 88
628 436
628 500
628 564
628 680
628 692
628 756
628 820
628 1059
628 1268
629 437
629 501
629 565
629 693
629 757
629 821
630 438
630 502
630 566
630 694
630 758
630 822
630 908
631 303
631 439
631 503
631 567
631 695
631 759
631 823
631 1108
632 440
632 504
632 568
632 618
632 696
632 760
632 824
632 1071
632 1240
633 126
633 441
633 505
633 569
633 697
633 761
633 825
633 1023
634 442
634 506
634 536
634 570
634 698
634 739
634 762
634 826
635 429
635 443
635 507
635 571
635 699
635 763
635 827
635 885
635 960
635 1170
635 1204
636 444
636 504
636 508
636 572
636 700
636 764
636 828
637 63
637 445
637 509
637 573
637 701
637 765
637 829
637 1007
638 110
638 510
638 574
638 702
638 766
639 191
639 430
639 447
639 511
639 575
639 703
639 753
639 767
639 831
639 895
640 367
640 448
640 512
640 559
640 576
640 704
640 768
640 832
641 449
641 513
641 577
641 705
641 769
641 833
642 450
642 514
642 578
642 706
642 770
642 834
643 451
643 515
643 579
643 707
643 771
643 835
644 341
644 452
644 516
644 580
644 708
644 772
644 836
645 9
645 73
645 137
645 200
645 264
645 328
645 392
645 453
645 456
645 517
645 520
645 581
645 584
645 709
645 773
645 776
645 837
645 840
645 901
645 968
645 1032
645 1096
645 1160
645 1221
646 5
646 6
646 15
646 69
646 70
646 79
646 133
646 134
646 143
646 197
646 198
646 207
646 261
646 262
646 271
646 325
646 326
646 335
646 390
646 454
646 518
646 582
646 710
646 774
646 838
646 902
646 911
646 966
646 975
646 1030
646 1037
646 1039
646 1094
646 1103
646 1158
646 1167
646 1222
646 1231
647 455
647 478
647 519
647 583
647 711
647 775
647 839
647 1245
648 333
648 456
648 520
648 584
648 712
648 773
648 776
648 837
648 840
648 909
648 1218
648 1224
649 81
649 457
649 521
649 585
649 713
649 777
649 841
650 230
650 458
650 522
650 586
650 714
650 778
650 842
650 992
651 459
651 523
651 587
651 715
651 779
651 843
652 460
652 524
652 539
652 563
652 588
652 716
652 780
652 844
653 461
653 525
653 589
653 717
653 781
653 845
654 462
654 526
654 590
654 718
654 782
654 846
654 1169
655 463
655 527
655 591
655 719
655 783
655 847
656 84
656 464
656 528
656 592
656 661
656 720
656 784
656 848
656 869
656 912
656 1262
657 465
657 529
657 593
657 721
657 785
657 849
658 452
658 466
658 530
658 594
658 604
658 722
658 726
658 786
658 850
658 988
658 1186
659 467
659 531
659 595
659 723
659 787
659 851
659 1035
660 127
660 446
660 468
660 503
660 532
660 596
660 696
660 724
660 788
660 852
661 84
661 469
661 533
661 597
661 656
661 725
661 789
661 853
661 869
661 912
661 1262
662 470
662 534
662 598
662 726
662 790
662 854
662 886
663 240
663 471
663 535
663 599
663 727
663 791
663 855
664 176
664 316
664 472
664 536
664 600
664 624
664 728
664 792
664 856
665 279
665 473
665 484
665 537
665 601
665 729
665 793
665 857
665 1048
665 1138
666 474
666 538
666 602
666 730
666 792
666 794
666 858
666 1201
667 300
667 475
667 539
667 603
667 731
667 795
667 859
668 476
668 540
668 604
668 732
668 796
668 860
669 477
669 541
669 605
669 733
669 797
669 861
669 934
670 478
670 542
670 606
670 734
670 790
670 798
670 862
670 947
671 423
671 479
671 543
671 601
671 607
671 735
671 799
671 863
671 866
671 1010
671 1076
671 1255
672 45
672 162
672 480
672 544
672 608
672 736
672 800
672 864
673 50
673 481
673 545
673 609
673 737
673 801
673 857
673 865
673 937
673 1143
674 344
674 482
674 546
674 610
674 738
674 802
674 866
675 483
675 547
675 574
675 611
675 739
675 803
675 858
675 867
675 935
675 1247
676 165
676 484
676 548
676 612
676 740
676 804
676 868
676 900
677 302
677 485
677 549
677 613
677 741
677 805
677 869
677 995
677 1003
677 1044
678 167
678 169
678 361
678 486
678 550
678 614
678 742
678 806
678 870
678 941
679 487
679 551
679 615
679 743
679 807
679 871
679 983
679 1061
679 1242
680 88
680 488
680 552
680 616
680 628
680 744
680 808
680 872
680 1059
680 1268
681 489
681 553
681 617
681 745
681 809
681 873
681 1193
682 490
682 554
682 618
682 746
682 810
682 874
682 878
682 1145
683 491
683 511
683 555
683 619
683 747
683 811
683 824
683 875
684 92
684 149
684 492
684 556
684 620
684 748
684 812
684 876
685 493
685 557
685 621
685 749
685 813
685 877
686 494
686 558
686 622
686 750
686 814
687 238
687 444
687 495
687 532
687 559
687 623
687 751
687 815
687 879
687 1200
688 122
688 496
688 560
688 624
688 752
688 810
688 816
688 880
688 1209
689 497
689 561
689 625
689 753
689 817
689 881
689 1080
689 1175
690 498
690 562
690 626
690 754
690 818
690 882
691 499
691 563
691 627
691 755
691 819
691 883
692 500
692 564
692 628
692 756
692 820
692 884
693 501
693 565
693 629
693 757
693 821
693 885
694 295
694 502
694 566
694 630
694 758
694 822
694 886
694 918
695 272
695 503
695 567
695 631
695 759
695 823
695 887
696 127
696 446
696 503
696 504
696 568
696 632
696 660
696 760
696 824
696 888
697 126
697 505
697 569
697 633
697 761
697 825
697 1023
698 634
698 762
698 826
699 87
699 216
699 507
699 571
699 635
699 763
699 827
699 891
699 917
699 1079
700 508
700 572
700 636
700 764
700 828
700 892
700 958
700 1214
701 48
701 61
701 509
701 573
701 637
701 765
701 829
701 893
701 1137
702 574
702 638
702 766
702 830
702 894
703 511
703 575
703 639
703 767
703 831
703 895
703 1087
704 512
704 576
704 640
704 768
704 832
704 896
704 997
705 513
705 577
705 641
705 769
705 833
705 897
706 514
706 578
706 642
706 770
706 834
706 898
707 515
707 579
707 643
707 771
707 835
707 899
707 962
708 37
708 516
708 580
708 644
708 772
708 836
708 900
709 9
709 73
709 137
709 200
709 264
709 328
709 392
709 456
709 517
709 520
709 581
709 584
709 645
709 773
709 776
709 837
709 840
709 901
709 968
709 1032
709 1096
709 1160
709 1221
710 5
710 6
710 15
710 69
710 70
710 133
710 134
710 197
710 198
710 207
710 261
710 262
710 271
710 325
710 326
710 335
710 390
710 454
710 518
710 582
710 646
710 774
710 838
710 902
710 966
710 975
710 1030
710 1037
710 1039
710 1094
710 1103
710 1158
710 1167
710 1222
710 1231
711 519
711 583
711 647
711 775
711 839
711 903
712 333
712 520
712 584
712 648
712 776
712 837
712 840
712 904
712 909
712 1218
712 1224
713 8
713 521
713 585
713 649
713 777
713 841
713 905
714 522
714 586
714 650
714 778
714 780
714 842
714 906
714 1115
715 523
715 587
715 651
715 779
715 843
715 907
715 923
716 524
716 588
716 652
716 780
716 844
716 908
717 525
717 589
717 653
717 781
717 845
717 909
717 1217
718 526
718 590
718 654
718 782
718 846
718 910
719 1
719 13
719 19
719 65
719 77
719 79
719 83
719 143
719 147
719 193
719 205
719 211
719 257
719 275
719 321
719 339
719 389
719 399
719 453
719 463
719 517
719 527
719 581
719 591
719 655
719 773
719 783
719 837
719 847
719 904
719 909
719 911
719 965
719 973
719 1029
719 1093
719 1101
719 1157
719 1165
719 1229
720 56
720 404
720 528
720 592
720 656
720 756
720 784
720 848
720 881
720 912
721 480
721 529
721 593
721 657
721 785
721 849
721 913
722 530
722 594
722 658
722 786
722 850
722 914
723 531
723 595
723 659
723 787
723 851
723 915
724 472
724 532
724 596
724 660
724 788
724 852
724 916
724 984
725 189
725 340
725 533
725 597
725 661
725 789
725 853
725 917
725 1257
726 452
726 534
726 598
726 604
726 658
726 662
726 790
726 854
726 918
726 988
726 1186
727 535
727 561
727 599
727 663
727 791
727 855
727 919
728 125
728 234
728 304
728 312
728 319
728 410
728 536
728 600
728 664
728 792
728 852
728 856
728 875
728 920
728 1072
729 537
729 601
729 665
729 793
729 857
729 921
729 927
730 241
730 313
730 538
730 602
730 666
730 794
730 858
730 922
730 1208
730 1259
731 539
731 603
731 667
731 795
731 859
731 864
731 923
731 1223
732 540
732 604
732 668
732 796
732 860
732 862
732 924
733 541
733 605
733 669
733 797
733 861
733 925
734 542
734 606
734 670
734 798
734 862
734 926
734 1062
734 1206
735 190
735 543
735 607
735 671
735 799
735 828
735 863
735 927
735 954
736 544
736 608
736 672
736 800
736 864
736 928
737 336
737 545
737 609
737 673
737 801
737 865
737 929
737 1129
738 546
738 610
738 674
738 802
738 866
738 930
738 943
739 536
739 547
739 611
739 634
739 675
739 803
739 867
739 931
740 548
740 612
740 676
740 804
740 868
740 932
740 1195
741 549
741 613
741 677
741 805
741 869
741 931
741 933
742 550
742 614
742 678
742 806
742 870
742 934
743 20
743 551
743 615
743 679
743 803
743 807
743 867
743 871
743 872
743 932
743 935
743 946
744 101
744 552
744 616
744 680
744 808
744 848
744 872
744 936
744 1176
744 1239
745 553
745 617
745 681
745 809
745 873
745 937
745 1109
746 282
746 381
746 437
746 554
746 618
746 682
746 810
746 874
746 938
747 683
747 811
747 875
748 244
748 287
748 556
748 620
748 684
748 812
748 876
748 940
748 1011
748 1156
749 519
749 557
749 621
749 685
749 813
749 877
749 941
750 622
750 686
750 814
750 830
750 878
750 939
751 559
751 623
751 687
751 815
751 879
751 892
751 943
751 1084
752 560
752 624
752 688
752 816
752 880
753 191
753 430
753 561
753 625
753 639
753 689
753 817
753 881
753 895
753 945
754 562
754 626
754 690
754 818
754 865
754 882
754 946
755 563
755 627
755 691
755 819
755 883
755 947
756 56
756 404
756 564
756 628
756 692
756 720
756 820
756 881
756 884
756 948
757 565
757 629
757 693
757 821
757 885
757 949
758 111
758 482
758 566
758 630
758 694
758 808
758 822
758 886
758 950
759 567
759 631
759 695
759 823
759 887
759 951
760 186
760 568
760 632
760 696
760 824
760 888
760 952
760 1018
761 633
761 697
761 825
761 889
761 945
761 953
762 124
762 505
762 570
762 634
762 698
762 826
762 890
762 954
763 571
763 635
763 699
763 827
763 891
763 955
764 636
764 700
764 767
764 828
764 892
765 506
765 637
765 701
765 829
765 893
766 574
766 638
766 702
766 830
766 889
766 894
766 958
766 1274
767 639
767 703
767 764
767 831
767 895
768 232
768 576
768 640
768 704
768 832
768 896
768 949
768 960
768 1014
769 577
769 641
769 705
769 833
769 897
769 961
770 413
770 578
770 614
770 642
770 706
770 834
770 898
770 962
770 1184
771 579
771 643
771 707
771 835
771 899
771 963
771 1099
772 580
772 644
772 708
772 836
772 896
772 900
772 964
772 1238
773 1
773 65
773 83
773 193
773 205
773 257
773 321
773 333
773 339
773 399
773 517
773 581
773 591
773 645
773 648
773 709
773 719
773 783
773 837
773 901
773 904
773 909
773 965
773 973
773 1029
773 1157
773 1218
773 1224
773 1229
774 5
774 6
774 15
774 69
774 70
774 133
774 134
774 197
774 198
774 207
774 261
774 262
774 271
774 325
774 326
774 390
774 454
774 518
774 582
774 646
774 710
774 838
774 902
774 966
774 975
774 1030
774 1039
774 1094
774 1103
774 1158
774 1167
774 1222
774 1231
775 583
775 647
775 711
775 839
775 903
775 967
776 9
776 73
776 137
776 200
776 264
776 328
776 392
776 456
776 520
776 584
776 645
776 648
776 709
776 712
776 840
776 901
776 904
776 968
776 1032
776 1096
776 1160
776 1221
777 22
777 38
777 585
777 649
777 713
777 841
777 905
777 969
778 586
778 650
778 714
778 842
778 906
778 970
779 587
779 651
779 715
779 843
779 907
779 971
780 588
780 652
780 714
780 716
780 844
780 908
780 972
780 1115
781 589
781 653
781 717
781 845
781 909
781 973
782 590
782 654
782 718
782 846
782 910
782 974
783 1
783 13
783 15
783 19
783 65
783 69
783 77
783 79
783 83
783 133
783 143
783 147
783 193
783 197
783 205
783 207
783 211
783 257
783 261
783 271
783 275
783 321
783 325
783 335
783 339
783 389
783 399
783 453
783 463
783 517
783 581
783 591
783 655
783 719
783 773
783 837
783 847
783 904
783 911
783 965
783 973
783 975
783 1029
783 1037
783 1093
783 1101
783 1157
783 1165
783 1229
783 1231
784 170
784 291
784 592
784 622
784 656
784 720
784 848
784 912
784 976
784 1271
785 236
785 593
785 657
785 721
785 849
785 913
785 977
786 105
786 594
786 658
786 722
786 850
786 914
786 978
787 595
787 659
787 723
787 851
787 915
787 979
788 120
788 249
788 554
788 596
788 660
788 724
788 852
788 916
788 980
788 1017
788 1150
788 1264
789 168
789 174
789 487
789 597
789 617
789 661
789 725
789 853
789 917
789 981
790 598
790 662
790 670
790 726
790 854
790 918
790 947
790 982
791 42
791 154
791 490
791 599
791 663
791 727
791 855
791 919
791 983
791 1210
792 600
792 664
792 666
792 728
792 856
792 920
792 984
792 1201
793 373
793 547
793 601
793 665
793 729
793 857
793 921
793 985
794 47
794 602
794 666
794 730
794 858
794 922
794 986
795 28
795 119
795 603
795 667
795 731
795 859
795 923
795 987
796 604
796 668
796 732
796 860
796 924
796 988
796 1050
797 486
797 605
797 669
797 733
797 861
797 925
797 989
798 375
798 606
798 670
798 734
798 862
798 926
798 990
799 607
799 615
799 671
799 735
799 863
799 927
799 991
800 526
800 608
800 672
800 736
800 864
800 928
800 992
801 35
801 493
801 609
801 673
801 737
801 865
801 929
801 993
801 996
801 1088
802 309
802 425
802 607
802 610
802 674
802 738
802 866
802 930
802 994
803 20
803 611
803 675
803 739
803 743
803 867
803 872
803 931
803 932
803 946
803 995
804 469
804 545
804 612
804 676
804 740
804 868
804 932
804 996
805 502
805 613
805 677
805 741
805 821
805 869
805 933
805 997
805 1207
806 614
806 678
806 742
806 870
806 934
806 998
806 1275
807 298
807 440
807 615
807 679
807 743
807 871
807 935
807 999
807 1074
808 111
808 482
808 616
808 680
808 744
808 758
808 872
808 936
808 1000
809 212
809 247
809 597
809 617
809 681
809 745
809 873
809 937
809 999
809 1001
809 1104
809 1127
810 122
810 618
810 682
810 688
810 746
810 874
810 938
810 1002
810 1209
811 600
811 683
811 747
811 875
811 939
811 1003
811 1128
811 1130
812 460
812 620
812 684
812 748
812 876
812 940
812 1004
813 621
813 685
813 749
813 877
813 941
813 1005
813 1075
814 296
814 363
814 622
814 686
814 750
814 878
814 942
814 1006
815 299
815 623
815 687
815 751
815 879
815 943
815 1007
816 60
816 569
816 624
816 688
816 752
816 880
816 944
816 1008
817 62
817 689
817 753
817 881
817 945
817 1009
818 52
818 215
818 571
818 626
818 690
818 754
818 882
818 946
818 1010
819 627
819 691
819 755
819 883
819 947
819 1011
820 372
820 596
820 628
820 692
820 756
820 884
820 948
820 1012
820 1136
820 1198
821 502
821 629
821 693
821 757
821 805
821 885
821 949
821 1013
821 1207
822 281
822 630
822 694
822 758
822 886
822 950
822 985
822 1014
823 436
823 631
823 695
823 759
823 887
823 951
823 1015
823 1052
824 511
824 632
824 683
824 696
824 760
824 888
824 952
824 1016
825 633
825 697
825 761
825 889
825 953
825 1017
825 1187
825 1276
826 634
826 698
826 762
826 890
826 922
826 954
826 1002
826 1018
827 476
827 516
827 635
827 699
827 763
827 891
827 955
827 1001
827 1019
827 1191
828 190
828 636
828 700
828 735
828 764
828 892
828 954
828 956
828 1020
829 63
829 637
829 701
829 765
829 893
829 957
829 1007
829 1021
830 702
830 750
830 766
830 894
830 939
830 958
830 1022
831 46
831 639
831 703
831 767
831 895
831 959
831 1020
831 1023
831 1067
832 95
832 100
832 640
832 704
832 768
832 896
832 960
832 1024
832 1083
833 641
833 705
833 769
833 897
833 961
833 1025
834 642
834 706
834 770
834 898
834 962
834 1026
834 1162
835 643
835 707
835 771
835 899
835 963
835 1027
836 644
836 708
836 772
836 900
836 964
836 1028
837 1
837 65
837 193
837 205
837 257
837 321
837 333
837 339
837 399
837 517
837 591
837 645
837 648
837 709
837 712
837 719
837 773
837 783
837 901
837 904
837 909
837 965
837 973
837 1029
837 1157
837 1218
837 1224
838 5
838 6
838 15
838 69
838 70
838 133
838 134
838 197
838 198
838 207
838 261
838 262
838 271
838 325
838 326
838 335
838 390
838 454
838 518
838 582
838 646
838 710
838 774
838 902
838 966
838 975
838 1030
838 1037
838 1039
838 1094
838 1103
838 1158
838 1167
838 1222
838 1231
839 647
839 711
839 775
839 903
839 967
839 1031
840 9
840 73
840 137
840 200
840 264
840 328
840 392
840 456
840 520
840 584
840 645
840 648
840 709
840 712
840 776
840 901
840 904
840 968
840 1032
840 1096
840 1160
840 1221
841 579
841 649
841 713
841 777
841 905
841 969
841 1033
842 142
842 327
842 650
842 714
842 778
842 906
842 970
842 972
842 1034
843 651
843 715
843 779
843 907
843 971
843 1027
843 1035
843 1161
844 652
844 716
844 780
844 908
844 972
844 1036
845 224
845 653
845 717
845 781
845 909
845 973
845 1037
846 297
846 654
846 718
846 782
846 910
846 974
846 1038
847 1
847 5
847 13
847 15
847 19
847 65
847 69
847 77
847 79
847 83
847 133
847 143
847 147
847 193
847 197
847 205
847 207
847 211
847 257
847 261
847 271
847 275
847 321
847 325
847 335
847 339
847 389
847 399
847 453
847 463
847 517
847 581
847 591
847 655
847 719
847 783
847 904
847 911
847 965
847 973
847 975
847 1029
847 1037
847 1039
847 1093
847 1101
847 1157
847 1165
847 1167
847 1229
847 1231
848 101
848 656
848 720
848 744
848 784
848 912
848 976
848 1040
848 1176
848 1239
849 657
849 721
849 785
849 913
849 977
849 1041
850 658
850 722
850 786
850 914
850 978
850 1042
851 659
851 723
851 787
851 915
851 971
851 979
851 1043
852 125
852 234
852 304
852 312
852 319
852 410
852 660
852 724
852 728
852 788
852 875
852 916
852 980
852 1044
852 1072
853 189
853 340
853 661
853 725
853 789
853 917
853 981
853 1045
853 1257
854 132
854 662
854 726
854 790
854 918
854 982
854 1046
854 1106
855 419
855 663
855 727
855 791
855 919
855 983
855 1009
855 1047
855 1066
856 223
856 664
856 728
856 792
856 920
856 984
856 1000
856 1048
857 50
857 665
857 673
857 729
857 793
857 921
857 937
857 985
857 1049
857 1143
858 574
858 666
858 675
858 730
858 794
858 922
858 935
858 986
858 1050
858 1247
859 667
859 731
859 795
859 923
859 987
859 1051
860 49
860 151
860 183
860 405
860 421
860 668
860 732
860 796
860 924
860 988
860 1052
861 353
861 669
861 733
861 797
861 925
861 989
861 1053
862 670
862 732
862 734
862 798
862 926
862 990
862 1054
863 501
863 548
863 671
863 735
863 799
863 927
863 991
863 1055
864 672
864 731
864 736
864 800
864 928
864 992
864 1056
864 1223
865 673
865 737
865 754
865 801
865 929
865 993
865 1057
866 423
866 601
866 671
866 674
866 738
866 802
866 930
866 994
866 1010
866 1058
866 1076
866 1255
867 20
867 675
867 739
867 743
867 803
867 872
867 931
867 932
867 946
867 995
867 1059
868 676
868 740
868 804
868 876
868 926
868 932
868 996
868 1060
869 84
869 656
869 661
869 677
869 741
869 805
869 912
869 933
869 997
869 1061
869 1262
870 678
870 742
870 806
870 934
870 998
870 1062
871 679
871 743
871 807
871 935
871 994
871 999
871 1063
872 20
872 680
872 743
872 744
872 803
872 808
872 867
872 932
872 936
872 946
872 1000
872 1064
873 248
873 379
873 681
873 745
873 809
873 937
873 1001
873 1055
873 1065
874 377
874 616
874 682
874 746
874 810
874 894
874 938
874 1002
874 1016
874 1022
874 1066
874 1279
875 125
875 234
875 304
875 312
875 319
875 410
875 683
875 728
875 747
875 811
875 852
875 939
875 1003
875 1067
875 1072
876 684
876 748
876 812
876 868
876 926
876 940
876 1004
876 1068
877 213
877 685
877 749
877 813
877 941
877 1005
877 1069
878 682
878 750
878 814
878 942
878 1006
878 1145
879 107
879 255
879 687
879 751
879 815
879 888
879 943
879 1007
879 1071
880 688
880 752
880 816
880 944
880 1008
880 1072
880 1131
881 56
881 404
881 689
881 720
881 753
881 756
881 817
881 945
881 1009
881 1073
882 242
882 690
882 754
882 818
882 946
882 1010
882 1074
883 691
883 755
883 819
883 947
883 1011
883 1075
884 376
884 474
884 692
884 756
884 820
884 948
884 1012
884 1076
885 429
885 635
885 693
885 757
885 821
885 949
885 960
885 1013
885 1077
885 1170
885 1204
886 662
886 694
886 758
886 822
886 950
886 1014
886 1078
887 317
887 355
887 695
887 759
887 823
887 951
887 1015
887 1079
887 1178
888 107
888 255
888 696
888 760
888 824
888 879
888 952
888 1016
888 1080
889 761
889 766
889 825
889 953
889 1017
889 1081
889 1274
890 369
890 432
890 508
890 762
890 826
890 954
890 1018
890 1134
890 1215
891 564
891 699
891 763
891 827
891 955
891 991
891 1019
891 1083
892 700
892 751
892 764
892 828
892 956
892 1020
892 1084
893 23
893 555
893 701
893 765
893 829
893 957
893 1021
893 1073
893 1085
894 377
894 616
894 702
894 766
894 830
894 874
894 958
894 1016
894 1022
894 1086
894 1279
895 191
895 430
895 639
895 703
895 753
895 767
895 831
895 959
895 1023
895 1087
896 704
896 768
896 772
896 832
896 960
896 1024
896 1088
896 1238
897 521
897 705
897 769
897 833
897 961
897 1025
897 1089
898 603
898 706
898 770
898 834
898 962
898 1026
898 1090
899 707
899 771
899 835
899 963
899 1027
899 1091
900 165
900 676
900 708
900 772
900 836
900 964
900 1028
900 1092
901 9
901 73
901 137
901 200
901 264
901 328
901 392
901 456
901 520
901 584
901 645
901 709
901 773
901 776
901 837
901 840
901 965
901 968
901 1029
901 1032
901 1093
901 1096
901 1160
901 1221
902 69
902 70
902 133
902 134
902 197
902 198
902 207
902 261
902 262
902 271
902 325
902 326
902 335
902 390
902 454
902 518
902 582
902 646
902 710
902 774
902 838
902 966
902 975
902 1030
902 1037
902 1039
902 1094
902 1103
902 1158
902 1167
902 1222
902 1231
903 401
903 711
903 775
903 839
903 967
903 1031
903 1095
904 1
904 65
904 77
904 83
904 143
904 147
904 193
904 205
904 211
904 257
904 275
904 321
904 339
904 389
904 399
904 453
904 463
904 517
904 581
904 591
904 712
904 719
904 773
904 776
904 783
904 837
904 840
904 847
904 909
904 911
904 965
904 968
904 973
904 1029
904 1032
904 1093
904 1096
904 1101
904 1157
904 1165
904 1229
905 394
905 713
905 777
905 841
905 969
905 1033
905 1054
905 1097
905 1102
906 135
906 714
906 778
906 842
906 970
906 1034
906 1098
907 715
907 779
907 843
907 971
907 1035
907 1099
907 1226
907 1233
908 630
908 716
908 780
908 844
908 972
908 1036
908 1100
909 65
909 193
909 205
909 257
909 321
909 333
909 339
909 399
909 517
909 591
909 648
909 712
909 717
909 719
909 773
909 781
909 837
909 845
909 904
909 965
909 973
909 1029
909 1037
909 1101
909 1157
909 1218
909 1224
910 718
910 782
910 846
910 974
910 1038
910 1102
911 15
911 19
911 69
911 77
911 79
911 83
911 133
911 143
911 147
911 193
911 197
911 205
911 207
911 211
911 261
911 271
911 275
911 325
911 335
911 339
911 389
911 399
911 453
911 463
911 581
911 646
911 719
911 783
911 847
911 904
911 965
911 975
911 1037
911 1039
911 1093
911 1101
911 1103
911 1165
911 1167
911 1229
911 1231
912 84
912 656
912 661
912 720
912 784
912 848
912 869
912 976
912 1040
912 1104
912 1262
913 721
913 785
913 849
913 977
913 1041
913 1105
914 192
914 722
914 786
914 850
914 978
914 1042
914 1106
915 115
915 294
915 723
915 787
915 851
915 979
915 1043
915 1107
916 724
916 788
916 852
916 980
916 1044
916 1108
917 87
917 216
917 699
917 725
917 789
917 853
917 981
917 1045
917 1079
917 1109
918 295
918 694
918 726
918 790
918 854
918 982
918 1046
918 1110
919 445
919 727
919 791
919 855
919 983
919 1013
919 1047
919 1111
920 400
920 728
920 792
920 856
920 984
920 1048
920 1112
920 1236
921 280
921 343
921 535
921 729
921 793
921 857
921 985
921 1049
921 1113
922 730
922 794
922 826
922 858
922 986
922 1002
922 1050
922 1114
923 715
923 731
923 795
923 859
923 987
923 1051
923 1115
924 512
924 732
924 796
924 860
924 988
924 1052
924 1116
924 1173
925 733
925 797
925 861
925 989
925 1053
925 1117
926 734
926 798
926 862
926 868
926 876
926 990
926 1054
926 1118
927 729
927 735
927 799
927 863
927 991
927 1055
927 1119
928 736
928 800
928 864
928 992
928 1056
928 1120
928 1181
929 220
929 402
929 737
929 801
929 865
929 993
929 1057
929 1121
930 738
930 802
930 866
930 994
930 1058
930 1122
931 739
931 741
931 803
931 867
931 995
931 1059
931 1123
932 20
932 740
932 743
932 803
932 804
932 867
932 868
932 872
932 946
932 996
932 1060
932 1124
933 106
933 227
933 473
933 741
933 805
933 869
933 997
933 1061
933 1125
934 669
934 742
934 806
934 870
934 998
934 1062
934 1126
935 574
935 675
935 743
935 807
935 858
935 871
935 999
935 1063
935 1127
935 1247
936 744
936 808
936 872
936 951
936 1000
936 1064
936 1128
937 50
937 673
937 745
937 809
937 857
937 873
937 1001
937 1065
937 1129
937 1143
938 746
938 810
938 874
938 1002
938 1040
938 1066
938 1130
939 750
939 811
939 830
939 875
939 1003
939 1067
939 1131
940 541
940 748
940 812
940 876
940 1004
940 1028
940 1068
940 1132
941 167
941 169
941 361
941 678
941 749
941 813
941 877
941 1005
941 1069
941 1133
942 814
942 878
942 1006
942 1070
942 1134
943 738
943 751
943 815
943 879
943 1007
943 1071
943 1135
944 427
944 816
944 880
944 1008
944 1072
944 1136
945 753
945 761
945 817
945 881
945 1009
945 1073
945 1137
946 20
946 743
946 754
946 803
946 818
946 867
946 872
946 882
946 932
946 1010
946 1074
946 1138
947 670
947 755
947 790
947 819
947 883
947 1011
947 1075
947 1139
948 345
948 418
948 431
948 756
948 820
948 884
948 1012
948 1076
948 1140
948 1232
949 232
949 757
949 768
949 821
949 885
949 1013
949 1014
949 1077
949 1141
950 556
950 758
950 822
950 886
950 1014
950 1078
950 1142
950 1180
951 759
951 823
951 887
951 936
951 1015
951 1079
951 1143
952 760
952 824
952 888
952 1016
952 1070
952 1080
952 1144
953 380
953 439
953 761
953 825
953 889
953 1006
953 1017
953 1081
953 1145
954 190
954 735
954 762
954 826
954 828
954 890
954 1018
954 1082
954 1146
955 114
955 159
955 763
955 827
955 891
955 1019
955 1083
955 1147
955 1185
956 252
956 471
956 828
956 892
956 1020
956 1084
956 1148
957 829
957 893
957 1021
957 1085
957 1149
958 700
958 766
958 830
958 894
958 1022
958 1086
958 1150
958 1214
959 831
959 895
959 1023
959 1087
960 429
960 635
960 768
960 832
960 885
960 896
960 1024
960 1088
960 1152
960 1170
960 1204
961 769
961 833
961 897
961 1025
961 1089
961 1153
962 707
962 770
962 834
962 898
962 1026
962 1090
962 1154
963 771
963 835
963 899
963 1027
963 1091
963 1155
964 772
964 836
964 900
964 1028
964 1069
964 1092
964 1156
965 1
965 65
965 83
965 143
965 147
965 193
965 205
965 211
965 257
965 275
965 321
965 339
965 389
965 399
965 453
965 463
965 517
965 581
965 591
965 719
965 773
965 783
965 837
965 847
965 901
965 904
965 909
965 911
965 973
965 1029
965 1093
965 1101
965 1157
965 1165
965 1229
966 133
966 134
966 197
966 198
966 207
966 261
966 262
966 271
966 325
966 326
966 335
966 390
966 454
966 518
966 582
966 646
966 710
966 774
966 838
966 902
966 975
966 1030
966 1037
966 1039
966 1094
966 1103
966 1158
966 1167
966 1222
966 1231
967 775
967 839
967 903
967 1031
967 1095
967 1159
968 9
968 73
968 137
968 200
968 264
968 328
968 392
968 456
968 520
968 584
968 645
968 709
968 776
968 840
968 901
968 904
968 1032
968 1096
968 1160
968 1221
969 777
969 841
969 905
969 1033
969 1097
969 1161
970 778
970 842
970 906
970 1034
970 1098
970 1162
971 779
971 843
971 851
971 907
971 1035
971 1099
971 1163
972 142
972 327
972 780
972 842
972 844
972 908
972 1036
972 1100
972 1164
973 65
973 193
973 205
973 211
973 257
973 321
973 333
973 339
973 399
973 517
973 581
973 591
973 719
973 773
973 781
973 783
973 837
973 845
973 847
973 904
973 909
973 965
973 1029
973 1037
973 1101
973 1157
973 1165
973 1218
973 1224
973 1229
974 782
974 846
974 910
974 1038
974 1102
974 1166
975 5
975 15
975 69
975 79
975 133
975 143
975 147
975 197
975 207
975 211
975 261
975 271
975 275
975 325
975 335
975 389
975 390
975 453
975 463
975 518
975 581
975 582
975 646
975 710
975 774
975 783
975 838
975 847
975 902
975 911
975 966
975 1030
975 1037
975 1039
975 1093
975 1094
975 1101
975 1103
975 1158
975 1165
975 1167
975 1222
975 1229
975 1231
976 417
976 784
976 848
976 912
976 1040
976 1104
976 1168
977 785
977 849
977 913
977 1041
977 1105
977 1169
978 196
978 786
978 850
978 914
978 1042
978 1106
978 1170
978 1197
979 787
979 851
979 915
979 1043
979 1107
979 1171
980 433
980 788
980 852
980 916
980 1044
980 1108
980 1172
981 789
981 853
981 917
981 1045
981 1109
981 1173
982 260
982 790
982 854
982 918
982 1046
982 1110
982 1174
983 551
983 679
983 791
983 855
983 919
983 1047
983 1061
983 1111
983 1175
983 1242
984 472
984 724
984 792
984 856
984 920
984 1048
984 1112
984 1176
985 281
985 793
985 822
985 857
985 921
985 1049
985 1113
985 1177
986 794
986 858
986 922
986 1050
986 1114
986 1178
987 795
987 859
987 923
987 1051
987 1115
987 1179
988 452
988 604
988 658
988 726
988 796
988 860
988 924
988 1052
988 1116
988 1180
988 1186
989 797
989 861
989 925
989 1053
989 1117
989 1181
990 71
990 798
990 862
990 926
990 1054
990 1118
990 1182
991 564
991 799
991 863
991 891
991 927
991 1055
991 1119
991 1183
992 230
992 650
992 800
992 864
992 928
992 1056
992 1120
992 1184
993 163
993 231
993 801
993 865
993 929
993 1057
993 1121
993 1185
994 802
994 866
994 871
994 930
994 1058
994 1063
994 1122
994 1186
995 302
995 677
995 803
995 867
995 931
995 1003
995 1044
995 1059
995 1123
995 1187
996 35
996 493
996 801
996 804
996 868
996 932
996 1060
996 1088
996 1124
996 1188
997 704
997 805
997 869
997 933
997 1061
997 1125
997 1189
998 210
998 806
998 870
998 934
998 1062
998 1126
998 1190
999 212
999 247
999 597
999 807
999 809
999 871
999 935
999 1063
999 1104
999 1127
999 1191
1000 223
1000 808
1000 856
1000 872
1000 936
1000 1064
1000 1128
1000 1192
1001 476
1001 516
1001 809
1001 827
1001 873
1001 937
1001 1065
1001 1129
1001 1191
1001 1193
1002 810
1002 826
1002 874
1002 922
1002 938
1002 1066
1002 1130
1002 1194
1003 302
1003 677
1003 811
1003 875
1003 939
1003 995
1003 1044
1003 1067
1003 1131
1003 1195
1004 812
1004 876
1004 940
1004 1068
1004 1132
1004 1196
1005 226
1005 813
1005 877
1005 941
1005 1069
1005 1133
1005 1197
1006 380
1006 439
1006 814
1006 878
1006 942
1006 953
1006 1070
1006 1134
1006 1198
1007 63
1007 637
1007 815
1007 829
1007 879
1007 943
1007 1071
1007 1135
1007 1199
1008 552
1008 816
1008 880
1008 944
1008 1072
1008 1086
1008 1136
1008 1200
1009 419
1009 817
1009 855
1009 881
1009 945
1009 1066
1009 1073
1009 1137
1009 1201
1010 423
1010 601
1010 671
1010 818
1010 866
1010 882
1010 946
1010 1074
1010 1076
1010 1138
1010 1202
1010 1255
1011 244
1011 287
1011 748
1011 819
1011 883
1011 947
1011 1075
1011 1139
1011 1156
1011 1203
1012 109
1012 276
1012 362
1012 820
1012 884
1012 948
1012 1076
1012 1140
1012 1204
1013 445
1013 821
1013 885
1013 919
1013 949
1013 1077
1013 1141
1013 1205
1014 232
1014 768
1014 822
1014 886
1014 949
1014 950
1014 1078
1014 1142
1014 1206
1015 823
1015 887
1015 951
1015 1079
1015 1143
1015 1207
1016 377
1016 616
1016 824
1016 874
1016 888
1016 894
1016 952
1016 1022
1016 1080
1016 1144
1016 1208
1016 1279
1017 120
1017 249
1017 554
1017 788
1017 825
1017 889
1017 953
1017 1081
1017 1145
1017 1150
1017 1209
1017 1264
1018 186
1018 760
1018 826
1018 890
1018 954
1018 1082
1018 1146
1018 1210
1019 39
1019 164
1019 827
1019 891
1019 955
1019 1083
1019 1147
1019 1211
1020 46
1020 828
1020 831
1020 892
1020 956
1020 1067
1020 1084
1020 1148
1020 1212
1021 351
1021 829
1021 893
1021 957
1021 1085
1021 1149
1021 1192
1021 1213
1022 377
1022 616
1022 830
1022 874
1022 894
1022 958
1022 1016
1022 1086
1022 1150
1022 1214
1022 1279
1023 126
1023 633
1023 697
1023 831
1023 895
1023 959
1023 1087
1023 1151
1023 1215
1024 832
1024 896
1024 960
1024 1088
1024 1152
1024 1216
1025 833
1025 897
1025 961
1025 1089
1025 1153
1025 1217
1026 834
1026 898
1026 962
1026 1090
1026 1154
1026 1218
1027 835
1027 843
1027 899
1027 963
1027 1091
1027 1155
1027 1161
1027 1219
1028 541
1028 836
1028 900
1028 940
1028 964
1028 1092
1028 1156
1028 1220
1029 1
1029 65
1029 193
1029 205
1029 211
1029 257
1029 275
1029 321
1029 339
1029 389
1029 399
1029 453
1029 463
1029 517
1029 581
1029 591
1029 719
1029 773
1029 783
1029 837
1029 847
1029 901
1029 904
1029 909
1029 965
1029 973
1029 1093
1029 1101
1029 1157
1029 1221
1029 1229
1030 197
1030 198
1030 207
1030 261
1030 262
1030 271
1030 325
1030 326
1030 335
1030 390
1030 454
1030 518
1030 582
1030 646
1030 710
1030 774
1030 838
1030 902
1030 966
1030 975
1030 1037
1030 1039
1030 1094
1030 1103
1030 1158
1030 1167
1030 1222
1030 1231
1031 59
1031 839
1031 903
1031 967
1031 1095
1031 1159
1031 1223
1032 9
1032 73
1032 137
1032 200
1032 264
1032 328
1032 392
1032 456
1032 520
1032 584
1032 645
1032 709
1032 776
1032 840
1032 901
1032 904
1032 968
1032 1096
1032 1160
1032 1221
1032 1224
1033 841
1033 905
1033 969
1033 1097
1033 1105
1033 1161
1033 1225
1034 30
1034 842
1034 906
1034 970
1034 1098
1034 1162
1034 1226
1035 659
1035 843
1035 907
1035 971
1035 1099
1035 1163
1035 1227
1036 470
1036 844
1036 908
1036 972
1036 1100
1036 1164
1036 1228
1037 5
1037 15
1037 19
1037 69
1037 79
1037 133
1037 143
1037 193
1037 197
1037 207
1037 211
1037 261
1037 271
1037 275
1037 325
1037 335
1037 339
1037 389
1037 453
1037 463
1037 518
1037 581
1037 582
1037 646
1037 710
1037 783
1037 838
1037 845
1037 847
1037 902
1037 909
1037 911
1037 966
1037 973
1037 975
1037 1030
1037 1039
1037 1093
1037 1094
1037 1101
1037 1103
1037 1158
1037 1165
1037 1167
1037 1222
1037 1229
1037 1231
1038 846
1038 910
1038 974
1038 1102
1038 1166
1038 1230
1039 5
1039 15
1039 69
1039 133
1039 197
1039 207
1039 261
1039 271
1039 275
1039 325
1039 326
1039 335
1039 389
1039 390
1039 453
1039 454
1039 463
1039 518
1039 582
1039 646
1039 710
1039 774
1039 838
1039 847
1039 902
1039 911
1039 966
1039 975
1039 1030
1039 1037
1039 1093
1039 1094
1039 1101
1039 1103
1039 1158
1039 1165
1039 1167
1039 1222
1039 1231
1040 848
1040 912
1040 938
1040 976
1040 1104
1040 1168
1040 1232
1041 849
1041 913
1041 977
1041 1105
1041 1169
1041 1233
1042 850
1042 914
1042 978
1042 1106
1042 1170
1042 1234
1043 851
1043 915
1043 979
1043 1107
1043 1171
1043 1235
1044 302
1044 677
1044 852
1044 916
1044 980
1044 995
1044 1003
1044 1108
1044 1172
1044 1236
1045 407
1045 509
1045 623
1045 853
1045 917
1045 981
1045 1109
1045 1173
1045 1237
1046 156
1046 854
1046 918
1046 982
1046 1110
1046 1174
1046 1238
1047 43
1047 235
1047 483
1047 855
1047 919
1047 983
1047 1111
1047 1175
1047 1239
1048 279
1048 484
1048 665
1048 856
1048 920
1048 984
1048 1112
1048 1138
1048 1176
1048 1240
1049 857
1049 921
1049 985
1049 1113
1049 1177
1049 1241
1050 796
1050 858
1050 922
1050 986
1050 1114
1050 1178
1050 1242
1051 859
1051 923
1051 987
1051 1115
1051 1179
1051 1243
1052 436
1052 823
1052 860
1052 924
1052 988
1052 1116
1052 1180
1052 1244
1053 861
1053 925
1053 989
1053 1098
1053 1117
1053 1181
1053 1245
1054 394
1054 862
1054 905
1054 926
1054 990
1054 1102
1054 1118
1054 1182
1054 1246
1055 248
1055 379
1055 863
1055 873
1055 927
1055 991
1055 1119
1055 1183
1055 1247
1056 864
1056 928
1056 992
1056 1120
1056 1184
1056 1203
1056 1248
1057 217
1057 865
1057 929
1057 993
1057 1121
1057 1183
1057 1185
1057 1249
1058 26
1058 866
1058 930
1058 994
1058 1122
1058 1186
1058 1250
1059 88
1059 628
1059 680
1059 867
1059 931
1059 995
1059 1123
1059 1187
1059 1251
1059 1268
1060 292
1060 868
1060 932
1060 996
1060 1124
1060 1188
1060 1252
1061 551
1061 679
1061 869
1061 933
1061 983
1061 997
1061 1125
1061 1189
1061 1242
1061 1253
1062 734
1062 870
1062 934
1062 998
1062 1126
1062 1190
1062 1206
1062 1254
1063 871
1063 935
1063 994
1063 999
1063 1127
1063 1191
1063 1255
1064 872
1064 936
1064 1000
1064 1128
1064 1192
1064 1256
1065 251
1065 873
1065 937
1065 1001
1065 1129
1065 1193
1065 1257
1066 419
1066 855
1066 874
1066 938
1066 1002
1066 1009
1066 1130
1066 1194
1066 1258
1067 46
1067 831
1067 875
1067 939
1067 1003
1067 1020
1067 1131
1067 1195
1067 1259
1068 237
1068 876
1068 940
1068 1004
1068 1132
1068 1196
1068 1260
1069 877
1069 941
1069 964
1069 1005
1069 1133
1069 1197
1069 1261
1070 942
1070 952
1070 1006
1070 1134
1070 1198
1070 1262
1071 618
1071 632
1071 879
1071 943
1071 1007
1071 1135
1071 1199
1071 1240
1071 1263
1072 125
1072 234
1072 304
1072 312
1072 319
1072 410
1072 728
1072 852
1072 875
1072 880
1072 944
1072 1008
1072 1136
1072 1200
1072 1264
1073 23
1073 555
1073 881
1073 893
1073 945
1073 1009
1073 1137
1073 1201
1073 1265
1074 298
1074 440
1074 807
1074 882
1074 946
1074 1010
1074 1138
1074 1202
1074 1266
1075 813
1075 883
1075 947
1075 1011
1075 1139
1075 1203
1075 1267
1076 423
1076 601
1076 671
1076 866
1076 884
1076 948
1076 1010
1076 1012
1076 1140
1076 1204
1076 1255
1076 1268
1077 112
1077 885
1077 949
1077 1013
1077 1141
1077 1205
1077 1269
1078 886
1078 950
1078 1014
1078 1142
1078 1206
1078 1270
1079 87
1079 216
1079 699
1079 887
1079 917
1079 951
1079 1015
1079 1143
1079 1207
1079 1271
1080 689
1080 888
1080 952
1080 1016
1080 1144
1080 1175
1080 1208
1080 1272
1081 382
1081 889
1081 953
1081 1017
1081 1145
1081 1209
1081 1273
1082 954
1082 1018
1082 1146
1082 1210
1083 95
1083 100
1083 832
1083 891
1083 955
1083 1019
1083 1147
1083 1211
1083 1275
1084 751
1084 892
1084 956
1084 1020
1084 1148
1084 1212
1084 1276
1085 447
1085 538
1085 558
1085 572
1085 893
1085 957
1085 1021
1085 1149
1085 1213
1085 1277
1086 552
1086 894
1086 958
1086 1008
1086 1022
1086 1150
1086 1214
1086 1278
1087 703
1087 895
1087 959
1087 1023
1087 1151
1087 1215
1087 1279
1088 35
1088 493
1088 801
1088 896
1088 960
1088 996
1088 1024
1088 1152
1088 1216
1089 403
1089 897
1089 961
1089 1025
1089 1153
1089 1217
1090 385
1090 898
1090 962
1090 1026
1090 1154
1090 1218
1091 899
1091 963
1091 1027
1091 1155
1091 1219
1092 900
1092 964
1092 1028
1092 1156
1092 1164
1092 1220
1093 13
1093 19
1093 77
1093 79
1093 83
1093 143
1093 147
1093 211
1093 257
1093 261
1093 271
1093 275
1093 321
1093 325
1093 335
1093 339
1093 389
1093 399
1093 453
1093 463
1093 517
1093 581
1093 719
1093 783
1093 847
1093 901
1093 904
1093 911
1093 965
1093 975
1093 1029
1093 1037
1093 1039
1093 1101
1093 1157
1093 1165
1093 1167
1093 1221
1093 1229
1093 1231
1094 261
1094 262
1094 271
1094 325
1094 326
1094 335
1094 390
1094 454
1094 518
1094 582
1094 646
1094 710
1094 774
1094 838
1094 902
1094 966
1094 975
1094 1030
1094 1037
1094 1039
1094 1103
1094 1158
1094 1167
1094 1222
1094 1231
1095 903
1095 967
1095 1031
1095 1159
1095 1223
1095 1248
1096 9
1096 73
1096 137
1096 200
1096 264
1096 328
1096 392
1096 456
1096 520
1096 584
1096 645
1096 709
1096 776
1096 840
1096 901
1096 904
1096 968
1096 1032
1096 1160
1096 1221
1096 1224
1097 544
1097 905
1097 969
1097 1033
1097 1161
1097 1225
1098 906
1098 970
1098 1034
1098 1053
1098 1162
1098 1226
1099 771
1099 907
1099 971
1099 1035
1099 1163
1099 1227
1100 172
1100 908
1100 972
1100 1036
1100 1164
1100 1228
1101 13
1101 19
1101 77
1101 79
1101 83
1101 143
1101 147
1101 193
1101 211
1101 257
1101 261
1101 271
1101 275
1101 321
1101 325
1101 335
1101 339
1101 389
1101 399
1101 453
1101 463
1101 517
1101 581
1101 719
1101 783
1101 847
1101 904
1101 909
1101 911
1101 965
1101 973
1101 975
1101 1029
1101 1037
1101 1039
1101 1093
1101 1165
1101 1167
1101 1229
1101 1231
1102 394
1102 905
1102 910
1102 974
1102 1038
1102 1054
1102 1166
1102 1230
1103 5
1103 261
1103 262
1103 271
1103 325
1103 326
1103 335
1103 389
1103 390
1103 453
1103 454
1103 518
1103 582
1103 646
1103 710
1103 774
1103 838
1103 902
1103 911
1103 966
1103 975
1103 1030
1103 1037
1103 1039
1103 1094
1103 1158
1103 1165
1103 1167
1103 1222
1103 1231
1104 212
1104 247
1104 597
1104 809
1104 912
1104 976
1104 999
1104 1040
1104 1127
1104 1168
1104 1232
1105 913
1105 977
1105 1033
1105 1041
1105 1169
1105 1233
1106 132
1106 854
1106 914
1106 978
1106 1042
1106 1170
1106 1234
1107 32
1107 915
1107 979
1107 1043
1107 1171
1107 1235
1108 303
1108 631
1108 916
1108 980
1108 1044
1108 1172
1108 1236
1109 745
1109 917
1109 981
1109 1045
1109 1173
1109 1237
1110 918
1110 982
1110 1046
1110 1174
1110 1238
1111 113
1111 441
1111 568
1111 919
1111 983
1111 1047
1111 1175
1111 1239
1112 253
1112 468
1112 920
1112 984
1112 1048
1112 1176
1112 1240
1113 921
1113 985
1113 1049
1113 1177
1113 1241
1114 922
1114 986
1114 1050
1114 1144
1114 1178
1114 1242
1115 714
1115 780
1115 923
1115 987
1115 1051
1115 1179
1115 1243
1116 924
1116 988
1116 1052
1116 1180
1116 1244
1117 925
1117 989
1117 1053
1117 1181
1117 1245
1118 926
1118 990
1118 1054
1118 1182
1118 1246
1118 1250
1119 543
1119 927
1119 991
1119 1055
1119 1183
1119 1247
1120 928
1120 992
1120 1056
1120 1184
1120 1248
1121 929
1121 993
1121 1057
1121 1185
1121 1249
1122 930
1122 994
1122 1058
1122 1186
1122 1250
1123 931
1123 995
1123 1059
1123 1177
1123 1187
1123 1251
1123 1253
1124 492
1124 932
1124 996
1124 1060
1124 1188
1124 1252
1125 489
1125 933
1125 997
1125 1061
1125 1189
1125 1216
1125 1253
1126 934
1126 998
1126 1062
1126 1190
1126 1254
1127 212
1127 247
1127 597
1127 809
1127 935
1127 999
1127 1063
1127 1104
1127 1191
1127 1255
1128 600
1128 811
1128 936
1128 1000
1128 1064
1128 1130
1128 1192
1128 1256
1129 336
1129 737
1129 937
1129 1001
1129 1065
1129 1193
1129 1257
1130 600
1130 811
1130 938
1130 1002
1130 1066
1130 1128
1130 1194
1130 1258
1131 880
1131 939
1131 1003
1131 1067
1131 1195
1131 1259
1132 940
1132 1004
1132 1068
1132 1196
1132 1260
1133 941
1133 1005
1133 1069
1133 1197
1133 1261
1134 369
1134 432
1134 508
1134 890
1134 942
1134 1006
1134 1070
1134 1198
1134 1215
1134 1262
1135 943
1135 1007
1135 1071
1135 1199
1135 1263
1136 372
1136 596
1136 820
1136 944
1136 1008
1136 1072
1136 1198
1136 1200
1136 1264
1137 48
1137 61
1137 701
1137 945
1137 1009
1137 1073
1137 1201
1137 1265
1138 279
1138 484
1138 665
1138 946
1138 1010
1138 1048
1138 1074
1138 1202
1138 1266
1139 243
1139 947
1139 1011
1139 1075
1139 1203
1139 1267
1140 510
1140 948
1140 1012
1140 1076
1140 1204
1140 1268
1141 949
1141 1013
1141 1077
1141 1205
1141 1269
1142 950
1142 1014
1142 1078
1142 1206
1142 1270
1143 50
1143 673
1143 857
1143 937
1143 951
1143 1015
1143 1079
1143 1207
1143 1271
1144 952
1144 1016
1144 1080
1144 1114
1144 1208
1144 1272
1145 682
1145 878
1145 953
1145 1017
1145 1081
1145 1209
1145 1273
1146 383
1146 494
1146 954
1146 1018
1146 1082
1146 1194
1146 1210
1146 1212
1146 1274
1147 955
1147 1019
1147 1083
1147 1211
1147 1275
1148 252
1148 471
1148 956
1148 1020
1148 1084
1148 1212
1148 1276
1149 957
1149 1021
1149 1085
1149 1213
1149 1277
1150 120
1150 249
1150 554
1150 788
1150 958
1150 1017
1150 1022
1150 1086
1150 1214
1150 1264
1150 1278
1151 1023
1151 1087
1151 1215
1151 1279
1152 960
1152 1024
1152 1088
1152 1216
1153 961
1153 1025
1153 1089
1153 1217
1154 962
1154 1026
1154 1090
1154 1218
1155 29
1155 963
1155 1027
1155 1091
1155 1219
1156 244
1156 287
1156 748
1156 964
1156 1011
1156 1028
1156 1092
1156 1220
1157 65
1157 257
1157 321
1157 333
1157 339
1157 399
1157 517
1157 581
1157 591
1157 719
1157 773
1157 783
1157 837
1157 847
1157 904
1157 909
1157 965
1157 973
1157 1029
1157 1093
1157 1218
1157 1221
1157 1224
1157 1229
1158 325
1158 326
1158 335
1158 390
1158 454
1158 518
1158 582
1158 646
1158 710
1158 774
1158 838
1158 902
1158 966
1158 975
1158 1030
1158 1037
1158 1039
1158 1094
1158 1103
1158 1167
1158 1222
1158 1231
1159 967
1159 1031
1159 1095
1159 1223
1160 9
1160 73
1160 137
1160 200
1160 264
1160 328
1160 392
1160 456
1160 520
1160 584
1160 645
1160 709
1160 776
1160 840
1160 901
1160 968
1160 1032
1160 1096
1160 1221
1160 1224
1161 843
1161 969
1161 1027
1161 1033
1161 1097
1161 1225
1162 834
1162 970
1162 1034
1162 1098
1162 1226
1163 268
1163 971
1163 1035
1163 1099
1163 1227
1164 972
1164 1036
1164 1092
1164 1100
1164 1228
1165 19
1165 69
1165 79
1165 133
1165 143
1165 147
1165 271
1165 275
1165 325
1165 335
1165 339
1165 389
1165 399
1165 453
1165 463
1165 517
1165 581
1165 719
1165 783
1165 847
1165 904
1165 911
1165 965
1165 973
1165 975
1165 1037
1165 1039
1165 1093
1165 1101
1165 1103
1165 1167
1165 1229
1165 1231
1166 974
1166 1038
1166 1102
1166 1230
1167 5
1167 15
1167 69
1167 133
1167 197
1167 207
1167 261
1167 271
1167 325
1167 335
1167 389
1167 390
1167 453
1167 463
1167 518
1167 581
1167 582
1167 646
1167 710
1167 774
1167 838
1167 847
1167 902
1167 911
1167 966
1167 975
1167 1030
1167 1037
1167 1039
1167 1093
1167 1094
1167 1101
1167 1103
1167 1158
1167 1165
1167 1222
1167 1229
1167 1231
1168 117
1168 976
1168 1040
1168 1104
1168 1232
1168 1241
1169 654
1169 977
1169 1041
1169 1105
1169 1233
1170 429
1170 635
1170 885
1170 960
1170 978
1170 1042
1170 1106
1170 1204
1170 1234
1171 457
1171 979
1171 1043
1171 1107
1171 1235
1172 218
1172 562
1172 980
1172 1044
1172 1108
1172 1236
1173 512
1173 924
1173 981
1173 1045
1173 1109
1173 1237
1174 358
1174 982
1174 1046
1174 1110
1174 1238
1175 689
1175 983
1175 1047
1175 1080
1175 1111
1175 1239
1176 101
1176 744
1176 848
1176 984
1176 1048
1176 1112
1176 1239
1176 1240
1177 985
1177 1049
1177 1113
1177 1123
1177 1241
1177 1253
1178 317
1178 355
1178 887
1178 986
1178 1050
1178 1114
1178 1242
1179 987
1179 1051
1179 1115
1179 1243
1180 556
1180 950
1180 988
1180 1052
1180 1116
1180 1244
1181 928
1181 989
1181 1053
1181 1117
1181 1245
1182 990
1182 1054
1182 1118
1182 1246
1183 217
1183 991
1183 1055
1183 1057
1183 1119
1183 1247
1184 413
1184 614
1184 770
1184 992
1184 1056
1184 1120
1184 1248
1185 114
1185 159
1185 955
1185 993
1185 1057
1185 1121
1185 1249
1186 452
1186 604
1186 658
1186 726
1186 988
1186 994
1186 1058
1186 1122
1186 1250
1187 825
1187 995
1187 1059
1187 1123
1187 1251
1187 1276
1188 118
1188 996
1188 1060
1188 1124
1188 1252
1189 613
1189 997
1189 1061
1189 1125
1189 1237
1189 1253
1190 155
1190 411
1190 998
1190 1062
1190 1126
1190 1254
1191 476
1191 516
1191 827
1191 999
1191 1001
1191 1063
1191 1127
1191 1255
1192 351
1192 1000
1192 1021
1192 1064
1192 1128
1192 1256
1193 681
1193 1001
1193 1065
1193 1129
1193 1257
1194 383
1194 494
1194 1002
1194 1066
1194 1130
1194 1146
1194 1212
1194 1258
1195 740
1195 1003
1195 1067
1195 1131
1195 1259
1196 229
1196 598
1196 1004
1196 1068
1196 1132
1196 1260
1197 196
1197 978
1197 1005
1197 1069
1197 1133
1197 1261
1198 372
1198 596
1198 820
1198 1006
1198 1070
1198 1134
1198 1136
1198 1262
1199 1007
1199 1071
1199 1135
1199 1263
1200 238
1200 444
1200 532
1200 687
1200 1008
1200 1072
1200 1136
1200 1264
1201 666
1201 792
1201 1009
1201 1073
1201 1137
1201 1265
1202 148
1202 1010
1202 1074
1202 1138
1202 1266
1203 1011
1203 1056
1203 1075
1203 1139
1203 1267
1204 429
1204 635
1204 885
1204 960
1204 1012
1204 1076
1204 1140
1204 1170
1204 1268
1205 1013
1205 1077
1205 1141
1205 1269
1206 734
1206 1014
1206 1062
1206 1078
1206 1142
1206 1270
1207 502
1207 805
1207 821
1207 1015
1207 1079
1207 1143
1207 1271
1208 241
1208 313
1208 730
1208 1016
1208 1080
1208 1144
1208 1259
1208 1272
1209 122
1209 688
1209 810
1209 1017
1209 1081
1209 1145
1209 1273
1210 42
1210 154
1210 490
1210 791
1210 1018
1210 1082
1210 1146
1210 1274
1211 1019
1211 1083
1211 1147
1211 1275
1212 383
1212 494
1212 1020
1212 1084
1212 1146
1212 1148
1212 1194
1212 1276
1213 1021
1213 1085
1213 1149
1213 1277
1214 700
1214 958
1214 1022
1214 1086
1214 1150
1214 1278
1215 369
1215 432
1215 508
1215 890
1215 1023
1215 1087
1215 1134
1215 1151
1215 1279
1216 489
1216 1024
1216 1088
1216 1125
1216 1152
1217 717
1217 1025
1217 1089
1217 1153
1218 333
1218 591
1218 648
1218 712
1218 773
1218 837
1218 909
1218 973
1218 1026
1218 1090
1218 1154
1218 1157
1218 1224
1219 140
1219 465
1219 1027
1219 1091
1219 1155
1220 1028
1220 1092
1220 1156
1221 9
1221 73
1221 137
1221 200
1221 264
1221 328
1221 392
1221 456
1221 520
1221 584
1221 645
1221 709
1221 776
1221 840
1221 901
1221 968
1221 1029
1221 1032
1221 1093
1221 1096
1221 1157
1221 1160
1222 326
1222 390
1222 454
1222 518
1222 582
1222 646
1222 710
1222 774
1222 838
1222 902
1222 966
1222 975
1222 1030
1222 1037
1222 1039
1222 1094
1222 1103
1222 1158
1222 1167
1222 1231
1223 731
1223 864
1223 1031
1223 1095
1223 1159
1224 333
1224 591
1224 648
1224 712
1224 773
1224 837
1224 909
1224 973
1224 1032
1224 1096
1224 1157
1224 1160
1224 1218
1225 1033
1225 1097
1225 1161
1226 907
1226 1034
1226 1098
1226 1162
1226 1233
1227 515
1227 1035
1227 1099
1227 1163
1228 228
1228 1036
1228 1100
1228 1164
1229 1
1229 13
1229 77
1229 83
1229 147
1229 193
1229 211
1229 275
1229 339
1229 389
1229 399
1229 453
1229 463
1229 517
1229 581
1229 591
1229 719
1229 773
1229 783
1229 847
1229 904
1229 911
1229 965
1229 973
1229 975
1229 1029
1229 1037
1229 1093
1229 1101
1229 1157
1229 1165
1229 1167
1229 1231
1230 455
1230 1038
1230 1102
1230 1166
1231 5
1231 15
1231 19
1231 69
1231 79
1231 133
1231 143
1231 197
1231 207
1231 261
1231 271
1231 325
1231 335
1231 389
1231 390
1231 453
1231 463
1231 518
1231 581
1231 582
1231 646
1231 710
1231 774
1231 783
1231 838
1231 847
1231 902
1231 911
1231 966
1231 975
1231 1030
1231 1037
1231 1039
1231 1093
1231 1094
1231 1101
1231 1103
1231 1158
1231 1165
1231 1167
1231 1222
1231 1229
1232 345
1232 418
1232 431
1232 948
1232 1040
1232 1104
1232 1168
1233 907
1233 1041
1233 1105
1233 1169
1233 1226
1234 173
1234 1042
1234 1106
1234 1170
1235 158
1235 1043
1235 1107
1235 1171
1236 400
1236 920
1236 1044
1236 1108
1236 1172
1237 613
1237 1045
1237 1109
1237 1173
1237 1189
1238 772
1238 896
1238 1046
1238 1110
1238 1174
1239 101
1239 744
1239 848
1239 1047
1239 1111
1239 1175
1239 1176
1240 618
1240 632
1240 1048
1240 1071
1240 1112
1240 1176
1241 117
1241 1049
1241 1113
1241 1168
1241 1177
1242 551
1242 679
1242 983
1242 1050
1242 1061
1242 1114
1242 1178
1243 1051
1243 1115
1243 1179
1244 1052
1244 1116
1244 1180
1245 478
1245 647
1245 1053
1245 1117
1245 1181
1246 1054
1246 1118
1246 1182
1247 574
1247 675
1247 858
1247 935
1247 1055
1247 1119
1247 1183
1248 1056
1248 1095
1248 1120
1248 1184
1249 384
1249 1057
1249 1121
1249 1185
1250 1058
1250 1118
1250 1122
1250 1186
1251 409
1251 495
1251 496
1251 1059
1251 1123
1251 1187
1251 1265
1252 1060
1252 1124
1252 1188
1253 1061
1253 1123
1253 1125
1253 1177
1253 1189
1254 1062
1254 1126
1254 1190
1255 423
1255 601
1255 671
1255 866
1255 1010
1255 1063
1255 1076
1255 1127
1255 1191
1256 24
1256 1064
1256 1128
1256 1192
1257 189
1257 340
1257 725
1257 853
1257 1065
1257 1129
1257 1193
1258 314
1258 491
1258 1066
1258 1130
1258 1194
1258 1278
1259 241
1259 313
1259 730
1259 1067
1259 1131
1259 1195
1259 1208
1260 1068
1260 1132
1260 1196
1260 1261
1261 1069
1261 1133
1261 1197
1261 1260
1262 84
1262 656
1262 661
1262 869
1262 912
1262 1070
1262 1134
1262 1198
1263 1071
1263 1135
1263 1199
1264 120
1264 249
1264 554
1264 788
1264 1017
1264 1072
1264 1136
1264 1150
1264 1200
1265 409
1265 495
1265 496
1265 1073
1265 1137
1265 1201
1265 1251
1266 346
1266 546
1266 1074
1266 1138
1266 1202
1267 1075
1267 1139
1267 1203
1268 88
1268 628
1268 680
1268 1059
1268 1076
1268 1140
1268 1204
1269 1077
1269 1141
1269 1205
1270 103
1270 123
1270 1078
1270 1142
1270 1206
1271 170
1271 291
1271 622
1271 784
1271 1079
1271 1143
1271 1207
1272 560
1272 1080
1272 1144
1272 1208
1272 1277
1273 254
1273 1081
1273 1145
1273 1209
1274 766
1274 889
1274 1146
1274 1210
1275 806
1275 1083
1275 1147
1275 1211
1276 825
1276 1084
1276 1148
1276 1187
1276 1212
1277 560
1277 1085
1277 1149
1277 1213
1277 1272
1278 314
1278 491
1278 1086
1278 1150
1278 1214
1278 1258
1279 377
1279 616
1279 874
1279 894
1279 1016
1279 1022
1279 1087
1279 1151
1279 1215
