0 64
0 128
0 192
0 381
0 1172
0 1197
1 65
1 129
1 193
1 554
2 39
2 66
2 85
2 130
2 194
2 237
2 500
3 67
3 131
3 195
3 835
4 68
4 132
4 165
4 196
4 482
4 772
5 69
5 133
5 197
6 13
6 70
6 134
6 198
6 262
6 326
6 390
6 454
6 518
6 582
6 646
6 710
6 774
6 838
6 902
6 966
6 1030
6 1094
6 1158
6 1222
7 71
7 135
7 199
8 72
8 136
8 200
8 201
8 265
8 328
8 393
8 457
8 521
8 585
8 649
8 713
8 777
8 841
8 905
8 969
8 1033
8 1097
8 1161
8 1225
9 73
9 137
9 139
9 200
9 201
9 203
9 267
9 329
9 331
9 392
9 395
9 456
9 520
9 523
9 584
9 648
9 712
9 717
9 776
9 843
10 74
10 91
10 138
10 202
11 13
11 75
11 77
11 139
11 141
11 203
11 205
11 267
11 269
11 333
11 395
11 397
11 456
11 461
11 525
11 589
11 648
11 653
11 717
11 776
11 781
11 840
11 843
11 845
11 907
11 909
11 971
11 1032
11 1037
11 1096
11 1101
12 76
12 140
12 155
12 204
13 6
13 11
13 70
13 75
13 77
13 134
13 141
13 198
13 205
13 269
13 326
13 333
13 390
13 397
13 454
13 461
13 518
13 525
13 582
13 589
13 646
13 653
13 710
13 774
13 781
13 838
13 840
13 845
13 971
13 1035
13 1101
13 1163
13 1227
14 78
14 142
14 206
15 79
15 143
15 207
15 221
15 1159
16 80
16 144
16 208
16 245
16 999
17 81
17 145
17 209
18 82
18 146
18 210
18 714
18 1254
19 83
19 147
19 211
19 411
19 855
19 1234
20 84
20 94
20 148
20 212
20 685
21 85
21 89
21 149
21 213
21 789
22 86
22 96
22 150
22 214
23 87
23 151
23 215
23 426
23 1181
24 88
24 152
24 216
24 336
24 730
24 858
24 888
25 35
25 89
25 147
25 153
25 217
25 809
25 991
25 1177
26 90
26 154
26 218
26 792
26 794
27 91
27 155
27 219
27 923
28 92
28 156
28 220
28 399
28 1231
29 93
29 157
29 221
30 94
30 158
30 222
30 473
30 1013
30 1269
31 95
31 159
31 223
31 332
31 906
32 96
32 160
32 224
33 97
33 161
33 225
34 98
34 162
34 226
35 25
35 99
35 147
35 163
35 227
35 809
35 991
35 1177
36 100
36 164
36 228
36 900
36 924
37 101
37 165
37 229
37 805
37 863
37 1193
38 102
38 166
38 230
39 2
39 85
39 103
39 167
39 231
39 237
39 500
40 104
40 168
40 227
40 232
40 306
40 538
40 592
40 690
40 994
41 105
41 169
41 233
41 817
42 106
42 170
42 234
42 1126
43 107
44 108
44 172
44 236
44 376
44 1068
45 109
45 173
45 237
45 488
46 110
46 174
46 238
46 702
46 1275
47 111
47 175
47 239
48 112
48 176
48 240
48 1212
49 113
49 177
49 241
50 114
50 178
50 242
51 115
51 154
51 156
51 179
51 218
51 243
51 514
51 942
52 116
52 119
52 180
52 244
52 1183
52 1257
53 117
53 181
53 245
53 914
54 118
54 182
54 246
55 119
55 183
55 247
55 402
55 716
56 120
56 184
56 248
56 253
56 448
56 469
56 626
56 917
56 986
56 1242
57 121
57 185
57 430
57 1262
57 1276
58 107
58 122
58 186
58 250
58 547
58 699
58 812
58 1144
59 123
59 187
59 251
59 597
60 124
60 188
60 252
60 1203
61 125
61 189
61 251
61 253
61 400
61 420
61 1000
61 1112
61 1147
62 126
62 190
62 254
62 636
63 127
63 191
63 634
64 0
64 128
64 192
64 256
64 351
64 357
64 370
64 498
64 674
64 980
65 1
65 129
65 193
65 257
65 719
66 2
66 95
66 130
66 169
66 194
66 258
66 580
66 802
66 804
66 877
67 3
67 131
67 195
67 259
67 605
67 925
68 4
68 132
68 196
68 260
69 5
69 133
69 197
69 261
70 6
70 13
70 134
70 198
70 262
70 326
70 390
70 454
70 518
70 582
70 646
70 710
70 774
70 838
70 902
70 966
70 1030
70 1094
70 1158
70 1222
71 7
71 135
71 199
71 263
72 8
72 136
72 200
72 201
72 264
72 265
72 328
72 393
72 457
72 521
72 585
72 649
72 713
72 777
72 841
72 905
72 969
72 1033
72 1097
72 1161
72 1225
73 9
73 75
73 137
73 139
73 141
73 200
73 201
73 203
73 265
73 267
73 329
73 331
73 395
73 456
73 461
73 520
73 523
73 525
73 584
73 589
73 648
73 653
73 712
73 717
73 776
73 840
73 843
73 904
73 907
73 909
73 1224
74 10
74 138
74 202
74 266
75 11
75 13
75 73
75 77
75 137
75 139
75 141
75 200
75 203
75 205
75 267
75 269
75 331
75 333
75 395
75 397
75 456
75 461
75 520
75 523
75 525
75 589
75 648
75 653
75 712
75 717
75 776
75 781
75 840
75 843
75 845
75 904
75 907
75 909
75 968
75 973
75 1032
75 1037
75 1096
75 1160
75 1165
75 1229
76 12
76 140
76 166
76 204
76 268
76 1071
76 1098
77 11
77 13
77 75
77 141
77 205
77 269
77 333
77 397
77 461
77 525
77 589
77 653
77 776
77 781
77 840
77 845
77 904
77 907
77 909
77 971
77 1035
77 1101
77 1163
77 1227
78 14
78 142
78 206
78 270
79 15
79 143
79 207
79 271
79 278
80 16
80 144
80 208
80 272
80 281
80 1201
81 17
81 145
81 209
81 273
82 18
82 109
82 146
82 210
82 274
82 1012
82 1077
82 1219
83 19
83 147
83 211
83 275
84 20
84 148
84 212
84 256
84 276
84 557
84 740
84 832
84 1213
85 2
85 21
85 39
85 149
85 213
85 237
85 277
85 500
86 22
86 150
86 214
86 278
86 1111
86 1116
87 23
87 151
87 215
87 279
88 24
88 152
88 216
88 280
88 1188
88 1237
89 21
89 25
89 153
89 217
89 281
89 789
90 26
90 154
90 218
90 282
90 372
90 735
91 10
91 27
91 155
91 219
91 283
92 28
92 156
92 220
92 284
92 394
93 29
93 157
93 221
93 285
93 663
93 786
93 847
94 20
94 30
94 158
94 222
94 286
94 685
95 31
95 66
95 159
95 169
95 223
95 287
95 580
95 802
95 804
95 877
96 22
96 32
96 160
96 224
96 288
97 33
97 161
97 225
97 289
97 1162
98 34
98 162
98 226
98 290
98 1039
98 1175
99 35
99 105
99 163
99 212
99 227
99 280
99 291
99 725
99 811
99 885
99 941
99 1048
99 1127
100 36
100 164
100 228
100 258
100 292
100 612
100 1024
100 1090
101 37
101 165
101 229
101 293
101 915
102 38
102 166
102 230
102 294
102 908
103 39
103 167
103 231
103 233
103 295
103 412
103 617
103 793
103 848
103 922
103 1069
103 1252
104 40
104 168
104 213
104 232
104 287
104 296
104 749
105 41
105 99
105 169
105 212
105 233
105 280
105 297
105 725
105 811
105 885
105 941
105 1048
105 1127
106 42
106 170
106 234
106 298
106 463
107 43
107 58
107 171
107 235
107 299
107 547
107 699
107 812
107 1144
108 44
108 172
108 236
108 272
108 300
108 364
108 507
108 565
109 45
109 82
109 173
109 237
109 301
109 1012
109 1077
109 1219
110 46
110 174
110 238
110 291
110 302
110 359
110 752
110 784
110 955
110 1080
111 47
111 175
111 239
111 303
111 385
111 449
112 48
112 176
112 240
112 304
112 1004
112 1084
112 1136
113 49
113 177
113 241
114 50
114 178
114 242
114 306
114 893
115 51
115 179
115 184
115 243
115 307
115 375
115 509
115 536
115 601
115 759
115 803
115 880
116 52
116 180
116 244
116 308
116 551
116 807
116 997
116 1083
116 1207
117 53
117 181
117 245
117 309
117 578
117 596
117 871
118 54
118 182
118 246
118 310
119 52
119 55
119 183
119 247
119 311
119 1183
119 1257
120 56
120 184
120 236
120 241
120 248
120 312
120 560
120 1070
120 1073
120 1168
121 57
121 167
121 185
121 249
121 284
121 313
121 492
121 621
121 1044
121 1134
122 58
122 186
122 250
122 318
122 954
123 59
123 187
123 251
123 571
123 747
123 1264
124 60
124 188
124 252
124 703
124 952
125 61
125 189
125 244
125 253
125 317
125 622
125 729
126 62
126 190
126 254
126 510
127 63
127 191
127 255
128 0
128 64
128 192
128 226
128 256
128 320
128 354
128 512
128 676
128 1028
129 1
129 65
129 193
129 257
129 321
129 961
130 2
130 66
130 194
130 258
130 311
130 322
130 345
130 932
130 1152
131 3
131 67
131 195
131 259
131 323
132 4
132 68
132 196
132 247
132 260
132 301
132 324
132 384
132 996
133 5
133 69
133 197
133 261
133 325
133 1078
134 6
134 13
134 70
134 198
134 262
134 326
134 390
134 454
134 518
134 582
134 646
134 710
134 774
134 838
134 902
134 966
134 1030
134 1094
134 1158
134 1222
135 7
135 71
135 199
135 263
135 327
135 1174
136 8
136 72
136 200
136 201
136 264
136 265
136 328
136 393
136 457
136 521
136 585
136 649
136 713
136 777
136 841
136 905
136 969
136 1033
136 1097
136 1161
136 1225
137 9
137 73
137 75
137 139
137 200
137 201
137 203
137 265
137 267
137 329
137 331
137 392
137 395
137 456
137 520
137 523
137 584
137 648
137 712
137 717
137 776
137 843
137 904
137 909
137 968
137 973
138 10
138 74
138 202
138 266
138 330
139 9
139 11
139 73
139 75
139 137
139 200
139 203
139 267
139 329
139 331
139 392
139 395
139 456
139 520
139 523
139 584
139 648
139 712
139 717
139 776
139 843
139 904
139 968
139 973
140 12
140 76
140 204
140 268
140 332
140 516
140 799
141 11
141 13
141 73
141 75
141 77
141 203
141 205
141 267
141 269
141 331
141 333
141 395
141 397
141 456
141 461
141 520
141 525
141 589
141 648
141 653
141 712
141 717
141 776
141 781
141 840
141 843
141 845
141 904
141 907
141 909
141 968
141 971
141 973
141 1032
141 1037
141 1096
141 1165
141 1229
142 14
142 78
142 206
142 270
142 334
142 1206
143 15
143 79
143 207
143 271
143 335
143 407
143 1053
144 16
144 80
144 208
144 272
144 316
144 336
144 446
145 17
145 81
145 209
145 273
145 337
146 18
146 82
146 210
146 274
146 338
146 546
146 751
147 19
147 25
147 35
147 83
147 211
147 275
147 339
147 809
147 991
147 1177
148 20
148 84
148 164
148 212
148 276
148 340
149 21
149 85
149 213
149 277
149 296
149 339
149 341
149 704
149 883
149 1202
150 22
150 86
150 214
150 278
150 342
151 23
151 87
151 215
151 279
151 343
151 865
152 24
152 88
152 216
152 280
152 344
153 25
153 89
153 217
153 281
153 345
153 665
153 788
153 823
153 1178
154 26
154 51
154 90
154 156
154 218
154 282
154 346
154 514
154 942
155 12
155 27
155 91
155 219
155 283
155 347
156 28
156 51
156 92
156 154
156 218
156 220
156 284
156 348
156 514
156 942
157 29
157 93
157 221
157 285
157 347
157 349
158 30
158 94
158 222
158 286
158 297
158 350
158 946
158 1005
158 1045
158 1256
159 31
159 95
159 223
159 287
159 351
159 1009
159 1274
160 32
160 96
160 224
160 288
160 352
161 33
161 97
161 225
161 289
161 353
161 682
161 1263
162 34
162 98
162 226
162 290
162 354
162 586
163 35
163 99
163 216
163 227
163 291
163 346
163 348
163 355
163 1040
164 36
164 100
164 148
164 228
164 292
164 356
165 4
165 37
165 101
165 229
165 293
165 357
165 482
165 772
166 38
166 76
166 102
166 230
166 294
166 358
166 1071
166 1098
167 39
167 103
167 121
167 231
167 284
167 295
167 359
167 492
167 621
167 1044
167 1134
168 40
168 104
168 232
168 296
168 360
168 419
168 656
168 931
168 957
168 1241
169 41
169 66
169 95
169 105
169 233
169 297
169 361
169 580
169 802
169 804
169 877
170 42
170 106
170 234
170 298
170 362
170 1126
171 107
171 235
171 299
172 44
172 108
172 236
172 300
172 364
172 441
172 638
172 953
173 45
173 109
173 237
173 301
173 365
173 765
173 1173
174 46
174 110
174 238
174 291
174 302
174 359
174 366
174 752
174 784
174 955
174 1080
175 47
175 111
175 239
175 303
175 367
175 862
175 978
176 48
176 112
176 240
176 304
176 368
176 1006
176 1086
177 49
177 113
177 208
177 241
177 305
177 369
177 637
178 50
178 114
178 242
178 306
178 370
178 1132
179 51
179 115
179 243
179 300
179 307
179 371
179 428
179 693
179 1011
179 1200
180 52
180 116
180 244
180 308
180 372
180 625
181 53
181 117
181 245
181 309
181 373
181 615
181 627
181 724
181 754
181 894
181 1265
182 54
182 118
182 246
182 310
182 374
183 55
183 119
183 247
183 311
183 375
183 879
183 1092
184 56
184 115
184 120
184 248
184 312
184 375
184 376
184 509
184 536
184 601
184 759
184 803
184 880
185 57
185 121
185 249
185 313
185 369
185 825
186 58
186 122
186 250
186 314
186 939
187 59
187 123
187 251
187 315
187 383
188 60
188 124
188 252
188 316
188 378
188 635
189 61
189 125
189 253
189 317
189 381
189 857
189 1049
189 1054
189 1060
189 1176
190 62
190 126
190 254
191 63
191 127
191 252
191 255
191 319
191 435
191 689
191 748
191 1076
191 1240
192 0
192 64
192 128
192 256
192 320
192 384
192 594
192 708
193 1
193 65
193 129
193 257
193 321
193 385
193 598
194 2
194 66
194 130
194 258
194 322
194 386
194 1268
195 3
195 67
195 131
195 259
195 323
195 387
196 4
196 68
196 132
196 260
196 324
196 388
196 478
196 532
196 1113
197 5
197 69
197 133
197 261
197 325
197 389
197 837
198 6
198 13
198 70
198 134
198 262
198 326
198 390
198 454
198 518
198 582
198 646
198 710
198 774
198 838
198 902
198 966
198 1030
198 1035
198 1094
198 1158
198 1222
199 7
199 71
199 135
199 263
199 327
199 391
199 539
200 8
200 9
200 72
200 73
200 75
200 136
200 137
200 139
200 203
200 264
200 267
200 328
200 329
200 331
200 392
200 395
200 456
200 520
200 523
200 584
200 648
200 712
200 717
200 776
200 843
200 904
200 968
200 973
201 8
201 9
201 72
201 73
201 136
201 137
201 265
201 328
201 329
201 393
201 457
201 521
201 585
201 649
201 713
201 777
201 841
201 905
201 969
201 1033
201 1097
201 1161
201 1225
202 10
202 74
202 138
202 266
202 330
202 394
202 964
203 9
203 11
203 73
203 75
203 137
203 139
203 141
203 200
203 205
203 267
203 269
203 331
203 333
203 395
203 397
203 456
203 461
203 520
203 523
203 525
203 584
203 589
203 648
203 653
203 712
203 717
203 776
203 781
203 840
203 843
203 845
203 904
203 907
203 909
203 968
203 971
203 973
203 1032
203 1037
203 1160
203 1224
203 1229
204 12
204 76
204 140
204 268
204 332
204 396
204 671
205 11
205 13
205 75
205 77
205 141
205 203
205 267
205 269
205 333
205 397
205 456
205 461
205 525
205 589
205 648
205 653
205 776
205 781
205 840
205 845
205 904
205 907
205 909
205 968
205 971
205 973
205 1032
205 1035
205 1037
205 1096
205 1101
205 1227
206 14
206 78
206 142
206 270
206 334
206 398
207 15
207 79
207 143
207 271
207 335
207 399
207 737
207 897
207 1179
207 1180
208 16
208 80
208 144
208 177
208 272
208 336
208 400
208 637
209 17
209 81
209 145
209 273
209 337
209 401
210 18
210 82
210 146
210 242
210 274
210 338
210 402
210 887
210 1108
211 19
211 83
211 147
211 275
211 339
211 403
211 452
211 531
211 542
212 20
212 84
212 99
212 105
212 148
212 276
212 280
212 340
212 404
212 725
212 811
212 885
212 941
212 1048
212 1127
213 21
213 85
213 104
213 149
213 277
213 287
213 341
213 405
213 749
214 22
214 86
214 150
214 278
214 342
214 406
215 23
215 87
215 151
215 279
215 343
215 407
215 599
216 24
216 88
216 152
216 163
216 280
216 344
216 346
216 348
216 408
216 1040
217 25
217 89
217 153
217 281
217 345
217 409
217 445
217 834
217 1043
218 26
218 51
218 90
218 154
218 156
218 282
218 346
218 410
218 514
218 942
219 27
219 91
219 155
219 283
219 347
219 411
220 28
220 92
220 156
220 284
220 348
220 412
220 1155
221 15
221 29
221 93
221 157
221 285
221 349
221 413
221 1159
222 30
222 94
222 158
222 286
222 350
222 414
222 543
222 632
222 1064
223 31
223 95
223 159
223 287
223 351
223 415
223 869
223 1125
223 1186
224 32
224 96
224 160
224 288
224 352
224 416
224 913
225 33
225 97
225 161
225 289
225 353
225 417
225 579
225 1121
226 34
226 98
226 128
226 162
226 290
226 354
226 418
226 512
226 676
226 1028
227 35
227 40
227 99
227 163
227 291
227 306
227 355
227 419
227 538
227 592
227 690
227 994
228 36
228 100
228 164
228 292
228 356
228 420
228 821
229 37
229 101
229 165
229 293
229 322
229 357
229 421
229 450
229 576
229 677
229 818
229 1010
230 38
230 102
230 166
230 294
230 358
230 422
231 39
231 103
231 167
231 295
231 359
231 423
231 474
231 503
231 1104
232 40
232 104
232 168
232 296
232 360
232 424
232 836
233 41
233 103
233 105
233 169
233 297
233 361
233 412
233 425
233 617
233 793
233 848
233 922
233 1069
233 1252
234 42
234 106
234 170
234 298
234 327
234 362
234 426
235 107
235 171
235 299
235 506
235 1215
236 44
236 108
236 120
236 172
236 241
236 300
236 364
236 428
236 560
236 1070
236 1073
236 1168
237 2
237 39
237 45
237 85
237 109
237 173
237 301
237 365
237 429
237 500
238 46
238 110
238 174
238 249
238 302
238 366
238 440
238 443
238 684
238 728
238 1196
239 47
239 111
239 175
239 303
239 321
239 367
239 431
240 48
240 112
240 176
240 304
240 368
240 432
240 945
240 1019
240 1145
241 49
241 113
241 120
241 177
241 236
241 305
241 369
241 433
241 560
241 1070
241 1073
241 1168
242 50
242 114
242 178
242 210
242 306
242 370
242 434
242 887
242 1108
243 51
243 115
243 179
243 307
243 371
244 52
244 116
244 125
244 180
244 308
244 372
244 436
244 622
244 729
245 16
245 53
245 117
245 181
245 309
245 373
245 437
245 999
246 54
246 118
246 182
246 310
246 374
246 438
247 55
247 119
247 132
247 183
247 301
247 311
247 375
247 384
247 439
247 996
248 56
248 120
248 184
248 312
248 315
248 376
248 499
248 1139
248 1273
249 121
249 185
249 238
249 313
249 377
249 440
249 443
249 684
249 728
249 1196
250 58
250 122
250 186
250 314
250 368
250 378
250 442
251 59
251 61
251 123
251 187
251 315
251 379
251 400
251 420
251 443
251 1000
251 1112
251 1147
252 60
252 124
252 188
252 191
252 316
252 380
252 435
252 444
252 689
252 748
252 1076
252 1240
253 56
253 61
253 125
253 189
253 317
253 381
253 445
253 448
253 469
253 626
253 917
253 986
253 1242
254 62
254 126
254 190
254 318
254 382
254 508
254 767
254 875
254 1008
255 127
255 191
255 319
255 383
255 813
256 64
256 84
256 128
256 192
256 320
256 384
256 448
256 557
256 740
256 832
256 1213
257 65
257 129
257 193
257 321
257 385
257 449
258 66
258 100
258 130
258 194
258 322
258 386
258 450
258 612
258 1024
258 1090
259 67
259 131
259 195
259 323
259 387
259 451
259 970
260 68
260 132
260 196
260 324
260 388
260 418
260 452
260 695
261 69
261 133
261 197
261 325
261 389
261 453
262 6
262 70
262 134
262 198
262 326
262 390
262 454
262 518
262 582
262 646
262 710
262 774
262 838
262 902
262 966
262 1030
262 1094
262 1099
262 1158
262 1222
263 71
263 135
263 199
263 327
263 391
263 455
264 72
264 136
264 200
264 328
264 329
264 392
264 456
264 584
265 8
265 72
265 73
265 136
265 137
265 201
265 328
265 329
265 393
265 457
265 521
265 585
265 649
265 713
265 777
265 841
265 905
265 969
265 1033
265 1097
265 1161
265 1225
266 74
266 138
266 202
266 330
266 394
266 458
266 975
267 9
267 11
267 73
267 75
267 137
267 139
267 141
267 200
267 203
267 205
267 269
267 331
267 333
267 395
267 397
267 456
267 459
267 461
267 520
267 523
267 525
267 584
267 589
267 648
267 653
267 712
267 717
267 776
267 781
267 840
267 843
267 845
267 904
267 907
267 909
267 968
267 971
267 973
267 1032
267 1037
267 1096
267 1101
267 1160
267 1165
267 1224
267 1229
268 76
268 140
268 204
268 332
268 396
268 460
269 11
269 13
269 75
269 77
269 141
269 203
269 205
269 267
269 333
269 395
269 397
269 456
269 461
269 525
269 589
269 648
269 653
269 717
269 776
269 781
269 840
269 843
269 845
269 904
269 907
269 909
269 968
269 971
269 973
269 1032
269 1035
269 1037
269 1096
269 1099
269 1101
270 78
270 142
270 206
270 334
270 398
270 416
270 462
270 974
271 79
271 143
271 207
271 335
271 399
271 463
272 80
272 108
272 144
272 208
272 336
272 364
272 400
272 464
272 507
272 565
273 81
273 145
273 209
273 337
273 401
273 465
274 82
274 146
274 210
274 338
274 402
274 414
274 466
275 83
275 147
275 211
275 339
275 403
275 467
275 613
275 734
275 995
275 1052
276 84
276 148
276 212
276 340
276 404
276 468
276 1244
276 1261
277 85
277 149
277 213
277 341
277 405
277 437
277 469
278 79
278 86
278 150
278 214
278 342
278 406
278 470
279 87
279 151
279 215
279 343
279 407
279 471
280 88
280 99
280 105
280 152
280 212
280 216
280 344
280 408
280 472
280 725
280 811
280 885
280 941
280 1048
280 1127
281 80
281 89
281 153
281 217
281 345
281 409
281 473
281 1201
282 90
282 154
282 218
282 346
282 410
282 432
282 474
282 483
282 1072
283 91
283 155
283 219
283 347
283 411
283 475
283 1226
284 92
284 121
284 156
284 167
284 220
284 348
284 412
284 476
284 492
284 621
284 1044
284 1134
285 93
285 157
285 221
285 349
285 413
285 477
286 94
286 158
286 222
286 350
286 414
286 478
286 1154
287 95
287 104
287 159
287 213
287 223
287 351
287 415
287 479
287 749
288 96
288 160
288 224
288 352
288 416
288 480
289 97
289 161
289 225
289 353
289 417
289 481
290 98
290 162
290 226
290 354
290 418
290 482
290 1039
290 1175
291 99
291 110
291 163
291 174
291 227
291 355
291 359
291 419
291 483
291 752
291 784
291 955
291 1080
292 100
292 164
292 228
292 356
292 420
292 484
293 101
293 165
293 229
293 357
293 421
293 485
293 604
294 102
294 166
294 230
294 358
294 422
294 486
295 103
295 167
295 231
295 359
295 423
295 487
296 104
296 149
296 168
296 232
296 339
296 360
296 424
296 488
296 704
296 883
296 1202
297 105
297 158
297 169
297 233
297 361
297 425
297 489
297 946
297 1005
297 1045
297 1256
298 106
298 170
298 234
298 362
298 426
298 490
299 107
299 171
299 235
299 363
299 427
299 444
299 568
299 760
299 935
299 944
300 108
300 172
300 179
300 236
300 307
300 364
300 428
300 492
300 693
300 1011
300 1200
301 109
301 132
301 173
301 237
301 247
301 365
301 384
301 429
301 493
301 996
302 110
302 174
302 238
302 366
302 430
302 881
303 111
303 175
303 239
303 367
303 431
303 495
304 112
304 176
304 240
304 368
304 432
304 496
305 177
305 241
305 369
305 433
305 620
305 744
305 1195
306 40
306 114
306 178
306 227
306 242
306 370
306 434
306 498
306 538
306 592
306 690
306 994
307 115
307 179
307 243
307 300
307 371
307 428
307 435
307 499
307 693
307 1011
307 1200
308 116
308 180
308 244
308 372
308 436
308 500
308 624
308 628
308 1211
309 117
309 181
309 245
309 341
309 373
309 437
309 501
309 567
310 118
310 182
310 246
310 374
310 438
310 502
310 1095
311 119
311 130
311 183
311 247
311 345
311 375
311 439
311 503
311 932
311 1152
312 120
312 184
312 248
312 376
312 440
312 504
313 121
313 185
313 249
313 377
313 441
313 1131
314 186
314 250
314 378
314 442
314 697
314 766
315 187
315 248
315 251
315 379
315 443
315 499
315 507
315 1139
315 1273
316 144
316 188
316 252
316 380
316 444
316 446
317 125
317 189
317 253
317 381
317 445
317 509
317 572
318 122
318 254
318 382
318 446
318 954
319 191
319 255
319 383
319 447
319 762
319 895
320 128
320 192
320 256
320 384
320 448
320 468
320 512
320 873
320 1085
321 129
321 193
321 239
321 257
321 385
321 449
321 513
322 130
322 194
322 229
322 258
322 386
322 450
322 514
322 576
322 677
322 818
322 1010
323 131
323 195
323 259
323 387
323 451
323 515
323 778
323 808
323 1205
324 132
324 196
324 260
324 388
324 452
324 516
324 1182
325 133
325 197
325 261
325 389
325 453
325 517
325 581
326 6
326 13
326 70
326 134
326 198
326 262
326 390
326 454
326 518
326 582
326 646
326 710
326 774
326 838
326 902
326 966
326 1030
326 1035
326 1094
326 1099
326 1158
326 1163
326 1222
327 135
327 199
327 234
327 263
327 391
327 455
327 519
328 8
328 72
328 136
328 200
328 201
328 264
328 265
328 392
328 393
328 456
328 457
328 520
328 521
328 585
328 649
328 713
328 777
328 841
328 905
328 969
328 1033
328 1097
328 1161
328 1225
329 9
329 73
329 137
329 139
329 200
329 201
329 264
329 265
329 331
329 392
329 393
329 457
329 520
329 521
329 523
329 584
329 712
330 138
330 202
330 266
330 394
330 458
330 522
331 9
331 73
331 75
331 137
331 139
331 141
331 200
331 203
331 267
331 329
331 395
331 456
331 459
331 461
331 520
331 523
331 584
331 589
331 648
331 653
331 712
331 717
331 776
331 840
331 843
331 904
331 907
331 909
331 968
331 973
331 1032
331 1037
331 1160
331 1165
331 1224
332 31
332 140
332 204
332 268
332 396
332 460
332 524
332 906
333 11
333 13
333 75
333 77
333 141
333 203
333 205
333 267
333 269
333 395
333 397
333 456
333 461
333 520
333 525
333 589
333 648
333 653
333 717
333 776
333 781
333 840
333 843
333 845
333 904
333 907
333 909
333 968
333 971
333 973
333 1032
333 1035
333 1037
333 1096
333 1101
333 1160
333 1163
333 1165
334 142
334 206
334 270
334 398
334 462
334 526
335 143
335 207
335 271
335 399
335 463
335 527
335 928
336 24
336 144
336 208
336 272
336 400
336 464
336 528
336 730
336 858
336 888
337 145
337 209
337 273
337 401
337 465
337 529
338 146
338 210
338 274
338 402
338 466
338 530
338 606
339 147
339 149
339 211
339 275
339 296
339 403
339 467
339 531
339 704
339 883
339 1202
340 148
340 212
340 276
340 404
340 468
340 532
340 856
340 1081
341 149
341 213
341 277
341 309
341 405
341 469
341 533
341 567
342 150
342 214
342 278
342 406
342 470
342 534
343 151
343 215
343 279
343 387
343 407
343 471
343 535
344 152
344 216
344 280
344 408
344 472
344 493
344 536
344 552
344 611
344 616
344 878
345 130
345 153
345 217
345 281
345 311
345 409
345 473
345 537
345 932
345 1152
346 154
346 163
346 216
346 218
346 282
346 348
346 410
346 474
346 538
346 1040
347 155
347 157
347 219
347 283
347 411
347 475
347 539
348 156
348 163
348 216
348 220
348 284
348 346
348 412
348 476
348 540
348 1040
349 157
349 221
349 285
349 396
349 413
349 477
349 541
350 158
350 222
350 286
350 414
350 478
350 542
350 1123
351 64
351 159
351 223
351 287
351 357
351 370
351 415
351 479
351 498
351 543
351 674
351 980
352 160
352 224
352 288
352 416
352 480
352 544
353 161
353 225
353 289
353 417
353 481
353 545
354 128
354 162
354 226
354 290
354 418
354 482
354 512
354 546
354 676
354 1028
355 163
355 227
355 291
355 419
355 483
355 547
355 679
355 1250
355 1251
356 164
356 228
356 292
356 420
356 431
356 439
356 484
356 548
356 1088
357 64
357 165
357 229
357 293
357 351
357 370
357 421
357 485
357 498
357 549
357 674
357 980
358 166
358 230
358 294
358 422
358 486
358 550
359 110
359 167
359 174
359 231
359 291
359 295
359 423
359 487
359 551
359 752
359 784
359 955
359 1080
360 168
360 232
360 296
360 424
360 488
360 552
360 981
361 169
361 233
361 297
361 425
361 489
361 553
362 170
362 234
362 298
362 426
362 490
362 554
363 299
363 427
364 108
364 172
364 236
364 272
364 300
364 428
364 492
364 507
364 556
364 565
365 173
365 237
365 301
365 429
365 493
365 557
365 681
365 1277
366 174
366 238
366 302
366 373
366 430
366 494
366 558
366 1187
367 175
367 239
367 303
367 431
367 495
367 559
367 1122
368 176
368 240
368 250
368 304
368 432
368 496
368 560
369 177
369 185
369 241
369 305
369 433
369 497
369 561
369 825
370 64
370 178
370 242
370 306
370 351
370 357
370 434
370 498
370 562
370 674
370 980
371 179
371 243
371 307
371 435
371 499
371 563
371 573
371 600
371 720
371 884
371 1208
372 90
372 180
372 244
372 308
372 436
372 500
372 564
372 735
373 181
373 245
373 309
373 366
373 437
373 501
373 565
373 1187
374 182
374 246
374 310
374 438
374 502
374 517
374 544
374 566
375 115
375 183
375 184
375 247
375 311
375 439
375 503
375 509
375 536
375 567
375 601
375 759
375 803
375 880
376 44
376 184
376 248
376 312
376 440
376 504
376 568
376 1068
377 249
377 313
377 441
377 497
377 505
378 188
378 250
378 314
378 442
378 506
378 635
379 251
379 315
379 443
379 507
379 956
380 252
380 316
380 444
380 508
380 556
380 558
380 563
380 1018
381 0
381 189
381 253
381 317
381 445
381 509
381 573
381 1172
381 1197
382 254
382 318
382 446
383 187
383 255
383 319
383 447
383 511
384 132
384 192
384 247
384 256
384 301
384 320
384 448
384 512
384 576
384 996
385 111
385 193
385 257
385 321
385 449
385 513
385 577
386 194
386 258
386 322
386 450
386 514
386 578
386 853
386 916
387 195
387 259
387 323
387 343
387 451
387 515
387 579
388 196
388 260
388 324
388 452
388 516
388 580
389 197
389 261
389 325
389 453
389 517
389 581
390 6
390 13
390 70
390 134
390 198
390 262
390 326
390 454
390 518
390 582
390 646
390 710
390 774
390 838
390 902
390 966
390 1030
390 1035
390 1094
390 1099
390 1158
390 1163
390 1222
390 1227
391 199
391 263
391 327
391 455
391 519
391 583
392 9
392 137
392 139
392 200
392 264
392 328
392 329
392 456
392 520
392 523
392 584
393 8
393 72
393 136
393 201
393 265
393 328
393 329
393 457
393 521
393 585
393 649
393 713
393 777
393 841
393 905
393 969
393 1033
393 1097
393 1161
393 1225
394 92
394 202
394 266
394 330
394 458
394 522
394 586
395 9
395 11
395 73
395 75
395 137
395 139
395 141
395 200
395 203
395 267
395 269
395 331
395 333
395 397
395 456
395 459
395 461
395 520
395 523
395 525
395 584
395 587
395 589
395 648
395 653
395 712
395 717
395 776
395 781
395 840
395 843
395 845
395 904
395 907
395 909
395 968
395 973
395 1032
395 1037
395 1096
395 1160
395 1165
395 1224
395 1229
396 204
396 268
396 332
396 349
396 460
396 524
396 588
397 11
397 13
397 75
397 77
397 141
397 203
397 205
397 267
397 269
397 333
397 395
397 456
397 461
397 525
397 589
397 648
397 653
397 717
397 776
397 781
397 840
397 843
397 845
397 904
397 907
397 909
397 968
397 971
397 973
397 1032
397 1035
397 1037
397 1096
397 1099
397 1101
397 1160
397 1163
397 1165
397 1224
397 1227
397 1229
398 206
398 270
398 334
398 462
398 526
398 590
399 28
399 207
399 271
399 335
399 463
399 527
399 591
399 1231
400 61
400 208
400 251
400 272
400 336
400 420
400 464
400 528
400 592
400 1000
400 1112
400 1147
401 209
401 273
401 337
401 465
401 529
401 593
402 55
402 210
402 274
402 338
402 466
402 530
402 594
402 716
403 211
403 275
403 339
403 467
403 531
403 595
403 1149
404 212
404 276
404 340
404 423
404 468
404 532
404 596
404 607
404 660
404 882
404 1021
404 1266
405 213
405 277
405 341
405 436
405 469
405 533
405 597
405 692
405 757
406 214
406 278
406 342
406 470
406 534
406 598
406 647
407 143
407 215
407 279
407 343
407 471
407 535
407 599
407 1053
408 216
408 280
408 344
408 472
408 536
408 600
408 898
409 217
409 281
409 345
409 473
409 487
409 537
409 601
409 732
409 912
409 1204
410 218
410 282
410 346
410 474
410 538
410 602
410 696
410 920
411 19
411 219
411 283
411 347
411 475
411 539
411 603
411 855
411 1234
412 103
412 220
412 233
412 284
412 348
412 476
412 540
412 604
412 617
412 793
412 848
412 922
412 1069
412 1252
413 221
413 285
413 349
413 477
413 541
413 605
414 222
414 274
414 286
414 350
414 478
414 542
414 606
415 223
415 287
415 351
415 460
415 467
415 479
415 543
415 607
415 866
415 896
415 930
415 943
415 1079
416 224
416 270
416 288
416 352
416 480
416 544
416 608
416 974
417 225
417 289
417 353
417 481
417 545
417 609
417 988
417 1025
418 226
418 260
418 290
418 354
418 482
418 546
418 610
418 695
419 168
419 227
419 291
419 355
419 483
419 547
419 611
419 656
419 931
419 957
419 1241
420 61
420 228
420 251
420 292
420 356
420 400
420 484
420 548
420 612
420 1000
420 1112
420 1147
421 229
421 293
421 357
421 484
421 485
421 549
421 613
421 960
421 1026
422 230
422 294
422 358
422 486
422 550
422 614
423 231
423 295
423 359
423 404
423 487
423 551
423 607
423 615
423 660
423 882
423 1021
423 1266
424 232
424 296
424 360
424 488
424 552
424 616
424 722
425 233
425 297
425 361
425 489
425 553
425 617
425 1109
426 23
426 234
426 298
426 362
426 490
426 554
426 618
426 1181
427 299
427 363
427 491
428 179
428 236
428 300
428 307
428 364
428 492
428 556
428 620
428 693
428 1011
428 1200
429 237
429 301
429 365
429 493
429 540
429 557
429 621
429 1055
429 1236
430 57
430 302
430 366
430 494
430 558
430 622
430 1262
430 1276
431 239
431 303
431 356
431 367
431 439
431 495
431 559
431 623
431 1088
432 240
432 282
432 304
432 368
432 483
432 496
432 560
432 624
432 1072
433 241
433 305
433 369
433 497
433 528
433 561
433 625
433 739
433 976
434 242
434 306
434 370
434 498
434 562
434 626
435 191
435 252
435 307
435 371
435 499
435 563
435 627
435 689
435 748
435 1076
435 1240
436 244
436 308
436 372
436 405
436 500
436 564
436 628
436 692
436 757
437 245
437 277
437 309
437 373
437 501
437 565
437 629
438 246
438 310
438 374
438 502
438 517
438 544
438 566
438 630
439 247
439 311
439 356
439 375
439 431
439 503
439 567
439 631
439 1088
440 238
440 249
440 312
440 376
440 443
440 504
440 568
440 632
440 684
440 728
440 1196
441 172
441 313
441 377
441 505
441 569
441 638
441 953
442 250
442 314
442 378
442 506
442 570
442 876
442 1209
443 238
443 249
443 251
443 315
443 379
443 440
443 507
443 571
443 684
443 728
443 1196
444 252
444 299
444 316
444 380
444 508
444 568
444 572
444 636
444 760
444 935
444 944
445 217
445 253
445 317
445 381
445 509
445 573
445 637
445 834
445 1043
446 144
446 316
446 318
446 382
446 510
446 574
447 319
447 383
447 511
447 575
447 947
448 56
448 253
448 256
448 320
448 384
448 469
448 512
448 576
448 626
448 640
448 917
448 986
448 1242
449 111
449 257
449 321
449 385
449 513
449 577
449 641
450 229
450 258
450 322
450 386
450 514
450 576
450 578
450 642
450 677
450 818
450 1010
451 259
451 323
451 387
451 515
451 579
451 643
451 1042
452 211
452 260
452 324
452 388
452 516
452 531
452 542
452 580
452 644
453 261
453 325
453 389
453 517
453 581
453 645
454 6
454 13
454 70
454 134
454 198
454 262
454 326
454 390
454 518
454 582
454 646
454 710
454 774
454 838
454 902
454 966
454 1030
454 1035
454 1094
454 1099
454 1158
454 1163
454 1222
454 1227
455 263
455 327
455 391
455 519
455 583
455 647
456 9
456 11
456 73
456 75
456 137
456 139
456 141
456 200
456 203
456 205
456 264
456 267
456 269
456 328
456 331
456 333
456 392
456 395
456 397
456 461
456 520
456 523
456 525
456 584
456 589
456 648
456 653
456 712
456 717
456 776
456 781
456 840
456 843
456 845
456 904
456 907
456 909
456 968
456 971
456 973
456 1032
456 1037
456 1096
456 1101
456 1160
456 1165
456 1224
456 1229
457 8
457 72
457 136
457 201
457 265
457 328
457 329
457 393
457 521
457 585
457 649
457 713
457 777
457 841
457 905
457 969
457 1033
457 1097
457 1161
457 1225
458 266
458 330
458 394
458 522
458 586
458 650
459 267
459 331
459 395
459 523
459 587
459 651
460 268
460 332
460 396
460 415
460 467
460 524
460 588
460 652
460 866
460 896
460 930
460 943
460 1079
461 11
461 13
461 73
461 75
461 77
461 141
461 203
461 205
461 267
461 269
461 331
461 333
461 395
461 397
461 456
461 520
461 525
461 589
461 648
461 653
461 712
461 717
461 776
461 781
461 840
461 843
461 845
461 904
461 907
461 909
461 968
461 971
461 973
461 1032
461 1035
461 1037
461 1096
461 1101
461 1160
461 1163
461 1165
461 1224
461 1227
461 1229
462 270
462 334
462 398
462 526
462 590
462 654
463 106
463 271
463 335
463 399
463 527
463 591
463 655
464 272
464 336
464 400
464 528
464 592
464 656
464 666
464 701
464 743
464 824
464 1059
465 273
465 337
465 401
465 529
465 593
465 657
466 274
466 338
466 402
466 530
466 594
466 658
467 275
467 339
467 403
467 415
467 460
467 531
467 595
467 659
467 866
467 896
467 930
467 943
467 1079
468 276
468 320
468 340
468 404
468 532
468 596
468 660
468 873
468 1085
469 56
469 253
469 277
469 341
469 405
469 448
469 533
469 597
469 626
469 661
469 917
469 986
469 1242
470 278
470 342
470 406
470 534
470 598
470 662
471 279
471 343
471 407
471 535
471 599
471 663
471 1034
472 280
472 344
472 408
472 536
472 600
472 664
473 30
473 281
473 345
473 409
473 537
473 601
473 665
473 1013
473 1269
474 231
474 282
474 346
474 410
474 503
474 538
474 602
474 666
474 1104
475 283
475 347
475 411
475 539
475 603
475 667
476 284
476 348
476 412
476 540
476 604
476 668
476 998
476 1164
477 285
477 349
477 413
477 541
477 605
477 650
477 669
478 196
478 286
478 350
478 414
478 532
478 542
478 606
478 670
478 1113
479 287
479 351
479 415
479 501
479 543
479 607
479 671
479 1114
479 1124
479 1148
480 288
480 352
480 416
480 544
480 608
480 672
480 963
481 289
481 353
481 417
481 545
481 609
481 673
481 810
482 4
482 165
482 290
482 354
482 418
482 546
482 610
482 674
482 772
483 282
483 291
483 355
483 419
483 432
483 547
483 611
483 675
483 1072
484 292
484 356
484 420
484 421
484 485
484 548
484 612
484 676
484 960
484 1026
485 293
485 357
485 421
485 484
485 549
485 613
485 677
485 960
485 1026
486 294
486 358
486 422
486 550
486 614
486 678
486 1258
487 295
487 359
487 409
487 423
487 551
487 615
487 679
487 732
487 912
487 1204
488 45
488 296
488 360
488 424
488 552
488 616
488 680
489 297
489 361
489 425
489 553
489 617
489 642
489 681
489 738
489 962
489 1074
490 298
490 362
490 426
490 554
490 618
490 682
491 427
492 121
492 167
492 284
492 300
492 364
492 428
492 556
492 620
492 621
492 684
492 1044
492 1134
493 301
493 344
493 365
493 429
493 552
493 557
493 611
493 616
493 621
493 685
493 878
494 366
494 430
494 558
494 622
494 691
494 753
494 1020
495 303
495 367
495 431
495 550
495 559
495 623
495 687
495 731
496 304
496 368
496 432
496 560
496 624
496 688
497 369
497 377
497 433
497 561
497 625
497 689
498 64
498 306
498 351
498 357
498 370
498 434
498 562
498 626
498 674
498 690
498 980
499 248
499 307
499 315
499 371
499 435
499 563
499 627
499 1139
499 1273
500 2
500 39
500 85
500 237
500 308
500 372
500 436
500 564
500 628
500 692
501 309
501 373
501 437
501 479
501 565
501 629
501 693
501 1114
501 1124
501 1148
502 310
502 374
502 438
502 566
502 630
502 694
503 231
503 311
503 375
503 439
503 474
503 567
503 631
503 695
503 1104
504 312
504 376
504 440
504 568
504 632
504 696
504 819
505 377
505 441
505 569
505 633
505 688
506 235
506 378
506 442
506 570
506 634
506 1215
507 108
507 272
507 315
507 364
507 379
507 443
507 565
507 571
507 635
507 699
508 254
508 380
508 444
508 572
508 636
508 767
508 875
508 1008
509 115
509 184
509 317
509 375
509 381
509 445
509 536
509 573
509 601
509 637
509 701
509 759
509 803
509 880
510 126
510 446
510 574
510 638
511 383
511 447
511 575
511 639
511 830
511 831
511 1278
512 128
512 226
512 320
512 354
512 384
512 448
512 576
512 640
512 676
512 704
512 1028
513 321
513 385
513 449
513 577
513 641
513 705
514 51
514 154
514 156
514 218
514 322
514 386
514 450
514 578
514 642
514 706
514 942
515 323
515 387
515 451
515 579
515 643
515 644
515 707
515 926
515 1235
516 140
516 324
516 388
516 452
516 580
516 644
516 708
516 799
517 325
517 374
517 389
517 438
517 453
517 544
517 581
517 645
517 709
518 6
518 13
518 70
518 134
518 198
518 262
518 326
518 390
518 454
518 582
518 646
518 710
518 774
518 838
518 902
518 966
518 1030
518 1035
518 1094
518 1099
518 1158
518 1163
518 1222
518 1227
519 327
519 391
519 455
519 583
519 647
519 711
520 9
520 73
520 75
520 137
520 139
520 141
520 200
520 203
520 267
520 328
520 329
520 331
520 333
520 392
520 395
520 456
520 461
520 523
520 525
520 584
520 589
520 648
520 653
520 712
520 717
520 776
520 840
520 843
520 845
520 904
520 907
520 909
520 968
520 973
520 1032
520 1037
520 1096
520 1160
520 1165
520 1224
520 1229
521 8
521 72
521 136
521 201
521 265
521 328
521 329
521 393
521 457
521 585
521 649
521 713
521 777
521 841
521 905
521 969
521 1033
521 1097
521 1161
521 1225
522 330
522 394
522 458
522 530
522 586
522 610
522 650
522 714
523 9
523 73
523 75
523 137
523 139
523 200
523 203
523 267
523 329
523 331
523 392
523 395
523 456
523 459
523 520
523 584
523 587
523 648
523 651
523 712
523 715
523 717
523 776
523 843
523 904
523 909
523 968
523 973
523 1037
523 1160
523 1165
523 1224
523 1229
524 332
524 396
524 460
524 588
524 652
524 716
524 851
525 11
525 13
525 73
525 75
525 77
525 141
525 203
525 205
525 267
525 269
525 333
525 395
525 397
525 456
525 461
525 520
525 589
525 648
525 653
525 717
525 776
525 781
525 840
525 843
525 845
525 904
525 907
525 909
525 968
525 971
525 973
525 1032
525 1035
525 1037
525 1096
525 1101
525 1160
525 1163
525 1165
525 1224
525 1227
525 1229
526 334
526 398
526 462
526 590
526 654
526 718
527 335
527 399
527 463
527 591
527 655
527 662
527 707
527 719
528 336
528 400
528 433
528 464
528 592
528 656
528 720
528 739
528 976
529 337
529 401
529 465
529 593
529 657
529 721
530 338
530 402
530 466
530 522
530 594
530 610
530 658
530 722
531 211
531 339
531 403
531 452
531 467
531 542
531 595
531 659
531 723
532 196
532 340
532 404
532 468
532 478
532 596
532 660
532 724
532 1113
533 341
533 405
533 469
533 597
533 661
533 725
533 750
534 342
534 406
534 470
534 598
534 662
534 726
535 343
535 407
535 471
535 599
535 663
535 727
536 115
536 184
536 344
536 375
536 408
536 472
536 509
536 600
536 601
536 664
536 728
536 759
536 803
536 880
537 345
537 409
537 473
537 601
537 665
537 729
537 1214
538 40
538 227
538 306
538 346
538 410
538 474
538 592
538 602
538 666
538 690
538 730
538 994
539 199
539 347
539 411
539 475
539 603
539 667
539 731
540 348
540 412
540 429
540 476
540 604
540 668
540 732
540 1055
540 1236
541 349
541 413
541 477
541 605
541 669
541 733
542 211
542 350
542 414
542 452
542 478
542 531
542 606
542 670
542 734
543 222
543 351
543 415
543 479
543 607
543 632
543 671
543 735
543 1064
544 352
544 374
544 416
544 438
544 480
544 517
544 608
544 672
544 736
545 353
545 417
545 481
545 603
545 609
545 673
545 737
546 146
546 354
546 418
546 482
546 610
546 674
546 738
546 751
547 58
547 107
547 355
547 419
547 483
547 611
547 675
547 699
547 739
547 812
547 1144
548 356
548 420
548 484
548 612
548 676
548 740
548 770
548 1140
549 357
549 421
549 485
549 613
549 677
549 741
549 921
549 933
550 358
550 422
550 486
550 495
550 614
550 678
550 731
550 742
551 116
551 359
551 423
551 487
551 615
551 679
551 743
551 807
551 997
551 1083
551 1207
552 344
552 360
552 424
552 488
552 493
552 611
552 616
552 680
552 744
552 878
553 361
553 425
553 489
553 617
553 681
553 745
554 1
554 362
554 426
554 490
554 618
554 682
554 746
555 619
556 364
556 380
556 428
556 492
556 558
556 563
556 620
556 684
556 1018
557 84
557 256
557 365
557 429
557 493
557 621
557 685
557 740
557 749
557 832
557 1213
558 366
558 380
558 430
558 494
558 556
558 563
558 622
558 686
558 1018
559 367
559 431
559 495
559 623
559 687
559 751
560 120
560 236
560 241
560 368
560 432
560 496
560 624
560 688
560 752
560 1070
560 1073
560 1168
561 369
561 433
561 497
561 625
561 689
561 753
562 370
562 434
562 498
562 626
562 690
562 754
562 796
563 371
563 380
563 435
563 499
563 556
563 558
563 627
563 691
563 1018
564 372
564 436
564 500
564 628
564 692
564 756
564 852
565 108
565 272
565 364
565 373
565 437
565 501
565 507
565 629
565 693
565 757
566 374
566 438
566 502
566 630
566 694
566 758
567 309
567 341
567 375
567 439
567 503
567 631
567 695
567 759
568 299
568 376
568 440
568 444
568 504
568 632
568 696
568 760
568 935
568 944
569 441
569 505
569 633
569 697
570 442
570 506
570 634
571 123
571 443
571 507
571 635
571 699
571 747
571 1264
572 317
572 444
572 508
572 636
572 700
573 371
573 381
573 445
573 509
573 600
573 637
573 701
573 720
573 765
573 884
573 1208
574 446
574 510
574 638
574 702
574 940
574 1003
574 1137
575 447
575 511
575 639
575 703
575 1259
576 229
576 322
576 384
576 448
576 450
576 512
576 640
576 677
576 704
576 768
576 818
576 1010
577 385
577 449
577 513
577 641
577 705
577 769
577 870
578 117
578 386
578 450
578 514
578 596
578 642
578 706
578 770
578 871
579 225
579 387
579 451
579 515
579 643
579 707
579 771
579 1121
580 66
580 95
580 169
580 388
580 452
580 516
580 644
580 708
580 772
580 802
580 804
580 877
581 325
581 389
581 453
581 517
581 645
581 709
581 773
582 6
582 13
582 70
582 134
582 198
582 262
582 326
582 390
582 454
582 518
582 646
582 710
582 774
582 838
582 902
582 966
582 1030
582 1035
582 1094
582 1099
582 1158
582 1163
582 1222
582 1227
583 391
583 455
583 519
583 647
583 711
583 775
583 1167
584 9
584 73
584 137
584 139
584 200
584 203
584 264
584 267
584 329
584 331
584 392
584 395
584 456
584 520
584 523
584 648
584 712
584 717
584 776
584 843
584 1224
585 8
585 72
585 136
585 201
585 265
585 328
585 393
585 457
585 521
585 649
585 713
585 777
585 841
585 905
585 969
585 1033
585 1097
585 1161
585 1225
586 162
586 394
586 458
586 522
586 650
586 714
586 778
587 395
587 459
587 523
587 651
587 715
587 779
588 396
588 460
588 524
588 652
588 716
588 780
588 851
589 11
589 13
589 73
589 75
589 77
589 141
589 203
589 205
589 267
589 269
589 331
589 333
589 395
589 397
589 456
589 461
589 520
589 525
589 648
589 653
589 712
589 717
589 776
589 781
589 840
589 843
589 845
589 904
589 907
589 909
589 968
589 971
589 973
589 1032
589 1035
589 1037
589 1096
589 1101
589 1160
589 1163
589 1165
589 1224
589 1227
589 1229
590 398
590 462
590 526
590 654
590 718
590 782
591 399
591 463
591 527
591 655
591 667
591 719
591 783
592 40
592 227
592 306
592 400
592 464
592 528
592 538
592 656
592 690
592 720
592 784
592 994
593 401
593 465
593 529
593 657
593 721
593 785
594 192
594 402
594 466
594 530
594 658
594 708
594 722
594 786
595 403
595 467
595 531
595 659
595 723
595 787
596 117
596 404
596 468
596 532
596 578
596 660
596 724
596 788
596 871
597 59
597 405
597 469
597 533
597 661
597 725
597 789
598 193
598 406
598 470
598 534
598 662
598 726
598 790
599 215
599 407
599 471
599 535
599 663
599 727
599 791
600 371
600 408
600 472
600 536
600 573
600 664
600 720
600 728
600 792
600 884
600 1208
601 115
601 184
601 375
601 409
601 473
601 509
601 536
601 537
601 665
601 729
601 759
601 793
601 803
601 880
602 410
602 474
602 538
602 629
602 631
602 666
602 730
602 794
602 984
602 1141
602 1191
602 1255
603 411
603 475
603 539
603 545
603 667
603 731
603 795
604 293
604 412
604 476
604 540
604 668
604 732
604 796
605 67
605 413
605 477
605 541
605 669
605 733
605 797
605 925
606 338
606 414
606 478
606 542
606 670
606 734
606 798
607 404
607 415
607 423
607 479
607 543
607 660
607 671
607 735
607 799
607 882
607 1021
607 1266
608 416
608 480
608 544
608 672
608 736
608 800
609 417
609 481
609 545
609 673
609 737
609 801
609 844
610 418
610 482
610 522
610 530
610 546
610 674
610 738
610 802
611 344
611 419
611 483
611 493
611 547
611 552
611 616
611 675
611 739
611 803
611 878
612 100
612 258
612 420
612 484
612 548
612 676
612 740
612 804
612 1024
612 1090
613 275
613 421
613 485
613 549
613 677
613 734
613 741
613 805
613 995
613 1052
614 422
614 486
614 550
614 678
614 742
614 787
614 806
615 181
615 423
615 487
615 551
615 627
615 679
615 724
615 743
615 754
615 807
615 894
615 1265
616 344
616 424
616 488
616 493
616 552
616 611
616 680
616 744
616 808
616 878
617 103
617 233
617 412
617 425
617 489
617 553
617 681
617 745
617 793
617 809
617 848
617 922
617 1069
617 1252
618 426
618 490
618 554
618 682
618 733
618 746
618 810
619 555
619 683
619 811
620 305
620 428
620 492
620 556
620 684
620 744
620 748
620 1195
621 121
621 167
621 284
621 429
621 492
621 493
621 557
621 685
621 749
621 813
621 1044
621 1134
622 125
622 244
622 430
622 494
622 558
622 686
622 729
622 750
622 814
623 431
623 495
623 559
623 687
623 751
623 815
623 1185
623 1220
624 308
624 432
624 496
624 560
624 628
624 688
624 752
624 1211
625 180
625 433
625 497
625 561
625 689
625 753
625 817
626 56
626 253
626 434
626 448
626 469
626 498
626 562
626 690
626 754
626 818
626 917
626 986
626 1242
627 181
627 435
627 499
627 563
627 615
627 691
627 724
627 754
627 755
627 819
627 894
627 1265
628 308
628 436
628 500
628 564
628 624
628 692
628 756
628 820
628 1211
629 437
629 501
629 565
629 602
629 631
629 693
629 757
629 821
629 984
629 1141
629 1191
629 1255
630 438
630 502
630 566
630 694
630 758
630 822
631 439
631 503
631 567
631 602
631 629
631 695
631 759
631 823
631 984
631 1141
631 1191
631 1255
632 222
632 440
632 504
632 543
632 568
632 696
632 760
632 824
632 1064
633 505
633 569
633 697
633 700
633 761
633 816
634 63
634 506
634 570
634 698
634 762
635 188
635 378
635 507
635 571
635 699
636 62
636 444
636 508
636 572
636 700
636 764
636 828
637 177
637 208
637 445
637 509
637 573
637 701
637 765
637 829
638 172
638 441
638 510
638 574
638 702
638 766
638 953
639 511
639 575
639 703
639 767
640 448
640 512
640 576
640 704
640 768
640 832
640 949
640 1061
641 449
641 513
641 577
641 705
641 769
641 833
641 1228
642 450
642 489
642 514
642 578
642 706
642 738
642 770
642 834
642 962
642 1074
643 451
643 515
643 579
643 707
643 771
643 835
643 1217
644 452
644 515
644 516
644 580
644 708
644 772
644 836
644 926
644 1235
645 453
645 517
645 581
645 709
645 773
645 800
645 837
645 1029
645 1130
646 6
646 13
646 70
646 134
646 198
646 262
646 326
646 390
646 454
646 518
646 582
646 710
646 774
646 838
646 902
646 966
646 1030
646 1035
646 1094
646 1099
646 1158
646 1163
646 1222
646 1227
647 406
647 455
647 519
647 583
647 711
647 775
647 839
648 9
648 11
648 73
648 75
648 137
648 139
648 141
648 200
648 203
648 205
648 267
648 269
648 331
648 333
648 395
648 397
648 456
648 461
648 520
648 523
648 525
648 584
648 589
648 653
648 712
648 717
648 776
648 781
648 840
648 843
648 845
648 904
648 907
648 909
648 968
648 973
648 1032
648 1037
648 1096
648 1160
648 1165
648 1224
648 1229
649 8
649 72
649 136
649 201
649 265
649 328
649 393
649 457
649 521
649 585
649 713
649 777
649 841
649 905
649 969
649 1033
649 1097
649 1161
649 1225
650 458
650 477
650 522
650 586
650 714
650 778
650 842
651 459
651 523
651 587
651 715
651 779
651 843
652 460
652 524
652 588
652 678
652 716
652 780
652 844
652 990
653 11
653 13
653 73
653 75
653 77
653 141
653 203
653 205
653 267
653 269
653 331
653 333
653 395
653 397
653 456
653 461
653 520
653 525
653 589
653 648
653 712
653 717
653 776
653 781
653 840
653 843
653 845
653 904
653 907
653 909
653 968
653 971
653 973
653 1032
653 1035
653 1037
653 1096
653 1101
653 1160
653 1163
653 1165
653 1224
653 1227
653 1229
654 462
654 526
654 590
654 718
654 782
654 846
655 463
655 527
655 591
655 719
655 783
655 847
656 168
656 419
656 464
656 528
656 592
656 720
656 784
656 848
656 931
656 957
656 1241
657 465
657 529
657 593
657 721
657 785
657 849
658 466
658 530
658 594
658 722
658 786
658 850
658 1171
659 467
659 531
659 595
659 723
659 787
659 851
660 404
660 423
660 468
660 532
660 596
660 607
660 724
660 788
660 852
660 882
660 1021
660 1266
661 469
661 533
661 597
661 725
661 756
661 789
661 853
661 867
662 470
662 527
662 534
662 598
662 707
662 726
662 790
662 854
663 93
663 471
663 535
663 599
663 727
663 786
663 791
663 847
663 855
664 472
664 536
664 600
664 728
664 792
664 856
665 153
665 473
665 537
665 601
665 729
665 788
665 793
665 823
665 857
665 1178
666 464
666 474
666 538
666 602
666 701
666 730
666 743
666 794
666 824
666 858
666 1059
667 475
667 539
667 591
667 603
667 731
667 795
667 859
668 476
668 540
668 604
668 732
668 796
668 820
668 860
668 937
668 1138
669 477
669 541
669 605
669 733
669 797
669 861
670 478
670 542
670 606
670 734
670 798
670 862
671 204
671 479
671 543
671 607
671 735
671 799
671 863
672 480
672 544
672 608
672 736
672 800
672 864
673 481
673 545
673 609
673 737
673 801
673 865
673 899
673 1243
674 64
674 351
674 357
674 370
674 482
674 498
674 546
674 610
674 738
674 802
674 866
674 980
675 483
675 547
675 611
675 739
675 803
675 867
675 1001
675 1063
676 128
676 226
676 354
676 484
676 512
676 548
676 612
676 740
676 804
676 868
676 1028
677 229
677 322
677 450
677 485
677 549
677 576
677 613
677 741
677 805
677 818
677 869
677 1010
678 486
678 550
678 614
678 652
678 742
678 806
678 870
678 990
679 355
679 487
679 551
679 615
679 743
679 807
679 871
679 1250
679 1251
680 488
680 552
680 616
680 744
680 808
680 872
680 948
680 1189
681 365
681 489
681 553
681 617
681 745
681 809
681 873
681 1277
682 161
682 490
682 554
682 618
682 746
682 810
682 874
682 1263
683 619
683 747
683 811
684 238
684 249
684 440
684 443
684 492
684 556
684 620
684 728
684 748
684 812
684 876
684 1196
685 20
685 94
685 493
685 557
685 621
685 749
685 813
685 877
686 558
686 622
686 750
686 814
686 878
687 495
687 559
687 623
687 742
687 751
687 815
687 879
688 496
688 505
688 560
688 624
688 752
688 816
688 880
689 191
689 252
689 435
689 497
689 561
689 625
689 748
689 753
689 817
689 881
689 1076
689 1240
690 40
690 227
690 306
690 498
690 538
690 562
690 592
690 626
690 754
690 818
690 882
690 994
691 494
691 563
691 627
691 753
691 755
691 819
691 883
691 1020
692 405
692 436
692 500
692 564
692 628
692 756
692 757
692 820
692 884
693 179
693 300
693 307
693 428
693 501
693 565
693 629
693 757
693 821
693 885
693 1011
693 1200
694 502
694 566
694 630
694 758
694 822
694 886
694 1230
695 260
695 418
695 503
695 567
695 631
695 759
695 823
695 887
696 410
696 504
696 568
696 632
696 760
696 824
696 888
696 920
697 314
697 569
697 633
697 761
697 766
697 825
697 889
698 634
698 762
699 58
699 107
699 507
699 547
699 571
699 635
699 763
699 812
699 827
699 891
699 1144
700 572
700 633
700 636
700 764
700 816
700 828
701 464
701 509
701 573
701 637
701 666
701 743
701 765
701 824
701 829
701 893
701 1059
702 46
702 574
702 638
702 766
702 830
702 894
702 1275
703 124
703 575
703 639
703 767
703 831
703 952
704 149
704 296
704 339
704 512
704 576
704 640
704 768
704 832
704 883
704 896
704 1202
705 513
705 577
705 641
705 769
705 801
705 833
705 897
706 514
706 578
706 642
706 770
706 834
706 868
706 898
706 1198
707 515
707 527
707 579
707 643
707 662
707 771
707 835
707 899
708 192
708 516
708 580
708 594
708 644
708 772
708 836
708 900
709 517
709 581
709 645
709 773
709 837
709 901
710 6
710 13
710 70
710 134
710 198
710 262
710 326
710 390
710 454
710 518
710 582
710 646
710 774
710 838
710 902
710 966
710 1030
710 1035
710 1094
710 1099
710 1158
710 1163
710 1222
710 1227
711 519
711 583
711 647
711 775
711 839
711 903
712 9
712 73
712 75
712 137
712 139
712 141
712 200
712 203
712 267
712 329
712 331
712 395
712 456
712 461
712 520
712 523
712 584
712 589
712 648
712 653
712 717
712 776
712 840
712 843
712 904
712 907
712 909
712 968
712 973
712 1032
712 1037
712 1160
712 1165
712 1224
712 1229
713 8
713 72
713 136
713 201
713 265
713 328
713 393
713 457
713 521
713 585
713 649
713 777
713 841
713 905
713 969
713 1033
713 1097
713 1161
713 1225
714 18
714 522
714 586
714 650
714 778
714 842
714 906
714 1254
715 523
715 587
715 651
715 779
715 843
715 907
716 55
716 402
716 524
716 588
716 652
716 780
716 844
716 908
717 9
717 11
717 73
717 75
717 137
717 139
717 141
717 200
717 203
717 267
717 269
717 331
717 333
717 395
717 397
717 456
717 461
717 520
717 523
717 525
717 584
717 589
717 648
717 653
717 712
717 776
717 781
717 840
717 843
717 845
717 904
717 907
717 909
717 968
717 973
717 1032
717 1037
717 1096
717 1160
717 1165
717 1224
717 1229
718 526
718 590
718 654
718 782
718 846
718 910
719 65
719 527
719 591
719 655
719 783
719 847
719 911
720 371
720 528
720 573
720 592
720 600
720 656
720 784
720 848
720 884
720 912
720 1208
721 529
721 593
721 657
721 785
721 849
721 913
722 424
722 530
722 594
722 658
722 786
722 850
722 914
723 531
723 595
723 659
723 787
723 851
723 915
723 1247
723 1271
724 181
724 532
724 596
724 615
724 627
724 660
724 754
724 788
724 852
724 894
724 916
724 1265
725 99
725 105
725 212
725 280
725 533
725 597
725 661
725 789
725 811
725 853
725 885
725 917
725 941
725 1048
725 1127
726 534
726 598
726 662
726 790
726 854
726 918
727 535
727 599
727 663
727 791
727 855
727 859
727 919
728 238
728 249
728 440
728 443
728 536
728 600
728 664
728 684
728 792
728 856
728 920
728 1196
729 125
729 244
729 537
729 601
729 622
729 665
729 793
729 857
729 921
730 24
730 336
730 538
730 602
730 666
730 794
730 858
730 888
730 922
731 495
731 539
731 550
731 603
731 667
731 795
731 859
731 923
732 409
732 487
732 540
732 604
732 668
732 796
732 860
732 912
732 924
732 1204
733 541
733 605
733 618
733 669
733 746
733 797
733 861
733 925
734 275
734 542
734 606
734 613
734 670
734 798
734 862
734 926
734 995
734 1052
735 90
735 372
735 543
735 607
735 671
735 799
735 863
735 927
736 544
736 608
736 672
736 800
736 864
736 928
737 207
737 545
737 609
737 673
737 801
737 865
737 897
737 929
737 1179
737 1180
738 489
738 546
738 610
738 642
738 674
738 802
738 866
738 930
738 962
738 1074
739 433
739 528
739 547
739 611
739 675
739 803
739 867
739 931
739 976
740 84
740 256
740 548
740 557
740 612
740 676
740 804
740 832
740 868
740 932
740 1213
741 549
741 613
741 677
741 805
741 869
741 933
742 550
742 614
742 678
742 687
742 806
742 870
742 934
743 464
743 551
743 615
743 666
743 679
743 701
743 807
743 824
743 871
743 935
743 1059
744 305
744 552
744 616
744 620
744 680
744 808
744 872
744 936
744 1195
745 553
745 617
745 681
745 809
745 873
745 937
746 554
746 618
746 682
746 733
746 810
746 874
746 938
747 123
747 571
747 683
747 811
747 875
747 1264
748 191
748 252
748 435
748 620
748 684
748 689
748 812
748 876
748 940
748 1076
748 1240
749 104
749 213
749 287
749 557
749 621
749 685
749 813
749 877
749 941
750 533
750 622
750 686
750 814
750 878
750 942
751 146
751 546
751 559
751 623
751 687
751 815
751 879
751 943
752 110
752 174
752 291
752 359
752 560
752 624
752 688
752 784
752 816
752 880
752 944
752 955
752 1080
753 494
753 561
753 625
753 689
753 691
753 817
753 881
753 945
753 1020
754 181
754 562
754 615
754 626
754 627
754 690
754 724
754 818
754 882
754 894
754 946
754 1265
755 627
755 691
755 819
755 883
755 889
756 564
756 628
756 661
756 692
756 820
756 867
756 884
756 948
757 405
757 436
757 565
757 629
757 692
757 693
757 821
757 885
757 949
758 566
758 630
758 694
758 822
758 886
758 950
759 115
759 184
759 375
759 509
759 536
759 567
759 601
759 631
759 695
759 803
759 823
759 880
759 887
759 951
760 299
760 444
760 568
760 632
760 696
760 824
760 888
760 935
760 944
761 633
761 697
761 764
761 825
761 889
762 319
762 634
762 698
762 826
762 890
762 895
763 699
763 827
763 891
763 892
764 636
764 700
764 761
764 828
765 173
765 573
765 637
765 701
765 829
765 893
765 957
765 1173
766 314
766 638
766 697
766 702
766 830
766 894
767 254
767 508
767 639
767 703
767 831
767 875
767 895
767 1008
768 576
768 640
768 704
768 832
768 896
768 936
768 960
768 1170
768 1216
769 577
769 641
769 705
769 833
769 897
769 938
769 961
769 987
769 1246
770 548
770 578
770 642
770 706
770 834
770 898
770 962
770 1140
771 579
771 643
771 707
771 835
771 899
771 951
771 963
771 1192
772 4
772 165
772 482
772 580
772 644
772 708
772 836
772 900
772 964
773 581
773 645
773 709
773 837
773 901
773 965
774 6
774 13
774 70
774 134
774 198
774 262
774 326
774 390
774 454
774 518
774 582
774 646
774 710
774 838
774 902
774 966
774 1030
774 1035
774 1094
774 1099
774 1158
774 1163
774 1222
774 1227
775 583
775 647
775 711
775 839
775 903
775 967
776 9
776 11
776 73
776 75
776 77
776 137
776 139
776 141
776 200
776 203
776 205
776 267
776 269
776 331
776 333
776 395
776 397
776 456
776 461
776 520
776 523
776 525
776 584
776 589
776 648
776 653
776 712
776 717
776 781
776 840
776 843
776 845
776 904
776 907
776 909
776 968
776 971
776 973
776 1032
776 1037
776 1096
776 1101
776 1160
776 1165
776 1224
776 1229
777 8
777 72
777 136
777 201
777 265
777 328
777 393
777 457
777 521
777 585
777 649
777 713
777 841
777 905
777 969
777 1033
777 1097
777 1161
777 1225
778 323
778 586
778 650
778 714
778 808
778 842
778 906
778 970
778 1205
779 587
779 651
779 715
779 843
779 907
779 971
780 588
780 652
780 716
780 844
780 908
780 972
781 11
781 13
781 75
781 77
781 141
781 203
781 205
781 267
781 269
781 333
781 395
781 397
781 456
781 461
781 525
781 589
781 648
781 653
781 717
781 776
781 840
781 843
781 845
781 904
781 907
781 909
781 968
781 971
781 973
781 1032
781 1035
781 1037
781 1096
781 1099
781 1101
781 1160
781 1163
781 1165
781 1224
781 1227
781 1229
782 590
782 654
782 718
782 846
782 910
782 974
783 591
783 655
783 719
783 847
783 911
783 975
784 110
784 174
784 291
784 359
784 592
784 656
784 720
784 752
784 848
784 912
784 955
784 976
784 1080
785 593
785 657
785 721
785 849
785 913
785 977
786 93
786 594
786 658
786 663
786 722
786 847
786 850
786 914
786 978
787 595
787 614
787 659
787 723
787 851
787 915
787 979
788 153
788 596
788 660
788 665
788 724
788 823
788 852
788 916
788 980
788 1178
789 21
789 89
789 597
789 661
789 725
789 853
789 917
789 981
790 598
790 662
790 726
790 854
790 918
790 982
791 599
791 663
791 727
791 855
791 919
791 983
791 1065
792 26
792 600
792 664
792 728
792 794
792 856
792 920
792 984
793 103
793 233
793 412
793 601
793 617
793 665
793 729
793 848
793 857
793 921
793 922
793 985
793 1069
793 1252
794 26
794 602
794 666
794 730
794 792
794 858
794 922
794 986
795 603
795 667
795 731
795 859
795 923
795 987
796 562
796 604
796 668
796 732
796 860
796 924
796 988
797 605
797 669
797 733
797 861
797 925
797 989
798 606
798 670
798 734
798 862
798 926
798 990
799 140
799 516
799 607
799 671
799 735
799 863
799 927
799 991
800 608
800 645
800 672
800 736
800 864
800 928
800 992
800 1029
800 1130
801 609
801 673
801 705
801 737
801 865
801 929
801 993
802 66
802 95
802 169
802 580
802 610
802 674
802 738
802 804
802 866
802 877
802 930
802 994
803 115
803 184
803 375
803 509
803 536
803 601
803 611
803 675
803 739
803 759
803 867
803 880
803 931
803 995
804 66
804 95
804 169
804 580
804 612
804 676
804 740
804 802
804 868
804 877
804 932
804 996
805 37
805 613
805 677
805 741
805 863
805 869
805 933
805 997
805 1193
806 614
806 678
806 742
806 870
806 934
806 998
807 116
807 551
807 615
807 679
807 743
807 871
807 935
807 997
807 999
807 1083
807 1207
808 323
808 616
808 680
808 744
808 778
808 872
808 936
808 1000
808 1205
809 25
809 35
809 147
809 617
809 681
809 745
809 873
809 937
809 991
809 1001
809 1177
810 481
810 618
810 682
810 746
810 874
810 938
810 1002
811 99
811 105
811 212
811 280
811 619
811 683
811 725
811 747
811 875
811 885
811 939
811 941
811 1003
811 1048
811 1127
812 58
812 107
812 547
812 684
812 699
812 748
812 876
812 940
812 1004
812 1144
813 255
813 621
813 685
813 749
813 877
813 941
813 1005
814 622
814 686
814 750
814 878
814 942
814 1006
815 623
815 687
815 751
815 879
815 943
815 1007
816 633
816 688
816 700
816 752
816 880
816 944
817 41
817 625
817 689
817 753
817 881
817 945
817 1009
818 229
818 322
818 450
818 576
818 626
818 677
818 690
818 754
818 882
818 946
818 1010
819 504
819 627
819 691
819 755
819 883
819 947
819 1011
820 628
820 668
820 692
820 756
820 884
820 937
820 948
820 1012
820 1138
821 228
821 629
821 693
821 757
821 885
821 949
821 1013
822 630
822 694
822 758
822 886
822 950
822 1014
823 153
823 631
823 665
823 695
823 759
823 788
823 887
823 951
823 1015
823 1178
824 464
824 632
824 666
824 696
824 701
824 743
824 760
824 888
824 952
824 1016
824 1059
825 185
825 369
825 697
825 761
825 889
825 953
826 762
826 890
827 699
827 763
827 890
827 891
827 955
827 959
827 1019
827 1087
828 636
828 700
828 764
828 891
828 892
828 956
828 1020
828 1151
829 637
829 701
829 765
829 893
829 957
829 1021
830 511
830 702
830 766
830 831
830 894
830 958
830 1278
831 511
831 703
831 767
831 830
831 895
831 959
831 1278
832 84
832 256
832 557
832 640
832 704
832 740
832 768
832 896
832 960
832 1024
832 1213
833 641
833 705
833 769
833 897
833 961
833 1025
834 217
834 445
834 642
834 706
834 770
834 898
834 962
834 1026
834 1043
835 3
835 643
835 707
835 771
835 899
835 963
835 1027
836 232
836 644
836 708
836 772
836 900
836 964
836 1028
837 197
837 645
837 709
837 773
837 901
837 965
837 1029
838 6
838 13
838 70
838 134
838 198
838 262
838 326
838 390
838 454
838 518
838 582
838 646
838 710
838 774
838 902
838 966
838 1030
838 1094
838 1099
838 1158
838 1163
838 1222
839 647
839 711
839 775
839 903
839 967
839 1031
840 11
840 13
840 73
840 75
840 77
840 141
840 203
840 205
840 267
840 269
840 331
840 333
840 395
840 397
840 456
840 461
840 520
840 525
840 589
840 648
840 653
840 712
840 717
840 776
840 781
840 843
840 845
840 904
840 907
840 909
840 968
840 971
840 973
840 1032
840 1035
840 1037
840 1096
840 1101
840 1160
840 1163
840 1165
840 1224
840 1227
840 1229
841 8
841 72
841 136
841 201
841 265
841 328
841 393
841 457
841 521
841 585
841 649
841 713
841 777
841 905
841 969
841 1033
841 1097
841 1161
841 1225
842 650
842 714
842 778
842 906
842 970
842 1034
843 9
843 11
843 73
843 75
843 137
843 139
843 141
843 200
843 203
843 267
843 269
843 331
843 333
843 395
843 397
843 456
843 461
843 520
843 523
843 525
843 584
843 589
843 648
843 651
843 653
843 712
843 715
843 717
843 776
843 779
843 781
843 840
843 845
843 904
843 907
843 909
843 968
843 971
843 973
843 1032
843 1035
843 1037
843 1096
843 1160
843 1165
843 1224
843 1229
844 609
844 652
844 716
844 780
844 908
844 972
844 1036
845 11
845 13
845 75
845 77
845 141
845 203
845 205
845 267
845 269
845 333
845 395
845 397
845 456
845 461
845 520
845 525
845 589
845 648
845 653
845 717
845 776
845 781
845 840
845 843
845 904
845 907
845 909
845 968
845 971
845 973
845 1032
845 1035
845 1037
845 1096
845 1101
845 1160
845 1163
845 1165
845 1224
845 1227
845 1229
846 654
846 718
846 782
846 910
846 974
846 1038
847 93
847 655
847 663
847 719
847 783
847 786
847 911
847 975
847 1039
848 103
848 233
848 412
848 617
848 656
848 720
848 784
848 793
848 912
848 922
848 976
848 1040
848 1069
848 1252
849 657
849 721
849 785
849 913
849 977
849 1041
850 658
850 722
850 786
850 914
850 978
850 979
850 1042
851 524
851 588
851 659
851 723
851 787
851 915
851 979
851 1043
852 564
852 660
852 724
852 788
852 916
852 980
852 1044
853 386
853 661
853 725
853 789
853 916
853 917
853 981
853 1045
854 662
854 726
854 790
854 918
854 982
854 1046
855 19
855 411
855 663
855 727
855 791
855 919
855 983
855 1047
855 1234
856 340
856 664
856 728
856 792
856 920
856 984
856 1048
856 1081
857 189
857 665
857 729
857 793
857 921
857 985
857 1049
857 1054
857 1060
857 1176
858 24
858 336
858 666
858 730
858 794
858 888
858 922
858 986
858 1050
859 667
859 727
859 731
859 795
859 923
859 987
859 1051
860 668
860 732
860 796
860 924
860 972
860 988
860 1052
861 669
861 733
861 797
861 925
861 965
861 989
861 1053
862 175
862 670
862 734
862 798
862 926
862 978
862 990
862 1054
863 37
863 671
863 735
863 799
863 805
863 927
863 991
863 1055
863 1193
864 672
864 736
864 800
864 928
864 992
864 1056
865 151
865 673
865 737
865 801
865 929
865 993
865 1057
866 415
866 460
866 467
866 674
866 738
866 802
866 896
866 930
866 943
866 994
866 1058
866 1079
867 661
867 675
867 739
867 756
867 803
867 931
867 995
867 1059
868 676
868 706
868 740
868 804
868 932
868 996
868 1060
868 1198
869 223
869 677
869 741
869 805
869 933
869 997
869 1061
869 1125
869 1186
870 577
870 678
870 742
870 806
870 934
870 998
870 1062
871 117
871 578
871 596
871 679
871 743
871 807
871 935
871 999
871 1063
872 680
872 744
872 808
872 936
872 1000
872 1064
872 1218
873 320
873 468
873 681
873 745
873 809
873 937
873 1001
873 1065
873 1085
874 682
874 746
874 810
874 938
874 1002
874 1066
875 254
875 508
875 747
875 767
875 811
875 939
875 1003
875 1008
876 442
876 684
876 748
876 812
876 940
876 1004
876 1068
876 1209
877 66
877 95
877 169
877 580
877 685
877 749
877 802
877 804
877 813
877 941
877 1005
877 1069
878 344
878 493
878 552
878 611
878 616
878 686
878 750
878 814
878 942
878 1006
878 1070
879 183
879 687
879 751
879 815
879 943
879 1007
879 1071
879 1092
880 115
880 184
880 375
880 509
880 536
880 601
880 688
880 752
880 759
880 803
880 816
880 944
880 1008
880 1072
881 302
881 689
881 753
881 817
881 945
881 1009
881 1073
882 404
882 423
882 607
882 660
882 690
882 754
882 818
882 946
882 1010
882 1021
882 1074
882 1266
883 149
883 296
883 339
883 691
883 704
883 755
883 819
883 947
883 1011
883 1075
883 1202
884 371
884 573
884 600
884 692
884 720
884 756
884 820
884 948
884 1012
884 1076
884 1208
885 99
885 105
885 212
885 280
885 693
885 725
885 757
885 811
885 821
885 941
885 949
885 1013
885 1048
885 1077
885 1127
886 694
886 758
886 822
886 950
886 1014
886 1078
887 210
887 242
887 695
887 759
887 823
887 951
887 1015
887 1079
887 1108
888 24
888 336
888 696
888 730
888 760
888 824
888 858
888 952
888 1016
888 1080
889 697
889 755
889 761
889 825
889 953
889 1017
889 1081
890 762
890 826
890 827
890 954
890 959
890 1018
890 1087
891 699
891 763
891 827
891 828
891 955
891 1019
891 1083
891 1151
892 763
892 828
892 956
892 1020
893 114
893 701
893 765
893 829
893 957
893 1021
893 1085
894 181
894 615
894 627
894 702
894 724
894 754
894 766
894 830
894 958
894 1022
894 1086
894 1265
895 319
895 762
895 767
895 831
895 959
895 1023
896 415
896 460
896 467
896 704
896 768
896 832
896 866
896 930
896 943
896 960
896 1024
896 1079
896 1088
897 207
897 705
897 737
897 769
897 833
897 961
897 1025
897 1089
897 1179
897 1180
898 408
898 706
898 770
898 834
898 962
898 1026
898 1090
899 673
899 707
899 771
899 835
899 963
899 1027
899 1091
899 1243
900 36
900 708
900 772
900 836
900 924
900 964
900 1028
900 1092
901 709
901 773
901 837
901 965
901 1029
901 1093
902 6
902 70
902 134
902 198
902 262
902 326
902 390
902 454
902 518
902 582
902 646
902 710
902 774
902 838
902 966
902 1030
902 1035
902 1094
902 1099
902 1158
902 1163
902 1222
902 1227
903 711
903 775
903 839
903 967
903 1031
903 1095
903 1120
904 73
904 75
904 77
904 137
904 139
904 141
904 200
904 203
904 205
904 267
904 269
904 331
904 333
904 395
904 397
904 456
904 461
904 520
904 523
904 525
904 589
904 648
904 653
904 712
904 717
904 776
904 781
904 840
904 843
904 845
904 907
904 909
904 968
904 971
904 973
904 1032
904 1037
904 1096
904 1101
904 1160
904 1165
904 1224
904 1229
905 8
905 72
905 136
905 201
905 265
905 328
905 393
905 457
905 521
905 585
905 649
905 713
905 777
905 841
905 969
905 1033
905 1097
905 1161
905 1225
906 31
906 332
906 714
906 778
906 842
906 970
906 1034
906 1098
907 11
907 73
907 75
907 77
907 141
907 203
907 205
907 267
907 269
907 331
907 333
907 395
907 397
907 456
907 461
907 520
907 525
907 589
907 648
907 653
907 712
907 715
907 717
907 776
907 779
907 781
907 840
907 843
907 845
907 904
907 909
907 968
907 971
907 973
907 1032
907 1035
907 1037
907 1096
907 1099
907 1101
907 1160
907 1163
907 1165
907 1224
907 1227
907 1229
908 102
908 716
908 780
908 844
908 972
908 1036
908 1100
909 11
909 73
909 75
909 77
909 137
909 141
909 203
909 205
909 267
909 269
909 331
909 333
909 395
909 397
909 456
909 461
909 520
909 523
909 525
909 589
909 648
909 653
909 712
909 717
909 776
909 781
909 840
909 843
909 845
909 904
909 907
909 968
909 971
909 973
909 1032
909 1035
909 1037
909 1096
909 1101
909 1160
909 1163
909 1165
909 1224
909 1227
909 1229
910 718
910 782
910 846
910 974
910 1038
910 1102
911 719
911 783
911 847
911 975
911 1039
911 1103
912 409
912 487
912 720
912 732
912 784
912 848
912 976
912 1040
912 1104
912 1204
913 224
913 721
913 785
913 849
913 977
913 1041
913 1105
914 53
914 722
914 786
914 850
914 978
914 1042
914 1106
915 101
915 723
915 787
915 851
915 979
915 1043
915 1107
916 386
916 724
916 788
916 852
916 853
916 980
916 1044
916 1108
917 56
917 253
917 448
917 469
917 626
917 725
917 789
917 853
917 981
917 986
917 1045
917 1109
917 1242
918 726
918 790
918 854
918 982
918 1046
918 1110
919 727
919 791
919 855
919 983
919 1047
919 1111
919 1143
920 410
920 696
920 728
920 792
920 856
920 984
920 1048
920 1112
921 549
921 729
921 793
921 857
921 933
921 985
921 1049
921 1113
922 103
922 233
922 412
922 617
922 730
922 793
922 794
922 848
922 858
922 986
922 1050
922 1069
922 1114
922 1252
923 27
923 731
923 795
923 859
923 987
923 1051
923 1115
924 36
924 732
924 796
924 860
924 900
924 988
924 1052
924 1116
925 67
925 605
925 733
925 797
925 861
925 989
925 1053
925 1117
926 515
926 644
926 734
926 798
926 862
926 990
926 1054
926 1118
926 1235
927 735
927 799
927 863
927 991
927 1055
927 1119
928 335
928 736
928 800
928 864
928 992
928 1056
928 1120
929 737
929 801
929 865
929 993
929 1057
929 1106
929 1121
930 415
930 460
930 467
930 738
930 802
930 866
930 896
930 943
930 994
930 1058
930 1079
930 1122
931 168
931 419
931 656
931 739
931 803
931 867
931 957
931 995
931 1059
931 1123
931 1241
932 130
932 311
932 345
932 740
932 804
932 868
932 996
932 1060
932 1124
932 1152
933 549
933 741
933 805
933 869
933 921
933 997
933 1061
933 1125
934 742
934 806
934 870
934 998
934 1062
934 1126
935 299
935 444
935 568
935 743
935 760
935 807
935 871
935 944
935 999
935 1063
935 1127
936 744
936 768
936 808
936 872
936 1000
936 1064
936 1128
936 1170
936 1216
937 668
937 745
937 809
937 820
937 873
937 1001
937 1065
937 1129
937 1138
938 746
938 769
938 810
938 874
938 987
938 1002
938 1066
938 1130
938 1246
939 186
939 811
939 875
939 1003
940 574
940 748
940 812
940 876
940 1003
940 1004
940 1068
940 1132
940 1137
941 99
941 105
941 212
941 280
941 725
941 749
941 811
941 813
941 877
941 885
941 1005
941 1048
941 1069
941 1127
941 1133
942 51
942 154
942 156
942 218
942 514
942 750
942 814
942 878
942 1006
942 1070
942 1134
943 415
943 460
943 467
943 751
943 815
943 866
943 879
943 896
943 930
943 1007
943 1071
943 1079
943 1135
944 299
944 444
944 568
944 752
944 760
944 816
944 880
944 935
944 1008
944 1072
944 1136
945 240
945 753
945 817
945 881
945 1009
945 1019
945 1073
945 1137
945 1145
946 158
946 297
946 754
946 818
946 882
946 1005
946 1010
946 1045
946 1074
946 1138
946 1256
947 447
947 819
947 883
947 1011
947 1075
948 680
948 756
948 820
948 884
948 1012
948 1076
948 1140
948 1189
949 640
949 757
949 821
949 885
949 1013
949 1061
949 1077
949 1141
950 758
950 822
950 886
950 1014
950 1078
950 1142
951 759
951 771
951 823
951 887
951 1015
951 1079
951 1143
951 1192
952 124
952 703
952 824
952 888
952 1016
952 1080
953 172
953 441
953 638
953 825
953 889
953 1017
953 1081
953 1145
954 122
954 318
954 890
954 1018
954 1082
955 110
955 174
955 291
955 359
955 752
955 784
955 827
955 891
955 1019
955 1080
955 1083
955 1147
956 379
956 828
956 892
956 1020
956 1084
956 1148
957 168
957 419
957 656
957 765
957 829
957 893
957 931
957 1021
957 1085
957 1149
957 1241
958 830
958 894
958 1022
958 1086
958 1260
959 827
959 831
959 890
959 895
959 1023
959 1087
959 1151
960 421
960 484
960 485
960 768
960 832
960 896
960 1024
960 1026
960 1088
960 1152
961 129
961 769
961 833
961 897
961 1025
961 1089
961 1153
962 489
962 642
962 738
962 770
962 834
962 898
962 1026
962 1074
962 1090
962 1154
963 480
963 771
963 835
963 899
963 1027
963 1091
963 1155
964 202
964 772
964 836
964 900
964 1028
964 1092
964 1156
965 773
965 837
965 861
965 901
965 1029
965 1093
965 1157
966 6
966 70
966 134
966 198
966 262
966 326
966 390
966 454
966 518
966 582
966 646
966 710
966 774
966 838
966 902
966 1030
966 1035
966 1094
966 1099
966 1158
966 1163
966 1222
966 1227
967 775
967 839
967 903
967 1031
967 1095
967 1159
967 1199
968 75
968 137
968 139
968 141
968 200
968 203
968 205
968 267
968 269
968 331
968 333
968 395
968 397
968 456
968 461
968 520
968 523
968 525
968 589
968 648
968 653
968 712
968 717
968 776
968 781
968 840
968 843
968 845
968 904
968 907
968 909
968 971
968 973
968 1032
968 1035
968 1037
968 1096
968 1101
968 1160
968 1165
968 1224
968 1227
968 1229
969 8
969 72
969 136
969 201
969 265
969 328
969 393
969 457
969 521
969 585
969 649
969 713
969 777
969 841
969 905
969 1033
969 1097
969 1161
969 1225
970 259
970 778
970 842
970 906
970 1034
970 1098
970 1162
971 11
971 13
971 77
971 141
971 203
971 205
971 267
971 269
971 333
971 397
971 456
971 461
971 525
971 589
971 653
971 776
971 779
971 781
971 840
971 843
971 845
971 904
971 907
971 909
971 968
971 973
971 1032
971 1035
971 1037
971 1096
971 1099
971 1101
971 1160
971 1163
971 1165
971 1224
971 1227
971 1229
972 780
972 844
972 860
972 908
972 1036
972 1100
972 1164
973 75
973 137
973 139
973 141
973 200
973 203
973 205
973 267
973 269
973 331
973 333
973 395
973 397
973 456
973 461
973 520
973 523
973 525
973 589
973 648
973 653
973 712
973 717
973 776
973 781
973 840
973 843
973 845
973 904
973 907
973 909
973 968
973 971
973 1032
973 1037
973 1096
973 1101
973 1160
973 1165
973 1224
973 1227
973 1229
974 270
974 416
974 782
974 846
974 910
974 1038
974 1102
974 1166
975 266
975 783
975 847
975 911
975 1039
975 1103
975 1167
976 433
976 528
976 739
976 784
976 848
976 912
976 1040
976 1104
976 1168
977 785
977 849
977 913
977 1041
977 1105
977 1169
978 175
978 786
978 850
978 862
978 914
978 1042
978 1106
978 1170
979 787
979 850
979 851
979 915
979 1043
979 1107
979 1171
980 64
980 351
980 357
980 370
980 498
980 674
980 788
980 852
980 916
980 1044
980 1108
980 1172
981 360
981 789
981 853
981 917
981 1045
981 1109
981 1173
982 790
982 854
982 918
982 1046
982 1110
982 1174
983 791
983 855
983 919
983 1047
983 1111
983 1156
983 1175
984 602
984 629
984 631
984 792
984 856
984 920
984 1048
984 1112
984 1141
984 1176
984 1191
984 1255
985 793
985 857
985 921
985 1016
985 1049
985 1113
985 1128
985 1177
986 56
986 253
986 448
986 469
986 626
986 794
986 858
986 917
986 922
986 1050
986 1114
986 1178
986 1242
987 769
987 795
987 859
987 923
987 938
987 1051
987 1115
987 1179
987 1246
988 417
988 796
988 860
988 924
988 1025
988 1052
988 1116
988 1180
989 797
989 861
989 925
989 1053
989 1117
989 1181
990 652
990 678
990 798
990 862
990 926
990 1054
990 1118
990 1182
991 25
991 35
991 147
991 799
991 809
991 863
991 927
991 1055
991 1119
991 1177
991 1183
992 800
992 864
992 928
992 1056
992 1120
992 1184
993 801
993 865
993 929
993 1057
993 1091
993 1121
993 1185
994 40
994 227
994 306
994 538
994 592
994 690
994 802
994 866
994 930
994 1058
994 1122
994 1186
995 275
995 613
995 734
995 803
995 867
995 931
995 1052
995 1059
995 1123
995 1187
996 132
996 247
996 301
996 384
996 804
996 868
996 932
996 1060
996 1124
996 1188
997 116
997 551
997 805
997 807
997 869
997 933
997 1061
997 1083
997 1125
997 1189
997 1207
998 476
998 806
998 870
998 934
998 1062
998 1126
998 1164
998 1190
999 16
999 245
999 807
999 871
999 935
999 1063
999 1127
999 1191
1000 61
1000 251
1000 400
1000 420
1000 808
1000 872
1000 936
1000 1064
1000 1112
1000 1128
1000 1147
1000 1192
1001 675
1001 809
1001 873
1001 937
1001 1063
1001 1065
1001 1129
1001 1193
1002 810
1002 874
1002 938
1002 1066
1002 1130
1002 1194
1003 574
1003 811
1003 875
1003 939
1003 940
1003 1067
1003 1131
1003 1137
1004 112
1004 812
1004 876
1004 940
1004 1068
1004 1084
1004 1132
1004 1136
1004 1196
1005 158
1005 297
1005 813
1005 877
1005 941
1005 946
1005 1045
1005 1069
1005 1133
1005 1197
1005 1256
1006 176
1006 814
1006 878
1006 942
1006 1070
1006 1086
1006 1134
1006 1198
1007 815
1007 879
1007 943
1007 1062
1007 1071
1007 1135
1007 1199
1008 254
1008 508
1008 767
1008 875
1008 880
1008 944
1008 1072
1008 1136
1008 1200
1009 159
1009 817
1009 881
1009 945
1009 1073
1009 1137
1009 1201
1009 1274
1010 229
1010 322
1010 450
1010 576
1010 677
1010 818
1010 882
1010 946
1010 1074
1010 1138
1010 1202
1011 179
1011 300
1011 307
1011 428
1011 693
1011 819
1011 883
1011 947
1011 1075
1011 1139
1011 1200
1011 1203
1012 82
1012 109
1012 820
1012 884
1012 948
1012 1076
1012 1077
1012 1140
1012 1204
1012 1219
1013 30
1013 473
1013 821
1013 885
1013 949
1013 1077
1013 1141
1013 1205
1013 1269
1014 822
1014 886
1014 950
1014 1078
1014 1142
1014 1206
1015 823
1015 887
1015 951
1015 1079
1015 1143
1015 1207
1016 824
1016 888
1016 952
1016 985
1016 1080
1016 1128
1016 1144
1016 1208
1017 889
1017 953
1017 1081
1017 1145
1018 380
1018 556
1018 558
1018 563
1018 890
1018 954
1018 1082
1019 240
1019 827
1019 891
1019 945
1019 955
1019 1083
1019 1145
1019 1147
1019 1211
1020 494
1020 691
1020 753
1020 828
1020 892
1020 956
1020 1084
1020 1148
1021 404
1021 423
1021 607
1021 660
1021 829
1021 882
1021 893
1021 957
1021 1085
1021 1149
1021 1213
1021 1266
1022 894
1022 958
1022 1023
1022 1086
1022 1150
1022 1214
1023 895
1023 959
1023 1022
1023 1087
1023 1151
1024 100
1024 258
1024 612
1024 832
1024 896
1024 960
1024 1088
1024 1090
1024 1152
1024 1216
1025 417
1025 833
1025 897
1025 961
1025 988
1025 1089
1025 1153
1025 1217
1026 421
1026 484
1026 485
1026 834
1026 898
1026 960
1026 962
1026 1090
1026 1154
1026 1218
1027 835
1027 899
1027 963
1027 1091
1027 1155
1027 1219
1028 128
1028 226
1028 354
1028 512
1028 676
1028 836
1028 900
1028 964
1028 1092
1028 1156
1028 1220
1029 645
1029 800
1029 837
1029 901
1029 965
1029 1093
1029 1130
1029 1157
1029 1221
1030 6
1030 70
1030 134
1030 198
1030 262
1030 326
1030 390
1030 454
1030 518
1030 582
1030 646
1030 710
1030 774
1030 838
1030 902
1030 966
1030 1035
1030 1094
1030 1099
1030 1158
1030 1163
1030 1222
1030 1227
1031 839
1031 903
1031 967
1031 1095
1031 1159
1031 1223
1032 11
1032 75
1032 141
1032 203
1032 205
1032 267
1032 269
1032 331
1032 333
1032 395
1032 397
1032 456
1032 461
1032 520
1032 525
1032 589
1032 648
1032 653
1032 712
1032 717
1032 776
1032 781
1032 840
1032 843
1032 845
1032 904
1032 907
1032 909
1032 968
1032 971
1032 973
1032 1035
1032 1037
1032 1096
1032 1101
1032 1160
1032 1163
1032 1165
1032 1224
1032 1227
1032 1229
1033 8
1033 72
1033 136
1033 201
1033 265
1033 328
1033 393
1033 457
1033 521
1033 585
1033 649
1033 713
1033 777
1033 841
1033 905
1033 969
1033 1097
1033 1161
1033 1225
1034 471
1034 842
1034 906
1034 970
1034 1098
1034 1162
1034 1226
1035 13
1035 77
1035 198
1035 205
1035 269
1035 326
1035 333
1035 390
1035 397
1035 454
1035 461
1035 518
1035 525
1035 582
1035 589
1035 646
1035 653
1035 710
1035 774
1035 781
1035 840
1035 843
1035 845
1035 902
1035 907
1035 909
1035 966
1035 968
1035 971
1035 1030
1035 1032
1035 1037
1035 1094
1035 1096
1035 1099
1035 1101
1035 1158
1035 1163
1035 1165
1035 1222
1035 1227
1035 1229
1036 844
1036 908
1036 972
1036 1100
1036 1164
1036 1228
1037 11
1037 75
1037 141
1037 203
1037 205
1037 267
1037 269
1037 331
1037 333
1037 395
1037 397
1037 456
1037 461
1037 520
1037 523
1037 525
1037 589
1037 648
1037 653
1037 712
1037 717
1037 776
1037 781
1037 840
1037 843
1037 845
1037 904
1037 907
1037 909
1037 968
1037 971
1037 973
1037 1032
1037 1035
1037 1096
1037 1101
1037 1160
1037 1163
1037 1165
1037 1224
1037 1227
1037 1229
1038 846
1038 910
1038 974
1038 1102
1038 1166
1038 1230
1039 98
1039 290
1039 847
1039 911
1039 975
1039 1103
1039 1167
1039 1175
1039 1231
1040 163
1040 216
1040 346
1040 348
1040 848
1040 912
1040 976
1040 1104
1040 1168
1040 1232
1041 849
1041 913
1041 977
1041 1105
1041 1169
1041 1233
1042 451
1042 850
1042 914
1042 978
1042 1106
1042 1170
1042 1234
1043 217
1043 445
1043 834
1043 851
1043 915
1043 979
1043 1107
1043 1171
1043 1235
1044 121
1044 167
1044 284
1044 492
1044 621
1044 852
1044 916
1044 980
1044 1108
1044 1134
1044 1172
1044 1236
1045 158
1045 297
1045 853
1045 917
1045 946
1045 981
1045 1005
1045 1109
1045 1173
1045 1237
1045 1256
1046 854
1046 918
1046 982
1046 1110
1046 1174
1046 1238
1047 855
1047 919
1047 983
1047 1111
1047 1175
1047 1239
1048 99
1048 105
1048 212
1048 280
1048 725
1048 811
1048 856
1048 885
1048 920
1048 941
1048 984
1048 1112
1048 1127
1048 1176
1048 1240
1049 189
1049 857
1049 921
1049 985
1049 1054
1049 1060
1049 1113
1049 1176
1049 1177
1049 1241
1050 858
1050 922
1050 986
1050 1114
1050 1178
1050 1242
1051 859
1051 923
1051 987
1051 1115
1051 1179
1051 1243
1052 275
1052 613
1052 734
1052 860
1052 924
1052 988
1052 995
1052 1116
1052 1180
1052 1244
1053 143
1053 407
1053 861
1053 925
1053 989
1053 1117
1053 1181
1053 1245
1054 189
1054 857
1054 862
1054 926
1054 990
1054 1049
1054 1060
1054 1118
1054 1176
1054 1182
1054 1246
1055 429
1055 540
1055 863
1055 927
1055 991
1055 1119
1055 1183
1055 1236
1055 1247
1056 864
1056 928
1056 992
1056 1120
1056 1184
1056 1248
1057 865
1057 929
1057 993
1057 1121
1057 1185
1057 1249
1058 866
1058 930
1058 994
1058 1122
1058 1186
1058 1250
1059 464
1059 666
1059 701
1059 743
1059 824
1059 867
1059 931
1059 995
1059 1123
1059 1187
1059 1251
1060 189
1060 857
1060 868
1060 932
1060 996
1060 1049
1060 1054
1060 1124
1060 1176
1060 1188
1060 1252
1061 640
1061 869
1061 933
1061 949
1061 997
1061 1125
1061 1189
1061 1253
1062 870
1062 934
1062 998
1062 1007
1062 1126
1062 1190
1062 1254
1063 675
1063 871
1063 935
1063 999
1063 1001
1063 1127
1063 1191
1063 1255
1064 222
1064 543
1064 632
1064 872
1064 936
1064 1000
1064 1128
1064 1192
1064 1256
1065 791
1065 873
1065 937
1065 1001
1065 1129
1065 1193
1065 1257
1066 874
1066 938
1066 1002
1066 1130
1066 1194
1066 1258
1067 1003
1067 1131
1068 44
1068 376
1068 876
1068 940
1068 1004
1068 1132
1068 1196
1068 1260
1069 103
1069 233
1069 412
1069 617
1069 793
1069 848
1069 877
1069 922
1069 941
1069 1005
1069 1133
1069 1197
1069 1252
1069 1261
1070 120
1070 236
1070 241
1070 560
1070 878
1070 942
1070 1006
1070 1073
1070 1134
1070 1168
1070 1198
1070 1262
1071 76
1071 166
1071 879
1071 943
1071 1007
1071 1098
1071 1135
1071 1199
1071 1263
1072 282
1072 432
1072 483
1072 880
1072 944
1072 1008
1072 1136
1072 1200
1072 1264
1073 120
1073 236
1073 241
1073 560
1073 881
1073 945
1073 1009
1073 1070
1073 1137
1073 1168
1073 1201
1073 1265
1074 489
1074 642
1074 738
1074 882
1074 946
1074 962
1074 1010
1074 1138
1074 1202
1074 1266
1075 883
1075 947
1075 1011
1075 1139
1075 1203
1076 191
1076 252
1076 435
1076 689
1076 748
1076 884
1076 948
1076 1012
1076 1140
1076 1204
1076 1240
1076 1268
1077 82
1077 109
1077 885
1077 949
1077 1012
1077 1013
1077 1141
1077 1205
1077 1219
1077 1269
1078 133
1078 886
1078 950
1078 1014
1078 1142
1078 1206
1078 1270
1079 415
1079 460
1079 467
1079 866
1079 887
1079 896
1079 930
1079 943
1079 951
1079 1015
1079 1143
1079 1207
1079 1271
1080 110
1080 174
1080 291
1080 359
1080 752
1080 784
1080 888
1080 952
1080 955
1080 1016
1080 1144
1080 1208
1080 1272
1081 340
1081 856
1081 889
1081 953
1081 1017
1081 1145
1081 1209
1081 1273
1082 954
1082 1018
1082 1146
1082 1210
1082 1274
1083 116
1083 551
1083 807
1083 891
1083 955
1083 997
1083 1019
1083 1147
1083 1207
1083 1211
1083 1275
1084 112
1084 956
1084 1004
1084 1020
1084 1136
1084 1148
1084 1212
1084 1276
1085 320
1085 468
1085 873
1085 893
1085 957
1085 1021
1085 1149
1085 1213
1085 1277
1086 176
1086 894
1086 958
1086 1006
1086 1022
1086 1150
1086 1214
1086 1278
1087 827
1087 890
1087 959
1087 1023
1087 1151
1087 1215
1088 356
1088 431
1088 439
1088 896
1088 960
1088 1024
1088 1152
1088 1216
1089 897
1089 961
1089 1025
1089 1153
1089 1217
1090 100
1090 258
1090 612
1090 898
1090 962
1090 1024
1090 1026
1090 1154
1090 1218
1091 899
1091 963
1091 993
1091 1027
1091 1155
1091 1219
1092 183
1092 879
1092 900
1092 964
1092 1028
1092 1156
1092 1220
1093 901
1093 965
1093 1029
1093 1157
1093 1221
1094 6
1094 70
1094 134
1094 198
1094 262
1094 326
1094 390
1094 454
1094 518
1094 582
1094 646
1094 710
1094 774
1094 838
1094 902
1094 966
1094 1030
1094 1035
1094 1099
1094 1158
1094 1163
1094 1222
1094 1227
1095 310
1095 903
1095 967
1095 1031
1095 1159
1095 1223
1096 11
1096 75
1096 141
1096 205
1096 267
1096 269
1096 333
1096 395
1096 397
1096 456
1096 461
1096 520
1096 525
1096 589
1096 648
1096 653
1096 717
1096 776
1096 781
1096 840
1096 843
1096 845
1096 904
1096 907
1096 909
1096 968
1096 971
1096 973
1096 1032
1096 1035
1096 1037
1096 1099
1096 1101
1096 1160
1096 1163
1096 1165
1096 1224
1096 1227
1096 1229
1097 8
1097 72
1097 136
1097 201
1097 265
1097 328
1097 393
1097 457
1097 521
1097 585
1097 649
1097 713
1097 777
1097 841
1097 905
1097 969
1097 1033
1097 1161
1097 1225
1098 76
1098 166
1098 906
1098 970
1098 1034
1098 1071
1098 1162
1098 1226
1099 262
1099 269
1099 326
1099 390
1099 397
1099 454
1099 518
1099 582
1099 646
1099 710
1099 774
1099 781
1099 838
1099 902
1099 907
1099 966
1099 971
1099 1030
1099 1035
1099 1094
1099 1096
1099 1101
1099 1158
1099 1163
1099 1222
1099 1227
1100 908
1100 972
1100 1036
1100 1164
1100 1228
1101 11
1101 13
1101 77
1101 205
1101 267
1101 269
1101 333
1101 397
1101 456
1101 461
1101 525
1101 589
1101 653
1101 776
1101 781
1101 840
1101 845
1101 904
1101 907
1101 909
1101 968
1101 971
1101 973
1101 1032
1101 1035
1101 1037
1101 1096
1101 1099
1101 1160
1101 1163
1101 1165
1101 1227
1101 1229
1102 910
1102 974
1102 1038
1102 1166
1102 1230
1103 911
1103 975
1103 1039
1103 1167
1103 1231
1104 231
1104 474
1104 503
1104 912
1104 976
1104 1040
1104 1168
1104 1232
1105 913
1105 977
1105 1041
1105 1169
1105 1233
1106 914
1106 929
1106 978
1106 1042
1106 1170
1106 1234
1107 915
1107 979
1107 1043
1107 1171
1107 1235
1108 210
1108 242
1108 887
1108 916
1108 980
1108 1044
1108 1172
1108 1236
1109 425
1109 917
1109 981
1109 1045
1109 1173
1109 1237
1110 918
1110 982
1110 1046
1110 1174
1110 1238
1111 86
1111 919
1111 983
1111 1047
1111 1116
1111 1175
1111 1239
1112 61
1112 251
1112 400
1112 420
1112 920
1112 984
1112 1000
1112 1048
1112 1147
1112 1176
1112 1240
1113 196
1113 478
1113 532
1113 921
1113 985
1113 1049
1113 1177
1113 1241
1114 479
1114 501
1114 922
1114 986
1114 1050
1114 1124
1114 1148
1114 1178
1114 1242
1115 923
1115 987
1115 1051
1115 1179
1115 1223
1115 1243
1116 86
1116 924
1116 988
1116 1052
1116 1111
1116 1180
1116 1244
1117 925
1117 989
1117 1053
1117 1181
1117 1245
1118 926
1118 990
1118 1054
1118 1182
1118 1246
1119 927
1119 991
1119 1055
1119 1183
1119 1247
1120 903
1120 928
1120 992
1120 1056
1120 1184
1120 1248
1121 225
1121 579
1121 929
1121 993
1121 1057
1121 1185
1121 1249
1122 367
1122 930
1122 994
1122 1058
1122 1186
1122 1250
1123 350
1123 931
1123 995
1123 1059
1123 1187
1123 1251
1124 479
1124 501
1124 932
1124 996
1124 1060
1124 1114
1124 1148
1124 1188
1124 1252
1125 223
1125 869
1125 933
1125 997
1125 1061
1125 1186
1125 1189
1125 1253
1126 42
1126 170
1126 934
1126 998
1126 1062
1126 1190
1126 1254
1127 99
1127 105
1127 212
1127 280
1127 725
1127 811
1127 885
1127 935
1127 941
1127 999
1127 1048
1127 1063
1127 1191
1127 1255
1128 936
1128 985
1128 1000
1128 1016
1128 1064
1128 1192
1128 1256
1129 937
1129 1001
1129 1065
1129 1193
1129 1257
1130 645
1130 800
1130 938
1130 1002
1130 1029
1130 1066
1130 1194
1130 1258
1131 313
1131 1003
1131 1067
1131 1195
1131 1259
1132 178
1132 940
1132 1004
1132 1068
1132 1196
1132 1260
1133 941
1133 1005
1133 1069
1133 1197
1133 1261
1134 121
1134 167
1134 284
1134 492
1134 621
1134 942
1134 1006
1134 1044
1134 1070
1134 1198
1134 1262
1135 943
1135 1007
1135 1071
1135 1199
1135 1263
1136 112
1136 944
1136 1004
1136 1008
1136 1072
1136 1084
1136 1200
1136 1264
1137 574
1137 940
1137 945
1137 1003
1137 1009
1137 1073
1137 1201
1137 1265
1138 668
1138 820
1138 937
1138 946
1138 1010
1138 1074
1138 1202
1138 1266
1139 248
1139 315
1139 499
1139 1011
1139 1075
1139 1203
1139 1273
1140 548
1140 770
1140 948
1140 1012
1140 1076
1140 1204
1140 1268
1141 602
1141 629
1141 631
1141 949
1141 984
1141 1013
1141 1077
1141 1191
1141 1205
1141 1255
1141 1269
1142 950
1142 1014
1142 1078
1142 1206
1142 1270
1143 919
1143 951
1143 1015
1143 1079
1143 1207
1143 1271
1144 58
1144 107
1144 547
1144 699
1144 812
1144 1016
1144 1080
1144 1208
1144 1272
1145 240
1145 945
1145 953
1145 1017
1145 1019
1145 1081
1145 1209
1145 1273
1146 1082
1146 1210
1146 1274
1147 61
1147 251
1147 400
1147 420
1147 955
1147 1000
1147 1019
1147 1083
1147 1112
1147 1211
1147 1275
1148 479
1148 501
1148 956
1148 1020
1148 1084
1148 1114
1148 1124
1148 1212
1148 1276
1149 403
1149 957
1149 1021
1149 1085
1149 1213
1149 1277
1150 1022
1150 1086
1150 1214
1150 1272
1150 1278
1151 828
1151 891
1151 959
1151 1023
1151 1087
1151 1215
1151 1279
1152 130
1152 311
1152 345
1152 932
1152 960
1152 1024
1152 1088
1152 1216
1153 961
1153 1025
1153 1089
1153 1217
1154 286
1154 962
1154 1026
1154 1090
1154 1218
1155 220
1155 963
1155 1027
1155 1091
1155 1219
1156 964
1156 983
1156 1028
1156 1092
1156 1220
1157 965
1157 1029
1157 1093
1157 1221
1157 1233
1158 6
1158 70
1158 134
1158 198
1158 262
1158 326
1158 390
1158 454
1158 518
1158 582
1158 646
1158 710
1158 774
1158 838
1158 902
1158 966
1158 1030
1158 1035
1158 1094
1158 1099
1158 1163
1158 1222
1158 1227
1159 15
1159 221
1159 967
1159 1031
1159 1095
1159 1223
1160 75
1160 203
1160 267
1160 331
1160 333
1160 395
1160 397
1160 456
1160 461
1160 520
1160 523
1160 525
1160 589
1160 648
1160 653
1160 712
1160 717
1160 776
1160 781
1160 840
1160 843
1160 845
1160 904
1160 907
1160 909
1160 968
1160 971
1160 973
1160 1032
1160 1037
1160 1096
1160 1101
1160 1165
1160 1224
1160 1229
1161 8
1161 72
1161 136
1161 201
1161 265
1161 328
1161 393
1161 457
1161 521
1161 585
1161 649
1161 713
1161 777
1161 841
1161 905
1161 969
1161 1033
1161 1097
1161 1225
1162 97
1162 970
1162 1034
1162 1098
1162 1226
1163 13
1163 77
1163 326
1163 333
1163 390
1163 397
1163 454
1163 461
1163 518
1163 525
1163 582
1163 589
1163 646
1163 653
1163 710
1163 774
1163 781
1163 838
1163 840
1163 845
1163 902
1163 907
1163 909
1163 966
1163 971
1163 1030
1163 1032
1163 1035
1163 1037
1163 1094
1163 1096
1163 1099
1163 1101
1163 1158
1163 1165
1163 1222
1163 1227
1164 476
1164 972
1164 998
1164 1036
1164 1100
1164 1228
1165 75
1165 141
1165 267
1165 331
1165 333
1165 395
1165 397
1165 456
1165 461
1165 520
1165 523
1165 525
1165 589
1165 648
1165 653
1165 712
1165 717
1165 776
1165 781
1165 840
1165 843
1165 845
1165 904
1165 907
1165 909
1165 968
1165 971
1165 973
1165 1032
1165 1035
1165 1037
1165 1096
1165 1101
1165 1160
1165 1163
1165 1224
1165 1227
1165 1229
1166 974
1166 1038
1166 1102
1166 1230
1167 583
1167 975
1167 1039
1167 1103
1167 1231
1168 120
1168 236
1168 241
1168 560
1168 976
1168 1040
1168 1070
1168 1073
1168 1104
1168 1232
1169 977
1169 1041
1169 1105
1169 1233
1170 768
1170 936
1170 978
1170 1042
1170 1106
1170 1216
1170 1234
1171 658
1171 979
1171 1043
1171 1107
1171 1235
1172 0
1172 381
1172 980
1172 1044
1172 1108
1172 1197
1172 1236
1173 173
1173 765
1173 981
1173 1045
1173 1109
1173 1237
1174 135
1174 982
1174 1046
1174 1110
1174 1238
1175 98
1175 290
1175 983
1175 1039
1175 1047
1175 1111
1175 1239
1176 189
1176 857
1176 984
1176 1048
1176 1049
1176 1054
1176 1060
1176 1112
1176 1240
1177 25
1177 35
1177 147
1177 809
1177 985
1177 991
1177 1049
1177 1113
1177 1241
1178 153
1178 665
1178 788
1178 823
1178 986
1178 1050
1178 1114
1178 1242
1179 207
1179 737
1179 897
1179 987
1179 1051
1179 1115
1179 1180
1179 1243
1180 207
1180 737
1180 897
1180 988
1180 1052
1180 1116
1180 1179
1180 1244
1181 23
1181 426
1181 989
1181 1053
1181 1117
1181 1245
1182 324
1182 990
1182 1054
1182 1118
1182 1246
1183 52
1183 119
1183 991
1183 1055
1183 1119
1183 1247
1183 1257
1184 992
1184 1056
1184 1120
1184 1248
1185 623
1185 993
1185 1057
1185 1121
1185 1220
1185 1249
1186 223
1186 869
1186 994
1186 1058
1186 1122
1186 1125
1186 1250
1187 366
1187 373
1187 995
1187 1059
1187 1123
1187 1251
1188 88
1188 996
1188 1060
1188 1124
1188 1237
1188 1252
1189 680
1189 948
1189 997
1189 1061
1189 1125
1189 1253
1190 998
1190 1062
1190 1126
1190 1254
1191 602
1191 629
1191 631
1191 984
1191 999
1191 1063
1191 1127
1191 1141
1191 1255
1192 771
1192 951
1192 1000
1192 1064
1192 1128
1192 1256
1193 37
1193 805
1193 863
1193 1001
1193 1065
1193 1129
1193 1257
1194 1002
1194 1066
1194 1130
1194 1258
1195 305
1195 620
1195 744
1195 1131
1195 1259
1196 238
1196 249
1196 440
1196 443
1196 684
1196 728
1196 1004
1196 1068
1196 1132
1196 1260
1197 0
1197 381
1197 1005
1197 1069
1197 1133
1197 1172
1197 1261
1198 706
1198 868
1198 1006
1198 1070
1198 1134
1198 1262
1199 967
1199 1007
1199 1071
1199 1135
1199 1263
1200 179
1200 300
1200 307
1200 428
1200 693
1200 1008
1200 1011
1200 1072
1200 1136
1200 1264
1201 80
1201 281
1201 1009
1201 1073
1201 1137
1201 1265
1202 149
1202 296
1202 339
1202 704
1202 883
1202 1010
1202 1074
1202 1138
1202 1266
1203 60
1203 1011
1203 1075
1203 1139
1203 1267
1204 409
1204 487
1204 732
1204 912
1204 1012
1204 1076
1204 1140
1204 1268
1205 323
1205 778
1205 808
1205 1013
1205 1077
1205 1141
1205 1269
1206 142
1206 1014
1206 1078
1206 1142
1206 1270
1207 116
1207 551
1207 807
1207 997
1207 1015
1207 1079
1207 1083
1207 1143
1207 1271
1208 371
1208 573
1208 600
1208 720
1208 884
1208 1016
1208 1080
1208 1144
1208 1272
1209 442
1209 876
1209 1081
1209 1145
1209 1273
1210 1082
1210 1146
1210 1274
1210 1279
1211 308
1211 624
1211 628
1211 1019
1211 1083
1211 1147
1211 1275
1212 48
1212 1084
1212 1148
1212 1276
1213 84
1213 256
1213 557
1213 740
1213 832
1213 1021
1213 1085
1213 1149
1213 1277
1214 537
1214 1022
1214 1086
1214 1150
1214 1278
1215 235
1215 506
1215 1087
1215 1151
1215 1279
1216 768
1216 936
1216 1024
1216 1088
1216 1152
1216 1170
1217 643
1217 1025
1217 1089
1217 1153
1218 872
1218 1026
1218 1090
1218 1154
1219 82
1219 109
1219 1012
1219 1027
1219 1077
1219 1091
1219 1155
1220 623
1220 1028
1220 1092
1220 1156
1220 1185
1221 1029
1221 1093
1221 1157
1222 6
1222 70
1222 134
1222 198
1222 262
1222 326
1222 390
1222 454
1222 518
1222 582
1222 646
1222 710
1222 774
1222 838
1222 902
1222 966
1222 1030
1222 1035
1222 1094
1222 1099
1222 1158
1222 1163
1222 1227
1223 1031
1223 1095
1223 1115
1223 1159
1224 73
1224 203
1224 267
1224 331
1224 395
1224 397
1224 456
1224 461
1224 520
1224 523
1224 525
1224 584
1224 589
1224 648
1224 653
1224 712
1224 717
1224 776
1224 781
1224 840
1224 843
1224 845
1224 904
1224 907
1224 909
1224 968
1224 971
1224 973
1224 1032
1224 1037
1224 1096
1224 1160
1224 1165
1224 1229
1225 8
1225 72
1225 136
1225 201
1225 265
1225 328
1225 393
1225 457
1225 521
1225 585
1225 649
1225 713
1225 777
1225 841
1225 905
1225 969
1225 1033
1225 1097
1225 1161
1226 283
1226 1034
1226 1098
1226 1162
1227 13
1227 77
1227 205
1227 390
1227 397
1227 454
1227 461
1227 518
1227 525
1227 582
1227 589
1227 646
1227 653
1227 710
1227 774
1227 781
1227 840
1227 845
1227 902
1227 907
1227 909
1227 966
1227 968
1227 971
1227 973
1227 1030
1227 1032
1227 1035
1227 1037
1227 1094
1227 1096
1227 1099
1227 1101
1227 1158
1227 1163
1227 1165
1227 1222
1227 1229
1228 641
1228 1036
1228 1100
1228 1164
1229 75
1229 141
1229 203
1229 267
1229 395
1229 397
1229 456
1229 461
1229 520
1229 523
1229 525
1229 589
1229 648
1229 653
1229 712
1229 717
1229 776
1229 781
1229 840
1229 843
1229 845
1229 904
1229 907
1229 909
1229 968
1229 971
1229 973
1229 1032
1229 1035
1229 1037
1229 1096
1229 1101
1229 1160
1229 1165
1229 1224
1229 1227
1230 694
1230 1038
1230 1102
1230 1166
1231 28
1231 399
1231 1039
1231 1103
1231 1167
1232 1040
1232 1104
1232 1168
1233 1041
1233 1105
1233 1157
1233 1169
1234 19
1234 411
1234 855
1234 1042
1234 1106
1234 1170
1235 515
1235 644
1235 926
1235 1043
1235 1107
1235 1171
1236 429
1236 540
1236 1044
1236 1055
1236 1108
1236 1172
1237 88
1237 1045
1237 1109
1237 1173
1237 1188
1238 1046
1238 1110
1238 1174
1239 1047
1239 1111
1239 1175
1240 191
1240 252
1240 435
1240 689
1240 748
1240 1048
1240 1076
1240 1112
1240 1176
1241 168
1241 419
1241 656
1241 931
1241 957
1241 1049
1241 1113
1241 1177
1242 56
1242 253
1242 448
1242 469
1242 626
1242 917
1242 986
1242 1050
1242 1114
1242 1178
1243 673
1243 899
1243 1051
1243 1115
1243 1179
1244 276
1244 1052
1244 1116
1244 1180
1244 1261
1245 1053
1245 1117
1245 1181
1246 769
1246 938
1246 987
1246 1054
1246 1118
1246 1182
1247 723
1247 1055
1247 1119
1247 1183
1247 1271
1248 1056
1248 1120
1248 1184
1249 1057
1249 1121
1249 1185
1250 355
1250 679
1250 1058
1250 1122
1250 1186
1250 1251
1251 355
1251 679
1251 1059
1251 1123
1251 1187
1251 1250
1252 103
1252 233
1252 412
1252 617
1252 793
1252 848
1252 922
1252 1060
1252 1069
1252 1124
1252 1188
1253 1061
1253 1125
1253 1189
1254 18
1254 714
1254 1062
1254 1126
1254 1190
1255 602
1255 629
1255 631
1255 984
1255 1063
1255 1127
1255 1141
1255 1191
1256 158
1256 297
1256 946
1256 1005
1256 1045
1256 1064
1256 1128
1256 1192
1257 52
1257 119
1257 1065
1257 1129
1257 1183
1257 1193
1258 486
1258 1066
1258 1130
1258 1194
1259 575
1259 1131
1259 1195
1260 958
1260 1068
1260 1132
1260 1196
1261 276
1261 1069
1261 1133
1261 1197
1261 1244
1262 57
1262 430
1262 1070
1262 1134
1262 1198
1262 1276
1263 161
1263 682
1263 1071
1263 1135
1263 1199
1264 123
1264 571
1264 747
1264 1072
1264 1136
1264 1200
1265 181
1265 615
1265 627
1265 724
1265 754
1265 894
1265 1073
1265 1137
1265 1201
1266 404
1266 423
1266 607
1266 660
1266 882
1266 1021
1266 1074
1266 1138
1266 1202
1267 1203
1268 194
1268 1076
1268 1140
1268 1204
1269 30
1269 473
1269 1013
1269 1077
1269 1141
1269 1205
1270 1078
1270 1142
1270 1206
1271 723
1271 1079
1271 1143
1271 1207
1271 1247
1272 1080
1272 1144
1272 1150
1272 1208
1273 248
1273 315
1273 499
1273 1081
1273 1139
1273 1145
1273 1209
1274 159
1274 1009
1274 1082
1274 1146
1274 1210
1275 46
1275 702
1275 1083
1275 1147
1275 1211
1276 57
1276 430
1276 1084
1276 1148
1276 1212
1276 1262
1277 365
1277 681
1277 1085
1277 1149
1277 1213
1278 511
1278 830
1278 831
1278 1086
1278 1150
1278 1214
1279 1151
1279 1210
1279 1215
