0 64
0 128
0 192
0 373
0 405
1 13
1 65
1 67
1 115
1 129
1 193
1 333
1 385
1 449
1 461
1 645
1 719
1 776
1 840
1 965
1 1037
2 66
2 130
2 194
3 67
3 131
3 195
4 68
4 132
4 196
4 1249
5 15
5 19
5 65
5 69
5 77
5 79
5 83
5 133
5 141
5 143
5 147
5 197
5 205
5 207
5 211
5 261
5 271
5 275
5 321
5 325
5 335
5 339
5 389
5 399
5 403
5 453
5 463
5 517
5 518
5 581
5 591
5 646
5 709
5 710
5 774
5 838
5 1039
5 1103
5 1165
5 1167
6 70
6 133
6 134
6 198
6 262
6 326
6 390
6 454
6 518
6 582
6 646
6 710
6 774
6 838
6 902
6 966
6 1030
6 1158
6 1222
7 71
7 135
7 199
7 1166
8 72
8 136
8 200
8 1027
9 73
9 137
9 201
9 265
9 328
9 392
9 456
9 520
9 584
9 648
9 712
9 773
9 837
9 904
9 968
9 1029
9 1096
9 1160
9 1224
10 74
10 138
10 202
10 897
11 75
11 139
11 203
12 76
12 140
12 204
12 1102
13 1
13 19
13 65
13 77
13 115
13 129
13 141
13 193
13 205
13 211
13 275
13 321
13 333
13 339
13 385
13 403
13 449
13 467
13 527
13 591
13 645
13 709
13 719
13 847
13 901
13 1032
13 1093
13 1101
13 1157
14 78
14 142
14 206
14 521
15 5
15 19
15 65
15 69
15 77
15 79
15 83
15 129
15 133
15 141
15 143
15 147
15 193
15 197
15 205
15 207
15 211
15 261
15 271
15 275
15 321
15 325
15 333
15 335
15 339
15 389
15 399
15 403
15 453
15 463
15 467
15 517
15 527
15 581
15 591
15 645
15 709
15 847
15 1039
15 1165
15 1221
15 1229
16 80
16 144
16 208
17 81
17 145
17 209
18 82
18 146
18 210
18 787
18 1163
19 5
19 13
19 15
19 65
19 77
19 79
19 83
19 129
19 141
19 143
19 147
19 193
19 197
19 205
19 207
19 211
19 261
19 271
19 275
19 321
19 325
19 333
19 335
19 339
19 385
19 389
19 399
19 403
19 449
19 453
19 463
19 467
19 517
19 527
19 581
19 591
19 645
19 709
19 719
19 847
19 911
19 975
19 1032
19 1093
19 1221
19 1229
20 84
20 113
20 148
20 212
20 1066
20 1168
21 85
21 149
21 213
21 613
22 86
22 150
22 214
23 87
23 151
23 215
23 866
23 1071
24 88
24 152
24 216
24 381
24 596
24 1240
25 89
25 153
25 181
25 217
25 737
26 90
26 154
26 218
26 308
27 91
27 155
27 219
27 967
28 92
28 99
28 156
28 185
28 186
28 220
28 316
28 628
29 93
29 157
29 221
30 94
30 158
30 222
31 95
31 159
31 223
31 293
31 804
31 1028
32 96
32 160
32 224
32 286
33 34
33 97
33 161
33 225
33 658
34 33
34 98
34 162
34 226
34 658
35 99
35 163
35 227
35 376
35 507
35 1001
35 1183
36 100
36 164
36 228
37 54
37 101
37 165
37 229
38 102
38 166
38 230
39 103
39 167
39 231
39 367
40 104
40 168
40 232
40 544
41 105
41 169
41 233
41 1220
42 106
42 170
42 234
42 314
42 888
42 1146
43 107
43 171
43 235
43 255
43 574
43 631
43 788
43 824
44 108
44 172
44 236
45 109
45 173
45 237
45 418
45 498
45 708
46 110
46 174
46 238
46 661
47 111
47 175
47 239
47 746
47 760
47 1199
48 112
48 176
48 240
48 380
48 599
48 1084
48 1276
49 113
49 177
49 241
49 873
49 1237
50 114
50 178
50 242
50 291
50 359
50 1121
51 115
51 179
51 243
51 979
51 1099
52 116
52 180
52 244
52 360
52 896
52 1077
52 1142
53 117
53 181
53 245
54 37
54 118
54 182
54 246
55 119
55 183
55 247
55 671
55 1247
56 120
56 184
56 248
56 820
57 121
57 185
57 249
57 504
57 602
57 1012
58 122
58 186
58 250
58 664
58 762
58 867
59 123
59 187
59 251
59 609
59 626
60 124
60 188
60 248
60 252
60 377
60 682
60 916
60 1145
60 1278
61 125
61 189
61 253
61 369
61 441
61 858
62 63
62 126
62 190
62 254
62 304
62 444
62 752
62 792
63 62
63 127
63 191
63 255
63 304
63 444
63 752
63 792
64 0
64 128
64 192
64 256
65 1
65 5
65 13
65 15
65 19
65 69
65 77
65 79
65 83
65 129
65 133
65 141
65 143
65 147
65 193
65 197
65 205
65 207
65 211
65 257
65 261
65 271
65 275
65 321
65 325
65 333
65 335
65 339
65 385
65 389
65 399
65 403
65 449
65 453
65 463
65 467
65 517
65 527
65 581
65 591
65 645
65 709
65 719
65 847
65 911
65 975
65 1221
65 1229
66 2
66 130
66 194
66 258
66 577
67 1
67 3
67 115
67 131
67 195
67 259
67 461
67 776
67 840
67 901
68 4
68 132
68 196
68 260
69 5
69 15
69 65
69 77
69 79
69 83
69 133
69 141
69 143
69 147
69 197
69 205
69 207
69 211
69 261
69 271
69 275
69 325
69 335
69 339
69 389
69 399
69 403
69 453
69 463
69 517
69 518
69 581
69 582
69 591
69 646
69 709
69 710
69 774
69 838
69 902
69 1103
69 1165
69 1167
70 6
70 134
70 198
70 262
70 326
70 390
70 454
70 518
70 582
70 646
70 710
70 774
70 838
70 902
71 7
71 135
71 199
71 263
71 264
72 8
72 136
72 200
72 264
73 9
73 137
73 201
73 265
73 328
73 392
73 456
73 520
73 584
73 648
73 712
73 773
73 837
73 904
73 968
73 1029
73 1096
73 1160
73 1224
74 10
74 138
74 202
74 266
75 11
75 139
75 203
75 267
76 12
76 140
76 204
76 268
77 5
77 13
77 15
77 19
77 65
77 69
77 79
77 83
77 129
77 133
77 141
77 143
77 147
77 193
77 197
77 205
77 207
77 211
77 261
77 269
77 271
77 275
77 321
77 325
77 333
77 335
77 339
77 385
77 389
77 399
77 403
77 449
77 453
77 463
77 467
77 517
77 527
77 581
77 591
77 645
77 709
77 847
77 911
77 975
77 1039
77 1221
77 1229
78 14
78 142
78 206
78 266
78 270
78 394
78 411
79 5
79 15
79 19
79 65
79 69
79 77
79 83
79 133
79 141
79 143
79 147
79 197
79 205
79 207
79 211
79 261
79 271
79 275
79 321
79 325
79 335
79 339
79 389
79 399
79 403
79 453
79 463
79 517
79 518
79 581
79 591
79 646
79 709
79 710
79 774
79 838
79 902
79 911
79 1039
79 1103
79 1165
79 1167
80 16
80 144
80 208
80 272
80 1241
81 17
81 145
81 209
81 273
82 18
82 146
82 210
82 274
82 1223
83 5
83 15
83 19
83 65
83 69
83 77
83 79
83 129
83 133
83 141
83 143
83 147
83 197
83 205
83 207
83 211
83 261
83 271
83 275
83 321
83 325
83 335
83 339
83 389
83 399
83 403
83 453
83 463
83 517
83 518
83 581
83 591
83 646
83 709
83 710
83 774
83 838
83 902
83 911
83 1039
83 1103
83 1165
83 1167
84 20
84 110
84 112
84 148
84 212
84 276
84 495
84 687
84 768
85 21
85 149
85 213
85 277
85 757
86 22
86 150
86 214
86 278
86 1097
87 23
87 151
87 215
87 279
88 24
88 152
88 216
88 280
88 510
88 1209
89 25
89 153
89 217
89 281
89 309
90 26
90 154
90 215
90 218
90 282
90 344
90 827
90 1045
90 1207
91 27
91 155
91 219
91 283
92 28
92 156
92 220
92 284
93 29
93 157
93 221
93 285
94 30
94 158
94 222
94 286
95 31
95 114
95 119
95 159
95 223
95 287
96 32
96 160
96 224
96 288
97 33
97 161
97 225
97 289
97 798
97 918
97 1075
98 34
98 162
98 226
98 290
98 797
98 1062
99 28
99 35
99 163
99 185
99 186
99 227
99 291
99 316
99 628
100 36
100 164
100 228
100 292
101 37
101 165
101 229
101 293
101 426
101 568
101 935
101 1202
102 38
102 166
102 230
102 294
102 475
102 642
103 39
103 167
103 231
103 295
103 740
104 40
104 168
104 232
104 242
104 287
104 296
104 1083
105 41
105 169
105 233
105 297
105 512
106 42
106 170
106 216
106 234
106 298
106 756
106 808
106 1187
107 43
107 171
107 190
107 235
107 945
108 44
108 172
108 236
108 300
108 672
108 1225
109 45
109 173
109 223
109 228
109 237
109 301
109 960
109 1211
110 46
110 84
110 112
110 174
110 238
110 302
110 495
110 687
110 768
111 47
111 175
111 239
111 303
111 545
111 1104
112 48
112 84
112 110
112 176
112 240
112 304
112 495
112 687
112 768
113 20
113 49
113 177
113 241
113 305
113 1066
113 1168
114 50
114 95
114 119
114 178
114 242
114 306
115 1
115 13
115 51
115 67
115 179
115 193
115 243
115 307
115 333
115 385
115 449
115 461
115 527
115 645
115 719
115 776
115 840
115 901
115 965
115 1037
116 52
116 180
116 244
116 308
116 407
116 612
116 793
116 1176
116 1266
117 53
117 181
117 245
117 309
117 434
117 607
118 54
118 182
118 246
118 310
119 55
119 95
119 114
119 183
119 247
119 311
120 56
120 184
120 248
120 312
121 57
121 185
121 249
121 313
121 505
121 744
121 1002
121 1022
121 1144
121 1150
122 58
122 186
122 250
122 312
122 314
122 506
123 59
123 187
123 251
123 315
124 60
124 188
124 252
124 316
124 433
125 61
125 189
125 253
125 317
125 1064
125 1079
126 62
126 190
126 254
126 318
126 496
126 754
127 63
127 191
127 255
127 319
127 368
127 791
128 0
128 64
128 192
128 256
128 320
129 1
129 13
129 15
129 19
129 65
129 77
129 83
129 141
129 147
129 193
129 197
129 205
129 207
129 211
129 257
129 271
129 275
129 321
129 333
129 339
129 385
129 399
129 403
129 449
129 463
129 467
129 517
129 527
129 581
129 591
129 645
129 709
129 719
129 847
129 901
129 911
129 965
129 975
129 1032
129 1093
129 1157
130 2
130 66
130 194
130 258
130 322
131 3
131 67
131 195
131 259
131 323
132 4
132 68
132 196
132 213
132 260
132 324
133 5
133 6
133 15
133 65
133 69
133 77
133 79
133 83
133 143
133 147
133 197
133 205
133 207
133 261
133 271
133 275
133 325
133 335
133 389
133 399
133 403
133 453
133 463
133 517
133 518
133 581
133 582
133 591
133 646
133 710
133 774
133 838
133 902
133 966
133 975
133 1103
133 1165
133 1167
133 1231
134 6
134 70
134 198
134 262
134 326
134 390
134 454
134 518
134 582
134 646
134 710
134 774
134 838
134 902
134 966
135 7
135 71
135 199
135 263
135 327
136 8
136 72
136 200
136 264
136 328
136 841
137 9
137 73
137 201
137 265
137 328
137 329
137 392
137 456
137 520
137 584
137 648
137 712
137 773
137 837
137 904
137 968
137 1029
137 1096
137 1160
137 1224
138 10
138 74
138 202
138 266
138 330
139 11
139 75
139 203
139 267
139 331
140 12
140 76
140 204
140 268
140 332
141 5
141 13
141 15
141 19
141 65
141 69
141 77
141 79
141 83
141 129
141 143
141 147
141 193
141 197
141 205
141 207
141 211
141 261
141 269
141 271
141 275
141 321
141 325
141 333
141 335
141 339
141 385
141 389
141 399
141 403
141 449
141 453
141 463
141 467
141 517
141 527
141 581
141 591
141 645
141 709
141 719
141 847
141 911
141 975
141 1221
141 1229
142 14
142 78
142 206
142 270
142 334
143 5
143 15
143 19
143 65
143 69
143 77
143 79
143 83
143 133
143 141
143 147
143 197
143 205
143 207
143 211
143 261
143 271
143 275
143 321
143 325
143 335
143 339
143 389
143 399
143 403
143 453
143 463
143 517
143 518
143 581
143 591
143 646
143 709
143 710
143 774
143 838
143 902
143 911
143 966
143 975
143 1039
143 1103
143 1165
143 1167
144 16
144 80
144 208
144 272
144 336
144 543
144 552
144 693
145 17
145 81
145 209
145 273
145 337
145 480
146 18
146 82
146 210
146 221
146 274
146 338
147 5
147 15
147 19
147 65
147 69
147 77
147 79
147 83
147 129
147 133
147 141
147 143
147 193
147 197
147 205
147 207
147 211
147 261
147 271
147 275
147 321
147 325
147 333
147 335
147 339
147 389
147 399
147 403
147 453
147 463
147 467
147 517
147 527
147 581
147 591
147 645
147 709
147 847
147 911
147 975
147 1039
147 1165
147 1221
147 1229
148 20
148 84
148 212
148 276
148 340
148 871
148 931
148 995
148 1000
148 1060
148 1074
149 21
149 85
149 213
149 277
149 341
150 22
150 86
150 166
150 214
150 278
150 342
150 905
151 23
151 87
151 215
151 279
151 343
151 683
151 1021
151 1201
152 24
152 88
152 216
152 280
152 344
153 25
153 89
153 217
153 281
153 345
153 576
154 26
154 90
154 218
154 282
154 346
154 1186
155 27
155 91
155 219
155 283
155 347
155 714
156 28
156 92
156 220
156 247
156 284
156 348
156 923
157 29
157 93
157 221
157 285
157 349
158 30
158 94
158 222
158 286
158 350
158 1162
159 31
159 95
159 169
159 223
159 287
159 351
159 402
160 32
160 96
160 224
160 288
160 352
160 1235
161 33
161 97
161 225
161 289
161 353
162 34
162 98
162 226
162 290
162 354
162 374
163 35
163 99
163 227
163 291
163 355
163 621
163 929
163 1124
163 1216
164 36
164 100
164 228
164 292
164 356
165 37
165 101
165 229
165 293
165 357
165 836
166 38
166 102
166 150
166 230
166 294
166 358
166 905
167 39
167 103
167 231
167 292
167 295
167 359
167 1147
168 40
168 104
168 232
168 296
168 360
169 41
169 105
169 159
169 233
169 297
169 361
169 402
170 42
170 106
170 234
170 282
170 298
170 362
170 618
170 919
171 43
171 107
171 235
171 299
171 363
171 611
171 1175
172 44
172 108
172 236
172 300
172 364
172 706
173 45
173 109
173 237
173 290
173 301
173 365
173 800
174 46
174 110
174 238
174 302
174 366
174 959
174 1148
174 1195
175 47
175 111
175 239
175 303
175 367
175 922
176 48
176 112
176 189
176 240
176 304
176 368
176 829
176 1265
177 49
177 113
177 241
177 279
177 305
177 311
177 369
177 533
177 549
177 988
178 50
178 114
178 242
178 306
178 370
178 801
178 985
178 1065
178 1271
179 51
179 115
179 243
179 307
179 371
180 52
180 116
180 244
180 308
180 343
180 372
180 699
180 946
181 25
181 53
181 117
181 245
181 309
181 373
181 737
182 54
182 118
182 246
182 310
182 374
182 484
183 55
183 119
183 247
183 311
183 375
184 56
184 120
184 248
184 312
184 376
184 532
184 848
184 884
184 1009
185 28
185 57
185 99
185 121
185 186
185 249
185 313
185 316
185 377
185 628
186 28
186 58
186 99
186 122
186 185
186 250
186 314
186 316
186 378
186 628
187 59
187 123
187 251
187 315
187 379
187 1159
188 60
188 124
188 252
188 316
188 380
188 697
188 944
189 61
189 125
189 176
189 253
189 317
189 381
189 829
189 1265
190 62
190 107
190 126
190 254
190 318
190 382
190 945
191 63
191 127
191 255
191 319
191 383
191 765
191 957
191 1135
192 0
192 64
192 128
192 256
192 320
192 384
193 1
193 13
193 15
193 19
193 65
193 77
193 115
193 129
193 141
193 147
193 205
193 211
193 257
193 275
193 321
193 333
193 339
193 385
193 403
193 449
193 467
193 517
193 527
193 581
193 591
193 645
193 709
193 719
193 847
193 901
193 911
193 965
193 975
193 1032
193 1037
193 1093
193 1101
193 1157
194 2
194 66
194 130
194 258
194 322
194 386
195 3
195 67
195 131
195 259
195 323
195 387
196 4
196 68
196 132
196 260
196 324
196 388
197 5
197 15
197 19
197 65
197 69
197 77
197 79
197 83
197 129
197 133
197 141
197 143
197 147
197 205
197 207
197 211
197 261
197 271
197 275
197 321
197 325
197 335
197 339
197 389
197 399
197 403
197 453
197 463
197 517
197 518
197 581
197 591
197 646
197 709
197 710
197 774
197 838
197 902
197 911
197 966
197 975
197 1030
197 1039
197 1103
197 1165
197 1167
198 6
198 70
198 134
198 262
198 326
198 390
198 454
198 518
198 582
198 646
198 710
198 774
198 838
198 902
198 966
198 1030
199 7
199 71
199 135
199 263
199 327
199 391
199 1118
200 8
200 72
200 136
200 264
200 328
200 392
200 413
201 9
201 73
201 137
201 265
201 328
201 329
201 392
201 393
201 456
201 520
201 584
201 648
201 712
201 773
201 837
201 904
201 968
201 1029
201 1096
201 1160
201 1224
202 10
202 74
202 138
202 266
202 330
202 350
202 394
203 11
203 75
203 139
203 267
203 331
203 395
204 12
204 76
204 140
204 268
204 332
204 396
205 5
205 13
205 15
205 19
205 65
205 69
205 77
205 79
205 83
205 129
205 133
205 141
205 143
205 147
205 193
205 197
205 207
205 211
205 261
205 269
205 271
205 275
205 321
205 325
205 333
205 335
205 339
205 385
205 389
205 397
205 399
205 403
205 449
205 453
205 463
205 467
205 517
205 527
205 581
205 591
205 645
205 709
205 719
205 847
205 911
205 975
205 1032
205 1039
205 1221
205 1229
206 14
206 78
206 142
206 270
206 334
206 398
207 5
207 15
207 19
207 65
207 69
207 77
207 79
207 83
207 129
207 133
207 141
207 143
207 147
207 197
207 205
207 211
207 261
207 271
207 275
207 321
207 325
207 333
207 335
207 339
207 389
207 399
207 403
207 453
207 463
207 467
207 517
207 527
207 581
207 591
207 709
207 774
207 847
207 911
207 975
207 1039
207 1103
207 1165
207 1221
207 1229
208 16
208 80
208 144
208 272
208 336
208 400
209 17
209 81
209 145
209 273
209 337
209 401
209 777
210 18
210 82
210 146
210 274
210 338
210 402
211 5
211 13
211 15
211 19
211 65
211 69
211 77
211 79
211 83
211 129
211 141
211 143
211 147
211 193
211 197
211 205
211 207
211 261
211 271
211 275
211 321
211 325
211 333
211 335
211 339
211 385
211 389
211 399
211 403
211 449
211 453
211 463
211 467
211 517
211 527
211 581
211 591
211 645
211 709
211 719
211 847
211 901
211 911
211 975
211 1032
211 1039
211 1093
211 1221
211 1229
212 20
212 84
212 148
212 276
212 340
212 404
212 784
212 789
212 997
212 1040
213 21
213 85
213 132
213 149
213 277
213 341
213 405
214 22
214 86
214 150
214 278
214 342
214 406
214 482
215 23
215 87
215 90
215 151
215 279
215 343
215 344
215 407
215 827
215 1045
215 1207
216 24
216 88
216 106
216 152
216 280
216 344
216 408
216 756
216 808
216 1187
217 25
217 89
217 153
217 281
217 345
217 409
218 26
218 90
218 154
218 282
218 346
218 410
219 27
219 91
219 155
219 283
219 347
219 411
220 28
220 92
220 156
220 277
220 284
220 348
220 412
220 812
221 29
221 93
221 146
221 157
221 285
221 349
221 413
222 30
222 94
222 158
222 286
222 350
222 414
223 31
223 95
223 109
223 159
223 228
223 287
223 351
223 415
223 960
223 1211
224 32
224 96
224 160
224 288
224 352
224 386
224 416
225 33
225 97
225 161
225 289
225 353
225 417
226 34
226 98
226 162
226 290
226 354
226 418
227 35
227 99
227 163
227 291
227 355
227 419
227 677
228 36
228 100
228 109
228 164
228 223
228 292
228 356
228 420
228 960
228 1211
229 37
229 101
229 165
229 293
229 357
229 421
229 872
229 976
230 38
230 102
230 166
230 294
230 358
230 422
230 733
231 39
231 103
231 167
231 251
231 295
231 359
231 423
232 40
232 104
232 168
232 296
232 360
232 417
232 424
233 41
233 105
233 169
233 297
233 361
233 425
233 914
234 42
234 106
234 170
234 298
234 355
234 362
234 426
234 601
234 1061
235 43
235 107
235 171
235 299
235 363
235 383
235 427
235 1007
235 1016
236 44
236 108
236 172
236 300
236 364
236 428
237 45
237 109
237 173
237 301
237 365
237 404
237 429
237 490
237 1140
238 46
238 110
238 174
238 302
238 366
238 430
238 766
239 47
239 111
239 175
239 303
239 367
239 431
239 610
239 886
239 936
240 48
240 112
240 176
240 304
240 368
240 432
240 1205
241 49
241 113
241 177
241 305
241 369
241 433
241 569
241 696
241 1239
242 50
242 104
242 114
242 178
242 287
242 306
242 370
242 434
242 1083
243 51
243 115
243 179
243 307
243 371
243 422
243 435
243 1043
244 52
244 116
244 180
244 308
244 372
244 436
245 53
245 117
245 181
245 309
245 373
245 437
246 54
246 118
246 182
246 310
246 374
246 438
247 55
247 119
247 156
247 183
247 311
247 375
247 439
247 923
248 56
248 60
248 120
248 184
248 312
248 376
248 377
248 440
248 682
248 916
248 1145
248 1278
249 57
249 121
249 185
249 313
249 377
249 378
249 441
249 656
249 665
250 58
250 122
250 186
250 314
250 378
250 442
250 816
250 938
251 59
251 123
251 187
251 231
251 315
251 379
251 443
252 60
252 124
252 188
252 316
252 380
252 444
252 633
252 890
253 61
253 125
253 189
253 317
253 362
253 381
253 432
253 440
253 445
253 447
253 538
253 856
253 980
253 1003
253 1200
254 62
254 126
254 190
254 318
254 382
254 446
254 761
254 825
254 1151
255 43
255 63
255 127
255 191
255 319
255 383
255 447
255 574
255 631
255 788
255 824
256 64
256 128
256 192
256 320
256 384
256 448
256 556
257 65
257 129
257 193
257 321
257 385
257 449
258 66
258 130
258 194
258 322
258 386
258 450
258 579
259 67
259 131
259 195
259 323
259 387
259 451
260 68
260 132
260 196
260 324
260 388
260 452
260 982
260 1234
261 5
261 15
261 19
261 65
261 69
261 77
261 79
261 83
261 133
261 141
261 143
261 147
261 197
261 205
261 207
261 211
261 271
261 275
261 321
261 325
261 335
261 339
261 389
261 399
261 403
261 453
261 463
261 517
261 518
261 581
261 591
261 646
261 709
261 710
261 774
261 838
261 902
261 911
261 966
261 975
261 1030
261 1039
261 1094
261 1103
261 1165
261 1167
262 6
262 70
262 134
262 198
262 326
262 390
262 454
262 518
262 582
262 646
262 710
262 774
262 838
262 902
262 966
262 1030
262 1094
263 71
263 135
263 199
263 327
263 391
263 455
263 1034
264 71
264 72
264 136
264 200
264 328
264 392
264 456
265 9
265 73
265 137
265 201
265 328
265 329
265 392
265 393
265 456
265 457
265 520
265 584
265 648
265 712
265 773
265 837
265 904
265 968
265 1029
265 1096
265 1160
265 1224
266 74
266 78
266 138
266 202
266 330
266 394
266 411
266 458
267 75
267 139
267 203
267 331
267 395
267 459
268 76
268 140
268 204
268 332
268 396
268 460
268 593
269 77
269 141
269 205
269 333
269 397
269 461
270 78
270 142
270 206
270 334
270 398
270 455
270 462
270 970
270 1100
271 5
271 15
271 19
271 65
271 69
271 77
271 79
271 83
271 129
271 133
271 141
271 143
271 147
271 197
271 205
271 207
271 211
271 261
271 275
271 321
271 325
271 333
271 335
271 339
271 389
271 399
271 403
271 453
271 463
271 467
271 517
271 527
271 581
271 591
271 709
271 774
271 847
271 911
271 975
271 1032
271 1039
271 1093
271 1103
271 1165
271 1221
271 1229
272 80
272 144
272 208
272 336
272 400
272 464
273 81
273 145
273 209
273 337
273 401
273 465
274 82
274 146
274 210
274 338
274 402
274 414
274 466
275 5
275 13
275 15
275 19
275 65
275 69
275 77
275 79
275 83
275 129
275 133
275 141
275 143
275 147
275 193
275 197
275 205
275 207
275 211
275 261
275 271
275 321
275 325
275 333
275 335
275 339
275 385
275 389
275 399
275 403
275 449
275 453
275 463
275 467
275 517
275 527
275 581
275 591
275 645
275 709
275 847
275 911
275 975
275 1032
275 1039
275 1093
275 1103
275 1221
275 1229
276 84
276 148
276 212
276 340
276 404
276 468
277 85
277 149
277 213
277 220
277 341
277 405
277 469
277 812
278 86
278 150
278 214
278 342
278 406
278 470
279 87
279 151
279 177
279 215
279 311
279 343
279 407
279 471
279 533
279 549
279 988
280 88
280 152
280 216
280 344
280 408
280 472
281 89
281 153
281 217
281 345
281 409
281 473
281 487
282 90
282 154
282 170
282 218
282 346
282 410
282 474
282 618
282 919
283 91
283 155
283 219
283 347
283 411
283 475
283 539
284 92
284 156
284 220
284 348
284 412
284 476
284 1174
285 93
285 157
285 221
285 349
285 413
285 477
286 32
286 94
286 158
286 222
286 350
286 414
286 478
287 95
287 104
287 159
287 223
287 242
287 351
287 415
287 479
287 1083
288 96
288 160
288 224
288 352
288 416
288 480
289 97
289 161
289 225
289 353
289 417
289 481
290 98
290 162
290 173
290 226
290 354
290 418
290 482
290 800
291 50
291 99
291 163
291 227
291 355
291 359
291 419
291 483
291 1121
292 100
292 164
292 167
292 228
292 356
292 420
292 484
292 1147
293 31
293 101
293 165
293 229
293 357
293 421
293 485
293 804
293 1028
294 102
294 166
294 230
294 358
294 422
294 486
295 103
295 167
295 231
295 297
295 359
295 423
295 487
295 489
295 806
295 1069
296 104
296 168
296 232
296 302
296 360
296 424
296 488
296 615
296 745
296 917
297 105
297 169
297 233
297 295
297 361
297 425
297 489
297 806
297 1069
298 106
298 170
298 234
298 362
298 419
298 426
298 490
298 750
298 912
299 171
299 235
299 363
299 427
300 108
300 172
300 236
300 364
300 428
300 492
300 1228
301 109
301 173
301 237
301 365
301 429
301 493
302 110
302 174
302 238
302 296
302 366
302 430
302 494
302 615
302 745
302 917
303 111
303 175
303 239
303 367
303 431
303 495
304 62
304 63
304 112
304 176
304 240
304 368
304 432
304 444
304 496
304 752
304 792
305 113
305 177
305 241
305 369
305 433
305 497
305 727
306 114
306 178
306 242
306 370
306 434
306 498
306 695
307 115
307 179
307 243
307 371
307 435
307 499
308 26
308 116
308 180
308 244
308 372
308 436
308 500
309 89
309 117
309 181
309 245
309 373
309 437
309 501
310 118
310 182
310 246
310 374
310 438
310 502
311 119
311 177
311 183
311 247
311 279
311 375
311 439
311 503
311 533
311 549
311 988
312 120
312 122
312 184
312 248
312 376
312 440
312 504
312 506
313 121
313 185
313 249
313 377
313 441
313 494
313 505
313 536
314 42
314 122
314 186
314 250
314 378
314 442
314 506
314 888
314 1146
315 123
315 187
315 251
315 379
315 443
315 448
315 507
315 748
316 28
316 99
316 124
316 185
316 186
316 188
316 252
316 380
316 444
316 508
316 628
317 125
317 189
317 253
317 381
317 445
317 468
317 509
317 853
317 981
318 126
318 190
318 254
318 382
318 446
318 510
318 863
318 956
318 1082
319 127
319 191
319 255
319 383
319 447
319 511
319 558
319 767
319 881
319 1023
320 128
320 192
320 256
320 384
320 448
320 512
320 1042
321 5
321 13
321 15
321 19
321 65
321 77
321 79
321 83
321 129
321 141
321 143
321 147
321 193
321 197
321 205
321 207
321 211
321 257
321 261
321 271
321 275
321 325
321 333
321 335
321 339
321 385
321 389
321 399
321 403
321 449
321 453
321 463
321 467
321 513
321 517
321 527
321 581
321 591
321 645
321 709
321 719
321 847
321 901
321 911
321 965
321 975
321 1032
321 1037
321 1039
321 1093
321 1101
321 1157
321 1165
321 1229
322 130
322 194
322 258
322 386
322 450
322 514
322 586
323 131
323 195
323 259
323 347
323 387
323 451
323 515
324 132
324 196
324 260
324 388
324 452
324 516
324 1106
325 5
325 15
325 19
325 65
325 69
325 77
325 79
325 83
325 133
325 141
325 143
325 147
325 197
325 205
325 207
325 211
325 261
325 271
325 275
325 321
325 335
325 339
325 389
325 399
325 403
325 453
325 463
325 517
325 518
325 581
325 591
325 646
325 709
325 710
325 774
325 838
325 902
325 911
325 966
325 975
325 1030
325 1039
325 1094
325 1103
325 1158
325 1165
325 1167
326 6
326 70
326 134
326 198
326 262
326 390
326 454
326 518
326 582
326 646
326 710
326 774
326 838
326 902
326 966
326 1030
326 1094
326 1158
327 135
327 199
327 263
327 391
327 451
327 455
327 519
328 9
328 73
328 136
328 137
328 200
328 201
328 264
328 265
328 392
328 456
328 520
328 584
328 648
328 712
328 773
328 837
328 904
328 968
328 1029
328 1096
328 1160
328 1224
329 137
329 201
329 265
329 393
329 457
329 521
330 138
330 202
330 266
330 394
330 458
330 522
331 139
331 203
331 267
331 395
331 459
331 523
332 140
332 204
332 268
332 396
332 460
332 524
332 659
333 1
333 13
333 15
333 19
333 65
333 77
333 115
333 129
333 141
333 147
333 193
333 205
333 207
333 211
333 269
333 271
333 275
333 321
333 339
333 385
333 397
333 403
333 449
333 461
333 467
333 517
333 525
333 527
333 581
333 591
333 645
333 709
333 719
333 847
333 901
333 911
333 965
333 975
333 1032
333 1037
333 1039
333 1093
333 1101
333 1157
334 142
334 206
334 270
334 398
334 462
334 526
335 5
335 15
335 19
335 65
335 69
335 77
335 79
335 83
335 133
335 141
335 143
335 147
335 197
335 205
335 207
335 211
335 261
335 271
335 275
335 321
335 325
335 339
335 389
335 399
335 403
335 453
335 463
335 517
335 518
335 527
335 581
335 591
335 646
335 709
335 710
335 774
335 838
335 902
335 911
335 966
335 975
335 1030
335 1039
335 1094
335 1103
335 1158
335 1165
335 1167
336 144
336 208
336 272
336 400
336 464
336 528
337 145
337 209
337 273
337 401
337 465
337 529
338 146
338 210
338 274
338 402
338 466
338 530
338 1126
339 5
339 13
339 15
339 19
339 65
339 69
339 77
339 79
339 83
339 129
339 141
339 143
339 147
339 193
339 197
339 205
339 207
339 211
339 261
339 271
339 275
339 321
339 325
339 333
339 335
339 385
339 389
339 399
339 403
339 449
339 453
339 463
339 467
339 517
339 527
339 531
339 581
339 591
339 645
339 709
339 719
339 847
339 911
339 975
339 1032
339 1039
339 1093
339 1101
339 1103
339 1157
339 1165
339 1221
339 1229
340 148
340 212
340 276
340 375
340 404
340 468
340 532
340 725
340 937
340 1127
340 1232
340 1255
341 149
341 213
341 277
341 405
341 469
341 533
341 1005
342 150
342 214
342 278
342 406
342 470
342 534
343 151
343 180
343 215
343 279
343 407
343 471
343 535
343 699
343 946
344 90
344 152
344 215
344 216
344 280
344 408
344 472
344 536
344 827
344 1045
344 1207
345 153
345 217
345 281
345 409
345 473
345 537
345 1185
346 154
346 218
346 282
346 410
346 474
346 538
346 690
347 155
347 219
347 283
347 323
347 411
347 475
347 539
348 156
348 220
348 284
348 412
348 476
348 530
348 540
348 1057
349 157
349 221
349 285
349 413
349 477
349 541
350 158
350 202
350 222
350 286
350 414
350 478
350 542
351 159
351 223
351 287
351 415
351 479
351 543
351 984
351 1128
352 160
352 224
352 288
352 416
352 480
352 544
352 973
353 161
353 225
353 289
353 417
353 438
353 481
353 545
354 162
354 226
354 290
354 418
354 482
354 546
354 1133
355 163
355 227
355 234
355 291
355 419
355 483
355 547
355 601
355 1061
356 164
356 228
356 292
356 420
356 484
356 548
357 165
357 229
357 293
357 421
357 485
357 549
357 726
358 166
358 230
358 294
358 422
358 486
358 550
358 778
358 1120
359 50
359 167
359 231
359 291
359 295
359 423
359 487
359 551
359 1121
360 52
360 168
360 232
360 296
360 424
360 488
360 552
360 896
360 1077
360 1142
361 169
361 233
361 297
361 425
361 489
361 553
361 722
362 170
362 234
362 253
362 298
362 426
362 432
362 440
362 447
362 490
362 538
362 554
362 856
362 980
362 1003
362 1200
363 171
363 235
363 299
363 427
363 491
363 555
363 611
363 1175
364 172
364 236
364 300
364 428
364 492
364 556
364 913
365 173
365 237
365 301
365 429
365 493
365 557
365 1196
366 174
366 238
366 302
366 430
366 494
366 558
366 572
366 660
366 815
367 39
367 175
367 239
367 303
367 431
367 495
367 559
368 127
368 176
368 240
368 304
368 432
368 496
368 560
368 791
369 61
369 177
369 241
369 305
369 433
369 441
369 497
369 561
369 858
370 178
370 242
370 306
370 434
370 498
370 562
370 1010
371 179
371 243
371 307
371 435
371 499
371 563
371 1267
372 180
372 244
372 308
372 415
372 436
372 500
372 564
372 876
372 1139
373 0
373 181
373 245
373 309
373 405
373 437
373 501
373 565
374 162
374 182
374 246
374 310
374 438
374 502
374 566
375 183
375 247
375 311
375 340
375 439
375 503
375 567
375 725
375 937
375 1127
375 1232
375 1255
376 35
376 184
376 248
376 312
376 440
376 504
376 507
376 568
376 1001
376 1183
377 60
377 185
377 248
377 249
377 313
377 441
377 505
377 569
377 682
377 916
377 1145
377 1278
378 186
378 249
378 250
378 314
378 442
378 506
378 570
378 656
378 665
379 187
379 251
379 315
379 443
379 507
379 571
379 1193
380 48
380 188
380 252
380 316
380 444
380 508
380 572
380 599
380 1084
380 1276
381 24
381 189
381 253
381 317
381 445
381 509
381 573
381 596
381 1240
382 190
382 254
382 318
382 446
382 510
382 574
383 191
383 235
383 255
383 319
383 447
383 511
383 575
383 1007
383 1016
384 192
384 256
384 320
384 406
384 448
384 512
384 576
385 1
385 13
385 19
385 65
385 77
385 115
385 129
385 141
385 193
385 205
385 211
385 257
385 275
385 321
385 333
385 339
385 403
385 449
385 467
385 513
385 527
385 577
385 581
385 591
385 645
385 709
385 719
385 847
385 901
385 911
385 965
385 975
385 1032
385 1037
385 1093
385 1101
385 1157
385 1221
385 1229
386 194
386 224
386 258
386 322
386 450
386 514
386 578
387 195
387 259
387 323
387 451
387 515
387 579
388 196
388 260
388 324
388 452
388 516
388 580
388 1110
389 5
389 15
389 19
389 65
389 69
389 77
389 79
389 83
389 133
389 141
389 143
389 147
389 197
389 205
389 207
389 211
389 261
389 271
389 275
389 321
389 325
389 335
389 339
389 399
389 403
389 453
389 463
389 517
389 518
389 581
389 591
389 646
389 709
389 710
389 774
389 838
389 902
389 911
389 966
389 975
389 1030
389 1039
389 1094
389 1103
389 1158
389 1165
389 1167
389 1221
389 1222
389 1229
389 1231
390 6
390 70
390 134
390 198
390 262
390 326
390 454
390 518
390 582
390 646
390 710
390 774
390 838
390 902
390 966
390 1030
390 1094
390 1158
390 1222
390 1231
391 199
391 263
391 327
391 455
391 519
391 583
392 9
392 73
392 137
392 200
392 201
392 264
392 265
392 328
392 456
392 520
392 584
392 648
392 712
392 773
392 837
392 904
392 968
392 1029
392 1096
392 1160
392 1224
393 201
393 265
393 329
393 457
393 521
393 585
394 78
394 202
394 266
394 330
394 411
394 458
394 522
394 586
395 203
395 267
395 331
395 459
395 523
395 587
396 204
396 268
396 332
396 460
396 524
396 588
397 205
397 269
397 333
397 461
397 525
397 589
398 206
398 270
398 334
398 462
398 526
398 590
399 5
399 15
399 19
399 65
399 69
399 77
399 79
399 83
399 129
399 133
399 141
399 143
399 147
399 197
399 205
399 207
399 211
399 261
399 271
399 275
399 321
399 325
399 335
399 339
399 389
399 403
399 453
399 463
399 517
399 518
399 527
399 581
399 591
399 646
399 709
399 710
399 774
399 838
399 902
399 911
399 966
399 975
399 1030
399 1039
399 1094
399 1103
399 1158
399 1165
399 1167
399 1221
399 1222
399 1229
399 1231
400 208
400 272
400 336
400 464
400 528
400 592
400 823
401 209
401 273
401 337
401 465
401 529
401 593
402 159
402 169
402 210
402 274
402 338
402 466
402 530
402 594
403 5
403 13
403 15
403 19
403 65
403 69
403 77
403 79
403 83
403 129
403 133
403 141
403 143
403 147
403 193
403 197
403 205
403 207
403 211
403 261
403 271
403 275
403 321
403 325
403 333
403 335
403 339
403 385
403 389
403 399
403 449
403 453
403 463
403 467
403 517
403 527
403 531
403 581
403 591
403 595
403 645
403 709
403 847
403 911
403 975
403 1032
403 1039
403 1093
403 1103
403 1157
403 1165
403 1167
403 1221
403 1229
404 212
404 237
404 276
404 340
404 468
404 490
404 532
404 596
404 1140
405 0
405 213
405 277
405 341
405 373
405 469
405 533
405 597
406 214
406 278
406 342
406 384
406 470
406 534
406 598
407 116
407 215
407 279
407 343
407 471
407 535
407 599
407 612
407 793
407 1176
407 1266
408 216
408 280
408 344
408 471
408 472
408 536
408 600
408 663
408 1049
409 217
409 281
409 345
409 473
409 537
409 601
409 950
409 1113
410 218
410 282
410 346
410 474
410 509
410 538
410 565
410 602
410 874
411 78
411 219
411 266
411 283
411 347
411 394
411 475
411 539
411 603
412 220
412 284
412 348
412 476
412 540
412 562
412 604
413 200
413 221
413 285
413 349
413 477
413 541
413 605
414 222
414 274
414 286
414 350
414 478
414 542
414 606
415 223
415 287
415 351
415 372
415 479
415 543
415 607
415 876
415 1139
416 224
416 288
416 352
416 480
416 544
416 608
417 225
417 232
417 289
417 353
417 481
417 545
417 609
418 45
418 226
418 290
418 354
418 482
418 498
418 546
418 610
418 708
419 227
419 291
419 298
419 355
419 483
419 547
419 611
419 750
419 912
420 228
420 292
420 356
420 484
420 548
420 612
420 1188
421 229
421 293
421 357
421 476
421 485
421 549
421 613
422 230
422 243
422 294
422 358
422 486
422 550
422 614
422 1043
423 231
423 295
423 359
423 487
423 551
423 615
423 822
423 1046
424 232
424 296
424 360
424 488
424 491
424 552
424 616
424 942
425 233
425 297
425 361
425 489
425 553
425 617
425 974
426 101
426 234
426 298
426 362
426 490
426 554
426 568
426 618
426 935
426 1202
427 235
427 299
427 363
427 491
427 555
427 619
427 943
428 236
428 300
428 364
428 492
428 556
428 620
428 795
429 237
429 301
429 365
429 493
429 557
429 621
429 662
430 238
430 302
430 366
430 494
430 558
430 622
430 805
430 1123
430 1131
430 1172
431 239
431 303
431 367
431 495
431 559
431 623
431 759
431 1236
432 240
432 253
432 304
432 362
432 368
432 440
432 447
432 496
432 538
432 560
432 624
432 856
432 980
432 1003
432 1200
433 124
433 241
433 305
433 369
433 497
433 561
433 625
434 117
434 242
434 306
434 370
434 498
434 562
434 607
434 626
435 243
435 307
435 371
435 499
435 563
435 627
436 244
436 308
436 372
436 500
436 564
436 628
437 245
437 309
437 373
437 501
437 553
437 565
437 629
437 735
437 930
438 246
438 310
438 353
438 374
438 502
438 566
438 630
439 247
439 311
439 375
439 503
439 567
439 631
440 248
440 253
440 312
440 362
440 376
440 432
440 447
440 504
440 538
440 568
440 632
440 856
440 980
440 1003
440 1200
441 61
441 249
441 313
441 369
441 377
441 505
441 569
441 633
441 858
442 250
442 314
442 378
442 506
442 570
442 619
442 634
443 251
443 315
443 379
443 507
443 571
443 635
444 62
444 63
444 252
444 304
444 316
444 380
444 508
444 572
444 636
444 752
444 792
445 253
445 317
445 381
445 483
445 509
445 573
445 637
445 1015
446 254
446 318
446 382
446 510
446 574
446 616
446 625
446 638
447 253
447 255
447 319
447 362
447 383
447 432
447 440
447 511
447 538
447 575
447 639
447 856
447 980
447 1003
447 1200
448 256
448 315
448 320
448 384
448 512
448 576
448 640
448 748
449 1
449 13
449 19
449 65
449 77
449 115
449 129
449 141
449 193
449 205
449 211
449 257
449 275
449 321
449 333
449 339
449 385
449 403
449 467
449 513
449 517
449 527
449 577
449 581
449 591
449 641
449 645
449 709
449 719
449 847
449 901
449 911
449 965
449 975
449 1032
449 1037
449 1093
449 1101
449 1157
449 1221
449 1229
450 258
450 322
450 386
450 514
450 578
450 642
451 259
451 323
451 327
451 387
451 515
451 579
451 643
452 260
452 324
452 388
452 516
452 580
452 644
453 5
453 15
453 19
453 65
453 69
453 77
453 79
453 83
453 133
453 141
453 143
453 147
453 197
453 205
453 207
453 211
453 261
453 271
453 275
453 321
453 325
453 335
453 339
453 389
453 399
453 403
453 463
453 517
453 518
453 581
453 591
453 645
453 646
453 709
453 710
453 774
453 838
453 902
453 911
453 966
453 975
453 1030
453 1039
453 1094
453 1103
453 1158
453 1165
453 1167
453 1221
453 1222
453 1229
453 1231
454 6
454 70
454 134
454 198
454 262
454 326
454 390
454 518
454 582
454 646
454 710
454 774
454 838
454 902
454 966
454 1030
454 1094
454 1158
454 1167
454 1222
454 1231
455 263
455 270
455 327
455 391
455 519
455 583
455 647
455 970
455 1100
456 9
456 73
456 137
456 201
456 264
456 265
456 328
456 392
456 520
456 584
456 648
456 712
456 773
456 837
456 904
456 968
456 1029
456 1096
456 1160
456 1224
457 265
457 329
457 393
457 521
457 585
457 649
458 266
458 330
458 394
458 522
458 586
458 650
459 267
459 331
459 395
459 523
459 587
459 651
460 268
460 332
460 396
460 524
460 588
460 652
461 1
461 67
461 115
461 269
461 333
461 397
461 525
461 589
461 653
461 719
461 776
461 840
461 901
461 965
461 1037
461 1101
462 270
462 334
462 398
462 526
462 590
462 641
462 654
463 5
463 15
463 19
463 65
463 69
463 77
463 79
463 83
463 129
463 133
463 141
463 143
463 147
463 197
463 205
463 207
463 211
463 261
463 271
463 275
463 321
463 325
463 335
463 339
463 389
463 399
463 403
463 453
463 467
463 517
463 527
463 581
463 591
463 646
463 655
463 709
463 710
463 774
463 838
463 911
463 966
463 975
463 1030
463 1039
463 1094
463 1103
463 1158
463 1165
463 1167
463 1221
463 1222
463 1229
463 1231
464 272
464 336
464 400
464 528
464 592
464 656
464 865
464 1257
465 273
465 337
465 401
465 529
465 593
465 657
466 274
466 338
466 402
466 530
466 594
466 658
467 13
467 15
467 19
467 65
467 77
467 129
467 141
467 147
467 193
467 205
467 207
467 211
467 271
467 275
467 321
467 333
467 339
467 385
467 403
467 449
467 463
467 517
467 527
467 531
467 581
467 591
467 595
467 645
467 659
467 709
467 719
467 847
467 901
467 911
467 965
467 975
467 1032
467 1037
467 1039
467 1093
467 1101
467 1157
467 1165
467 1221
467 1229
468 276
468 317
468 340
468 404
468 532
468 596
468 660
468 853
468 981
469 277
469 341
469 405
469 533
469 597
469 661
469 772
470 278
470 342
470 406
470 534
470 594
470 598
470 662
471 279
471 343
471 407
471 408
471 535
471 599
471 663
471 1049
472 280
472 344
472 408
472 536
472 600
472 664
472 802
473 281
473 345
473 409
473 537
473 546
473 559
473 601
473 665
473 1076
474 282
474 346
474 410
474 538
474 602
474 666
474 674
475 102
475 283
475 347
475 411
475 539
475 603
475 642
475 667
476 284
476 348
476 412
476 421
476 540
476 604
476 668
477 285
477 349
477 413
477 541
477 605
477 669
477 721
478 286
478 350
478 414
478 542
478 606
478 670
478 716
479 287
479 351
479 415
479 543
479 607
479 671
479 1149
480 145
480 288
480 352
480 416
480 544
480 608
480 672
481 289
481 353
481 417
481 545
481 609
481 673
481 989
482 214
482 290
482 354
482 418
482 546
482 610
482 674
483 291
483 355
483 419
483 445
483 547
483 611
483 675
483 1015
484 182
484 292
484 356
484 420
484 548
484 612
484 676
485 293
485 357
485 421
485 549
485 613
485 677
486 294
486 358
486 422
486 550
486 614
486 678
487 281
487 295
487 359
487 423
487 551
487 615
487 679
488 296
488 360
488 424
488 552
488 616
488 680
488 704
489 295
489 297
489 361
489 425
489 553
489 617
489 681
489 806
489 1069
490 237
490 298
490 362
490 404
490 426
490 554
490 618
490 682
490 1140
491 363
491 424
491 427
491 555
491 619
491 683
491 942
492 300
492 364
492 428
492 556
492 620
492 684
493 301
493 365
493 429
493 557
493 621
493 685
494 302
494 313
494 366
494 430
494 536
494 558
494 622
494 686
495 84
495 110
495 112
495 303
495 367
495 431
495 559
495 623
495 687
495 768
496 126
496 304
496 368
496 432
496 560
496 624
496 688
496 754
497 305
497 369
497 433
497 560
497 561
497 625
497 636
497 1018
497 1262
498 45
498 306
498 370
498 418
498 434
498 562
498 626
498 690
498 708
499 307
499 371
499 435
499 563
499 627
499 691
500 308
500 372
500 436
500 564
500 628
500 692
500 724
500 948
500 1264
501 309
501 373
501 437
501 565
501 629
501 675
501 693
501 921
502 310
502 374
502 438
502 566
502 630
502 694
503 311
503 375
503 439
503 567
503 631
503 695
503 926
504 57
504 312
504 376
504 440
504 568
504 602
504 632
504 696
504 1012
505 121
505 313
505 377
505 441
505 569
505 633
505 697
505 744
505 1002
505 1022
505 1144
505 1150
506 122
506 312
506 314
506 378
506 442
506 570
506 634
506 698
507 35
507 315
507 376
507 379
507 443
507 571
507 635
507 699
507 1001
507 1183
508 316
508 380
508 444
508 567
508 572
508 636
508 700
508 1081
508 1134
509 317
509 381
509 410
509 445
509 565
509 573
509 637
509 701
509 874
510 88
510 318
510 382
510 446
510 574
510 638
510 702
510 1209
511 319
511 383
511 447
511 575
511 622
511 639
511 703
511 1274
512 105
512 320
512 384
512 448
512 576
512 640
512 704
513 321
513 385
513 449
513 577
513 641
513 705
513 1218
514 322
514 386
514 450
514 578
514 642
514 706
515 323
515 387
515 451
515 579
515 643
515 707
516 324
516 388
516 452
516 580
516 644
516 708
517 5
517 15
517 19
517 65
517 69
517 77
517 79
517 83
517 129
517 133
517 141
517 143
517 147
517 193
517 197
517 205
517 207
517 211
517 261
517 271
517 275
517 321
517 325
517 333
517 335
517 339
517 389
517 399
517 403
517 449
517 453
517 463
517 467
517 527
517 581
517 591
517 645
517 709
517 847
517 911
517 975
517 1032
517 1039
517 1093
517 1103
517 1157
517 1165
517 1167
517 1221
517 1229
517 1231
518 5
518 6
518 69
518 70
518 79
518 83
518 133
518 134
518 143
518 197
518 198
518 261
518 262
518 325
518 326
518 335
518 389
518 390
518 399
518 453
518 454
518 582
518 646
518 710
518 774
518 838
518 902
518 966
518 1030
518 1094
518 1103
518 1158
518 1167
518 1222
518 1231
519 327
519 391
519 455
519 583
519 647
519 652
519 711
520 9
520 73
520 137
520 201
520 265
520 328
520 392
520 456
520 584
520 648
520 712
520 773
520 837
520 904
520 968
520 1029
520 1096
520 1160
520 1224
521 14
521 329
521 393
521 457
521 585
521 649
521 713
522 330
522 394
522 458
522 586
522 650
522 714
522 1033
522 1182
522 1230
523 331
523 395
523 459
523 587
523 651
523 715
524 332
524 396
524 460
524 588
524 652
524 716
525 333
525 397
525 461
525 589
525 653
525 717
526 334
526 398
526 462
526 590
526 654
526 718
527 13
527 15
527 19
527 65
527 77
527 115
527 129
527 141
527 147
527 193
527 205
527 207
527 211
527 271
527 275
527 321
527 333
527 335
527 339
527 385
527 399
527 403
527 449
527 463
527 467
527 517
527 581
527 591
527 645
527 655
527 709
527 719
527 847
527 901
527 911
527 965
527 975
527 1032
527 1037
527 1039
527 1093
527 1101
527 1157
527 1221
527 1229
528 336
528 400
528 464
528 592
528 656
528 720
528 1048
529 337
529 401
529 465
529 593
529 657
529 721
529 1031
530 338
530 348
530 402
530 466
530 594
530 658
530 722
530 1057
531 339
531 403
531 467
531 595
531 659
531 723
531 1217
532 184
532 340
532 404
532 468
532 596
532 660
532 724
532 848
532 884
532 1009
533 177
533 279
533 311
533 341
533 405
533 469
533 549
533 597
533 661
533 725
533 988
534 342
534 406
534 470
534 598
534 662
534 726
535 343
535 407
535 471
535 599
535 637
535 663
535 727
535 751
535 1173
536 313
536 344
536 408
536 472
536 494
536 600
536 664
536 728
537 345
537 409
537 473
537 601
537 623
537 624
537 665
537 729
538 253
538 346
538 362
538 410
538 432
538 440
538 447
538 474
538 602
538 666
538 730
538 856
538 980
538 1003
538 1200
539 283
539 347
539 411
539 475
539 603
539 667
539 731
540 348
540 412
540 476
540 604
540 668
540 732
541 349
541 413
541 477
541 605
541 669
541 733
541 742
541 898
542 350
542 414
542 478
542 606
542 670
542 734
543 144
543 351
543 415
543 479
543 552
543 607
543 671
543 693
543 735
544 40
544 352
544 416
544 480
544 608
544 672
544 736
545 111
545 353
545 417
545 481
545 609
545 673
545 737
545 1104
546 354
546 418
546 473
546 482
546 559
546 610
546 674
546 738
546 1076
547 355
547 419
547 483
547 611
547 675
547 739
547 983
547 1137
547 1194
548 356
548 420
548 484
548 612
548 676
548 740
549 177
549 279
549 311
549 357
549 421
549 485
549 533
549 613
549 677
549 741
549 988
550 358
550 422
550 486
550 614
550 678
550 742
551 359
551 423
551 487
551 615
551 679
551 729
551 743
551 799
551 994
551 1138
551 1204
552 144
552 360
552 424
552 488
552 543
552 616
552 680
552 693
552 744
553 361
553 425
553 437
553 489
553 617
553 681
553 735
553 745
553 930
554 362
554 426
554 490
554 618
554 682
554 730
554 746
555 363
555 427
555 491
555 619
555 683
555 1072
556 256
556 364
556 428
556 492
556 620
556 684
556 748
557 365
557 429
557 493
557 621
557 685
557 749
557 763
557 1013
557 1088
558 319
558 366
558 430
558 494
558 622
558 686
558 750
558 767
558 881
558 1023
559 367
559 431
559 473
559 495
559 546
559 623
559 687
559 751
559 1076
560 368
560 432
560 496
560 497
560 624
560 636
560 688
560 752
560 1018
560 1262
561 369
561 433
561 497
561 625
561 689
561 753
561 1108
562 370
562 412
562 434
562 498
562 626
562 690
562 754
563 371
563 435
563 499
563 627
563 691
563 755
564 372
564 436
564 500
564 628
564 692
564 756
564 951
564 1180
565 373
565 410
565 437
565 501
565 509
565 629
565 693
565 757
565 874
566 374
566 438
566 502
566 630
566 694
566 758
567 375
567 439
567 503
567 508
567 631
567 695
567 759
567 1081
567 1134
568 101
568 376
568 426
568 440
568 504
568 632
568 696
568 760
568 935
568 1202
569 241
569 377
569 441
569 505
569 633
569 696
569 697
569 761
569 1239
570 378
570 442
570 506
570 634
570 698
570 762
571 379
571 443
571 507
571 635
571 699
571 763
572 366
572 380
572 444
572 508
572 636
572 660
572 700
572 764
572 815
573 381
573 445
573 509
573 637
573 701
573 765
573 1047
573 1141
574 43
574 255
574 382
574 446
574 510
574 631
574 638
574 702
574 788
574 824
575 383
575 447
575 511
575 639
575 666
575 686
575 700
575 703
575 767
575 1213
576 153
576 384
576 448
576 512
576 640
576 704
576 768
577 66
577 385
577 449
577 513
577 641
577 705
577 769
578 386
578 450
578 514
578 642
578 706
578 770
579 258
579 387
579 451
579 515
579 643
579 707
579 771
580 388
580 452
580 516
580 644
580 708
580 732
580 772
580 786
580 854
580 1116
581 5
581 15
581 19
581 65
581 69
581 77
581 79
581 83
581 129
581 133
581 141
581 143
581 147
581 193
581 197
581 205
581 207
581 211
581 261
581 271
581 275
581 321
581 325
581 333
581 335
581 339
581 385
581 389
581 399
581 403
581 449
581 453
581 463
581 467
581 517
581 527
581 591
581 645
581 709
581 773
581 847
581 911
581 975
581 1032
581 1039
581 1093
581 1103
581 1157
581 1165
581 1167
581 1221
581 1229
581 1231
582 6
582 69
582 70
582 133
582 134
582 198
582 262
582 326
582 390
582 454
582 518
582 646
582 710
582 774
582 838
582 902
582 966
582 1030
582 1094
582 1158
582 1167
582 1222
582 1231
583 391
583 455
583 519
583 647
583 711
583 775
584 9
584 73
584 137
584 201
584 265
584 328
584 392
584 456
584 520
584 648
584 712
584 773
584 776
584 837
584 904
584 968
584 1029
584 1096
584 1160
584 1224
585 393
585 457
585 521
585 649
585 713
585 777
586 322
586 394
586 458
586 522
586 650
586 714
586 778
587 395
587 459
587 523
587 651
587 715
587 779
588 396
588 460
588 524
588 652
588 716
588 780
588 940
589 397
589 461
589 525
589 653
589 717
589 781
590 398
590 462
590 526
590 654
590 718
590 782
591 5
591 13
591 15
591 19
591 65
591 69
591 77
591 79
591 83
591 129
591 133
591 141
591 143
591 147
591 193
591 197
591 205
591 207
591 211
591 261
591 271
591 275
591 321
591 325
591 333
591 335
591 339
591 385
591 389
591 399
591 403
591 449
591 453
591 463
591 467
591 517
591 527
591 581
591 645
591 655
591 709
591 719
591 783
591 847
591 911
591 975
591 1032
591 1039
591 1093
591 1103
591 1157
591 1165
591 1167
591 1221
591 1229
592 400
592 464
592 528
592 656
592 720
592 784
593 268
593 401
593 465
593 529
593 657
593 721
593 785
594 402
594 466
594 470
594 530
594 658
594 722
594 786
595 403
595 467
595 531
595 659
595 723
595 787
596 24
596 381
596 404
596 468
596 532
596 660
596 724
596 788
596 1240
597 405
597 469
597 533
597 661
597 673
597 725
597 789
597 932
598 406
598 470
598 534
598 662
598 726
598 790
598 1164
599 48
599 380
599 407
599 471
599 535
599 663
599 727
599 791
599 1084
599 1276
600 408
600 472
600 536
600 664
600 728
600 792
600 852
600 1112
601 234
601 355
601 409
601 473
601 537
601 665
601 729
601 793
601 1061
602 57
602 410
602 474
602 504
602 538
602 666
602 730
602 794
602 1012
603 411
603 475
603 539
603 667
603 731
603 795
604 412
604 476
604 540
604 644
604 668
604 732
604 796
604 955
604 1129
605 413
605 477
605 541
605 669
605 733
605 797
606 414
606 478
606 542
606 670
606 734
606 775
606 798
607 117
607 415
607 434
607 479
607 543
607 671
607 735
607 799
608 416
608 480
608 544
608 672
608 736
608 800
608 849
609 59
609 417
609 481
609 545
609 626
609 673
609 737
609 801
610 239
610 418
610 482
610 546
610 674
610 738
610 802
610 886
610 936
611 171
611 363
611 419
611 483
611 547
611 675
611 739
611 803
611 1175
612 116
612 407
612 420
612 484
612 548
612 676
612 740
612 793
612 804
612 1176
612 1266
613 21
613 421
613 485
613 549
613 677
613 741
613 805
614 422
614 486
614 550
614 678
614 742
614 806
614 925
615 296
615 302
615 423
615 487
615 551
615 679
615 743
615 745
615 807
615 917
616 424
616 446
616 488
616 552
616 625
616 680
616 744
616 808
617 425
617 489
617 553
617 681
617 745
617 809
617 1253
618 170
618 282
618 426
618 490
618 554
618 682
618 746
618 810
618 919
619 427
619 442
619 491
619 555
619 683
619 747
619 811
620 428
620 492
620 556
620 684
620 748
620 812
620 1252
621 163
621 429
621 493
621 557
621 685
621 749
621 813
621 929
621 1124
621 1216
622 430
622 494
622 511
622 558
622 686
622 750
622 814
622 1274
623 431
623 495
623 537
623 559
623 624
623 687
623 751
623 815
624 432
624 496
624 537
624 560
624 623
624 688
624 752
624 816
625 433
625 446
625 497
625 561
625 616
625 689
625 753
625 817
626 59
626 434
626 498
626 562
626 609
626 690
626 754
626 818
627 435
627 499
627 563
627 691
627 755
627 819
628 28
628 99
628 185
628 186
628 316
628 436
628 500
628 564
628 692
628 756
628 820
629 437
629 501
629 565
629 676
629 693
629 757
629 821
629 991
630 438
630 502
630 566
630 694
630 758
630 822
630 933
630 949
631 43
631 255
631 439
631 503
631 567
631 574
631 695
631 759
631 788
631 823
631 824
632 440
632 504
632 568
632 696
632 760
632 764
632 824
633 252
633 441
633 505
633 569
633 697
633 761
633 825
633 890
634 442
634 506
634 570
634 698
634 762
634 893
635 443
635 507
635 571
635 699
635 763
635 827
636 444
636 497
636 508
636 560
636 572
636 700
636 764
636 828
636 1018
636 1262
637 445
637 509
637 535
637 573
637 701
637 751
637 765
637 829
637 1173
638 446
638 510
638 574
638 702
638 766
638 1268
639 447
639 511
639 575
639 703
639 767
639 811
639 831
639 952
640 448
640 512
640 576
640 704
640 768
640 832
640 1052
641 449
641 462
641 513
641 577
641 705
641 769
641 833
642 102
642 450
642 475
642 514
642 578
642 706
642 770
642 834
643 451
643 515
643 579
643 707
643 771
643 835
644 452
644 516
644 580
644 604
644 708
644 772
644 836
644 955
644 1129
645 1
645 13
645 15
645 19
645 65
645 77
645 115
645 129
645 141
645 147
645 193
645 205
645 211
645 275
645 321
645 333
645 339
645 385
645 403
645 449
645 453
645 467
645 517
645 527
645 581
645 591
645 709
645 719
645 773
645 837
645 847
645 901
645 911
645 965
645 975
645 1032
645 1037
645 1093
645 1101
645 1157
645 1221
645 1229
646 5
646 6
646 69
646 70
646 79
646 83
646 133
646 134
646 143
646 197
646 198
646 261
646 262
646 325
646 326
646 335
646 389
646 390
646 399
646 453
646 454
646 463
646 518
646 582
646 710
646 774
646 838
646 902
646 966
646 1030
646 1094
646 1103
646 1158
646 1165
646 1167
646 1222
646 1231
647 455
647 519
647 583
647 711
647 775
647 839
647 877
648 9
648 73
648 137
648 201
648 265
648 328
648 392
648 456
648 520
648 584
648 712
648 773
648 776
648 837
648 840
648 904
648 968
648 1029
648 1096
648 1160
648 1224
649 457
649 521
649 585
649 713
649 777
649 841
649 1025
650 458
650 522
650 586
650 714
650 778
650 842
651 459
651 523
651 587
651 715
651 779
651 843
652 460
652 519
652 524
652 588
652 711
652 716
652 780
652 844
653 461
653 525
653 589
653 717
653 781
653 845
654 462
654 526
654 590
654 718
654 782
654 846
654 928
655 463
655 527
655 591
655 719
655 783
655 847
656 249
656 378
656 464
656 528
656 592
656 665
656 720
656 784
656 848
657 465
657 529
657 593
657 721
657 785
657 849
658 33
658 34
658 466
658 530
658 594
658 722
658 786
658 850
659 332
659 467
659 531
659 595
659 723
659 787
659 851
660 366
660 468
660 532
660 572
660 596
660 724
660 788
660 815
660 852
661 46
661 469
661 533
661 597
661 725
661 789
661 853
662 429
662 470
662 534
662 598
662 726
662 790
662 854
663 408
663 471
663 535
663 599
663 727
663 791
663 855
663 1049
664 58
664 472
664 536
664 600
664 728
664 762
664 792
664 856
664 867
665 249
665 378
665 473
665 537
665 601
665 656
665 729
665 793
665 857
666 474
666 538
666 575
666 602
666 686
666 700
666 730
666 794
666 858
666 1213
667 475
667 539
667 603
667 691
667 731
667 780
667 795
667 859
668 476
668 540
668 604
668 732
668 796
668 860
669 477
669 541
669 605
669 733
669 797
669 861
669 1068
669 1156
670 478
670 542
670 606
670 734
670 798
670 862
671 55
671 479
671 543
671 607
671 735
671 799
671 863
671 1247
672 108
672 480
672 544
672 608
672 736
672 800
672 864
672 1225
673 481
673 545
673 597
673 609
673 737
673 801
673 865
673 932
674 474
674 482
674 546
674 610
674 738
674 802
674 866
675 483
675 501
675 547
675 611
675 739
675 803
675 867
675 921
676 484
676 548
676 612
676 629
676 740
676 804
676 868
676 991
677 227
677 485
677 549
677 613
677 741
677 805
677 869
678 486
678 550
678 614
678 742
678 806
678 870
679 487
679 551
679 615
679 743
679 807
679 871
679 1111
679 1189
680 488
680 552
680 616
680 744
680 808
680 872
680 1136
680 1214
681 489
681 553
681 617
681 745
681 809
681 873
682 60
682 248
682 377
682 490
682 554
682 618
682 746
682 810
682 874
682 916
682 1145
682 1278
683 151
683 491
683 555
683 619
683 747
683 811
683 1021
683 1201
684 492
684 556
684 620
684 748
684 812
684 876
684 1078
685 493
685 557
685 621
685 749
685 813
685 877
686 494
686 558
686 575
686 622
686 666
686 700
686 750
686 814
686 1213
687 84
687 110
687 112
687 495
687 559
687 623
687 751
687 768
687 815
687 879
688 496
688 560
688 624
688 752
688 816
688 880
689 561
689 625
689 753
689 817
689 855
689 881
690 346
690 498
690 562
690 626
690 754
690 818
690 882
691 499
691 563
691 627
691 667
691 755
691 780
691 819
691 883
692 500
692 564
692 628
692 756
692 820
692 884
692 1019
692 1119
693 144
693 501
693 543
693 552
693 565
693 629
693 757
693 821
693 885
694 502
694 566
694 630
694 758
694 822
694 886
695 306
695 503
695 567
695 631
695 759
695 823
695 887
696 241
696 504
696 568
696 569
696 632
696 760
696 824
696 888
696 1239
697 188
697 505
697 569
697 633
697 761
697 825
697 944
698 506
698 570
698 634
698 762
698 890
699 180
699 343
699 507
699 571
699 635
699 763
699 827
699 891
699 946
700 508
700 572
700 575
700 636
700 666
700 686
700 764
700 828
700 1213
701 509
701 573
701 637
701 765
701 829
702 510
702 574
702 638
702 766
702 803
702 830
702 894
702 986
702 1063
703 511
703 575
703 639
703 767
703 831
704 488
704 512
704 576
704 640
704 768
704 832
704 896
705 513
705 577
705 641
705 769
705 833
705 897
706 172
706 514
706 578
706 642
706 770
706 834
706 898
707 515
707 579
707 643
707 771
707 835
707 899
707 969
708 45
708 418
708 498
708 516
708 580
708 644
708 772
708 836
708 900
709 5
709 13
709 15
709 19
709 65
709 69
709 77
709 79
709 83
709 129
709 141
709 143
709 147
709 193
709 197
709 205
709 207
709 211
709 261
709 271
709 275
709 321
709 325
709 333
709 335
709 339
709 385
709 389
709 399
709 403
709 449
709 453
709 463
709 467
709 517
709 527
709 581
709 591
709 645
709 719
709 773
709 837
709 847
709 901
709 911
709 975
709 1032
709 1039
709 1093
709 1101
709 1103
709 1157
709 1165
709 1221
709 1229
710 5
710 6
710 69
710 70
710 79
710 83
710 133
710 134
710 143
710 197
710 198
710 261
710 262
710 325
710 326
710 335
710 389
710 390
710 399
710 453
710 454
710 463
710 518
710 582
710 646
710 774
710 838
710 902
710 966
710 1030
710 1094
710 1103
710 1158
710 1165
710 1167
710 1222
710 1231
711 519
711 583
711 647
711 652
711 775
711 839
711 903
712 9
712 73
712 137
712 201
712 265
712 328
712 392
712 456
712 520
712 584
712 648
712 773
712 776
712 837
712 840
712 904
712 968
712 1029
712 1096
712 1160
712 1224
713 521
713 585
713 649
713 777
713 841
713 905
714 155
714 522
714 586
714 650
714 778
714 842
714 906
715 523
715 587
715 651
715 779
715 843
715 907
716 478
716 524
716 588
716 652
716 780
716 844
716 908
717 525
717 589
717 653
717 781
717 845
717 909
718 526
718 590
718 654
718 782
718 846
718 910
719 1
719 13
719 19
719 65
719 115
719 129
719 141
719 193
719 205
719 211
719 321
719 333
719 339
719 385
719 449
719 461
719 467
719 527
719 591
719 645
719 655
719 709
719 783
719 847
719 901
719 911
719 965
719 975
719 1032
719 1037
719 1093
719 1101
719 1157
720 528
720 592
720 656
720 784
720 848
720 912
721 477
721 529
721 593
721 657
721 785
721 849
721 913
722 361
722 530
722 594
722 658
722 786
722 850
722 914
723 531
723 595
723 659
723 787
723 851
723 915
724 500
724 532
724 596
724 660
724 788
724 852
724 916
724 948
724 1264
725 340
725 375
725 533
725 597
725 661
725 789
725 853
725 917
725 937
725 1127
725 1232
725 1255
726 357
726 534
726 598
726 662
726 790
726 854
726 918
727 305
727 535
727 599
727 663
727 791
727 855
727 919
728 536
728 600
728 664
728 792
728 856
728 920
728 939
728 1256
728 1258
729 537
729 551
729 601
729 665
729 793
729 799
729 857
729 921
729 994
729 1138
729 1204
730 538
730 554
730 602
730 666
730 794
730 858
730 922
731 539
731 603
731 667
731 795
731 859
731 923
731 1026
732 540
732 580
732 604
732 668
732 786
732 796
732 854
732 860
732 924
732 1116
733 230
733 541
733 605
733 669
733 797
733 861
733 925
734 542
734 606
734 670
734 798
734 862
734 926
735 437
735 543
735 553
735 607
735 671
735 799
735 863
735 927
735 930
736 544
736 608
736 672
736 800
736 864
736 928
737 25
737 181
737 545
737 609
737 673
737 801
737 865
737 929
738 546
738 610
738 674
738 802
738 866
738 930
739 547
739 611
739 675
739 803
739 867
739 931
740 103
740 548
740 612
740 676
740 804
740 868
740 932
741 549
741 613
741 677
741 805
741 869
741 933
742 541
742 550
742 614
742 678
742 806
742 870
742 898
742 934
743 551
743 615
743 679
743 807
743 871
743 927
743 935
744 121
744 505
744 552
744 616
744 680
744 808
744 872
744 936
744 1002
744 1022
744 1144
744 1150
745 296
745 302
745 553
745 615
745 617
745 681
745 809
745 873
745 917
745 937
746 47
746 554
746 618
746 682
746 760
746 810
746 874
746 938
746 1199
747 619
747 683
747 811
748 315
748 448
748 556
748 620
748 684
748 812
748 876
748 940
749 557
749 621
749 685
749 813
749 877
749 941
750 298
750 419
750 558
750 622
750 686
750 814
750 878
750 912
750 942
751 535
751 559
751 623
751 637
751 687
751 815
751 879
751 943
751 1173
752 62
752 63
752 304
752 444
752 560
752 624
752 688
752 792
752 816
752 880
752 944
753 561
753 625
753 689
753 817
753 881
754 126
754 496
754 562
754 626
754 690
754 818
754 882
754 946
755 563
755 627
755 691
755 819
755 883
755 947
756 106
756 216
756 564
756 628
756 692
756 808
756 820
756 884
756 948
756 1187
757 85
757 565
757 629
757 693
757 821
757 885
757 949
758 566
758 630
758 694
758 822
758 886
758 950
758 1036
759 431
759 567
759 631
759 695
759 823
759 887
759 951
759 1236
760 47
760 568
760 632
760 696
760 746
760 824
760 888
760 952
760 1199
761 254
761 569
761 633
761 697
761 825
761 889
761 953
761 1151
762 58
762 570
762 634
762 664
762 698
762 826
762 867
762 890
762 954
763 557
763 571
763 635
763 699
763 827
763 891
763 955
763 1013
763 1088
764 572
764 632
764 636
764 700
764 828
764 892
764 956
765 191
765 573
765 637
765 701
765 829
765 893
765 957
765 1135
766 238
766 638
766 702
766 830
766 894
767 319
767 558
767 575
767 639
767 703
767 831
767 881
767 895
767 959
767 1023
768 84
768 110
768 112
768 495
768 576
768 640
768 687
768 704
768 832
768 896
768 960
769 577
769 641
769 705
769 833
769 897
769 961
770 578
770 642
770 706
770 834
770 898
770 962
771 579
771 643
771 707
771 835
771 899
771 963
772 469
772 580
772 644
772 708
772 836
772 900
772 964
773 9
773 73
773 137
773 201
773 265
773 328
773 392
773 456
773 520
773 581
773 584
773 645
773 648
773 709
773 712
773 837
773 901
773 904
773 965
773 968
773 1029
773 1096
773 1160
773 1224
774 5
774 6
774 69
774 70
774 79
774 83
774 133
774 134
774 143
774 197
774 198
774 207
774 261
774 262
774 271
774 325
774 326
774 335
774 389
774 390
774 399
774 453
774 454
774 463
774 518
774 582
774 646
774 710
774 838
774 902
774 966
774 1030
774 1039
774 1094
774 1103
774 1158
774 1165
774 1167
774 1222
774 1231
775 583
775 606
775 647
775 711
775 839
775 903
775 967
776 1
776 67
776 115
776 461
776 584
776 648
776 712
776 840
776 901
776 904
776 965
776 968
776 1037
777 209
777 585
777 649
777 713
777 841
777 905
777 969
778 358
778 586
778 650
778 714
778 842
778 906
778 970
778 1120
779 587
779 651
779 715
779 843
779 907
779 971
780 588
780 652
780 667
780 691
780 716
780 844
780 908
780 972
781 589
781 653
781 717
781 845
781 909
781 973
782 590
782 654
782 718
782 846
782 910
782 974
783 591
783 655
783 719
783 847
783 911
783 975
784 212
784 592
784 656
784 720
784 789
784 848
784 912
784 976
784 997
784 1040
785 593
785 657
785 721
785 849
785 913
785 977
786 580
786 594
786 658
786 722
786 732
786 850
786 854
786 914
786 978
786 1116
787 18
787 595
787 659
787 723
787 851
787 915
787 979
787 1163
788 43
788 255
788 574
788 596
788 631
788 660
788 724
788 824
788 852
788 916
788 980
789 212
789 597
789 661
789 725
789 784
789 853
789 917
789 981
789 997
789 1040
790 598
790 662
790 726
790 854
790 918
790 982
790 1014
791 127
791 368
791 599
791 663
791 727
791 855
791 919
791 983
792 62
792 63
792 304
792 444
792 600
792 664
792 728
792 752
792 856
792 920
792 984
793 116
793 407
793 601
793 612
793 665
793 729
793 857
793 921
793 985
793 1176
793 1266
794 602
794 666
794 730
794 858
794 920
794 922
794 986
795 428
795 603
795 667
795 731
795 859
795 923
795 987
796 604
796 668
796 732
796 860
796 924
796 988
797 98
797 605
797 669
797 733
797 861
797 925
797 989
797 1062
798 97
798 606
798 670
798 734
798 862
798 918
798 926
798 990
798 1075
799 551
799 607
799 671
799 729
799 735
799 863
799 927
799 991
799 994
799 1138
799 1204
800 173
800 290
800 608
800 672
800 736
800 864
800 928
800 992
801 178
801 609
801 673
801 737
801 865
801 929
801 985
801 993
801 1065
801 1271
802 472
802 610
802 674
802 738
802 866
802 930
802 994
803 611
803 675
803 702
803 739
803 867
803 931
803 986
803 995
803 1063
804 31
804 293
804 612
804 676
804 740
804 868
804 932
804 996
804 1028
805 430
805 613
805 677
805 741
805 869
805 933
805 997
805 1123
805 1131
805 1172
806 295
806 297
806 489
806 614
806 678
806 742
806 870
806 934
806 998
806 1069
807 615
807 679
807 743
807 871
807 935
807 999
807 1111
807 1189
808 106
808 216
808 616
808 680
808 744
808 756
808 872
808 936
808 1000
808 1187
809 617
809 681
809 745
809 873
809 937
809 1001
810 618
810 682
810 746
810 874
810 938
810 1002
810 1006
810 1273
811 619
811 639
811 683
811 747
811 875
811 939
811 952
811 1003
812 220
812 277
812 620
812 684
812 748
812 876
812 940
812 1004
813 621
813 685
813 749
813 877
813 941
813 1005
814 622
814 686
814 750
814 878
814 942
815 366
815 572
815 623
815 660
815 687
815 751
815 879
815 943
815 1007
816 250
816 624
816 688
816 752
816 880
816 938
816 944
816 1008
817 625
817 689
817 753
817 881
817 945
817 1009
817 1208
818 626
818 690
818 754
818 882
818 946
818 1010
819 627
819 691
819 755
819 883
819 947
819 1011
820 56
820 628
820 692
820 756
820 884
820 948
820 1012
821 629
821 693
821 757
821 885
821 949
821 1013
822 423
822 630
822 694
822 758
822 886
822 950
822 1014
822 1046
823 400
823 631
823 695
823 759
823 887
823 951
823 1015
824 43
824 255
824 574
824 631
824 632
824 696
824 760
824 788
824 888
824 952
824 1016
825 254
825 633
825 697
825 761
825 889
825 953
825 1151
826 762
826 890
826 954
827 90
827 215
827 344
827 635
827 699
827 763
827 891
827 955
827 1019
827 1045
827 1207
828 636
828 700
828 764
828 892
828 956
828 1020
828 1086
829 176
829 189
829 637
829 701
829 765
829 893
829 957
829 1021
829 1265
830 702
830 766
830 894
830 958
830 1022
831 639
831 703
831 767
831 895
831 959
831 1023
831 1215
832 640
832 704
832 768
832 896
832 960
832 1024
832 1125
833 641
833 705
833 769
833 897
833 961
833 1025
834 642
834 706
834 770
834 898
834 962
834 1026
835 643
835 707
835 771
835 899
835 963
835 1027
835 1090
836 165
836 644
836 708
836 772
836 900
836 964
836 1028
837 9
837 73
837 137
837 201
837 265
837 328
837 392
837 456
837 520
837 584
837 645
837 648
837 709
837 712
837 773
837 901
837 904
837 965
837 968
837 1029
837 1096
837 1160
837 1224
838 5
838 6
838 69
838 70
838 79
838 83
838 133
838 134
838 143
838 197
838 198
838 261
838 262
838 325
838 326
838 335
838 389
838 390
838 399
838 453
838 454
838 463
838 518
838 582
838 646
838 710
838 774
838 902
838 966
838 1030
838 1094
838 1103
838 1158
838 1165
838 1167
838 1222
838 1231
839 647
839 711
839 775
839 903
839 967
839 1031
840 1
840 67
840 115
840 461
840 648
840 712
840 776
840 904
840 965
840 968
840 1032
840 1037
841 136
841 649
841 713
841 777
841 905
841 969
841 1033
842 650
842 714
842 778
842 906
842 908
842 970
842 1034
842 1243
843 651
843 715
843 779
843 907
843 971
843 1035
843 1051
844 652
844 716
844 780
844 908
844 972
844 1036
845 653
845 717
845 781
845 909
845 973
845 1037
846 654
846 718
846 782
846 910
846 974
846 1038
847 13
847 15
847 19
847 65
847 77
847 129
847 141
847 147
847 193
847 205
847 207
847 211
847 271
847 275
847 321
847 333
847 339
847 385
847 403
847 449
847 467
847 517
847 527
847 581
847 591
847 645
847 655
847 709
847 719
847 783
847 901
847 911
847 965
847 975
847 1032
847 1037
847 1039
847 1093
847 1101
847 1157
847 1221
847 1229
848 184
848 532
848 656
848 720
848 784
848 884
848 912
848 976
848 1009
848 1040
849 608
849 657
849 721
849 785
849 913
849 977
849 1041
850 658
850 722
850 786
850 914
850 978
850 1042
851 659
851 723
851 787
851 915
851 979
851 1043
852 600
852 660
852 724
852 788
852 916
852 980
852 1044
852 1112
853 317
853 468
853 661
853 725
853 789
853 917
853 981
853 1045
854 580
854 662
854 726
854 732
854 786
854 790
854 918
854 982
854 1046
854 1116
855 663
855 689
855 727
855 791
855 919
855 983
855 1047
856 253
856 362
856 432
856 440
856 447
856 538
856 664
856 728
856 792
856 920
856 980
856 984
856 1003
856 1048
856 1200
857 665
857 729
857 793
857 921
857 985
857 1049
857 1055
858 61
858 369
858 441
858 666
858 730
858 794
858 922
858 986
858 1050
859 667
859 731
859 795
859 923
859 987
859 992
859 1051
860 668
860 732
860 796
860 924
860 988
860 990
860 1052
861 669
861 733
861 797
861 925
861 989
861 1053
862 670
862 734
862 798
862 926
862 990
862 1054
862 1190
863 318
863 671
863 735
863 799
863 927
863 956
863 991
863 1055
863 1082
864 672
864 736
864 800
864 928
864 992
864 1056
865 464
865 673
865 737
865 801
865 929
865 993
865 1057
865 1257
866 23
866 674
866 738
866 802
866 930
866 994
866 1058
866 1071
867 58
867 664
867 675
867 739
867 762
867 803
867 931
867 995
867 1059
868 676
868 740
868 804
868 932
868 996
868 1060
869 677
869 741
869 805
869 933
869 997
869 1059
869 1061
870 678
870 742
870 806
870 934
870 998
870 1062
871 148
871 679
871 743
871 807
871 931
871 935
871 995
871 999
871 1000
871 1060
871 1063
871 1074
872 229
872 680
872 744
872 808
872 936
872 976
872 1000
872 1064
873 49
873 681
873 745
873 809
873 937
873 1001
873 1065
873 1237
874 410
874 509
874 565
874 682
874 746
874 810
874 938
874 1002
874 1066
875 811
875 939
875 1003
876 372
876 415
876 684
876 748
876 812
876 940
876 1004
876 1068
876 1139
877 647
877 685
877 749
877 813
877 941
877 1005
877 1069
878 750
878 814
878 942
878 958
878 1006
878 1067
879 687
879 751
879 815
879 943
879 1007
879 1020
879 1071
879 1212
880 688
880 752
880 816
880 944
880 1008
881 319
881 558
881 689
881 753
881 767
881 817
881 945
881 1009
881 1023
881 1073
882 690
882 754
882 818
882 946
882 993
882 1010
882 1074
883 691
883 755
883 819
883 947
883 1011
883 1075
884 184
884 532
884 692
884 756
884 820
884 848
884 948
884 1009
884 1012
884 1076
885 693
885 757
885 821
885 949
885 1013
885 1077
886 239
886 610
886 694
886 758
886 822
886 936
886 950
886 1014
886 1078
887 695
887 759
887 823
887 951
887 1015
887 1079
888 42
888 314
888 696
888 760
888 824
888 952
888 1016
888 1080
888 1146
889 761
889 825
889 953
889 1017
889 1073
889 1081
890 252
890 633
890 698
890 762
890 826
890 954
890 1018
890 1082
891 699
891 763
891 827
891 955
891 1019
891 1083
892 764
892 828
892 895
892 956
892 1020
893 634
893 765
893 829
893 957
893 1021
894 702
894 766
894 830
894 958
894 1017
894 1022
894 1086
895 767
895 831
895 892
895 959
895 1023
896 52
896 360
896 704
896 768
896 832
896 960
896 1024
896 1077
896 1088
896 1142
897 10
897 705
897 769
897 833
897 961
897 1025
897 1089
898 541
898 706
898 742
898 770
898 834
898 962
898 1026
898 1090
899 707
899 771
899 835
899 963
899 1027
899 1091
899 1227
900 708
900 772
900 836
900 964
900 1024
900 1028
900 1092
901 13
901 67
901 115
901 129
901 193
901 211
901 321
901 333
901 385
901 449
901 461
901 467
901 527
901 645
901 709
901 719
901 773
901 776
901 837
901 847
901 911
901 965
901 1029
901 1032
901 1037
901 1093
901 1101
901 1157
902 6
902 69
902 70
902 79
902 83
902 133
902 134
902 143
902 197
902 198
902 261
902 262
902 325
902 326
902 335
902 389
902 390
902 399
902 453
902 454
902 518
902 582
902 646
902 710
902 774
902 838
902 966
902 1030
902 1094
902 1103
902 1158
902 1167
902 1222
902 1231
903 711
903 775
903 839
903 967
903 1031
903 1095
904 9
904 73
904 137
904 201
904 265
904 328
904 392
904 456
904 520
904 584
904 648
904 712
904 773
904 776
904 837
904 840
904 968
904 1029
904 1032
904 1096
904 1160
904 1224
905 150
905 166
905 713
905 777
905 841
905 969
905 1033
905 1097
906 714
906 778
906 842
906 970
906 1034
906 1098
907 715
907 779
907 843
907 971
907 1035
907 1099
908 716
908 780
908 842
908 844
908 972
908 1036
908 1100
908 1243
909 717
909 781
909 845
909 973
909 1037
909 1101
910 718
910 782
910 846
910 974
910 1038
910 1102
911 19
911 65
911 77
911 79
911 83
911 129
911 141
911 143
911 147
911 193
911 197
911 205
911 207
911 211
911 261
911 271
911 275
911 321
911 325
911 333
911 335
911 339
911 385
911 389
911 399
911 403
911 449
911 453
911 463
911 467
911 517
911 527
911 581
911 591
911 645
911 709
911 719
911 783
911 847
911 901
911 965
911 975
911 1032
911 1039
911 1093
911 1101
911 1103
911 1157
911 1165
911 1221
911 1229
912 298
912 419
912 720
912 750
912 784
912 848
912 976
912 1040
912 1104
913 364
913 721
913 785
913 849
913 977
913 1041
913 1105
914 233
914 722
914 786
914 850
914 978
914 1042
914 1106
915 723
915 787
915 851
915 979
915 1043
915 1107
916 60
916 248
916 377
916 682
916 724
916 788
916 852
916 980
916 1044
916 1108
916 1145
916 1278
917 296
917 302
917 615
917 725
917 745
917 789
917 853
917 981
917 1045
917 1109
918 97
918 726
918 790
918 798
918 854
918 982
918 1046
918 1075
918 1110
919 170
919 282
919 618
919 727
919 791
919 855
919 983
919 1047
919 1111
920 728
920 792
920 794
920 856
920 984
920 1048
920 1112
921 501
921 675
921 729
921 793
921 857
921 985
921 1049
921 1113
922 175
922 730
922 794
922 858
922 986
922 1050
922 1114
923 156
923 247
923 731
923 795
923 859
923 987
923 1051
923 1115
924 732
924 796
924 860
924 988
924 1052
924 1116
924 1178
925 614
925 733
925 797
925 861
925 989
925 1053
925 1117
926 503
926 734
926 798
926 862
926 990
926 1054
926 1118
927 735
927 743
927 799
927 863
927 991
927 1055
927 1119
928 654
928 736
928 800
928 864
928 992
928 1056
928 1120
929 163
929 621
929 737
929 801
929 865
929 993
929 1057
929 1121
929 1124
929 1216
930 437
930 553
930 735
930 738
930 802
930 866
930 994
930 1058
930 1122
931 148
931 739
931 803
931 867
931 871
931 995
931 1000
931 1059
931 1060
931 1074
931 1123
932 597
932 673
932 740
932 804
932 868
932 996
932 1060
932 1124
933 630
933 741
933 805
933 869
933 949
933 997
933 1061
933 1125
934 742
934 806
934 870
934 998
934 1062
934 1126
935 101
935 426
935 568
935 743
935 807
935 871
935 999
935 1063
935 1127
935 1202
936 239
936 610
936 744
936 808
936 872
936 886
936 1000
936 1064
936 1128
937 340
937 375
937 725
937 745
937 809
937 873
937 1001
937 1065
937 1127
937 1129
937 1232
937 1255
938 250
938 746
938 810
938 816
938 874
938 1002
938 1066
938 1130
939 728
939 811
939 875
939 1003
939 1067
939 1131
939 1256
939 1258
940 588
940 748
940 812
940 876
940 1004
940 1068
940 1132
941 749
941 813
941 877
941 1005
941 1069
941 1133
941 1203
942 424
942 491
942 750
942 814
942 878
942 1006
942 1070
942 1134
943 427
943 751
943 815
943 879
943 1007
943 1071
943 1135
944 188
944 697
944 752
944 816
944 880
944 1008
944 1072
944 1136
945 107
945 190
945 817
945 881
945 1009
945 1073
945 1137
946 180
946 343
946 699
946 754
946 818
946 882
946 1010
946 1074
946 1138
947 755
947 819
947 883
947 1011
947 1075
947 1139
948 500
948 724
948 756
948 820
948 884
948 1012
948 1076
948 1140
948 1264
949 630
949 757
949 821
949 885
949 933
949 1013
949 1077
949 1141
950 409
950 758
950 822
950 886
950 1014
950 1078
950 1113
950 1142
951 564
951 759
951 823
951 887
951 1015
951 1079
951 1143
951 1180
952 639
952 760
952 811
952 824
952 888
952 1016
952 1080
952 1144
953 761
953 825
953 889
953 1017
953 1081
953 1145
954 762
954 826
954 890
954 1018
954 1050
954 1082
954 1130
954 1146
955 604
955 644
955 763
955 827
955 891
955 1019
955 1083
955 1129
955 1147
956 318
956 764
956 828
956 863
956 892
956 1020
956 1082
956 1084
956 1148
957 191
957 765
957 829
957 893
957 1021
957 1085
957 1135
957 1149
958 830
958 878
958 894
958 1022
958 1067
958 1086
958 1150
959 174
959 767
959 831
959 895
959 1023
959 1087
959 1148
959 1151
959 1195
960 109
960 223
960 228
960 768
960 832
960 896
960 1024
960 1088
960 1152
960 1211
961 769
961 833
961 897
961 1025
961 1089
961 1153
962 770
962 834
962 898
962 1026
962 1090
962 1154
963 771
963 835
963 899
963 1027
963 1091
963 1155
964 772
964 836
964 900
964 1028
964 1092
964 1156
965 1
965 115
965 129
965 193
965 321
965 333
965 385
965 449
965 461
965 467
965 527
965 645
965 719
965 773
965 776
965 837
965 840
965 847
965 901
965 911
965 1029
965 1032
965 1037
965 1093
965 1101
965 1157
966 6
966 133
966 134
966 143
966 197
966 198
966 261
966 262
966 325
966 326
966 335
966 389
966 390
966 399
966 453
966 454
966 463
966 518
966 582
966 646
966 710
966 774
966 838
966 902
966 1030
966 1094
966 1103
966 1158
966 1165
966 1167
966 1222
966 1231
967 27
967 775
967 839
967 903
967 1031
967 1095
967 1159
968 9
968 73
968 137
968 201
968 265
968 328
968 392
968 456
968 520
968 584
968 648
968 712
968 773
968 776
968 837
968 840
968 904
968 1029
968 1032
968 1096
968 1160
968 1224
969 707
969 777
969 841
969 905
969 1033
969 1097
969 1161
970 270
970 455
970 778
970 842
970 906
970 1034
970 1098
970 1100
970 1162
971 779
971 843
971 907
971 1035
971 1099
971 1155
971 1163
972 780
972 844
972 908
972 1036
972 1100
972 1164
973 352
973 781
973 845
973 909
973 1037
973 1101
973 1165
974 425
974 782
974 846
974 910
974 1038
974 1102
974 1166
975 19
975 65
975 77
975 129
975 133
975 141
975 143
975 147
975 193
975 197
975 205
975 207
975 211
975 261
975 271
975 275
975 321
975 325
975 333
975 335
975 339
975 385
975 389
975 399
975 403
975 449
975 453
975 463
975 467
975 517
975 527
975 581
975 591
975 645
975 709
975 719
975 783
975 847
975 911
975 1032
975 1039
975 1093
975 1101
975 1103
975 1157
975 1165
975 1167
975 1221
975 1229
976 229
976 784
976 848
976 872
976 912
976 1040
976 1104
976 1168
977 785
977 849
977 913
977 1041
977 1105
977 1169
978 786
978 850
978 914
978 1042
978 1106
978 1170
979 51
979 787
979 851
979 915
979 1043
979 1099
979 1107
979 1171
980 253
980 362
980 432
980 440
980 447
980 538
980 788
980 852
980 856
980 916
980 1003
980 1044
980 1108
980 1172
980 1200
981 317
981 468
981 789
981 853
981 917
981 1045
981 1109
981 1173
982 260
982 790
982 854
982 918
982 1046
982 1110
982 1174
982 1234
983 547
983 791
983 855
983 919
983 1047
983 1111
983 1137
983 1175
983 1194
984 351
984 792
984 856
984 920
984 1048
984 1112
984 1128
984 1176
985 178
985 793
985 801
985 857
985 921
985 1049
985 1065
985 1113
985 1177
985 1271
986 702
986 794
986 803
986 858
986 922
986 1050
986 1063
986 1114
986 1178
987 795
987 859
987 923
987 1051
987 1115
987 1179
988 177
988 279
988 311
988 533
988 549
988 796
988 860
988 924
988 1052
988 1116
988 1180
989 481
989 797
989 861
989 925
989 1053
989 1117
989 1181
990 798
990 860
990 862
990 926
990 1054
990 1118
990 1182
991 629
991 676
991 799
991 863
991 927
991 1055
991 1119
991 1183
992 800
992 859
992 864
992 928
992 1056
992 1120
992 1184
993 801
993 865
993 882
993 929
993 1057
993 1121
993 1185
994 551
994 729
994 799
994 802
994 866
994 930
994 1058
994 1122
994 1138
994 1186
994 1204
995 148
995 803
995 867
995 871
995 931
995 1000
995 1059
995 1060
995 1074
995 1123
995 1187
996 804
996 868
996 932
996 1004
996 1054
996 1060
996 1124
996 1188
997 212
997 784
997 789
997 805
997 869
997 933
997 1040
997 1061
997 1125
997 1189
998 806
998 870
998 934
998 1062
998 1126
998 1190
999 807
999 871
999 935
999 1063
999 1122
999 1127
999 1191
1000 148
1000 808
1000 871
1000 872
1000 931
1000 936
1000 995
1000 1060
1000 1064
1000 1074
1000 1128
1000 1192
1001 35
1001 376
1001 507
1001 809
1001 873
1001 937
1001 1065
1001 1129
1001 1183
1001 1193
1002 121
1002 505
1002 744
1002 810
1002 874
1002 938
1002 1022
1002 1066
1002 1130
1002 1144
1002 1150
1002 1194
1003 253
1003 362
1003 432
1003 440
1003 447
1003 538
1003 811
1003 856
1003 875
1003 939
1003 980
1003 1067
1003 1131
1003 1195
1003 1200
1004 812
1004 876
1004 940
1004 996
1004 1054
1004 1068
1004 1132
1004 1196
1005 341
1005 813
1005 877
1005 941
1005 1069
1005 1133
1005 1197
1006 810
1006 878
1006 942
1006 1070
1006 1134
1006 1273
1007 235
1007 383
1007 815
1007 879
1007 943
1007 1016
1007 1071
1007 1135
1007 1199
1008 816
1008 880
1008 944
1008 1072
1008 1136
1008 1200
1008 1259
1009 184
1009 532
1009 817
1009 848
1009 881
1009 884
1009 945
1009 1073
1009 1137
1009 1201
1010 370
1010 818
1010 882
1010 946
1010 1074
1010 1138
1010 1202
1011 819
1011 883
1011 947
1011 1075
1011 1139
1011 1203
1012 57
1012 504
1012 602
1012 820
1012 884
1012 948
1012 1076
1012 1140
1012 1204
1013 557
1013 763
1013 821
1013 885
1013 949
1013 1077
1013 1088
1013 1141
1013 1205
1014 790
1014 822
1014 886
1014 950
1014 1078
1014 1142
1014 1206
1015 445
1015 483
1015 823
1015 887
1015 951
1015 1079
1015 1143
1015 1207
1016 235
1016 383
1016 824
1016 888
1016 952
1016 1007
1016 1080
1016 1144
1016 1208
1017 889
1017 894
1017 953
1017 1081
1017 1145
1017 1209
1018 497
1018 560
1018 636
1018 890
1018 954
1018 1082
1018 1146
1018 1262
1019 692
1019 827
1019 891
1019 955
1019 1083
1019 1119
1019 1147
1019 1211
1020 828
1020 879
1020 892
1020 956
1020 1084
1020 1148
1020 1212
1021 151
1021 683
1021 829
1021 893
1021 957
1021 1085
1021 1149
1021 1201
1021 1213
1022 121
1022 505
1022 744
1022 830
1022 894
1022 958
1022 1002
1022 1086
1022 1144
1022 1150
1022 1214
1023 319
1023 558
1023 767
1023 831
1023 881
1023 895
1023 959
1023 1087
1023 1151
1023 1215
1024 832
1024 896
1024 900
1024 960
1024 1088
1024 1152
1024 1216
1025 649
1025 833
1025 897
1025 961
1025 1089
1025 1153
1025 1217
1026 731
1026 834
1026 898
1026 962
1026 1090
1026 1154
1026 1218
1027 8
1027 835
1027 899
1027 963
1027 1091
1027 1155
1027 1219
1028 31
1028 293
1028 804
1028 836
1028 900
1028 964
1028 1092
1028 1156
1028 1220
1029 9
1029 73
1029 137
1029 201
1029 265
1029 328
1029 392
1029 456
1029 520
1029 584
1029 648
1029 712
1029 773
1029 837
1029 901
1029 904
1029 965
1029 968
1029 1093
1029 1096
1029 1157
1029 1160
1029 1221
1029 1224
1030 6
1030 197
1030 198
1030 261
1030 262
1030 325
1030 326
1030 335
1030 389
1030 390
1030 399
1030 453
1030 454
1030 463
1030 518
1030 582
1030 646
1030 710
1030 774
1030 838
1030 902
1030 966
1030 1094
1030 1103
1030 1158
1030 1165
1030 1167
1030 1222
1030 1231
1031 529
1031 839
1031 903
1031 967
1031 1095
1031 1159
1031 1223
1032 13
1032 19
1032 129
1032 193
1032 205
1032 211
1032 271
1032 275
1032 321
1032 333
1032 339
1032 385
1032 403
1032 449
1032 467
1032 517
1032 527
1032 581
1032 591
1032 645
1032 709
1032 719
1032 840
1032 847
1032 901
1032 904
1032 911
1032 965
1032 968
1032 975
1032 1037
1032 1039
1032 1093
1032 1096
1032 1101
1032 1157
1032 1160
1032 1221
1032 1224
1032 1229
1033 522
1033 841
1033 905
1033 969
1033 1097
1033 1161
1033 1182
1033 1225
1033 1230
1034 263
1034 842
1034 906
1034 970
1034 1098
1034 1162
1034 1226
1035 843
1035 907
1035 971
1035 1099
1035 1163
1035 1227
1036 758
1036 844
1036 908
1036 972
1036 1100
1036 1164
1036 1228
1037 1
1037 115
1037 193
1037 321
1037 333
1037 385
1037 449
1037 461
1037 467
1037 527
1037 645
1037 719
1037 776
1037 840
1037 845
1037 847
1037 901
1037 909
1037 965
1037 973
1037 1032
1037 1093
1037 1101
1037 1157
1037 1165
1037 1229
1038 846
1038 910
1038 974
1038 1102
1038 1166
1038 1230
1039 5
1039 15
1039 77
1039 79
1039 83
1039 143
1039 147
1039 197
1039 205
1039 207
1039 211
1039 261
1039 271
1039 275
1039 321
1039 325
1039 333
1039 335
1039 339
1039 389
1039 399
1039 403
1039 453
1039 463
1039 467
1039 517
1039 527
1039 581
1039 591
1039 709
1039 774
1039 847
1039 911
1039 975
1039 1032
1039 1093
1039 1103
1039 1165
1039 1167
1039 1221
1039 1229
1039 1231
1040 212
1040 784
1040 789
1040 848
1040 912
1040 976
1040 997
1040 1104
1040 1168
1040 1232
1041 849
1041 913
1041 977
1041 1105
1041 1169
1041 1233
1042 320
1042 850
1042 914
1042 978
1042 1106
1042 1170
1042 1234
1043 243
1043 422
1043 851
1043 915
1043 979
1043 1107
1043 1171
1043 1235
1044 852
1044 916
1044 980
1044 1108
1044 1172
1044 1236
1045 90
1045 215
1045 344
1045 827
1045 853
1045 917
1045 981
1045 1109
1045 1173
1045 1207
1045 1237
1046 423
1046 822
1046 854
1046 918
1046 982
1046 1110
1046 1174
1046 1238
1047 573
1047 855
1047 919
1047 983
1047 1111
1047 1141
1047 1175
1047 1239
1048 528
1048 856
1048 920
1048 984
1048 1112
1048 1176
1048 1240
1049 408
1049 471
1049 663
1049 857
1049 921
1049 985
1049 1113
1049 1177
1049 1241
1050 858
1050 922
1050 954
1050 986
1050 1114
1050 1130
1050 1178
1050 1242
1051 843
1051 859
1051 923
1051 987
1051 1115
1051 1179
1051 1243
1052 640
1052 860
1052 924
1052 988
1052 1116
1052 1180
1052 1244
1053 861
1053 925
1053 989
1053 1117
1053 1181
1053 1245
1054 862
1054 926
1054 990
1054 996
1054 1004
1054 1118
1054 1182
1054 1246
1055 857
1055 863
1055 927
1055 991
1055 1119
1055 1183
1055 1247
1056 864
1056 928
1056 992
1056 1120
1056 1184
1056 1248
1057 348
1057 530
1057 865
1057 929
1057 993
1057 1121
1057 1185
1057 1249
1058 866
1058 930
1058 994
1058 1122
1058 1186
1058 1250
1059 867
1059 869
1059 931
1059 995
1059 1123
1059 1187
1059 1251
1060 148
1060 868
1060 871
1060 931
1060 932
1060 995
1060 996
1060 1000
1060 1074
1060 1124
1060 1188
1060 1252
1061 234
1061 355
1061 601
1061 869
1061 933
1061 997
1061 1125
1061 1189
1061 1253
1062 98
1062 797
1062 870
1062 934
1062 998
1062 1126
1062 1190
1062 1254
1063 702
1063 803
1063 871
1063 935
1063 986
1063 999
1063 1127
1063 1191
1063 1255
1064 125
1064 872
1064 936
1064 1000
1064 1079
1064 1128
1064 1192
1064 1256
1065 178
1065 801
1065 873
1065 937
1065 985
1065 1001
1065 1129
1065 1193
1065 1257
1065 1271
1066 20
1066 113
1066 874
1066 938
1066 1002
1066 1130
1066 1168
1066 1194
1066 1258
1067 878
1067 939
1067 958
1067 1003
1067 1131
1067 1195
1067 1259
1068 669
1068 876
1068 940
1068 1004
1068 1132
1068 1156
1068 1196
1068 1260
1069 295
1069 297
1069 489
1069 806
1069 877
1069 941
1069 1005
1069 1133
1069 1197
1069 1261
1070 942
1070 1006
1070 1134
1070 1198
1070 1262
1071 23
1071 866
1071 879
1071 943
1071 1007
1071 1135
1071 1199
1071 1263
1072 555
1072 944
1072 1008
1072 1136
1072 1200
1072 1264
1073 881
1073 889
1073 945
1073 1009
1073 1137
1073 1201
1073 1265
1074 148
1074 871
1074 882
1074 931
1074 946
1074 995
1074 1000
1074 1010
1074 1060
1074 1138
1074 1202
1074 1266
1075 97
1075 798
1075 883
1075 918
1075 947
1075 1011
1075 1139
1075 1203
1075 1267
1076 473
1076 546
1076 559
1076 884
1076 948
1076 1012
1076 1140
1076 1204
1076 1268
1077 52
1077 360
1077 885
1077 896
1077 949
1077 1013
1077 1141
1077 1142
1077 1205
1077 1269
1078 684
1078 886
1078 950
1078 1014
1078 1142
1078 1206
1078 1270
1079 125
1079 887
1079 951
1079 1015
1079 1064
1079 1143
1079 1207
1079 1271
1080 888
1080 952
1080 1016
1080 1144
1080 1198
1080 1208
1080 1272
1081 508
1081 567
1081 889
1081 953
1081 1017
1081 1134
1081 1145
1081 1209
1081 1273
1082 318
1082 863
1082 890
1082 954
1082 956
1082 1018
1082 1146
1082 1210
1082 1274
1083 104
1083 242
1083 287
1083 891
1083 955
1083 1019
1083 1147
1083 1211
1083 1275
1084 48
1084 380
1084 599
1084 956
1084 1020
1084 1148
1084 1212
1084 1276
1085 957
1085 1021
1085 1149
1085 1213
1085 1277
1086 828
1086 894
1086 958
1086 1022
1086 1150
1086 1214
1086 1278
1087 959
1087 1023
1087 1151
1087 1215
1088 557
1088 763
1088 896
1088 960
1088 1013
1088 1024
1088 1152
1088 1216
1089 897
1089 961
1089 1025
1089 1153
1089 1217
1090 835
1090 898
1090 962
1090 1026
1090 1154
1090 1218
1091 899
1091 963
1091 1027
1091 1155
1091 1219
1092 900
1092 964
1092 1028
1092 1156
1092 1197
1092 1220
1093 13
1093 19
1093 129
1093 193
1093 211
1093 271
1093 275
1093 321
1093 333
1093 339
1093 385
1093 403
1093 449
1093 467
1093 517
1093 527
1093 581
1093 591
1093 645
1093 709
1093 719
1093 847
1093 901
1093 911
1093 965
1093 975
1093 1029
1093 1032
1093 1037
1093 1039
1093 1101
1093 1157
1093 1221
1093 1229
1094 261
1094 262
1094 325
1094 326
1094 335
1094 389
1094 390
1094 399
1094 453
1094 454
1094 463
1094 518
1094 582
1094 646
1094 710
1094 774
1094 838
1094 902
1094 966
1094 1030
1094 1103
1094 1158
1094 1165
1094 1167
1094 1222
1094 1231
1095 903
1095 967
1095 1031
1095 1159
1095 1223
1096 9
1096 73
1096 137
1096 201
1096 265
1096 328
1096 392
1096 456
1096 520
1096 584
1096 648
1096 712
1096 773
1096 837
1096 904
1096 968
1096 1029
1096 1032
1096 1160
1096 1224
1097 86
1097 905
1097 969
1097 1033
1097 1161
1097 1225
1098 906
1098 970
1098 1034
1098 1162
1098 1226
1099 51
1099 907
1099 971
1099 979
1099 1035
1099 1163
1099 1227
1100 270
1100 455
1100 908
1100 970
1100 972
1100 1036
1100 1164
1100 1228
1101 13
1101 193
1101 321
1101 333
1101 339
1101 385
1101 449
1101 461
1101 467
1101 527
1101 645
1101 709
1101 719
1101 847
1101 901
1101 909
1101 911
1101 965
1101 973
1101 975
1101 1032
1101 1037
1101 1093
1101 1157
1101 1165
1101 1229
1102 12
1102 910
1102 974
1102 1038
1102 1166
1102 1230
1103 5
1103 69
1103 79
1103 83
1103 133
1103 143
1103 197
1103 207
1103 261
1103 271
1103 275
1103 325
1103 335
1103 339
1103 389
1103 399
1103 403
1103 453
1103 463
1103 517
1103 518
1103 581
1103 591
1103 646
1103 709
1103 710
1103 774
1103 838
1103 902
1103 911
1103 966
1103 975
1103 1030
1103 1039
1103 1094
1103 1158
1103 1165
1103 1167
1103 1221
1103 1222
1103 1229
1103 1231
1104 111
1104 545
1104 912
1104 976
1104 1040
1104 1168
1104 1232
1105 913
1105 977
1105 1041
1105 1169
1105 1233
1106 324
1106 914
1106 978
1106 1042
1106 1170
1106 1234
1107 915
1107 979
1107 1043
1107 1171
1107 1235
1108 561
1108 916
1108 980
1108 1044
1108 1172
1108 1236
1109 917
1109 981
1109 1045
1109 1173
1109 1237
1110 388
1110 918
1110 982
1110 1046
1110 1174
1110 1238
1111 679
1111 807
1111 919
1111 983
1111 1047
1111 1175
1111 1189
1111 1239
1112 600
1112 852
1112 920
1112 984
1112 1048
1112 1176
1112 1240
1113 409
1113 921
1113 950
1113 985
1113 1049
1113 1177
1113 1241
1114 922
1114 986
1114 1050
1114 1178
1114 1242
1115 923
1115 987
1115 1051
1115 1179
1115 1243
1116 580
1116 732
1116 786
1116 854
1116 924
1116 988
1116 1052
1116 1180
1116 1244
1117 925
1117 989
1117 1053
1117 1181
1117 1245
1118 199
1118 926
1118 990
1118 1054
1118 1182
1118 1246
1119 692
1119 927
1119 991
1119 1019
1119 1055
1119 1183
1119 1247
1120 358
1120 778
1120 928
1120 992
1120 1056
1120 1184
1120 1248
1121 50
1121 291
1121 359
1121 929
1121 993
1121 1057
1121 1185
1121 1249
1122 930
1122 994
1122 999
1122 1058
1122 1186
1122 1191
1122 1250
1123 430
1123 805
1123 931
1123 995
1123 1059
1123 1131
1123 1172
1123 1187
1123 1251
1124 163
1124 621
1124 929
1124 932
1124 996
1124 1060
1124 1188
1124 1216
1124 1252
1125 832
1125 933
1125 997
1125 1061
1125 1189
1125 1253
1126 338
1126 934
1126 998
1126 1062
1126 1190
1126 1254
1127 340
1127 375
1127 725
1127 935
1127 937
1127 999
1127 1063
1127 1191
1127 1232
1127 1255
1128 351
1128 936
1128 984
1128 1000
1128 1064
1128 1192
1128 1256
1129 604
1129 644
1129 937
1129 955
1129 1001
1129 1065
1129 1193
1129 1257
1130 938
1130 954
1130 1002
1130 1050
1130 1066
1130 1194
1130 1258
1131 430
1131 805
1131 939
1131 1003
1131 1067
1131 1123
1131 1172
1131 1195
1131 1259
1132 940
1132 1004
1132 1068
1132 1196
1132 1260
1133 354
1133 941
1133 1005
1133 1069
1133 1197
1133 1261
1134 508
1134 567
1134 942
1134 1006
1134 1070
1134 1081
1134 1198
1134 1262
1135 191
1135 765
1135 943
1135 957
1135 1007
1135 1071
1135 1199
1135 1263
1136 680
1136 944
1136 1008
1136 1072
1136 1200
1136 1214
1136 1264
1137 547
1137 945
1137 983
1137 1009
1137 1073
1137 1194
1137 1201
1137 1265
1138 551
1138 729
1138 799
1138 946
1138 994
1138 1010
1138 1074
1138 1202
1138 1204
1138 1266
1139 372
1139 415
1139 876
1139 947
1139 1011
1139 1075
1139 1203
1139 1267
1140 237
1140 404
1140 490
1140 948
1140 1012
1140 1076
1140 1204
1140 1268
1141 573
1141 949
1141 1013
1141 1047
1141 1077
1141 1205
1141 1269
1142 52
1142 360
1142 896
1142 950
1142 1014
1142 1077
1142 1078
1142 1206
1142 1270
1143 951
1143 1015
1143 1079
1143 1207
1143 1271
1144 121
1144 505
1144 744
1144 952
1144 1002
1144 1016
1144 1022
1144 1080
1144 1150
1144 1208
1144 1272
1145 60
1145 248
1145 377
1145 682
1145 916
1145 953
1145 1017
1145 1081
1145 1209
1145 1273
1145 1278
1146 42
1146 314
1146 888
1146 954
1146 1018
1146 1082
1146 1210
1146 1274
1147 167
1147 292
1147 955
1147 1019
1147 1083
1147 1211
1147 1275
1148 174
1148 956
1148 959
1148 1020
1148 1084
1148 1195
1148 1212
1148 1276
1149 479
1149 957
1149 1021
1149 1085
1149 1213
1149 1277
1150 121
1150 505
1150 744
1150 958
1150 1002
1150 1022
1150 1086
1150 1144
1150 1214
1150 1278
1151 254
1151 761
1151 825
1151 959
1151 1023
1151 1087
1151 1215
1151 1279
1152 960
1152 1024
1152 1088
1152 1216
1153 961
1153 1025
1153 1089
1153 1217
1154 962
1154 1026
1154 1090
1154 1218
1155 963
1155 971
1155 1027
1155 1091
1155 1219
1156 669
1156 964
1156 1028
1156 1068
1156 1092
1156 1220
1157 13
1157 129
1157 193
1157 321
1157 333
1157 339
1157 385
1157 403
1157 449
1157 467
1157 517
1157 527
1157 581
1157 591
1157 645
1157 709
1157 719
1157 847
1157 901
1157 911
1157 965
1157 975
1157 1029
1157 1032
1157 1037
1157 1093
1157 1101
1157 1221
1157 1229
1158 6
1158 325
1158 326
1158 335
1158 389
1158 390
1158 399
1158 453
1158 454
1158 463
1158 518
1158 582
1158 646
1158 710
1158 774
1158 838
1158 902
1158 966
1158 1030
1158 1094
1158 1103
1158 1165
1158 1167
1158 1222
1158 1231
1159 187
1159 967
1159 1031
1159 1095
1159 1223
1160 9
1160 73
1160 137
1160 201
1160 265
1160 328
1160 392
1160 456
1160 520
1160 584
1160 648
1160 712
1160 773
1160 837
1160 904
1160 968
1160 1029
1160 1032
1160 1096
1160 1224
1161 969
1161 1033
1161 1097
1161 1225
1161 1233
1162 158
1162 970
1162 1034
1162 1098
1162 1226
1163 18
1163 787
1163 971
1163 1035
1163 1099
1163 1227
1164 598
1164 972
1164 1036
1164 1100
1164 1228
1165 5
1165 15
1165 69
1165 79
1165 83
1165 133
1165 143
1165 147
1165 197
1165 207
1165 261
1165 271
1165 321
1165 325
1165 335
1165 339
1165 389
1165 399
1165 403
1165 453
1165 463
1165 467
1165 517
1165 581
1165 591
1165 646
1165 709
1165 710
1165 774
1165 838
1165 911
1165 966
1165 973
1165 975
1165 1030
1165 1037
1165 1039
1165 1094
1165 1101
1165 1103
1165 1158
1165 1167
1165 1221
1165 1222
1165 1229
1165 1231
1166 7
1166 974
1166 1038
1166 1102
1166 1230
1167 5
1167 69
1167 79
1167 83
1167 133
1167 143
1167 197
1167 261
1167 325
1167 335
1167 389
1167 399
1167 403
1167 453
1167 454
1167 463
1167 517
1167 518
1167 581
1167 582
1167 591
1167 646
1167 710
1167 774
1167 838
1167 902
1167 966
1167 975
1167 1030
1167 1039
1167 1094
1167 1103
1167 1158
1167 1165
1167 1221
1167 1222
1167 1229
1167 1231
1168 20
1168 113
1168 976
1168 1040
1168 1066
1168 1104
1168 1232
1169 977
1169 1041
1169 1105
1169 1233
1170 978
1170 1042
1170 1106
1170 1234
1171 979
1171 1043
1171 1107
1171 1235
1172 430
1172 805
1172 980
1172 1044
1172 1108
1172 1123
1172 1131
1172 1236
1173 535
1173 637
1173 751
1173 981
1173 1045
1173 1109
1173 1237
1174 284
1174 982
1174 1046
1174 1110
1174 1238
1175 171
1175 363
1175 611
1175 983
1175 1047
1175 1111
1175 1239
1176 116
1176 407
1176 612
1176 793
1176 984
1176 1048
1176 1112
1176 1240
1176 1266
1177 985
1177 1049
1177 1113
1177 1241
1178 924
1178 986
1178 1050
1178 1114
1178 1242
1179 987
1179 1051
1179 1115
1179 1243
1180 564
1180 951
1180 988
1180 1052
1180 1116
1180 1244
1181 989
1181 1053
1181 1117
1181 1226
1181 1245
1182 522
1182 990
1182 1033
1182 1054
1182 1118
1182 1230
1182 1246
1183 35
1183 376
1183 507
1183 991
1183 1001
1183 1055
1183 1119
1183 1247
1184 992
1184 1056
1184 1120
1184 1248
1185 345
1185 993
1185 1057
1185 1121
1185 1249
1186 154
1186 994
1186 1058
1186 1122
1186 1250
1187 106
1187 216
1187 756
1187 808
1187 995
1187 1059
1187 1123
1187 1251
1188 420
1188 996
1188 1060
1188 1124
1188 1252
1189 679
1189 807
1189 997
1189 1061
1189 1111
1189 1125
1189 1253
1190 862
1190 998
1190 1062
1190 1126
1190 1254
1191 999
1191 1063
1191 1122
1191 1127
1191 1255
1192 1000
1192 1064
1192 1128
1192 1256
1193 379
1193 1001
1193 1065
1193 1129
1193 1257
1194 547
1194 983
1194 1002
1194 1066
1194 1130
1194 1137
1194 1258
1195 174
1195 959
1195 1003
1195 1067
1195 1131
1195 1148
1195 1259
1196 365
1196 1004
1196 1068
1196 1132
1196 1260
1197 1005
1197 1069
1197 1092
1197 1133
1197 1261
1198 1070
1198 1080
1198 1134
1198 1262
1199 47
1199 746
1199 760
1199 1007
1199 1071
1199 1135
1199 1263
1200 253
1200 362
1200 432
1200 440
1200 447
1200 538
1200 856
1200 980
1200 1003
1200 1008
1200 1072
1200 1136
1200 1264
1201 151
1201 683
1201 1009
1201 1021
1201 1073
1201 1137
1201 1265
1202 101
1202 426
1202 568
1202 935
1202 1010
1202 1074
1202 1138
1202 1266
1203 941
1203 1011
1203 1075
1203 1139
1203 1267
1204 551
1204 729
1204 799
1204 994
1204 1012
1204 1076
1204 1138
1204 1140
1204 1268
1205 240
1205 1013
1205 1077
1205 1141
1205 1269
1206 1014
1206 1078
1206 1142
1206 1270
1207 90
1207 215
1207 344
1207 827
1207 1015
1207 1045
1207 1079
1207 1143
1207 1271
1208 817
1208 1016
1208 1080
1208 1144
1208 1272
1209 88
1209 510
1209 1017
1209 1081
1209 1145
1209 1273
1210 1082
1210 1146
1210 1274
1211 109
1211 223
1211 228
1211 960
1211 1019
1211 1083
1211 1147
1211 1275
1212 879
1212 1020
1212 1084
1212 1148
1212 1276
1213 575
1213 666
1213 686
1213 700
1213 1021
1213 1085
1213 1149
1213 1277
1214 680
1214 1022
1214 1086
1214 1136
1214 1150
1214 1278
1215 831
1215 1023
1215 1087
1215 1151
1215 1279
1216 163
1216 621
1216 929
1216 1024
1216 1088
1216 1124
1216 1152
1217 531
1217 1025
1217 1089
1217 1153
1218 513
1218 1026
1218 1090
1218 1154
1219 1027
1219 1091
1219 1155
1220 41
1220 1028
1220 1092
1220 1156
1221 15
1221 19
1221 65
1221 77
1221 141
1221 147
1221 205
1221 207
1221 211
1221 271
1221 275
1221 339
1221 385
1221 389
1221 399
1221 403
1221 449
1221 453
1221 463
1221 467
1221 517
1221 527
1221 581
1221 591
1221 645
1221 709
1221 847
1221 911
1221 975
1221 1029
1221 1032
1221 1039
1221 1093
1221 1103
1221 1157
1221 1165
1221 1167
1221 1229
1222 6
1222 389
1222 390
1222 399
1222 453
1222 454
1222 463
1222 518
1222 582
1222 646
1222 710
1222 774
1222 838
1222 902
1222 966
1222 1030
1222 1094
1222 1103
1222 1158
1222 1165
1222 1167
1222 1231
1223 82
1223 1031
1223 1095
1223 1159
1224 9
1224 73
1224 137
1224 201
1224 265
1224 328
1224 392
1224 456
1224 520
1224 584
1224 648
1224 712
1224 773
1224 837
1224 904
1224 968
1224 1029
1224 1032
1224 1096
1224 1160
1225 108
1225 672
1225 1033
1225 1097
1225 1161
1226 1034
1226 1098
1226 1162
1226 1181
1227 899
1227 1035
1227 1099
1227 1163
1228 300
1228 1036
1228 1100
1228 1164
1229 15
1229 19
1229 65
1229 77
1229 141
1229 147
1229 205
1229 207
1229 211
1229 271
1229 275
1229 321
1229 339
1229 385
1229 389
1229 399
1229 403
1229 449
1229 453
1229 463
1229 467
1229 517
1229 527
1229 581
1229 591
1229 645
1229 709
1229 847
1229 911
1229 975
1229 1032
1229 1037
1229 1039
1229 1093
1229 1101
1229 1103
1229 1157
1229 1165
1229 1167
1229 1221
1230 522
1230 1033
1230 1038
1230 1102
1230 1166
1230 1182
1231 133
1231 389
1231 390
1231 399
1231 453
1231 454
1231 463
1231 517
1231 518
1231 581
1231 582
1231 646
1231 710
1231 774
1231 838
1231 902
1231 966
1231 1030
1231 1039
1231 1094
1231 1103
1231 1158
1231 1165
1231 1167
1231 1222
1232 340
1232 375
1232 725
1232 937
1232 1040
1232 1104
1232 1127
1232 1168
1232 1255
1233 1041
1233 1105
1233 1161
1233 1169
1234 260
1234 982
1234 1042
1234 1106
1234 1170
1235 160
1235 1043
1235 1107
1235 1171
1236 431
1236 759
1236 1044
1236 1108
1236 1172
1237 49
1237 873
1237 1045
1237 1109
1237 1173
1238 1046
1238 1110
1238 1174
1239 241
1239 569
1239 696
1239 1047
1239 1111
1239 1175
1240 24
1240 381
1240 596
1240 1048
1240 1112
1240 1176
1241 80
1241 1049
1241 1113
1241 1177
1242 1050
1242 1114
1242 1178
1242 1272
1243 842
1243 908
1243 1051
1243 1115
1243 1179
1244 1052
1244 1116
1244 1180
1245 1053
1245 1117
1245 1181
1246 1054
1246 1118
1246 1182
1247 55
1247 671
1247 1055
1247 1119
1247 1183
1248 1056
1248 1120
1248 1184
1249 4
1249 1057
1249 1121
1249 1185
1250 1058
1250 1122
1250 1186
1251 1059
1251 1123
1251 1187
1252 620
1252 1060
1252 1124
1252 1188
1253 617
1253 1061
1253 1125
1253 1189
1254 1062
1254 1126
1254 1190
1255 340
1255 375
1255 725
1255 937
1255 1063
1255 1127
1255 1191
1255 1232
1256 728
1256 939
1256 1064
1256 1128
1256 1192
1256 1258
1257 464
1257 865
1257 1065
1257 1129
1257 1193
1258 728
1258 939
1258 1066
1258 1130
1258 1194
1258 1256
1259 1008
1259 1067
1259 1131
1259 1195
1260 1068
1260 1132
1260 1196
1261 1069
1261 1133
1261 1197
1262 497
1262 560
1262 636
1262 1018
1262 1070
1262 1134
1262 1198
1263 1071
1263 1135
1263 1199
1264 500
1264 724
1264 948
1264 1072
1264 1136
1264 1200
1265 176
1265 189
1265 829
1265 1073
1265 1137
1265 1201
1266 116
1266 407
1266 612
1266 793
1266 1074
1266 1138
1266 1176
1266 1202
1267 371
1267 1075
1267 1139
1267 1203
1268 638
1268 1076
1268 1140
1268 1204
1269 1077
1269 1141
1269 1205
1270 1078
1270 1142
1270 1206
1271 178
1271 801
1271 985
1271 1065
1271 1079
1271 1143
1271 1207
1272 1080
1272 1144
1272 1208
1272 1242
1273 810
1273 1006
1273 1081
1273 1145
1273 1209
1274 511
1274 622
1274 1082
1274 1146
1274 1210
1275 1083
1275 1147
1275 1211
1276 48
1276 380
1276 599
1276 1084
1276 1148
1276 1212
1277 1085
1277 1149
1277 1213
1278 60
1278 248
1278 377
1278 682
1278 916
1278 1086
1278 1145
1278 1150
1278 1214
1279 1151
1279 1215
