0 64
0 128
0 192
0 1034
0 1198
1 65
1 129
1 193
1 757
1 973
2 66
2 130
2 194
2 312
3 51
3 67
3 131
3 195
3 207
4 68
4 132
4 196
5 69
5 81
5 133
5 197
6 7
6 70
6 71
6 134
6 135
6 198
6 199
6 263
6 327
6 390
6 391
6 455
6 457
6 462
6 470
6 518
6 519
6 583
6 585
6 646
6 647
6 654
6 711
6 775
6 777
6 782
6 822
6 841
6 906
6 910
6 915
6 967
6 969
6 974
6 1030
6 1095
6 1102
6 1174
7 6
7 71
7 135
7 199
7 263
7 327
7 391
7 455
7 519
7 583
7 647
7 711
7 775
7 777
7 903
7 905
7 918
7 967
7 1031
7 1223
8 72
8 136
8 197
8 200
8 203
8 737
8 881
9 73
9 134
9 137
9 201
9 262
9 326
9 393
9 454
9 521
9 582
9 649
9 713
9 774
9 838
9 902
9 966
9 1033
9 1097
9 1158
9 1225
10 74
10 138
10 202
11 38
11 75
11 139
11 203
12 76
12 140
12 204
12 437
13 77
13 141
13 205
13 708
14 78
14 142
14 206
14 238
15 79
15 143
15 207
16 80
16 144
16 208
16 1167
17 81
17 145
17 209
17 765
17 1114
18 82
18 146
18 210
19 83
19 147
19 211
19 506
20 84
20 148
20 174
20 212
20 343
20 584
20 959
21 85
21 149
21 213
22 86
22 150
22 214
23 87
23 151
23 215
24 88
24 152
24 216
24 231
24 1032
24 1186
24 1271
25 89
25 153
25 217
25 716
25 1115
26 90
26 154
26 218
26 810
27 91
27 155
27 219
27 273
27 779
28 87
28 92
28 148
28 156
28 220
28 754
28 948
28 1005
29 93
29 157
29 221
29 282
29 731
29 954
29 991
29 1016
29 1201
30 94
30 158
30 222
31 95
31 159
31 223
31 311
31 486
32 96
32 160
32 224
33 97
33 161
33 225
33 1010
33 1051
34 98
34 162
34 226
35 99
35 163
35 190
35 227
35 981
35 1260
36 100
36 164
36 228
36 528
37 101
37 165
37 229
37 322
37 1089
37 1233
38 11
38 102
38 166
38 230
39 103
39 167
39 231
40 104
40 168
40 232
40 447
40 469
40 830
40 1100
41 105
41 169
41 233
41 670
42 106
42 170
42 234
42 581
42 882
43 107
43 154
43 171
43 235
43 529
44 108
44 167
44 172
44 236
44 653
44 1139
45 109
45 173
45 237
46 110
46 174
46 238
46 414
46 781
46 931
47 111
47 175
47 179
47 239
48 112
48 176
48 240
48 474
48 618
48 857
48 1259
49 113
49 114
49 177
49 241
49 318
49 608
50 114
50 178
50 242
50 677
50 1050
51 3
51 115
51 179
51 207
51 243
52 116
52 180
52 189
52 244
52 812
52 984
53 117
53 181
53 245
53 1274
54 118
54 182
54 246
54 1142
55 99
55 119
55 183
55 247
55 296
55 364
55 1076
56 120
56 184
56 248
56 1211
57 121
57 185
57 249
57 451
57 615
57 874
57 998
58 122
58 186
58 250
58 337
58 413
58 570
59 123
59 187
59 251
59 572
59 702
59 891
60 124
60 188
60 252
60 325
60 645
60 917
61 125
61 189
61 253
61 554
61 600
62 126
62 190
62 254
62 613
62 1277
63 127
63 191
63 255
63 408
63 1132
64 0
64 128
64 192
64 256
64 531
65 1
65 129
65 193
65 257
65 302
65 667
65 908
65 934
66 2
66 130
66 194
66 258
66 957
66 1138
67 3
67 95
67 115
67 131
67 195
67 259
67 304
67 785
67 1001
67 1127
68 4
68 132
68 196
68 260
68 715
68 1065
69 5
69 133
69 197
69 209
69 261
69 691
69 1054
70 6
70 71
70 134
70 135
70 137
70 198
70 199
70 262
70 329
70 390
70 457
70 458
70 462
70 470
70 518
70 585
70 646
70 647
70 654
70 710
70 775
70 777
70 782
70 822
70 839
70 841
70 886
70 906
70 915
70 950
70 1098
70 1110
70 1159
70 1161
70 1231
71 6
71 7
71 70
71 135
71 137
71 199
71 263
71 390
71 391
71 457
71 458
71 462
71 470
71 518
71 585
71 646
71 647
71 654
71 710
71 711
71 775
71 777
71 782
71 822
71 839
71 841
71 906
71 910
71 915
71 918
71 950
71 1039
71 1095
71 1098
71 1159
71 1161
71 1174
72 8
72 136
72 200
72 264
72 565
73 9
73 134
73 137
73 201
73 262
73 265
73 326
73 393
73 454
73 521
73 582
73 649
73 713
73 774
73 838
73 902
73 966
73 1033
73 1097
73 1158
73 1225
74 10
74 138
74 202
74 266
74 334
75 11
75 139
75 203
75 267
75 705
76 12
76 140
76 204
76 268
77 13
77 141
77 205
77 269
78 14
78 142
78 206
78 270
78 448
79 15
79 143
79 207
79 271
80 16
80 144
80 208
80 272
80 522
81 5
81 17
81 145
81 209
81 273
82 18
82 146
82 210
82 274
83 19
83 147
83 211
83 275
83 366
83 643
84 20
84 148
84 212
84 276
85 21
85 149
85 213
85 277
85 402
86 22
86 150
86 214
86 278
87 23
87 28
87 148
87 151
87 215
87 220
87 279
87 754
87 948
87 1005
88 24
88 152
88 216
88 280
88 372
88 743
89 25
89 153
89 205
89 217
89 257
89 281
89 1064
90 26
90 126
90 154
90 218
90 281
90 282
90 747
90 796
90 818
91 27
91 155
91 219
91 250
91 283
91 307
91 446
91 575
91 820
91 863
91 1002
92 28
92 156
92 220
92 284
92 361
92 375
92 930
92 1136
93 29
93 157
93 221
93 285
94 30
94 158
94 222
94 286
94 864
94 965
94 1066
94 1117
95 31
95 67
95 115
95 159
95 223
95 287
95 304
95 785
95 1001
95 1127
96 32
96 160
96 224
96 288
96 507
96 759
96 1042
96 1194
97 33
97 161
97 225
97 289
97 831
97 1147
97 1240
98 34
98 162
98 226
98 290
98 477
99 35
99 55
99 163
99 227
99 291
99 296
99 364
99 1076
100 36
100 164
100 228
100 292
101 37
101 165
101 229
101 293
101 563
101 927
102 38
102 166
102 230
102 294
103 39
103 167
103 200
103 231
103 295
103 328
103 537
103 1145
103 1149
104 40
104 168
104 232
104 296
105 41
105 169
105 233
105 297
106 42
106 153
106 170
106 234
106 298
106 1275
107 43
107 171
107 235
107 299
107 347
107 363
107 427
107 496
107 1000
107 1178
108 44
108 172
108 178
108 236
108 300
108 435
108 589
108 986
108 1195
109 45
109 173
109 237
109 301
109 313
109 368
109 1258
109 1263
109 1265
110 46
110 174
110 196
110 238
110 290
110 302
110 461
110 1185
111 47
111 175
111 239
111 303
112 48
112 176
112 240
112 304
112 508
113 49
113 177
113 241
113 305
113 701
113 795
114 49
114 50
114 178
114 242
114 306
114 318
114 608
115 51
115 67
115 95
115 179
115 243
115 304
115 307
115 785
115 1001
115 1127
116 52
116 180
116 244
116 308
116 763
117 53
117 181
117 245
117 309
117 800
118 54
118 137
118 182
118 198
118 246
118 265
118 310
118 329
118 390
118 406
118 458
118 518
118 710
118 726
118 839
118 854
118 886
118 1078
119 55
119 183
119 241
119 247
119 311
120 56
120 184
120 193
120 248
120 312
120 749
120 1055
121 57
121 185
121 249
121 313
121 620
121 728
122 58
122 186
122 250
122 314
122 717
123 59
123 187
123 251
123 315
124 60
124 188
124 252
124 316
124 573
124 593
124 625
124 888
124 1214
124 1247
125 61
125 162
125 189
125 253
125 317
125 992
126 62
126 90
126 190
126 254
126 281
126 318
126 747
126 796
126 818
127 63
127 191
127 255
127 319
127 1150
128 0
128 64
128 192
128 256
128 320
129 1
129 65
129 193
129 257
129 321
129 524
129 922
129 1191
129 1218
130 2
130 66
130 194
130 258
130 322
130 803
130 1144
131 3
131 67
131 195
131 259
131 267
131 323
131 1047
132 4
132 68
132 196
132 260
132 324
132 1254
133 5
133 69
133 197
133 261
133 325
133 373
133 460
134 6
134 9
134 70
134 73
134 198
134 201
134 262
134 326
134 393
134 454
134 521
134 582
134 649
134 713
134 774
134 838
134 902
134 966
134 1033
134 1097
134 1158
134 1225
135 6
135 7
135 70
135 71
135 199
135 263
135 327
135 390
135 391
135 455
135 457
135 462
135 470
135 518
135 583
135 585
135 646
135 647
135 654
135 710
135 711
135 775
135 777
135 782
135 822
135 839
135 841
135 905
135 906
135 910
135 915
135 918
135 950
135 967
135 969
135 974
135 1039
135 1095
135 1102
135 1159
135 1161
135 1174
136 8
136 72
136 200
136 264
136 328
136 687
137 9
137 70
137 71
137 73
137 118
137 198
137 201
137 265
137 329
137 390
137 406
137 457
137 458
137 462
137 470
137 518
137 585
137 646
137 654
137 710
137 726
137 782
137 822
137 839
137 841
137 854
137 886
137 950
137 1222
137 1231
138 10
138 74
138 202
138 266
138 330
139 11
139 75
139 203
139 267
139 331
139 481
139 587
139 742
139 1207
139 1217
140 12
140 76
140 204
140 268
140 332
140 504
141 13
141 77
141 184
141 205
141 269
141 333
141 472
141 623
142 14
142 78
142 206
142 270
142 334
143 15
143 79
143 207
143 271
143 335
144 16
144 80
144 208
144 272
144 336
145 17
145 81
145 209
145 273
145 337
145 491
145 604
145 767
145 1083
145 1111
146 18
146 82
146 210
146 235
146 274
146 338
146 349
146 867
146 1135
147 19
147 83
147 211
147 275
147 339
147 359
147 806
147 1105
148 20
148 28
148 84
148 87
148 212
148 220
148 276
148 340
148 754
148 948
148 1005
149 21
149 85
149 213
149 277
149 341
150 22
150 86
150 214
150 278
150 342
151 23
151 87
151 215
151 279
151 343
151 501
151 850
151 869
151 953
151 1192
152 24
152 88
152 216
152 280
152 344
152 1068
152 1196
152 1213
153 25
153 89
153 106
153 217
153 281
153 345
153 1275
154 26
154 43
154 90
154 218
154 282
154 346
154 529
155 27
155 91
155 219
155 283
155 347
155 700
155 825
156 28
156 92
156 220
156 284
156 348
157 29
157 93
157 221
157 285
157 349
158 30
158 94
158 222
158 286
158 350
158 1099
159 31
159 95
159 223
159 287
159 351
159 1212
160 32
160 96
160 224
160 288
160 352
160 377
160 511
160 594
161 33
161 97
161 225
161 289
161 353
161 706
162 34
162 98
162 125
162 226
162 290
162 354
162 992
163 35
163 99
163 227
163 291
163 355
163 744
164 36
164 100
164 228
164 292
164 356
164 1205
165 37
165 101
165 188
165 224
165 229
165 293
165 357
165 509
166 38
166 102
166 230
166 294
166 358
166 1025
167 39
167 44
167 103
167 231
167 295
167 359
167 653
167 1139
168 40
168 104
168 232
168 295
168 296
168 360
168 844
168 866
168 1023
169 41
169 105
169 222
169 233
169 297
169 361
169 434
169 997
169 1113
170 42
170 106
170 234
170 298
170 362
170 721
171 43
171 107
171 235
171 299
171 363
172 44
172 108
172 236
172 300
172 345
172 364
173 45
173 109
173 237
173 301
173 365
173 823
173 1154
174 20
174 46
174 110
174 238
174 302
174 343
174 366
174 584
174 959
175 47
175 111
175 210
175 239
175 303
175 367
175 381
176 48
176 112
176 240
176 304
176 368
176 445
176 492
177 49
177 113
177 241
177 305
177 369
177 539
177 883
177 958
178 50
178 108
178 114
178 242
178 306
178 370
178 435
178 589
178 986
178 1195
179 47
179 51
179 115
179 243
179 307
179 371
180 52
180 116
180 244
180 308
180 372
180 499
180 500
180 1081
181 53
181 117
181 245
181 309
181 373
182 54
182 118
182 246
182 310
182 374
183 55
183 119
183 247
183 311
183 375
183 389
183 1278
184 56
184 120
184 141
184 248
184 312
184 376
184 472
184 623
185 57
185 121
185 249
185 313
185 377
185 431
186 58
186 122
186 250
186 314
186 378
186 871
186 985
187 59
187 123
187 251
187 315
187 379
187 736
188 60
188 124
188 165
188 224
188 252
188 316
188 380
188 509
189 52
189 61
189 125
189 253
189 317
189 381
189 812
189 984
190 35
190 62
190 126
190 254
190 318
190 382
190 981
190 1260
191 63
191 127
191 255
191 319
191 383
191 856
192 0
192 64
192 128
192 256
192 320
192 384
192 714
193 1
193 65
193 120
193 129
193 257
193 321
193 385
193 749
193 1055
194 2
194 66
194 130
194 258
194 322
194 386
194 465
194 579
194 940
195 3
195 67
195 131
195 259
195 323
195 387
196 4
196 68
196 110
196 132
196 260
196 290
196 324
196 388
196 461
196 1185
197 5
197 8
197 69
197 133
197 203
197 261
197 325
197 389
197 737
197 881
198 6
198 70
198 118
198 134
198 137
198 262
198 265
198 326
198 329
198 390
198 406
198 458
198 710
198 726
198 839
198 854
198 886
198 1024
198 1078
198 1094
199 6
199 7
199 70
199 71
199 135
199 263
199 327
199 390
199 391
199 455
199 457
199 462
199 470
199 518
199 519
199 583
199 585
199 646
199 647
199 654
199 710
199 711
199 775
199 777
199 782
199 822
199 839
199 841
199 905
199 906
199 910
199 915
199 918
199 950
199 967
199 969
199 974
199 1030
199 1031
199 1039
199 1095
199 1102
199 1159
199 1174
200 8
200 72
200 103
200 136
200 264
200 328
200 392
200 537
200 1145
200 1149
201 9
201 73
201 134
201 137
201 262
201 265
201 326
201 329
201 393
201 454
201 521
201 582
201 649
201 713
201 774
201 838
201 902
201 966
201 1033
201 1097
201 1158
201 1225
202 10
202 74
202 138
202 266
202 330
202 394
203 8
203 11
203 75
203 139
203 197
203 267
203 331
203 395
203 737
203 881
204 12
204 76
204 140
204 268
204 332
204 396
205 13
205 77
205 89
205 141
205 257
205 269
205 333
205 397
205 1064
206 14
206 78
206 142
206 270
206 334
206 398
207 3
207 15
207 51
207 79
207 143
207 271
207 335
207 399
208 16
208 80
208 144
208 272
208 336
208 400
208 1162
209 17
209 69
209 81
209 145
209 273
209 337
209 401
209 691
209 1054
210 18
210 82
210 146
210 175
210 274
210 338
210 381
210 402
211 19
211 83
211 147
211 275
211 339
211 403
212 20
212 84
212 148
212 276
212 308
212 340
212 404
213 21
213 85
213 149
213 277
213 341
213 405
213 638
213 1119
213 1237
214 22
214 86
214 150
214 278
214 342
214 406
215 23
215 87
215 151
215 279
215 343
215 407
215 837
215 1165
216 24
216 88
216 152
216 280
216 344
216 408
217 25
217 89
217 153
217 281
217 345
217 409
218 26
218 90
218 154
218 282
218 346
218 410
219 27
219 91
219 155
219 283
219 347
220 28
220 87
220 92
220 148
220 156
220 284
220 348
220 412
220 754
220 948
220 1005
221 29
221 93
221 157
221 285
221 349
221 413
222 30
222 94
222 158
222 169
222 286
222 350
222 414
222 434
222 997
222 1113
223 31
223 95
223 159
223 287
223 351
223 415
223 657
223 879
224 32
224 96
224 160
224 165
224 188
224 288
224 352
224 416
224 509
225 33
225 97
225 161
225 289
225 353
225 417
226 34
226 98
226 162
226 236
226 239
226 290
226 319
226 354
226 418
226 1071
227 35
227 99
227 163
227 291
227 355
228 36
228 100
228 164
228 292
228 356
228 420
229 37
229 101
229 165
229 293
229 357
229 421
229 666
229 1086
230 38
230 102
230 166
230 294
230 358
230 422
231 24
231 39
231 103
231 167
231 295
231 359
231 423
231 1032
231 1186
231 1271
232 40
232 104
232 168
232 245
232 296
232 360
232 424
232 746
232 944
233 41
233 105
233 169
233 297
233 333
233 361
233 425
233 450
233 674
233 805
234 42
234 106
234 170
234 298
234 362
234 426
234 436
234 559
234 689
235 43
235 107
235 146
235 171
235 299
235 349
235 363
235 427
235 867
235 1135
236 44
236 108
236 172
236 226
236 239
236 300
236 319
236 364
236 428
236 1071
237 45
237 109
237 173
237 301
237 365
237 429
237 776
237 1052
238 14
238 46
238 110
238 174
238 302
238 366
238 430
239 47
239 111
239 175
239 226
239 236
239 303
239 319
239 367
239 431
239 1071
240 48
240 112
240 176
240 304
240 368
240 432
241 49
241 113
241 119
241 177
241 305
241 369
241 433
242 50
242 114
242 178
242 306
242 370
242 434
242 734
242 1085
242 1148
243 51
243 115
243 179
243 307
243 371
243 435
244 52
244 116
244 180
244 308
244 372
244 436
244 661
244 751
244 885
245 53
245 117
245 181
245 232
245 309
245 373
245 437
245 746
245 944
246 54
246 118
246 182
246 310
246 374
246 438
247 55
247 119
247 183
247 311
247 375
247 439
247 755
247 890
248 56
248 120
248 184
248 312
248 376
248 440
248 466
248 735
248 865
249 57
249 121
249 185
249 313
249 377
249 441
249 597
250 58
250 91
250 122
250 186
250 307
250 314
250 378
250 442
250 446
250 575
250 820
250 863
250 1002
251 59
251 123
251 187
251 315
251 379
251 443
251 1256
252 60
252 124
252 188
252 316
252 380
252 444
252 555
252 626
252 1048
253 61
253 125
253 189
253 317
253 381
253 445
253 658
254 62
254 126
254 190
254 318
254 382
254 446
255 63
255 127
255 191
255 319
255 383
255 447
256 64
256 128
256 192
256 320
256 336
256 384
256 448
257 65
257 89
257 129
257 193
257 205
257 321
257 385
257 449
257 1064
258 66
258 130
258 194
258 322
258 357
258 386
258 424
258 450
258 1190
259 67
259 131
259 195
259 323
259 387
259 451
259 629
259 632
259 679
260 68
260 132
260 196
260 324
260 388
260 452
261 69
261 133
261 197
261 279
261 325
261 389
261 453
262 9
262 70
262 73
262 134
262 198
262 201
262 326
262 390
262 393
262 454
262 521
262 582
262 649
262 713
262 774
262 838
262 902
262 966
262 1033
262 1097
262 1158
262 1225
263 6
263 7
263 71
263 135
263 199
263 327
263 391
263 455
263 519
263 583
263 647
263 711
263 775
263 777
263 903
263 905
263 906
263 910
263 918
263 967
263 969
263 974
263 1030
263 1031
263 1095
263 1102
263 1223
264 72
264 136
264 200
264 328
264 370
264 392
264 456
264 696
264 1200
265 73
265 118
265 137
265 198
265 201
265 329
265 393
265 406
265 457
265 458
265 710
265 726
265 839
265 854
265 886
265 1024
265 1078
265 1094
266 74
266 138
266 202
266 330
266 394
266 458
267 75
267 131
267 139
267 203
267 331
267 395
267 459
267 1047
268 76
268 140
268 204
268 332
268 396
268 460
268 799
269 77
269 141
269 205
269 276
269 333
269 397
269 461
269 598
270 78
270 142
270 206
270 334
270 398
270 462
271 79
271 143
271 207
271 335
271 399
271 463
272 80
272 144
272 208
272 336
272 400
272 464
272 704
272 845
273 27
273 81
273 145
273 209
273 337
273 401
273 465
273 779
274 82
274 146
274 210
274 338
274 402
274 466
274 1129
275 83
275 147
275 211
275 339
275 403
275 467
276 84
276 148
276 212
276 269
276 340
276 404
276 468
276 598
277 85
277 149
277 213
277 341
277 405
277 469
278 86
278 150
278 214
278 342
278 406
278 470
279 87
279 151
279 215
279 261
279 343
279 407
279 471
280 88
280 152
280 216
280 344
280 408
280 472
280 853
281 89
281 90
281 126
281 153
281 217
281 345
281 409
281 473
281 747
281 796
281 818
282 29
282 90
282 154
282 218
282 346
282 410
282 474
282 731
282 954
282 991
282 1016
282 1201
283 91
283 155
283 219
283 347
283 411
283 475
283 538
284 92
284 156
284 220
284 348
284 353
284 412
284 417
284 476
284 828
285 93
285 157
285 221
285 349
285 413
285 477
286 94
286 158
286 222
286 350
286 414
286 478
287 95
287 159
287 223
287 351
287 415
287 479
288 96
288 160
288 224
288 352
288 416
288 480
289 97
289 161
289 225
289 353
289 417
289 481
289 488
289 545
289 738
289 1273
290 98
290 110
290 162
290 196
290 226
290 354
290 418
290 461
290 482
290 1185
291 99
291 163
291 227
291 355
291 483
292 100
292 164
292 228
292 356
292 420
292 484
292 1096
293 101
293 165
293 229
293 357
293 421
293 485
293 651
293 1020
293 1123
294 102
294 166
294 230
294 358
294 422
294 486
294 611
295 103
295 167
295 168
295 231
295 359
295 423
295 487
295 844
295 866
295 1023
296 55
296 99
296 104
296 168
296 232
296 360
296 364
296 424
296 488
296 1076
297 105
297 169
297 233
297 361
297 425
297 489
297 609
298 106
298 170
298 234
298 362
298 426
298 490
298 770
298 1175
299 107
299 171
299 235
299 363
299 427
299 491
299 664
299 1131
299 1177
300 108
300 172
300 236
300 364
300 428
300 492
301 109
301 173
301 237
301 365
301 429
301 493
301 1255
302 65
302 110
302 174
302 238
302 366
302 430
302 494
302 667
302 908
302 934
303 111
303 175
303 239
303 367
303 428
303 431
303 443
303 495
304 67
304 95
304 112
304 115
304 176
304 240
304 368
304 432
304 496
304 785
304 1001
304 1127
305 113
305 177
305 241
305 369
305 433
305 497
306 114
306 178
306 242
306 370
306 416
306 434
306 498
306 928
306 962
307 91
307 115
307 179
307 243
307 250
307 371
307 435
307 446
307 499
307 575
307 820
307 863
307 1002
308 116
308 180
308 212
308 244
308 372
308 436
308 500
309 117
309 181
309 245
309 373
309 437
309 501
309 513
309 607
309 685
310 118
310 182
310 246
310 374
310 438
310 502
310 719
311 31
311 119
311 183
311 247
311 375
311 439
311 486
311 503
312 2
312 120
312 184
312 248
312 376
312 440
312 504
313 109
313 121
313 185
313 249
313 368
313 377
313 441
313 505
313 1258
313 1263
313 1265
314 122
314 186
314 250
314 378
314 442
314 506
314 672
315 123
315 187
315 251
315 379
315 443
315 507
316 124
316 188
316 252
316 380
316 409
316 415
316 444
316 508
317 125
317 189
317 253
317 332
317 381
317 445
317 509
318 49
318 114
318 126
318 190
318 254
318 382
318 446
318 510
318 608
319 127
319 191
319 226
319 236
319 239
319 255
319 383
319 447
319 511
319 1071
320 128
320 192
320 256
320 384
320 448
320 512
320 846
321 129
321 193
321 257
321 385
321 387
321 449
321 513
321 1061
321 1251
321 1272
322 37
322 130
322 194
322 258
322 386
322 450
322 514
322 1089
322 1233
323 131
323 195
323 259
323 355
323 387
323 451
323 515
324 132
324 196
324 260
324 388
324 452
324 516
324 963
325 60
325 133
325 197
325 261
325 389
325 453
325 517
325 645
325 917
326 9
326 73
326 134
326 198
326 201
326 262
326 390
326 393
326 454
326 518
326 521
326 582
326 649
326 713
326 774
326 838
326 902
326 966
326 1033
326 1097
326 1158
326 1225
327 6
327 7
327 135
327 199
327 263
327 391
327 455
327 519
327 583
327 647
327 711
327 775
327 777
327 903
327 905
327 906
327 910
327 918
327 967
327 969
327 974
327 1030
327 1031
327 1095
327 1102
327 1223
328 103
328 136
328 200
328 264
328 392
328 456
328 520
328 537
328 1145
328 1149
329 70
329 118
329 137
329 198
329 201
329 265
329 390
329 393
329 406
329 457
329 458
329 518
329 521
329 710
329 726
329 822
329 839
329 841
329 854
329 886
329 1024
329 1078
329 1094
329 1098
329 1110
329 1166
329 1222
330 138
330 202
330 266
330 339
330 394
330 458
330 522
330 606
330 1040
331 139
331 203
331 267
331 395
331 459
331 523
332 140
332 204
332 268
332 317
332 396
332 460
332 524
333 141
333 205
333 233
333 269
333 397
333 450
333 461
333 525
333 674
333 805
334 74
334 142
334 206
334 270
334 398
334 462
334 526
335 143
335 207
335 271
335 399
335 463
335 527
335 868
336 144
336 208
336 256
336 272
336 400
336 464
336 528
337 58
337 145
337 209
337 273
337 401
337 413
337 465
337 529
337 570
338 146
338 210
338 274
338 402
338 466
338 530
338 811
338 995
339 147
339 211
339 275
339 330
339 403
339 467
339 531
339 606
339 1040
340 148
340 212
340 276
340 404
340 468
340 532
340 693
340 852
341 149
341 213
341 277
341 405
341 469
341 533
341 794
342 150
342 214
342 278
342 406
342 470
342 534
342 1226
343 20
343 151
343 174
343 215
343 279
343 407
343 471
343 535
343 584
343 959
344 152
344 216
344 280
344 348
344 408
344 472
344 536
345 153
345 172
345 217
345 281
345 409
345 473
345 537
346 154
346 218
346 282
346 410
346 474
346 538
346 1234
347 107
347 155
347 219
347 283
347 363
347 411
347 427
347 475
347 496
347 539
347 1000
347 1178
348 156
348 220
348 284
348 344
348 412
348 476
348 540
349 146
349 157
349 221
349 235
349 285
349 413
349 477
349 541
349 867
349 1135
350 158
350 222
350 286
350 414
350 478
350 542
350 949
350 1227
350 1229
351 159
351 223
351 287
351 415
351 479
351 543
351 657
351 879
352 160
352 224
352 288
352 416
352 480
352 544
353 161
353 225
353 284
353 289
353 417
353 481
353 545
353 828
354 162
354 226
354 290
354 418
354 421
354 482
354 546
355 163
355 227
355 291
355 323
355 419
355 483
355 547
356 164
356 228
356 292
356 420
356 484
356 548
357 165
357 229
357 258
357 293
357 421
357 424
357 485
357 549
357 1190
358 166
358 230
358 294
358 422
358 486
358 550
358 750
359 147
359 167
359 231
359 295
359 423
359 487
359 551
359 806
359 1105
360 168
360 232
360 296
360 424
360 485
360 488
360 552
360 1059
361 92
361 169
361 233
361 297
361 375
361 425
361 489
361 553
361 930
361 1136
362 170
362 234
362 298
362 426
362 490
362 510
362 554
362 733
362 789
363 107
363 171
363 235
363 299
363 347
363 427
363 491
363 496
363 555
363 1000
363 1178
364 55
364 99
364 172
364 236
364 296
364 300
364 428
364 492
364 556
364 1076
365 173
365 237
365 301
365 429
365 493
365 557
366 83
366 174
366 238
366 302
366 430
366 494
366 558
366 643
367 175
367 239
367 303
367 431
367 495
367 559
368 109
368 176
368 240
368 304
368 313
368 432
368 496
368 560
368 1258
368 1263
368 1265
369 177
369 241
369 305
369 433
369 497
369 561
369 1203
370 178
370 242
370 264
370 306
370 434
370 498
370 562
370 696
370 1200
371 179
371 243
371 307
371 435
371 499
371 563
372 88
372 180
372 244
372 308
372 436
372 500
372 564
372 743
373 133
373 181
373 245
373 309
373 437
373 460
373 501
373 565
374 182
374 246
374 310
374 384
374 438
374 502
374 566
375 92
375 183
375 247
375 311
375 361
375 439
375 503
375 567
375 930
375 1136
376 184
376 248
376 312
376 440
376 504
376 568
376 639
376 760
376 764
377 160
377 185
377 249
377 313
377 441
377 505
377 511
377 569
377 594
378 186
378 250
378 314
378 442
378 506
378 570
379 187
379 251
379 315
379 443
379 507
379 556
379 571
379 1176
380 188
380 252
380 316
380 444
380 508
380 572
381 175
381 189
381 210
381 253
381 317
381 445
381 509
381 573
382 190
382 254
382 318
382 446
382 510
382 574
382 880
383 191
383 255
383 319
383 447
383 511
383 575
384 192
384 256
384 320
384 374
384 448
384 512
384 576
385 193
385 257
385 321
385 449
385 513
385 514
385 549
385 577
385 1224
386 194
386 258
386 322
386 450
386 514
386 578
387 195
387 259
387 321
387 323
387 451
387 515
387 579
387 1061
387 1251
387 1272
388 196
388 260
388 324
388 452
388 516
388 580
388 1220
389 183
389 197
389 261
389 325
389 453
389 517
389 581
389 1278
390 6
390 70
390 71
390 118
390 135
390 137
390 198
390 199
390 262
390 326
390 329
390 454
390 457
390 458
390 462
390 470
390 518
390 582
390 585
390 646
390 647
390 654
390 710
390 726
390 782
390 822
390 839
390 841
390 886
390 906
390 915
390 950
390 974
390 1039
390 1095
390 1098
390 1102
390 1110
390 1159
390 1161
390 1174
390 1222
390 1231
391 6
391 7
391 71
391 135
391 199
391 263
391 327
391 455
391 457
391 462
391 470
391 519
391 583
391 647
391 654
391 711
391 775
391 777
391 903
391 905
391 906
391 910
391 915
391 918
391 967
391 969
391 974
391 1030
391 1031
391 1039
391 1095
391 1102
391 1159
391 1161
391 1174
391 1223
392 200
392 264
392 328
392 456
392 520
392 567
392 584
392 786
392 1122
393 9
393 73
393 134
393 201
393 262
393 265
393 326
393 329
393 454
393 457
393 521
393 582
393 585
393 649
393 713
393 774
393 838
393 902
393 966
393 1033
393 1097
393 1158
393 1225
394 202
394 266
394 330
394 458
394 522
394 586
395 203
395 267
395 331
395 459
395 523
395 587
395 1108
396 204
396 268
396 332
396 460
396 524
396 588
396 1179
397 205
397 269
397 333
397 461
397 525
397 589
398 206
398 270
398 334
398 462
398 526
398 590
399 207
399 271
399 335
399 463
399 527
399 591
399 1103
400 208
400 272
400 336
400 464
400 528
400 592
401 209
401 273
401 337
401 465
401 529
401 593
402 85
402 210
402 274
402 338
402 466
402 530
402 594
403 211
403 275
403 339
403 467
403 531
403 595
404 212
404 276
404 340
404 468
404 532
404 596
405 213
405 277
405 341
405 469
405 533
405 597
405 1151
406 118
406 137
406 198
406 214
406 265
406 278
406 329
406 342
406 458
406 470
406 534
406 598
406 710
406 726
406 839
406 854
406 886
406 1024
406 1078
406 1094
406 1166
406 1222
406 1231
407 215
407 279
407 343
407 471
407 535
407 599
407 829
407 1022
407 1209
408 63
408 216
408 280
408 344
408 472
408 536
408 600
408 1132
409 217
409 281
409 316
409 345
409 415
409 473
409 537
409 601
410 218
410 282
410 346
410 474
410 538
410 602
410 761
410 792
410 817
410 1019
411 283
411 347
411 475
411 539
411 603
412 220
412 284
412 348
412 476
412 540
412 604
412 855
413 58
413 221
413 285
413 337
413 349
413 477
413 541
413 570
413 605
414 46
414 222
414 286
414 350
414 478
414 542
414 606
414 781
414 931
415 223
415 287
415 316
415 351
415 409
415 479
415 543
415 607
416 224
416 288
416 306
416 352
416 480
416 544
416 608
416 928
416 962
417 225
417 284
417 289
417 353
417 481
417 545
417 609
417 828
418 226
418 290
418 354
418 482
418 546
418 610
418 709
419 355
419 483
419 547
419 611
420 228
420 292
420 356
420 484
420 548
420 612
420 877
420 942
420 1091
421 229
421 293
421 354
421 357
421 485
421 549
421 613
422 230
422 294
422 358
422 486
422 550
422 614
423 231
423 295
423 359
423 487
423 551
423 615
424 232
424 258
424 296
424 357
424 360
424 488
424 552
424 616
424 1190
425 233
425 297
425 361
425 489
425 553
425 568
425 617
425 807
426 234
426 298
426 362
426 490
426 554
426 618
427 107
427 235
427 299
427 347
427 363
427 491
427 496
427 555
427 619
427 1000
427 1178
428 236
428 300
428 303
428 364
428 443
428 492
428 556
428 620
429 237
429 301
429 365
429 493
429 557
429 621
429 727
430 238
430 302
430 366
430 494
430 558
430 622
431 185
431 239
431 303
431 367
431 495
431 559
431 623
432 240
432 304
432 368
432 496
432 560
432 624
433 241
433 305
433 369
433 497
433 561
433 601
433 625
433 1012
434 169
434 222
434 242
434 306
434 370
434 498
434 562
434 626
434 997
434 1113
435 108
435 178
435 243
435 307
435 371
435 499
435 563
435 589
435 627
435 986
435 1195
436 234
436 244
436 308
436 372
436 500
436 559
436 564
436 628
436 689
437 12
437 245
437 309
437 373
437 501
437 565
437 629
438 246
438 310
438 374
438 502
438 566
438 630
438 1261
439 247
439 311
439 375
439 503
439 567
439 631
440 248
440 312
440 376
440 504
440 568
440 632
441 249
441 313
441 377
441 505
441 569
441 633
441 894
442 250
442 314
442 378
442 506
442 570
442 634
442 745
442 833
442 1003
443 251
443 303
443 315
443 379
443 428
443 507
443 571
443 635
444 252
444 316
444 380
444 508
444 572
444 636
444 637
444 1268
445 176
445 253
445 317
445 381
445 492
445 509
445 573
445 637
446 91
446 250
446 254
446 307
446 318
446 382
446 510
446 574
446 575
446 638
446 820
446 863
446 1002
447 40
447 255
447 319
447 383
447 469
447 511
447 575
447 639
447 830
447 1100
448 78
448 256
448 320
448 384
448 512
448 576
448 640
449 257
449 321
449 385
449 513
449 577
449 641
449 673
449 861
449 935
450 233
450 258
450 322
450 333
450 386
450 514
450 578
450 642
450 674
450 805
451 57
451 259
451 323
451 387
451 515
451 579
451 615
451 643
451 874
451 998
452 260
452 324
452 388
452 516
452 580
452 644
453 261
453 325
453 389
453 517
453 581
453 645
453 1013
453 1087
454 9
454 73
454 134
454 201
454 262
454 326
454 390
454 393
454 518
454 521
454 582
454 646
454 649
454 713
454 774
454 838
454 902
454 966
454 1033
454 1097
454 1158
454 1225
455 6
455 7
455 135
455 199
455 263
455 327
455 391
455 462
455 519
455 583
455 647
455 711
455 775
455 777
455 903
455 905
455 906
455 910
455 915
455 918
455 967
455 969
455 974
455 1030
455 1031
455 1039
455 1095
455 1102
455 1174
455 1223
456 264
456 328
456 392
456 520
456 584
456 648
457 6
457 70
457 71
457 135
457 137
457 199
457 265
457 329
457 390
457 391
457 393
457 458
457 462
457 470
457 518
457 521
457 585
457 646
457 647
457 649
457 654
457 710
457 711
457 775
457 777
457 782
457 822
457 839
457 841
457 906
457 910
457 915
457 950
457 967
457 969
457 974
457 1030
457 1039
457 1095
457 1098
457 1102
457 1110
457 1159
457 1161
457 1174
457 1222
457 1231
458 70
458 71
458 118
458 137
458 198
458 265
458 266
458 329
458 330
458 390
458 394
458 406
458 457
458 470
458 518
458 522
458 585
458 586
458 646
458 650
458 654
458 710
458 726
458 782
458 822
458 839
458 841
458 854
458 886
458 950
458 1024
458 1078
458 1094
458 1098
458 1110
458 1159
458 1161
458 1166
458 1222
458 1231
459 267
459 331
459 395
459 523
459 587
459 651
459 1069
460 133
460 268
460 332
460 373
460 396
460 524
460 588
460 652
461 110
461 196
461 269
461 290
461 333
461 397
461 525
461 589
461 653
461 1185
462 6
462 70
462 71
462 135
462 137
462 199
462 270
462 334
462 390
462 391
462 398
462 455
462 457
462 470
462 518
462 526
462 583
462 585
462 590
462 646
462 647
462 654
462 710
462 711
462 775
462 777
462 782
462 822
462 839
462 841
462 905
462 906
462 910
462 915
462 918
462 950
462 967
462 969
462 974
462 1030
462 1031
462 1039
462 1095
462 1098
462 1102
462 1110
462 1159
462 1161
462 1174
462 1223
462 1231
463 271
463 335
463 399
463 527
463 591
463 655
464 272
464 336
464 400
464 528
464 592
464 656
464 1107
465 194
465 273
465 337
465 401
465 529
465 579
465 593
465 657
465 940
466 248
466 274
466 338
466 402
466 530
466 594
466 658
466 735
466 865
467 275
467 339
467 403
467 531
467 595
467 659
467 899
468 276
468 340
468 404
468 532
468 596
468 660
468 686
468 1018
469 40
469 277
469 341
469 405
469 447
469 533
469 597
469 661
469 830
469 1100
470 6
470 70
470 71
470 135
470 137
470 199
470 278
470 342
470 390
470 391
470 406
470 457
470 458
470 462
470 518
470 534
470 585
470 598
470 646
470 647
470 654
470 662
470 710
470 711
470 775
470 777
470 782
470 822
470 839
470 841
470 905
470 906
470 910
470 915
470 918
470 950
470 967
470 969
470 974
470 1030
470 1039
470 1095
470 1098
470 1102
470 1110
470 1159
470 1161
470 1174
470 1223
470 1231
471 279
471 343
471 407
471 535
471 599
471 663
472 141
472 184
472 280
472 344
472 408
472 536
472 600
472 623
472 664
473 281
473 345
473 409
473 537
473 601
473 665
473 968
473 1181
474 48
474 282
474 346
474 410
474 538
474 602
474 618
474 666
474 857
474 1259
475 283
475 347
475 411
475 539
475 603
475 667
476 284
476 348
476 412
476 540
476 604
476 668
477 98
477 285
477 349
477 413
477 541
477 605
477 669
478 286
478 350
478 414
478 542
478 606
478 670
478 723
479 287
479 351
479 415
479 530
479 543
479 578
479 607
479 671
480 288
480 352
480 416
480 544
480 608
480 672
480 692
480 756
481 139
481 289
481 353
481 417
481 545
481 587
481 609
481 673
481 742
481 1207
481 1217
482 290
482 354
482 418
482 546
482 551
482 610
482 674
482 698
482 1125
482 1180
483 291
483 355
483 419
483 547
483 611
483 675
483 939
483 1109
483 1242
484 292
484 356
484 420
484 548
484 612
484 676
485 293
485 357
485 360
485 421
485 549
485 613
485 677
485 1059
486 31
486 294
486 311
486 358
486 422
486 550
486 614
486 678
487 295
487 359
487 423
487 551
487 615
487 679
488 289
488 296
488 360
488 424
488 545
488 552
488 616
488 680
488 738
488 1273
489 297
489 361
489 425
489 553
489 617
489 681
490 298
490 362
490 426
490 554
490 618
490 682
490 956
491 145
491 299
491 363
491 427
491 555
491 604
491 619
491 683
491 767
491 1083
491 1111
492 176
492 300
492 364
492 428
492 445
492 556
492 620
492 684
493 301
493 365
493 429
493 557
493 621
493 685
493 945
493 1241
494 302
494 366
494 430
494 558
494 622
494 686
495 303
495 367
495 431
495 559
495 623
495 678
495 687
496 107
496 304
496 347
496 363
496 368
496 427
496 432
496 560
496 624
496 688
496 1000
496 1178
497 305
497 369
497 433
497 517
497 561
497 625
497 689
497 955
497 1082
497 1164
498 306
498 370
498 434
498 535
498 562
498 626
498 690
498 741
498 1269
499 180
499 307
499 371
499 435
499 500
499 563
499 627
499 691
499 1081
500 180
500 308
500 372
500 436
500 499
500 564
500 628
500 692
500 1081
501 151
501 309
501 373
501 437
501 565
501 629
501 693
501 850
501 869
501 953
501 1192
502 310
502 374
502 438
502 566
502 630
502 694
503 311
503 375
503 439
503 560
503 562
503 567
503 631
503 671
503 695
503 699
504 140
504 312
504 376
504 440
504 568
504 632
504 696
505 313
505 377
505 441
505 569
505 633
505 697
506 19
506 314
506 378
506 442
506 570
506 634
506 698
507 96
507 315
507 379
507 443
507 571
507 635
507 699
507 759
507 1042
507 1194
508 112
508 316
508 380
508 444
508 572
508 636
508 700
509 165
509 188
509 224
509 317
509 381
509 445
509 573
509 637
509 701
510 318
510 362
510 382
510 446
510 574
510 638
510 702
510 733
510 789
511 160
511 319
511 377
511 383
511 447
511 575
511 594
511 639
511 703
512 320
512 384
512 448
512 576
512 640
512 704
512 1155
513 309
513 321
513 385
513 449
513 577
513 607
513 641
513 685
513 705
514 322
514 385
514 386
514 450
514 549
514 578
514 642
514 706
514 1224
515 323
515 387
515 451
515 579
515 643
515 707
516 324
516 388
516 452
516 580
516 644
516 708
517 325
517 389
517 453
517 497
517 581
517 645
517 709
517 955
517 1082
517 1164
518 6
518 70
518 71
518 118
518 135
518 137
518 199
518 326
518 329
518 390
518 454
518 457
518 458
518 462
518 470
518 582
518 585
518 646
518 647
518 654
518 710
518 726
518 782
518 822
518 839
518 841
518 886
518 906
518 915
518 950
518 974
518 1039
518 1095
518 1098
518 1102
518 1110
518 1159
518 1161
518 1174
518 1222
518 1231
519 6
519 7
519 199
519 263
519 327
519 391
519 455
519 583
519 647
519 711
519 775
519 777
519 903
519 905
519 906
519 910
519 918
519 967
519 969
519 974
519 1030
519 1031
519 1095
519 1102
519 1223
520 328
520 392
520 456
520 584
520 648
520 660
520 712
520 1245
521 9
521 73
521 134
521 201
521 262
521 326
521 329
521 393
521 454
521 457
521 582
521 585
521 649
521 713
521 774
521 838
521 902
521 966
521 1033
521 1097
521 1158
521 1225
522 80
522 330
522 394
522 458
522 586
522 650
522 714
523 331
523 395
523 459
523 587
523 651
523 715
524 129
524 332
524 396
524 460
524 588
524 652
524 716
524 922
524 1191
524 1218
525 333
525 397
525 461
525 589
525 653
525 717
526 334
526 398
526 462
526 590
526 654
526 718
527 335
527 399
527 463
527 591
527 655
527 719
527 790
528 36
528 336
528 400
528 464
528 592
528 656
528 720
529 43
529 154
529 337
529 401
529 465
529 593
529 657
529 721
530 338
530 402
530 466
530 479
530 578
530 594
530 658
530 722
531 64
531 339
531 403
531 467
531 595
531 659
531 723
532 340
532 404
532 468
532 596
532 616
532 660
532 676
532 724
533 341
533 405
533 469
533 597
533 661
533 703
533 725
533 752
533 1084
534 342
534 406
534 470
534 598
534 662
534 726
534 1046
535 343
535 407
535 471
535 498
535 599
535 663
535 727
535 741
535 1269
536 344
536 408
536 472
536 600
536 664
536 728
537 103
537 200
537 328
537 345
537 409
537 473
537 601
537 665
537 729
537 1145
537 1149
538 283
538 346
538 410
538 474
538 602
538 666
538 730
539 177
539 347
539 411
539 475
539 603
539 667
539 731
539 883
539 958
540 348
540 412
540 476
540 604
540 668
540 732
540 1017
541 349
541 413
541 477
541 558
541 605
541 669
541 733
542 350
542 414
542 478
542 606
542 670
542 734
543 351
543 415
543 479
543 607
543 671
543 735
543 1106
543 1264
544 352
544 416
544 480
544 608
544 672
544 736
544 788
544 988
544 1079
544 1160
544 1236
545 289
545 353
545 417
545 481
545 488
545 609
545 673
545 737
545 738
545 1273
546 354
546 418
546 482
546 610
546 674
546 738
547 355
547 419
547 483
547 611
547 675
547 690
547 732
547 739
547 993
548 356
548 420
548 484
548 612
548 676
548 740
548 937
548 1092
549 357
549 385
549 421
549 485
549 514
549 613
549 677
549 741
549 1224
550 358
550 422
550 486
550 614
550 678
550 742
551 359
551 423
551 482
551 487
551 615
551 679
551 698
551 743
551 1125
551 1180
552 360
552 424
552 488
552 616
552 680
552 744
553 361
553 425
553 489
553 617
553 681
553 745
553 1244
554 61
554 362
554 426
554 490
554 600
554 618
554 682
554 746
555 252
555 363
555 427
555 491
555 619
555 626
555 683
555 747
555 1048
556 364
556 379
556 428
556 492
556 620
556 684
556 748
556 1176
557 365
557 429
557 493
557 621
557 685
557 749
557 1093
557 1120
558 366
558 430
558 494
558 541
558 622
558 686
558 750
559 234
559 367
559 431
559 436
559 495
559 623
559 687
559 689
559 751
560 368
560 432
560 496
560 503
560 562
560 624
560 671
560 688
560 699
560 752
561 369
561 433
561 497
561 625
561 689
561 748
561 753
561 819
562 370
562 434
562 498
562 503
562 560
562 626
562 671
562 690
562 699
562 754
563 101
563 371
563 435
563 499
563 627
563 691
563 755
563 927
564 372
564 436
564 500
564 628
564 692
564 756
565 72
565 373
565 437
565 501
565 629
565 693
565 757
566 374
566 438
566 502
566 612
566 630
566 694
566 758
567 375
567 392
567 439
567 503
567 631
567 695
567 759
567 786
567 1122
568 376
568 425
568 440
568 504
568 632
568 696
568 760
568 807
569 377
569 441
569 505
569 633
569 697
569 761
569 889
569 1266
570 58
570 337
570 378
570 413
570 442
570 506
570 634
570 698
570 762
571 379
571 443
571 507
571 635
571 699
571 763
571 858
571 876
572 59
572 380
572 444
572 508
572 636
572 700
572 702
572 764
572 891
573 124
573 381
573 445
573 509
573 593
573 625
573 637
573 701
573 765
573 888
573 1214
573 1247
574 382
574 446
574 510
574 638
574 702
574 766
575 91
575 250
575 307
575 383
575 446
575 447
575 511
575 639
575 703
575 767
575 820
575 863
575 1002
576 384
576 448
576 512
576 640
576 704
576 768
577 385
577 449
577 513
577 641
577 682
577 705
577 769
577 791
578 386
578 450
578 479
578 514
578 530
578 642
578 706
578 770
579 194
579 387
579 451
579 465
579 515
579 643
579 707
579 771
579 940
580 388
580 452
580 516
580 644
580 708
580 772
580 836
581 42
581 389
581 453
581 517
581 645
581 709
581 773
581 882
582 9
582 73
582 134
582 201
582 262
582 326
582 390
582 393
582 454
582 518
582 521
582 646
582 649
582 710
582 713
582 774
582 838
582 902
582 966
582 1033
582 1097
582 1158
582 1225
583 6
583 7
583 135
583 199
583 263
583 327
583 391
583 455
583 462
583 519
583 647
583 711
583 775
583 777
583 903
583 905
583 906
583 910
583 915
583 918
583 967
583 969
583 974
583 1030
583 1031
583 1039
583 1095
583 1102
583 1174
583 1223
584 20
584 174
584 343
584 392
584 456
584 520
584 648
584 712
584 776
584 959
585 6
585 70
585 71
585 135
585 137
585 199
585 390
585 393
585 457
585 458
585 462
585 470
585 518
585 521
585 646
585 647
585 649
585 654
585 710
585 711
585 713
585 775
585 777
585 782
585 822
585 839
585 841
585 906
585 910
585 915
585 950
585 969
585 974
585 1030
585 1039
585 1095
585 1098
585 1102
585 1110
585 1159
585 1161
585 1174
585 1222
585 1231
586 394
586 458
586 522
586 650
586 714
586 778
587 139
587 395
587 459
587 481
587 523
587 651
587 715
587 742
587 779
587 1207
587 1217
588 396
588 460
588 524
588 652
588 707
588 716
588 780
588 994
589 108
589 178
589 397
589 435
589 461
589 525
589 653
589 717
589 781
589 986
589 1195
590 398
590 462
590 526
590 654
590 718
590 782
590 933
591 399
591 463
591 527
591 655
591 719
591 771
591 783
592 400
592 464
592 528
592 656
592 720
592 784
593 124
593 401
593 465
593 529
593 573
593 625
593 657
593 721
593 785
593 888
593 1214
593 1247
594 160
594 377
594 402
594 466
594 511
594 530
594 658
594 722
594 786
595 403
595 467
595 531
595 659
595 723
595 787
596 404
596 468
596 532
596 660
596 724
596 788
596 1253
597 249
597 405
597 469
597 533
597 661
597 725
597 789
598 269
598 276
598 406
598 470
598 534
598 662
598 726
598 790
599 407
599 471
599 535
599 663
599 727
599 791
600 61
600 408
600 472
600 536
600 554
600 664
600 728
600 792
601 409
601 433
601 473
601 537
601 665
601 729
601 793
601 1012
602 410
602 474
602 538
602 666
602 730
602 794
603 411
603 475
603 539
603 635
603 667
603 731
603 795
604 145
604 412
604 476
604 491
604 540
604 668
604 732
604 767
604 796
604 1083
604 1111
605 413
605 477
605 541
605 669
605 733
605 773
605 797
605 1257
606 330
606 339
606 414
606 478
606 542
606 670
606 734
606 798
606 1040
607 309
607 415
607 479
607 513
607 543
607 671
607 685
607 735
607 799
608 49
608 114
608 318
608 416
608 480
608 544
608 672
608 736
608 800
609 297
609 417
609 481
609 545
609 673
609 737
609 801
610 418
610 482
610 546
610 674
610 738
610 802
611 294
611 419
611 483
611 547
611 675
611 739
611 803
612 420
612 484
612 548
612 566
612 676
612 740
612 804
613 62
613 421
613 485
613 549
613 677
613 741
613 805
613 1277
614 422
614 486
614 550
614 678
614 742
614 806
615 57
615 423
615 451
615 487
615 551
615 679
615 743
615 807
615 874
615 998
616 424
616 488
616 532
616 552
616 676
616 680
616 744
616 808
617 425
617 489
617 553
617 681
617 745
617 809
617 878
618 48
618 426
618 474
618 490
618 554
618 682
618 746
618 810
618 857
618 1259
619 427
619 491
619 555
619 683
619 747
619 811
620 121
620 428
620 492
620 556
620 684
620 728
620 748
620 812
621 429
621 493
621 557
621 685
621 749
621 813
622 430
622 494
622 558
622 686
622 750
622 814
623 141
623 184
623 431
623 472
623 495
623 559
623 687
623 751
623 815
624 432
624 496
624 560
624 688
624 730
624 752
624 816
625 124
625 433
625 497
625 561
625 573
625 593
625 689
625 753
625 817
625 888
625 1214
625 1247
626 252
626 434
626 498
626 555
626 562
626 690
626 754
626 818
626 1048
627 435
627 499
627 563
627 691
627 755
627 819
628 436
628 500
628 564
628 631
628 634
628 692
628 756
628 820
629 259
629 437
629 501
629 565
629 632
629 679
629 693
629 757
629 821
630 438
630 502
630 566
630 694
630 758
630 822
630 926
630 1036
631 439
631 503
631 567
631 628
631 634
631 695
631 759
631 823
632 259
632 440
632 504
632 568
632 629
632 679
632 696
632 760
632 824
633 441
633 505
633 569
633 697
633 761
633 825
633 889
633 1266
634 442
634 506
634 570
634 628
634 631
634 698
634 762
634 826
635 443
635 507
635 571
635 603
635 699
635 763
635 827
636 444
636 508
636 572
636 700
636 764
636 828
637 444
637 445
637 509
637 573
637 701
637 765
637 829
637 1268
638 213
638 446
638 510
638 574
638 702
638 766
638 830
638 1119
638 1237
639 376
639 447
639 511
639 575
639 703
639 760
639 764
639 767
639 831
640 448
640 512
640 576
640 704
640 768
640 832
641 449
641 513
641 577
641 705
641 769
641 833
642 450
642 514
642 578
642 706
642 770
642 834
642 1228
643 83
643 366
643 451
643 515
643 579
643 707
643 771
643 835
644 452
644 516
644 580
644 708
644 772
644 836
645 60
645 325
645 453
645 517
645 581
645 709
645 773
645 837
645 917
646 6
646 70
646 71
646 135
646 137
646 199
646 390
646 454
646 457
646 458
646 462
646 470
646 518
646 582
646 585
646 647
646 654
646 710
646 711
646 774
646 775
646 777
646 782
646 822
646 838
646 839
646 841
646 906
646 910
646 915
646 950
646 969
646 974
646 1030
646 1039
646 1095
646 1098
646 1102
646 1110
646 1159
646 1161
646 1174
646 1222
646 1231
647 6
647 7
647 70
647 71
647 135
647 199
647 263
647 327
647 390
647 391
647 455
647 457
647 462
647 470
647 518
647 519
647 583
647 585
647 646
647 654
647 711
647 775
647 777
647 782
647 822
647 839
647 841
647 903
647 905
647 906
647 910
647 915
647 918
647 950
647 967
647 969
647 974
647 1030
647 1031
647 1039
647 1095
647 1098
647 1102
647 1110
647 1159
647 1161
647 1174
647 1223
648 456
648 520
648 584
648 712
648 776
648 840
648 1090
649 9
649 73
649 134
649 201
649 262
649 326
649 393
649 454
649 457
649 521
649 582
649 585
649 713
649 774
649 777
649 838
649 841
649 902
649 966
649 1033
649 1097
649 1158
649 1225
650 458
650 522
650 586
650 714
650 778
650 842
651 293
651 459
651 523
651 587
651 715
651 779
651 843
651 1020
651 1123
652 460
652 524
652 588
652 716
652 780
652 793
652 844
652 923
652 983
653 44
653 167
653 461
653 525
653 589
653 717
653 781
653 845
653 1139
654 6
654 70
654 71
654 135
654 137
654 199
654 390
654 391
654 457
654 458
654 462
654 470
654 518
654 526
654 585
654 590
654 646
654 647
654 710
654 711
654 718
654 775
654 777
654 782
654 822
654 839
654 841
654 846
654 906
654 910
654 915
654 918
654 950
654 967
654 969
654 974
654 1030
654 1039
654 1095
654 1098
654 1102
654 1110
654 1159
654 1161
654 1174
654 1223
654 1231
655 463
655 527
655 591
655 719
655 720
655 783
655 847
656 464
656 528
656 592
656 720
656 784
656 848
657 223
657 351
657 465
657 529
657 593
657 721
657 785
657 849
657 879
658 253
658 466
658 530
658 594
658 722
658 786
658 850
659 467
659 531
659 595
659 723
659 787
659 851
660 468
660 520
660 532
660 596
660 724
660 788
660 852
660 1245
661 244
661 469
661 533
661 597
661 725
661 751
661 789
661 853
661 885
662 470
662 534
662 598
662 726
662 790
662 854
663 471
663 535
663 599
663 727
663 791
663 855
663 875
664 299
664 472
664 536
664 600
664 728
664 792
664 856
664 1131
664 1177
665 473
665 537
665 601
665 729
665 793
665 857
666 229
666 474
666 538
666 602
666 730
666 794
666 858
666 1086
667 65
667 302
667 475
667 539
667 603
667 731
667 795
667 859
667 908
667 934
668 476
668 540
668 604
668 732
668 796
668 860
668 1189
668 1208
669 477
669 541
669 605
669 733
669 797
669 861
670 41
670 478
670 542
670 606
670 734
670 798
670 862
671 479
671 503
671 543
671 560
671 562
671 607
671 699
671 735
671 799
671 863
672 314
672 480
672 544
672 608
672 736
672 800
672 864
673 449
673 481
673 545
673 609
673 737
673 801
673 861
673 865
673 935
674 233
674 333
674 450
674 482
674 546
674 610
674 738
674 802
674 805
674 866
675 483
675 547
675 611
675 684
675 739
675 803
675 867
676 484
676 532
676 548
676 612
676 616
676 740
676 804
676 868
677 50
677 485
677 549
677 613
677 741
677 805
677 869
677 1050
678 486
678 495
678 550
678 614
678 742
678 806
678 870
679 259
679 487
679 551
679 615
679 629
679 632
679 743
679 807
679 871
680 488
680 552
680 616
680 744
680 808
680 872
680 1029
681 489
681 553
681 617
681 745
681 809
681 873
682 490
682 554
682 577
682 618
682 746
682 791
682 810
682 874
683 491
683 555
683 619
683 747
683 811
683 875
683 1170
683 1204
683 1215
684 492
684 556
684 620
684 675
684 748
684 812
684 876
685 309
685 493
685 513
685 557
685 607
685 621
685 749
685 813
685 877
686 468
686 494
686 558
686 622
686 750
686 814
686 878
686 1018
687 136
687 495
687 559
687 623
687 751
687 815
687 879
688 496
688 560
688 624
688 752
688 816
688 880
689 234
689 436
689 497
689 559
689 561
689 625
689 753
689 817
689 881
690 498
690 547
690 562
690 626
690 732
690 754
690 818
690 882
690 993
691 69
691 209
691 499
691 563
691 627
691 755
691 819
691 883
691 1054
692 480
692 500
692 564
692 628
692 756
692 820
692 884
693 340
693 501
693 565
693 629
693 757
693 821
693 852
693 885
694 502
694 566
694 630
694 758
694 822
694 886
695 503
695 567
695 631
695 759
695 823
695 887
696 264
696 370
696 504
696 568
696 632
696 760
696 824
696 888
696 1200
697 505
697 569
697 633
697 761
697 825
697 889
698 482
698 506
698 551
698 570
698 634
698 762
698 826
698 890
698 1125
698 1180
699 503
699 507
699 560
699 562
699 571
699 635
699 671
699 763
699 827
699 891
700 155
700 508
700 572
700 636
700 764
700 825
700 828
700 892
701 113
701 509
701 573
701 637
701 765
701 795
701 829
701 893
702 59
702 510
702 572
702 574
702 638
702 766
702 830
702 891
702 894
703 511
703 533
703 575
703 639
703 752
703 767
703 831
703 895
703 1084
704 272
704 512
704 576
704 640
704 768
704 832
704 845
704 896
705 75
705 513
705 577
705 641
705 769
705 833
705 897
706 161
706 514
706 578
706 642
706 770
706 834
706 898
707 515
707 579
707 588
707 643
707 771
707 835
707 899
707 994
708 13
708 516
708 580
708 644
708 772
708 836
708 900
709 418
709 517
709 581
709 645
709 773
709 837
709 901
710 70
710 71
710 118
710 135
710 137
710 198
710 199
710 265
710 329
710 390
710 406
710 457
710 458
710 462
710 470
710 518
710 582
710 585
710 646
710 654
710 726
710 774
710 782
710 822
710 838
710 839
710 841
710 886
710 902
710 906
710 915
710 950
710 1039
710 1095
710 1098
710 1110
710 1159
710 1161
710 1174
710 1222
710 1231
711 6
711 7
711 71
711 135
711 199
711 263
711 327
711 391
711 455
711 457
711 462
711 470
711 519
711 583
711 585
711 646
711 647
711 654
711 775
711 777
711 782
711 839
711 903
711 905
711 906
711 910
711 915
711 918
711 967
711 969
711 974
711 1030
711 1031
711 1039
711 1095
711 1102
711 1159
711 1161
711 1174
711 1223
712 520
712 584
712 648
712 776
712 840
712 904
712 936
713 9
713 73
713 134
713 201
713 262
713 326
713 393
713 454
713 521
713 582
713 585
713 649
713 774
713 777
713 838
713 841
713 902
713 905
713 966
713 1033
713 1097
713 1158
713 1225
714 192
714 522
714 586
714 650
714 778
714 842
714 906
715 68
715 523
715 587
715 651
715 779
715 843
715 907
715 1065
716 25
716 524
716 588
716 652
716 780
716 844
716 908
716 1115
717 122
717 525
717 589
717 653
717 781
717 845
717 909
718 526
718 590
718 654
718 782
718 846
718 910
719 310
719 527
719 591
719 655
719 783
719 847
719 911
720 528
720 592
720 655
720 656
720 784
720 848
720 912
721 170
721 529
721 593
721 657
721 785
721 849
721 913
722 530
722 594
722 658
722 786
722 850
722 914
723 478
723 531
723 595
723 659
723 787
723 851
723 915
724 532
724 596
724 660
724 788
724 852
724 916
724 938
724 977
724 1239
725 533
725 597
725 661
725 789
725 827
725 853
725 917
725 1267
726 118
726 137
726 198
726 265
726 329
726 390
726 406
726 458
726 518
726 534
726 598
726 662
726 710
726 790
726 839
726 854
726 886
726 918
726 1024
726 1078
726 1094
726 1166
726 1222
726 1231
727 429
727 535
727 599
727 663
727 791
727 855
727 919
728 121
728 536
728 600
728 620
728 664
728 792
728 856
728 920
729 537
729 601
729 665
729 739
729 793
729 857
729 921
730 538
730 602
730 624
730 666
730 794
730 858
730 922
731 29
731 282
731 539
731 603
731 667
731 795
731 859
731 923
731 954
731 991
731 1016
731 1201
732 540
732 547
732 604
732 668
732 690
732 796
732 860
732 924
732 993
733 362
733 510
733 541
733 605
733 669
733 789
733 797
733 861
733 925
734 242
734 542
734 606
734 670
734 798
734 862
734 926
734 1085
734 1148
735 248
735 466
735 543
735 607
735 671
735 799
735 863
735 865
735 927
736 187
736 544
736 608
736 672
736 800
736 864
736 928
737 8
737 197
737 203
737 545
737 609
737 673
737 801
737 865
737 881
737 929
738 289
738 488
738 545
738 546
738 610
738 674
738 802
738 866
738 930
738 1273
739 547
739 611
739 675
739 729
739 803
739 867
739 931
740 548
740 612
740 676
740 804
740 868
740 932
741 498
741 535
741 549
741 613
741 677
741 805
741 869
741 933
741 1269
742 139
742 481
742 550
742 587
742 614
742 678
742 806
742 870
742 934
742 1207
742 1217
743 88
743 372
743 551
743 615
743 679
743 807
743 871
743 935
744 163
744 552
744 616
744 680
744 808
744 872
744 936
745 442
745 553
745 617
745 681
745 809
745 833
745 873
745 937
745 1003
746 232
746 245
746 554
746 618
746 682
746 810
746 874
746 938
746 944
747 90
747 126
747 281
747 555
747 619
747 683
747 796
747 811
747 818
747 875
747 939
748 556
748 561
748 620
748 684
748 812
748 819
748 876
748 940
749 120
749 193
749 557
749 621
749 685
749 813
749 877
749 941
749 1055
750 358
750 558
750 622
750 686
750 814
750 878
750 942
751 244
751 559
751 623
751 661
751 687
751 815
751 879
751 885
751 943
752 533
752 560
752 624
752 688
752 703
752 816
752 880
752 944
752 1084
753 561
753 625
753 689
753 817
753 826
753 881
753 945
754 28
754 87
754 148
754 220
754 562
754 626
754 690
754 818
754 882
754 946
754 948
754 1005
755 247
755 563
755 627
755 691
755 819
755 883
755 890
755 947
756 480
756 564
756 628
756 692
756 820
756 884
756 948
757 1
757 565
757 629
757 693
757 821
757 885
757 949
757 973
758 566
758 630
758 694
758 822
758 886
758 947
758 950
758 980
759 96
759 507
759 567
759 631
759 695
759 823
759 887
759 951
759 1042
759 1194
760 376
760 568
760 632
760 639
760 696
760 764
760 824
760 888
760 952
761 410
761 569
761 633
761 697
761 792
761 817
761 825
761 889
761 953
761 1019
762 570
762 634
762 698
762 826
762 890
762 954
763 116
763 571
763 635
763 699
763 827
763 891
763 955
764 376
764 572
764 636
764 639
764 700
764 760
764 828
764 892
764 956
765 17
765 573
765 637
765 701
765 829
765 893
765 957
765 1114
766 574
766 638
766 702
766 830
766 893
766 894
766 958
767 145
767 491
767 575
767 604
767 639
767 703
767 831
767 895
767 959
767 1083
767 1111
768 576
768 640
768 704
768 832
768 896
768 960
769 577
769 641
769 705
769 833
769 897
769 961
769 990
769 1035
770 298
770 578
770 642
770 706
770 834
770 898
770 962
770 1175
771 579
771 591
771 643
771 707
771 835
771 899
771 963
772 580
772 644
772 708
772 836
772 900
772 964
773 581
773 605
773 645
773 709
773 837
773 901
773 965
773 1257
774 9
774 73
774 134
774 201
774 262
774 326
774 393
774 454
774 521
774 582
774 646
774 649
774 710
774 713
774 838
774 902
774 966
774 1033
774 1097
774 1158
774 1225
775 6
775 7
775 70
775 71
775 135
775 199
775 263
775 327
775 391
775 455
775 457
775 462
775 470
775 519
775 583
775 585
775 646
775 647
775 654
775 711
775 777
775 782
775 822
775 839
775 841
775 903
775 905
775 906
775 910
775 915
775 918
775 950
775 967
775 969
775 974
775 1030
775 1031
775 1039
775 1095
775 1098
775 1102
775 1110
775 1159
775 1161
775 1174
775 1223
776 237
776 584
776 648
776 712
776 840
776 904
776 968
776 1052
777 6
777 7
777 70
777 71
777 135
777 199
777 263
777 327
777 391
777 455
777 457
777 462
777 470
777 519
777 583
777 585
777 646
777 647
777 649
777 654
777 711
777 713
777 775
777 782
777 822
777 841
777 903
777 905
777 906
777 910
777 915
777 918
777 950
777 967
777 969
777 974
777 1030
777 1031
777 1039
777 1095
777 1098
777 1102
777 1159
777 1161
777 1174
777 1223
778 586
778 650
778 714
778 842
778 906
778 970
779 27
779 273
779 587
779 651
779 715
779 843
779 907
779 971
780 588
780 652
780 716
780 844
780 908
780 952
780 972
780 1210
781 46
781 414
781 589
781 653
781 717
781 845
781 909
781 931
781 973
782 6
782 70
782 71
782 135
782 137
782 199
782 390
782 457
782 458
782 462
782 470
782 518
782 585
782 590
782 646
782 647
782 654
782 710
782 711
782 718
782 775
782 777
782 822
782 839
782 841
782 846
782 906
782 910
782 915
782 950
782 969
782 974
782 1030
782 1039
782 1095
782 1098
782 1102
782 1110
782 1159
782 1161
782 1174
782 1222
782 1231
783 591
783 655
783 719
783 847
783 911
783 975
784 592
784 656
784 720
784 848
784 912
784 976
785 67
785 95
785 115
785 304
785 593
785 657
785 721
785 849
785 913
785 977
785 1001
785 1127
786 392
786 567
786 594
786 658
786 722
786 850
786 914
786 978
786 1122
787 595
787 659
787 723
787 851
787 915
787 979
788 544
788 596
788 660
788 724
788 852
788 916
788 980
788 988
788 1079
788 1160
788 1236
789 362
789 510
789 597
789 661
789 725
789 733
789 853
789 917
789 981
790 527
790 598
790 662
790 726
790 854
790 918
790 982
791 577
791 599
791 663
791 682
791 727
791 855
791 919
791 983
792 410
792 600
792 664
792 728
792 761
792 817
792 856
792 920
792 984
792 1019
793 601
793 652
793 665
793 729
793 857
793 921
793 923
793 983
793 985
794 341
794 602
794 666
794 730
794 858
794 922
794 986
795 113
795 603
795 667
795 701
795 731
795 859
795 923
795 987
796 90
796 126
796 281
796 604
796 668
796 732
796 747
796 818
796 860
796 924
796 988
797 605
797 669
797 733
797 861
797 925
797 989
798 606
798 670
798 734
798 862
798 926
798 990
799 268
799 607
799 671
799 735
799 863
799 927
799 991
800 117
800 608
800 672
800 736
800 864
800 928
800 992
801 609
801 673
801 737
801 865
801 929
801 993
801 1057
802 610
802 674
802 738
802 866
802 930
802 994
803 130
803 611
803 675
803 739
803 867
803 931
803 995
803 1144
804 612
804 676
804 740
804 868
804 932
804 996
805 233
805 333
805 450
805 613
805 674
805 677
805 741
805 869
805 933
805 997
806 147
806 359
806 614
806 678
806 742
806 870
806 934
806 998
806 1105
807 425
807 568
807 615
807 679
807 743
807 871
807 935
807 999
808 616
808 680
808 744
808 872
808 936
808 1000
809 617
809 681
809 745
809 873
809 937
809 1001
809 1049
810 26
810 618
810 682
810 746
810 874
810 938
810 1002
811 338
811 619
811 683
811 747
811 875
811 939
811 995
811 1003
812 52
812 189
812 620
812 684
812 748
812 876
812 940
812 984
812 1004
813 621
813 685
813 749
813 877
813 941
813 1005
814 622
814 686
814 750
814 878
814 942
814 1006
815 623
815 687
815 751
815 879
815 943
815 987
815 1007
816 624
816 688
816 752
816 880
816 944
816 1008
816 1045
816 1118
817 410
817 625
817 689
817 753
817 761
817 792
817 881
817 945
817 1009
817 1019
818 90
818 126
818 281
818 626
818 690
818 747
818 754
818 796
818 882
818 946
818 1010
819 561
819 627
819 691
819 748
819 755
819 883
819 947
819 1011
820 91
820 250
820 307
820 446
820 575
820 628
820 692
820 756
820 863
820 884
820 948
820 1002
820 1012
821 629
821 693
821 757
821 885
821 949
821 1013
821 1146
822 6
822 70
822 71
822 135
822 137
822 199
822 329
822 390
822 457
822 458
822 462
822 470
822 518
822 585
822 630
822 646
822 647
822 654
822 694
822 710
822 758
822 775
822 777
822 782
822 839
822 841
822 886
822 906
822 910
822 915
822 950
822 969
822 974
822 1014
822 1030
822 1039
822 1095
822 1098
822 1102
822 1110
822 1159
822 1161
822 1174
822 1222
822 1231
823 173
823 631
823 695
823 759
823 887
823 951
823 1015
823 1154
824 632
824 696
824 760
824 888
824 952
824 1016
825 155
825 633
825 697
825 700
825 761
825 889
825 953
825 1017
826 634
826 698
826 753
826 762
826 890
826 954
826 1018
827 635
827 699
827 725
827 763
827 891
827 955
827 1019
827 1267
828 284
828 353
828 417
828 636
828 700
828 764
828 892
828 956
828 1020
829 407
829 637
829 701
829 765
829 893
829 957
829 1021
829 1022
829 1209
830 40
830 447
830 469
830 638
830 702
830 766
830 894
830 958
830 1022
830 1100
831 97
831 639
831 703
831 767
831 895
831 959
831 1023
831 1147
831 1240
832 640
832 704
832 768
832 896
832 960
832 982
832 1024
833 442
833 641
833 705
833 745
833 769
833 897
833 961
833 1003
833 1025
834 642
834 706
834 770
834 898
834 962
834 971
834 1026
834 1121
835 643
835 707
835 771
835 899
835 963
835 1027
836 580
836 644
836 708
836 772
836 900
836 964
836 1028
837 215
837 645
837 709
837 773
837 901
837 965
837 1029
837 1165
838 9
838 73
838 134
838 201
838 262
838 326
838 393
838 454
838 521
838 582
838 646
838 649
838 710
838 713
838 774
838 902
838 966
838 1030
838 1033
838 1097
838 1158
838 1225
839 70
839 71
839 118
839 135
839 137
839 198
839 199
839 265
839 329
839 390
839 406
839 457
839 458
839 462
839 470
839 518
839 585
839 646
839 647
839 654
839 710
839 711
839 726
839 775
839 782
839 822
839 841
839 886
839 903
839 906
839 915
839 950
839 967
839 974
839 1031
839 1039
839 1095
839 1098
839 1102
839 1110
839 1159
839 1161
839 1174
839 1222
839 1231
840 648
840 712
840 776
840 904
840 968
840 1032
841 6
841 70
841 71
841 135
841 137
841 199
841 329
841 390
841 457
841 458
841 462
841 470
841 518
841 585
841 646
841 647
841 649
841 654
841 710
841 713
841 775
841 777
841 782
841 822
841 839
841 905
841 906
841 910
841 915
841 950
841 969
841 974
841 1033
841 1039
841 1095
841 1098
841 1102
841 1110
841 1159
841 1161
841 1174
841 1222
841 1231
842 650
842 714
842 778
842 906
842 970
842 1034
843 651
843 715
843 779
843 907
843 921
843 971
843 1035
844 168
844 295
844 652
844 716
844 780
844 866
844 908
844 972
844 1023
844 1036
845 272
845 653
845 704
845 717
845 781
845 909
845 973
845 1037
846 320
846 654
846 718
846 782
846 910
846 974
846 1038
847 655
847 719
847 783
847 911
847 975
847 1039
847 1062
848 656
848 720
848 784
848 912
848 976
848 1040
849 657
849 721
849 785
849 913
849 977
849 1041
850 151
850 501
850 658
850 722
850 786
850 869
850 914
850 953
850 978
850 1042
850 1192
851 659
851 723
851 787
851 915
851 979
851 1043
852 340
852 660
852 693
852 724
852 788
852 916
852 980
852 1044
853 280
853 661
853 725
853 789
853 917
853 981
853 1045
854 118
854 137
854 198
854 265
854 329
854 406
854 458
854 662
854 726
854 790
854 886
854 918
854 982
854 1024
854 1046
854 1078
854 1094
854 1166
854 1222
855 412
855 663
855 727
855 791
855 919
855 983
855 1047
856 191
856 664
856 728
856 792
856 920
856 984
856 1048
857 48
857 474
857 618
857 665
857 729
857 793
857 921
857 985
857 1049
857 1259
858 571
858 666
858 730
858 794
858 876
858 922
858 986
858 1050
859 667
859 731
859 795
859 923
859 987
859 1051
860 668
860 732
860 796
860 924
860 988
860 1052
861 449
861 669
861 673
861 733
861 797
861 925
861 935
861 989
861 1053
862 670
862 734
862 798
862 926
862 990
862 1054
863 91
863 250
863 307
863 446
863 575
863 671
863 735
863 799
863 820
863 927
863 991
863 1002
863 1055
864 94
864 672
864 736
864 800
864 928
864 965
864 992
864 1056
864 1066
864 1117
865 248
865 466
865 673
865 735
865 737
865 801
865 929
865 993
865 1057
866 168
866 295
866 674
866 738
866 802
866 844
866 930
866 994
866 1023
866 1058
867 146
867 235
867 349
867 675
867 739
867 803
867 931
867 995
867 1059
867 1135
868 335
868 676
868 740
868 804
868 932
868 996
868 1060
869 151
869 501
869 677
869 741
869 805
869 850
869 933
869 953
869 997
869 1061
869 1192
870 678
870 742
870 806
870 934
870 998
870 1062
871 186
871 679
871 743
871 807
871 935
871 985
871 999
871 1063
872 680
872 744
872 808
872 936
872 1000
872 1064
872 1246
873 681
873 745
873 809
873 937
873 1001
873 1065
874 57
874 451
874 615
874 682
874 746
874 810
874 938
874 998
874 1002
874 1066
875 663
875 683
875 747
875 811
875 939
875 1003
875 1067
876 571
876 684
876 748
876 812
876 858
876 940
876 1004
876 1068
877 420
877 685
877 749
877 813
877 941
877 942
877 1005
877 1069
877 1091
878 617
878 686
878 750
878 814
878 942
878 1006
878 1070
879 223
879 351
879 657
879 687
879 751
879 815
879 943
879 1007
879 1071
880 382
880 688
880 752
880 816
880 944
880 1008
880 1072
881 8
881 197
881 203
881 689
881 737
881 753
881 817
881 945
881 1009
881 1073
882 42
882 581
882 690
882 754
882 818
882 946
882 1010
882 1074
883 177
883 539
883 691
883 755
883 819
883 947
883 958
883 1011
883 1075
884 692
884 756
884 820
884 948
884 1012
884 1076
885 244
885 661
885 693
885 751
885 757
885 821
885 949
885 1013
885 1077
886 70
886 118
886 137
886 198
886 265
886 329
886 390
886 406
886 458
886 518
886 694
886 710
886 726
886 758
886 822
886 839
886 854
886 950
886 1014
886 1024
886 1078
886 1094
886 1110
886 1166
886 1222
886 1231
887 695
887 759
887 823
887 951
887 1015
887 1067
887 1079
888 124
888 573
888 593
888 625
888 696
888 760
888 824
888 952
888 1016
888 1080
888 1214
888 1247
889 569
889 633
889 697
889 761
889 825
889 953
889 1017
889 1081
889 1266
890 247
890 698
890 755
890 762
890 826
890 954
890 1018
890 1082
891 59
891 572
891 699
891 702
891 763
891 827
891 955
891 1019
891 1083
892 700
892 764
892 828
892 956
892 1020
892 1084
893 701
893 765
893 766
893 829
893 957
893 1021
893 1085
894 441
894 702
894 766
894 830
894 958
894 1022
894 1086
895 703
895 767
895 831
895 959
895 1023
895 1087
896 704
896 768
896 832
896 960
896 1024
896 1088
897 705
897 769
897 833
897 904
897 961
897 1025
897 1089
898 706
898 770
898 834
898 962
898 1026
898 1090
898 1134
899 467
899 707
899 771
899 835
899 963
899 1027
899 1091
900 708
900 772
900 836
900 964
900 1028
900 1092
901 709
901 773
901 837
901 965
901 1029
901 1093
902 9
902 73
902 134
902 201
902 262
902 326
902 393
902 454
902 521
902 582
902 649
902 710
902 713
902 774
902 838
902 966
902 1030
902 1033
902 1094
902 1097
902 1158
902 1225
903 7
903 263
903 327
903 391
903 455
903 519
903 583
903 647
903 711
903 775
903 777
903 839
903 905
903 910
903 918
903 967
903 969
903 974
903 1030
903 1031
903 1095
903 1102
903 1223
904 712
904 776
904 840
904 897
904 968
904 1032
904 1096
905 7
905 135
905 199
905 263
905 327
905 391
905 455
905 462
905 470
905 519
905 583
905 647
905 711
905 713
905 775
905 777
905 841
905 903
905 906
905 910
905 915
905 918
905 967
905 969
905 974
905 1030
905 1031
905 1033
905 1039
905 1095
905 1097
905 1102
905 1174
905 1223
906 6
906 70
906 71
906 135
906 199
906 263
906 327
906 390
906 391
906 455
906 457
906 462
906 470
906 518
906 519
906 583
906 585
906 646
906 647
906 654
906 710
906 711
906 714
906 775
906 777
906 778
906 782
906 822
906 839
906 841
906 842
906 905
906 910
906 915
906 918
906 950
906 967
906 969
906 970
906 974
906 1030
906 1031
906 1034
906 1039
906 1095
906 1098
906 1102
906 1110
906 1159
906 1161
906 1174
906 1223
907 715
907 779
907 843
907 971
907 1035
907 1099
908 65
908 302
908 667
908 716
908 780
908 844
908 934
908 972
908 1036
908 1100
909 717
909 781
909 845
909 973
909 1037
909 1101
910 6
910 71
910 135
910 199
910 263
910 327
910 391
910 455
910 457
910 462
910 470
910 519
910 583
910 585
910 646
910 647
910 654
910 711
910 718
910 775
910 777
910 782
910 822
910 841
910 846
910 903
910 905
910 906
910 915
910 918
910 950
910 967
910 969
910 974
910 1030
910 1031
910 1038
910 1039
910 1095
910 1098
910 1102
910 1159
910 1161
910 1174
910 1223
911 719
911 783
911 847
911 975
911 1039
911 1103
912 720
912 784
912 848
912 976
912 1040
912 1104
913 721
913 785
913 849
913 977
913 1041
913 1105
914 722
914 786
914 850
914 978
914 1042
914 1106
915 6
915 70
915 71
915 135
915 199
915 390
915 391
915 455
915 457
915 462
915 470
915 518
915 583
915 585
915 646
915 647
915 654
915 710
915 711
915 723
915 775
915 777
915 782
915 787
915 822
915 839
915 841
915 851
915 905
915 906
915 910
915 918
915 950
915 967
915 969
915 974
915 979
915 1030
915 1031
915 1039
915 1043
915 1095
915 1098
915 1102
915 1107
915 1110
915 1159
915 1161
915 1174
915 1223
915 1231
916 724
916 788
916 852
916 980
916 1044
916 1108
917 60
917 325
917 645
917 725
917 789
917 853
917 981
917 1045
917 1109
918 7
918 71
918 135
918 199
918 263
918 327
918 391
918 455
918 462
918 470
918 519
918 583
918 647
918 654
918 711
918 726
918 775
918 777
918 790
918 854
918 903
918 905
918 906
918 910
918 915
918 967
918 969
918 974
918 982
918 1030
918 1031
918 1039
918 1046
918 1095
918 1102
918 1110
918 1159
918 1161
918 1174
918 1223
919 727
919 791
919 855
919 983
919 1047
919 1111
920 728
920 792
920 856
920 984
920 1048
920 1112
920 1249
921 729
921 793
921 843
921 857
921 985
921 1049
921 1113
922 129
922 524
922 730
922 794
922 858
922 986
922 1050
922 1114
922 1191
922 1218
923 652
923 731
923 793
923 795
923 859
923 983
923 987
923 1051
923 1115
924 732
924 796
924 860
924 988
924 1052
924 1116
925 733
925 797
925 861
925 989
925 1053
925 1117
926 630
926 734
926 798
926 862
926 990
926 1036
926 1054
926 1118
927 101
927 563
927 735
927 799
927 863
927 991
927 1055
927 1119
928 306
928 416
928 736
928 800
928 864
928 962
928 992
928 1056
928 1120
929 737
929 801
929 865
929 993
929 1057
929 1121
930 92
930 361
930 375
930 738
930 802
930 866
930 994
930 1058
930 1122
930 1136
931 46
931 414
931 739
931 781
931 803
931 867
931 995
931 1059
931 1123
932 740
932 804
932 868
932 996
932 1060
932 1124
933 590
933 741
933 805
933 869
933 997
933 1061
933 1125
934 65
934 302
934 667
934 742
934 806
934 870
934 908
934 998
934 1062
934 1126
935 449
935 673
935 743
935 807
935 861
935 871
935 999
935 1063
935 1127
936 712
936 744
936 808
936 872
936 1000
936 1064
936 1128
937 548
937 745
937 809
937 873
937 1001
937 1065
937 1092
937 1129
938 724
938 746
938 810
938 874
938 977
938 1002
938 1066
938 1130
938 1239
939 483
939 747
939 811
939 875
939 1003
939 1067
939 1109
939 1131
939 1242
940 194
940 465
940 579
940 748
940 812
940 876
940 1004
940 1068
940 1132
941 749
941 813
941 877
941 1005
941 1069
941 1133
942 420
942 750
942 814
942 877
942 878
942 1006
942 1070
942 1091
942 1134
943 751
943 815
943 879
943 1007
943 1071
943 1135
944 232
944 245
944 746
944 752
944 816
944 880
944 1008
944 1072
944 1136
945 493
945 753
945 817
945 881
945 1009
945 1073
945 1137
945 1241
946 754
946 818
946 882
946 972
946 1010
946 1074
946 1138
946 1276
947 755
947 758
947 819
947 883
947 980
947 1011
947 1075
947 1139
948 28
948 87
948 148
948 220
948 754
948 756
948 820
948 884
948 1005
948 1012
948 1076
948 1140
949 350
949 757
949 821
949 885
949 1013
949 1077
949 1141
949 1227
949 1229
950 70
950 71
950 135
950 137
950 199
950 390
950 457
950 458
950 462
950 470
950 518
950 585
950 646
950 647
950 654
950 710
950 758
950 775
950 777
950 782
950 822
950 839
950 841
950 886
950 906
950 910
950 915
950 969
950 974
950 1014
950 1030
950 1039
950 1078
950 1095
950 1098
950 1102
950 1110
950 1142
950 1159
950 1161
950 1174
950 1222
950 1231
951 759
951 823
951 887
951 1015
951 1079
951 1143
952 760
952 780
952 824
952 888
952 1016
952 1080
952 1144
952 1210
953 151
953 501
953 761
953 825
953 850
953 869
953 889
953 1017
953 1081
953 1145
953 1192
954 29
954 282
954 731
954 762
954 826
954 890
954 991
954 1016
954 1018
954 1082
954 1146
954 1201
955 497
955 517
955 763
955 827
955 891
955 1019
955 1082
955 1083
955 1147
955 1164
956 490
956 764
956 828
956 892
956 1020
956 1084
956 1148
957 66
957 765
957 829
957 893
957 1021
957 1085
957 1138
957 1149
958 177
958 539
958 766
958 830
958 883
958 894
958 1022
958 1086
958 1150
959 20
959 174
959 343
959 584
959 767
959 831
959 895
959 1023
959 1087
959 1151
960 768
960 832
960 896
960 1024
960 1088
960 1152
961 769
961 833
961 897
961 990
961 1025
961 1035
961 1089
961 1153
962 306
962 416
962 770
962 834
962 898
962 928
962 1026
962 1090
962 1154
963 324
963 771
963 835
963 899
963 1027
963 1091
963 1155
964 772
964 836
964 900
964 1028
964 1070
964 1092
964 1156
965 94
965 773
965 837
965 864
965 901
965 1029
965 1066
965 1093
965 1117
965 1157
966 9
966 73
966 134
966 201
966 262
966 326
966 393
966 454
966 521
966 582
966 649
966 713
966 774
966 838
966 902
966 1030
966 1033
966 1094
966 1097
966 1158
966 1225
967 6
967 7
967 135
967 199
967 263
967 327
967 391
967 455
967 457
967 462
967 470
967 519
967 583
967 647
967 654
967 711
967 775
967 777
967 839
967 903
967 905
967 906
967 910
967 915
967 918
967 969
967 974
967 1030
967 1031
967 1039
967 1095
967 1102
967 1159
967 1161
967 1174
967 1223
968 473
968 776
968 840
968 904
968 1032
968 1096
968 1160
968 1181
969 6
969 135
969 199
969 263
969 327
969 391
969 455
969 457
969 462
969 470
969 519
969 583
969 585
969 646
969 647
969 654
969 711
969 775
969 777
969 782
969 822
969 841
969 903
969 905
969 906
969 910
969 915
969 918
969 950
969 967
969 974
969 1030
969 1031
969 1033
969 1039
969 1095
969 1097
969 1098
969 1102
969 1159
969 1161
969 1174
969 1223
970 778
970 842
970 906
970 1034
970 1098
970 1162
971 779
971 834
971 843
971 907
971 1035
971 1099
971 1121
971 1163
972 780
972 844
972 908
972 946
972 1036
972 1100
972 1164
972 1276
973 1
973 757
973 781
973 845
973 909
973 1037
973 1101
973 1165
974 6
974 135
974 199
974 263
974 327
974 390
974 391
974 455
974 457
974 462
974 470
974 518
974 519
974 583
974 585
974 646
974 647
974 654
974 711
974 775
974 777
974 782
974 822
974 839
974 841
974 846
974 903
974 905
974 906
974 910
974 915
974 918
974 950
974 967
974 969
974 1030
974 1031
974 1038
974 1039
974 1095
974 1098
974 1102
974 1110
974 1159
974 1161
974 1166
974 1174
974 1223
975 783
975 847
975 911
975 1039
975 1103
975 1167
976 784
976 848
976 912
976 1040
976 1104
976 1168
977 724
977 785
977 849
977 913
977 938
977 1041
977 1105
977 1169
977 1239
978 786
978 850
978 914
978 1042
978 1072
978 1106
978 1170
978 1173
979 787
979 851
979 915
979 996
979 1043
979 1107
979 1171
980 758
980 788
980 852
980 916
980 947
980 1044
980 1108
980 1172
981 35
981 190
981 789
981 853
981 917
981 1045
981 1109
981 1173
981 1260
982 790
982 832
982 854
982 918
982 1046
982 1110
982 1174
983 652
983 791
983 793
983 855
983 919
983 923
983 1047
983 1111
983 1175
984 52
984 189
984 792
984 812
984 856
984 920
984 1048
984 1112
984 1176
985 186
985 793
985 857
985 871
985 921
985 1049
985 1113
985 1177
986 108
986 178
986 435
986 589
986 794
986 858
986 922
986 1050
986 1114
986 1178
986 1195
987 795
987 815
987 859
987 923
987 1051
987 1115
987 1179
988 544
988 788
988 796
988 860
988 924
988 1052
988 1079
988 1116
988 1160
988 1180
988 1236
989 797
989 861
989 925
989 1053
989 1117
989 1181
990 769
990 798
990 862
990 926
990 961
990 1035
990 1054
990 1118
990 1182
991 29
991 282
991 731
991 799
991 863
991 927
991 954
991 1016
991 1055
991 1119
991 1183
991 1201
992 125
992 162
992 800
992 864
992 928
992 1056
992 1120
992 1184
993 547
993 690
993 732
993 801
993 865
993 929
993 1057
993 1121
993 1185
994 588
994 707
994 802
994 866
994 930
994 1058
994 1122
994 1186
995 338
995 803
995 811
995 867
995 931
995 1059
995 1123
995 1187
996 804
996 868
996 932
996 979
996 1060
996 1124
996 1188
997 169
997 222
997 434
997 805
997 869
997 933
997 1061
997 1113
997 1125
997 1189
998 57
998 451
998 615
998 806
998 870
998 874
998 934
998 1062
998 1126
998 1190
999 807
999 871
999 935
999 1063
999 1127
999 1191
1000 107
1000 347
1000 363
1000 427
1000 496
1000 808
1000 872
1000 936
1000 1064
1000 1128
1000 1178
1000 1192
1001 67
1001 95
1001 115
1001 304
1001 785
1001 809
1001 873
1001 937
1001 1065
1001 1127
1001 1129
1001 1193
1002 91
1002 250
1002 307
1002 446
1002 575
1002 810
1002 820
1002 863
1002 874
1002 938
1002 1066
1002 1130
1002 1194
1003 442
1003 745
1003 811
1003 833
1003 875
1003 939
1003 1067
1003 1131
1003 1195
1004 812
1004 876
1004 940
1004 1068
1004 1132
1004 1196
1005 28
1005 87
1005 148
1005 220
1005 754
1005 813
1005 877
1005 941
1005 948
1005 1069
1005 1133
1005 1197
1006 814
1006 878
1006 942
1006 1070
1006 1134
1006 1198
1007 815
1007 879
1007 943
1007 1071
1007 1135
1007 1199
1007 1279
1008 816
1008 880
1008 944
1008 1044
1008 1072
1008 1074
1008 1136
1008 1200
1009 817
1009 881
1009 945
1009 1073
1009 1137
1009 1201
1010 33
1010 818
1010 882
1010 946
1010 1051
1010 1074
1010 1138
1010 1202
1011 819
1011 883
1011 947
1011 1058
1011 1075
1011 1139
1011 1203
1012 433
1012 601
1012 820
1012 884
1012 948
1012 1076
1012 1140
1012 1204
1013 453
1013 821
1013 885
1013 949
1013 1077
1013 1087
1013 1141
1013 1205
1014 822
1014 886
1014 950
1014 1078
1014 1142
1014 1206
1015 823
1015 887
1015 951
1015 1079
1015 1143
1015 1207
1016 29
1016 282
1016 731
1016 824
1016 888
1016 952
1016 954
1016 991
1016 1080
1016 1144
1016 1201
1016 1208
1017 540
1017 825
1017 889
1017 953
1017 1081
1017 1145
1017 1209
1018 468
1018 686
1018 826
1018 890
1018 954
1018 1082
1018 1146
1018 1210
1019 410
1019 761
1019 792
1019 817
1019 827
1019 891
1019 955
1019 1083
1019 1147
1019 1211
1020 293
1020 651
1020 828
1020 892
1020 956
1020 1084
1020 1123
1020 1148
1020 1212
1021 829
1021 893
1021 957
1021 1085
1021 1149
1021 1213
1022 407
1022 829
1022 830
1022 894
1022 958
1022 1086
1022 1150
1022 1209
1022 1214
1023 168
1023 295
1023 831
1023 844
1023 866
1023 895
1023 959
1023 1087
1023 1151
1023 1215
1024 198
1024 265
1024 329
1024 406
1024 458
1024 726
1024 832
1024 854
1024 886
1024 896
1024 960
1024 1078
1024 1088
1024 1094
1024 1152
1024 1166
1024 1216
1024 1222
1025 166
1025 833
1025 897
1025 961
1025 1089
1025 1153
1025 1217
1026 834
1026 898
1026 962
1026 1090
1026 1154
1026 1218
1027 835
1027 899
1027 963
1027 1091
1027 1155
1027 1219
1028 836
1028 900
1028 964
1028 1092
1028 1156
1028 1220
1029 680
1029 837
1029 901
1029 965
1029 1093
1029 1157
1029 1221
1030 6
1030 199
1030 263
1030 327
1030 391
1030 455
1030 457
1030 462
1030 470
1030 519
1030 583
1030 585
1030 646
1030 647
1030 654
1030 711
1030 775
1030 777
1030 782
1030 822
1030 838
1030 902
1030 903
1030 905
1030 906
1030 910
1030 915
1030 918
1030 950
1030 966
1030 967
1030 969
1030 974
1030 1031
1030 1039
1030 1094
1030 1095
1030 1098
1030 1102
1030 1158
1030 1159
1030 1161
1030 1174
1030 1222
1030 1223
1031 7
1031 199
1031 263
1031 327
1031 391
1031 455
1031 462
1031 519
1031 583
1031 647
1031 711
1031 775
1031 777
1031 839
1031 903
1031 905
1031 906
1031 910
1031 915
1031 918
1031 967
1031 969
1031 974
1031 1030
1031 1039
1031 1095
1031 1102
1031 1159
1031 1174
1031 1223
1032 24
1032 231
1032 840
1032 904
1032 968
1032 1096
1032 1160
1032 1186
1032 1224
1032 1271
1033 9
1033 73
1033 134
1033 201
1033 262
1033 326
1033 393
1033 454
1033 521
1033 582
1033 649
1033 713
1033 774
1033 838
1033 841
1033 902
1033 905
1033 966
1033 969
1033 1097
1033 1158
1033 1161
1033 1225
1034 0
1034 842
1034 906
1034 970
1034 1098
1034 1162
1034 1198
1034 1226
1035 769
1035 843
1035 907
1035 961
1035 971
1035 990
1035 1099
1035 1163
1035 1227
1036 630
1036 844
1036 908
1036 926
1036 972
1036 1100
1036 1164
1036 1228
1037 845
1037 909
1037 973
1037 1101
1037 1165
1037 1229
1038 846
1038 910
1038 974
1038 1102
1038 1166
1038 1230
1039 71
1039 135
1039 199
1039 390
1039 391
1039 455
1039 457
1039 462
1039 470
1039 518
1039 583
1039 585
1039 646
1039 647
1039 654
1039 710
1039 711
1039 775
1039 777
1039 782
1039 822
1039 839
1039 841
1039 847
1039 905
1039 906
1039 910
1039 911
1039 915
1039 918
1039 950
1039 967
1039 969
1039 974
1039 975
1039 1030
1039 1031
1039 1095
1039 1098
1039 1102
1039 1103
1039 1110
1039 1159
1039 1161
1039 1167
1039 1174
1039 1223
1039 1231
1040 330
1040 339
1040 606
1040 848
1040 912
1040 976
1040 1104
1040 1168
1040 1232
1041 849
1041 913
1041 977
1041 1105
1041 1169
1041 1233
1042 96
1042 507
1042 759
1042 850
1042 914
1042 978
1042 1106
1042 1170
1042 1194
1042 1234
1043 851
1043 915
1043 979
1043 1107
1043 1171
1043 1235
1044 852
1044 916
1044 980
1044 1008
1044 1074
1044 1108
1044 1172
1044 1236
1045 816
1045 853
1045 917
1045 981
1045 1109
1045 1118
1045 1173
1045 1237
1046 534
1046 854
1046 918
1046 982
1046 1110
1046 1174
1046 1238
1047 131
1047 267
1047 855
1047 919
1047 983
1047 1111
1047 1175
1047 1239
1048 252
1048 555
1048 626
1048 856
1048 920
1048 984
1048 1112
1048 1176
1048 1240
1049 809
1049 857
1049 921
1049 985
1049 1113
1049 1177
1049 1241
1050 50
1050 677
1050 858
1050 922
1050 986
1050 1114
1050 1178
1050 1242
1051 33
1051 859
1051 923
1051 987
1051 1010
1051 1115
1051 1179
1051 1243
1052 237
1052 776
1052 860
1052 924
1052 988
1052 1116
1052 1180
1052 1244
1053 861
1053 925
1053 989
1053 1117
1053 1181
1053 1197
1053 1245
1054 69
1054 209
1054 691
1054 862
1054 926
1054 990
1054 1118
1054 1182
1054 1246
1055 120
1055 193
1055 749
1055 863
1055 927
1055 991
1055 1119
1055 1183
1055 1247
1056 864
1056 928
1056 992
1056 1120
1056 1184
1056 1248
1056 1250
1057 801
1057 865
1057 929
1057 993
1057 1121
1057 1185
1057 1249
1058 866
1058 930
1058 994
1058 1011
1058 1122
1058 1186
1058 1250
1059 360
1059 485
1059 867
1059 931
1059 995
1059 1123
1059 1187
1059 1251
1060 868
1060 932
1060 996
1060 1124
1060 1188
1060 1252
1061 321
1061 387
1061 869
1061 933
1061 997
1061 1125
1061 1189
1061 1251
1061 1253
1061 1272
1062 847
1062 870
1062 934
1062 998
1062 1126
1062 1190
1062 1254
1063 871
1063 935
1063 999
1063 1127
1063 1191
1063 1255
1064 89
1064 205
1064 257
1064 872
1064 936
1064 1000
1064 1128
1064 1192
1064 1256
1065 68
1065 715
1065 873
1065 937
1065 1001
1065 1129
1065 1193
1065 1257
1066 94
1066 864
1066 874
1066 938
1066 965
1066 1002
1066 1117
1066 1130
1066 1194
1066 1258
1067 875
1067 887
1067 939
1067 1003
1067 1131
1067 1195
1067 1259
1068 152
1068 876
1068 940
1068 1004
1068 1132
1068 1196
1068 1213
1068 1260
1069 459
1069 877
1069 941
1069 1005
1069 1133
1069 1197
1069 1261
1070 878
1070 942
1070 964
1070 1006
1070 1134
1070 1198
1070 1262
1071 226
1071 236
1071 239
1071 319
1071 879
1071 943
1071 1007
1071 1135
1071 1199
1071 1263
1072 880
1072 944
1072 978
1072 1008
1072 1136
1072 1173
1072 1200
1072 1264
1073 881
1073 945
1073 1009
1073 1137
1073 1201
1073 1265
1074 882
1074 946
1074 1008
1074 1010
1074 1044
1074 1138
1074 1202
1074 1266
1075 883
1075 947
1075 1011
1075 1139
1075 1187
1075 1203
1075 1243
1075 1248
1075 1267
1076 55
1076 99
1076 296
1076 364
1076 884
1076 948
1076 1012
1076 1140
1076 1204
1076 1268
1077 885
1077 949
1077 1013
1077 1141
1077 1205
1077 1269
1078 118
1078 198
1078 265
1078 329
1078 406
1078 458
1078 726
1078 854
1078 886
1078 950
1078 1014
1078 1024
1078 1094
1078 1142
1078 1166
1078 1206
1078 1222
1078 1270
1079 544
1079 788
1079 887
1079 951
1079 988
1079 1015
1079 1143
1079 1160
1079 1207
1079 1236
1079 1271
1080 888
1080 952
1080 1016
1080 1144
1080 1208
1080 1272
1081 180
1081 499
1081 500
1081 889
1081 953
1081 1017
1081 1145
1081 1209
1081 1273
1082 497
1082 517
1082 890
1082 954
1082 955
1082 1018
1082 1146
1082 1164
1082 1210
1082 1274
1083 145
1083 491
1083 604
1083 767
1083 891
1083 955
1083 1019
1083 1111
1083 1147
1083 1211
1083 1275
1084 533
1084 703
1084 752
1084 892
1084 956
1084 1020
1084 1148
1084 1212
1084 1276
1085 242
1085 734
1085 893
1085 957
1085 1021
1085 1148
1085 1149
1085 1213
1085 1277
1086 229
1086 666
1086 894
1086 958
1086 1022
1086 1150
1086 1214
1086 1278
1087 453
1087 895
1087 959
1087 1013
1087 1023
1087 1151
1087 1215
1087 1279
1088 896
1088 960
1088 1024
1088 1152
1088 1216
1089 37
1089 322
1089 897
1089 961
1089 1025
1089 1153
1089 1217
1089 1233
1090 648
1090 898
1090 962
1090 1026
1090 1154
1090 1218
1091 420
1091 877
1091 899
1091 942
1091 963
1091 1027
1091 1155
1091 1219
1092 548
1092 900
1092 937
1092 964
1092 1028
1092 1156
1092 1220
1093 557
1093 901
1093 965
1093 1029
1093 1120
1093 1157
1093 1221
1094 198
1094 265
1094 329
1094 406
1094 458
1094 726
1094 854
1094 886
1094 902
1094 966
1094 1024
1094 1030
1094 1078
1094 1158
1094 1166
1094 1222
1095 6
1095 71
1095 135
1095 199
1095 263
1095 327
1095 390
1095 391
1095 455
1095 457
1095 462
1095 470
1095 518
1095 519
1095 583
1095 585
1095 646
1095 647
1095 654
1095 710
1095 711
1095 775
1095 777
1095 782
1095 822
1095 839
1095 841
1095 903
1095 905
1095 906
1095 910
1095 915
1095 918
1095 950
1095 967
1095 969
1095 974
1095 1030
1095 1031
1095 1039
1095 1098
1095 1102
1095 1110
1095 1159
1095 1161
1095 1174
1095 1223
1095 1231
1096 292
1096 904
1096 968
1096 1032
1096 1160
1096 1224
1097 9
1097 73
1097 134
1097 201
1097 262
1097 326
1097 393
1097 454
1097 521
1097 582
1097 649
1097 713
1097 774
1097 838
1097 902
1097 905
1097 966
1097 969
1097 1033
1097 1158
1097 1161
1097 1225
1098 70
1098 71
1098 329
1098 390
1098 457
1098 458
1098 462
1098 470
1098 518
1098 585
1098 646
1098 647
1098 654
1098 710
1098 775
1098 777
1098 782
1098 822
1098 839
1098 841
1098 906
1098 910
1098 915
1098 950
1098 969
1098 970
1098 974
1098 1030
1098 1034
1098 1039
1098 1095
1098 1102
1098 1110
1098 1159
1098 1161
1098 1162
1098 1174
1098 1222
1098 1226
1098 1231
1099 158
1099 907
1099 971
1099 1035
1099 1163
1099 1227
1100 40
1100 447
1100 469
1100 830
1100 908
1100 972
1100 1036
1100 1164
1100 1228
1101 909
1101 973
1101 1037
1101 1165
1101 1229
1102 6
1102 135
1102 199
1102 263
1102 327
1102 390
1102 391
1102 455
1102 457
1102 462
1102 470
1102 518
1102 519
1102 583
1102 585
1102 646
1102 647
1102 654
1102 711
1102 775
1102 777
1102 782
1102 822
1102 839
1102 841
1102 903
1102 905
1102 906
1102 910
1102 915
1102 918
1102 950
1102 967
1102 969
1102 974
1102 1030
1102 1031
1102 1038
1102 1039
1102 1095
1102 1098
1102 1110
1102 1159
1102 1161
1102 1166
1102 1174
1102 1223
1102 1230
1103 399
1103 911
1103 975
1103 1039
1103 1167
1103 1231
1104 912
1104 976
1104 1040
1104 1168
1104 1232
1105 147
1105 359
1105 806
1105 913
1105 977
1105 1041
1105 1169
1105 1233
1106 543
1106 914
1106 978
1106 1042
1106 1170
1106 1234
1106 1264
1107 464
1107 915
1107 979
1107 1043
1107 1171
1107 1235
1108 395
1108 916
1108 980
1108 1044
1108 1172
1108 1236
1109 483
1109 917
1109 939
1109 981
1109 1045
1109 1173
1109 1237
1109 1242
1110 70
1110 329
1110 390
1110 457
1110 458
1110 462
1110 470
1110 518
1110 585
1110 646
1110 647
1110 654
1110 710
1110 775
1110 782
1110 822
1110 839
1110 841
1110 886
1110 906
1110 915
1110 918
1110 950
1110 974
1110 982
1110 1039
1110 1046
1110 1095
1110 1098
1110 1102
1110 1159
1110 1161
1110 1174
1110 1222
1110 1231
1110 1238
1111 145
1111 491
1111 604
1111 767
1111 919
1111 983
1111 1047
1111 1083
1111 1175
1111 1239
1112 920
1112 984
1112 1048
1112 1176
1112 1240
1113 169
1113 222
1113 434
1113 921
1113 985
1113 997
1113 1049
1113 1177
1113 1241
1114 17
1114 765
1114 922
1114 986
1114 1050
1114 1178
1114 1242
1115 25
1115 716
1115 923
1115 987
1115 1051
1115 1179
1115 1243
1116 924
1116 988
1116 1052
1116 1180
1116 1244
1117 94
1117 864
1117 925
1117 965
1117 989
1117 1053
1117 1066
1117 1181
1117 1245
1118 816
1118 926
1118 990
1118 1045
1118 1054
1118 1182
1118 1246
1119 213
1119 638
1119 927
1119 991
1119 1055
1119 1183
1119 1237
1119 1247
1120 557
1120 928
1120 992
1120 1056
1120 1093
1120 1184
1120 1248
1121 834
1121 929
1121 971
1121 993
1121 1057
1121 1185
1121 1249
1122 392
1122 567
1122 786
1122 930
1122 994
1122 1058
1122 1186
1122 1250
1123 293
1123 651
1123 931
1123 995
1123 1020
1123 1059
1123 1187
1123 1251
1124 932
1124 996
1124 1060
1124 1188
1124 1252
1125 482
1125 551
1125 698
1125 933
1125 997
1125 1061
1125 1180
1125 1189
1125 1253
1126 934
1126 998
1126 1062
1126 1190
1126 1254
1127 67
1127 95
1127 115
1127 304
1127 785
1127 935
1127 999
1127 1001
1127 1063
1127 1191
1127 1255
1128 936
1128 1000
1128 1064
1128 1192
1128 1256
1129 274
1129 937
1129 1001
1129 1065
1129 1193
1129 1257
1130 938
1130 1002
1130 1066
1130 1194
1130 1258
1131 299
1131 664
1131 939
1131 1003
1131 1067
1131 1177
1131 1195
1131 1259
1132 63
1132 408
1132 940
1132 1004
1132 1068
1132 1196
1132 1260
1133 941
1133 1005
1133 1069
1133 1197
1133 1261
1134 898
1134 942
1134 1006
1134 1070
1134 1198
1134 1262
1135 146
1135 235
1135 349
1135 867
1135 943
1135 1007
1135 1071
1135 1199
1135 1263
1136 92
1136 361
1136 375
1136 930
1136 944
1136 1008
1136 1072
1136 1200
1136 1264
1137 945
1137 1009
1137 1073
1137 1201
1137 1265
1138 66
1138 946
1138 957
1138 1010
1138 1074
1138 1202
1138 1266
1139 44
1139 167
1139 653
1139 947
1139 1011
1139 1075
1139 1203
1139 1267
1140 948
1140 1012
1140 1076
1140 1204
1140 1268
1141 949
1141 1013
1141 1077
1141 1205
1141 1269
1142 54
1142 950
1142 1014
1142 1078
1142 1206
1142 1270
1143 951
1143 1015
1143 1079
1143 1207
1143 1238
1143 1271
1144 130
1144 803
1144 952
1144 1016
1144 1080
1144 1208
1144 1272
1145 103
1145 200
1145 328
1145 537
1145 953
1145 1017
1145 1081
1145 1149
1145 1209
1145 1273
1146 821
1146 954
1146 1018
1146 1082
1146 1210
1146 1274
1147 97
1147 831
1147 955
1147 1019
1147 1083
1147 1211
1147 1240
1147 1275
1148 242
1148 734
1148 956
1148 1020
1148 1084
1148 1085
1148 1212
1148 1276
1149 103
1149 200
1149 328
1149 537
1149 957
1149 1021
1149 1085
1149 1145
1149 1213
1149 1277
1150 127
1150 958
1150 1022
1150 1086
1150 1214
1150 1278
1151 405
1151 959
1151 1023
1151 1087
1151 1215
1151 1279
1152 960
1152 1024
1152 1088
1152 1216
1153 961
1153 1025
1153 1089
1153 1217
1154 173
1154 823
1154 962
1154 1026
1154 1090
1154 1218
1155 512
1155 963
1155 1027
1155 1091
1155 1219
1156 964
1156 1028
1156 1092
1156 1163
1156 1188
1156 1220
1157 965
1157 1029
1157 1093
1157 1184
1157 1221
1158 9
1158 73
1158 134
1158 201
1158 262
1158 326
1158 393
1158 454
1158 521
1158 582
1158 649
1158 713
1158 774
1158 838
1158 902
1158 966
1158 1030
1158 1033
1158 1094
1158 1097
1158 1222
1158 1225
1159 70
1159 71
1159 135
1159 199
1159 390
1159 391
1159 457
1159 458
1159 462
1159 470
1159 518
1159 585
1159 646
1159 647
1159 654
1159 710
1159 711
1159 775
1159 777
1159 782
1159 822
1159 839
1159 841
1159 906
1159 910
1159 915
1159 918
1159 950
1159 967
1159 969
1159 974
1159 1030
1159 1031
1159 1039
1159 1095
1159 1098
1159 1102
1159 1110
1159 1161
1159 1174
1159 1222
1159 1223
1159 1231
1160 544
1160 788
1160 968
1160 988
1160 1032
1160 1079
1160 1096
1160 1224
1160 1236
1161 70
1161 71
1161 135
1161 390
1161 391
1161 457
1161 458
1161 462
1161 470
1161 518
1161 585
1161 646
1161 647
1161 654
1161 710
1161 711
1161 775
1161 777
1161 782
1161 822
1161 839
1161 841
1161 906
1161 910
1161 915
1161 918
1161 950
1161 967
1161 969
1161 974
1161 1030
1161 1033
1161 1039
1161 1095
1161 1097
1161 1098
1161 1102
1161 1110
1161 1159
1161 1174
1161 1222
1161 1225
1161 1231
1162 208
1162 970
1162 1034
1162 1098
1162 1226
1163 971
1163 1035
1163 1099
1163 1156
1163 1188
1163 1227
1164 497
1164 517
1164 955
1164 972
1164 1036
1164 1082
1164 1100
1164 1228
1165 215
1165 837
1165 973
1165 1037
1165 1101
1165 1229
1166 329
1166 406
1166 458
1166 726
1166 854
1166 886
1166 974
1166 1024
1166 1038
1166 1078
1166 1094
1166 1102
1166 1222
1166 1230
1167 16
1167 975
1167 1039
1167 1103
1167 1231
1168 976
1168 1040
1168 1104
1168 1232
1169 977
1169 1041
1169 1105
1169 1233
1170 683
1170 978
1170 1042
1170 1106
1170 1204
1170 1215
1170 1234
1171 979
1171 1043
1171 1107
1171 1235
1172 980
1172 1044
1172 1108
1172 1236
1173 978
1173 981
1173 1045
1173 1072
1173 1109
1173 1237
1174 6
1174 71
1174 135
1174 199
1174 390
1174 391
1174 455
1174 457
1174 462
1174 470
1174 518
1174 583
1174 585
1174 646
1174 647
1174 654
1174 710
1174 711
1174 775
1174 777
1174 782
1174 822
1174 839
1174 841
1174 905
1174 906
1174 910
1174 915
1174 918
1174 950
1174 967
1174 969
1174 974
1174 982
1174 1030
1174 1031
1174 1039
1174 1046
1174 1095
1174 1098
1174 1102
1174 1110
1174 1159
1174 1161
1174 1223
1174 1231
1174 1238
1175 298
1175 770
1175 983
1175 1047
1175 1111
1175 1239
1176 379
1176 556
1176 984
1176 1048
1176 1112
1176 1240
1177 299
1177 664
1177 985
1177 1049
1177 1113
1177 1131
1177 1241
1178 107
1178 347
1178 363
1178 427
1178 496
1178 986
1178 1000
1178 1050
1178 1114
1178 1242
1179 396
1179 987
1179 1051
1179 1115
1179 1243
1180 482
1180 551
1180 698
1180 988
1180 1052
1180 1116
1180 1125
1180 1244
1181 473
1181 968
1181 989
1181 1053
1181 1117
1181 1245
1182 990
1182 1054
1182 1118
1182 1246
1183 991
1183 1055
1183 1119
1183 1247
1184 992
1184 1056
1184 1120
1184 1157
1184 1248
1185 110
1185 196
1185 290
1185 461
1185 993
1185 1057
1185 1121
1185 1249
1186 24
1186 231
1186 994
1186 1032
1186 1058
1186 1122
1186 1250
1186 1271
1187 995
1187 1059
1187 1075
1187 1123
1187 1243
1187 1248
1187 1251
1188 996
1188 1060
1188 1124
1188 1156
1188 1163
1188 1252
1189 668
1189 997
1189 1061
1189 1125
1189 1208
1189 1253
1190 258
1190 357
1190 424
1190 998
1190 1062
1190 1126
1190 1254
1191 129
1191 524
1191 922
1191 999
1191 1063
1191 1127
1191 1218
1191 1255
1192 151
1192 501
1192 850
1192 869
1192 953
1192 1000
1192 1064
1192 1128
1192 1256
1193 1001
1193 1065
1193 1129
1193 1257
1194 96
1194 507
1194 759
1194 1002
1194 1042
1194 1066
1194 1130
1194 1258
1195 108
1195 178
1195 435
1195 589
1195 986
1195 1003
1195 1067
1195 1131
1195 1259
1196 152
1196 1004
1196 1068
1196 1132
1196 1213
1196 1260
1197 1005
1197 1053
1197 1069
1197 1133
1197 1261
1198 0
1198 1006
1198 1034
1198 1070
1198 1134
1198 1262
1199 1007
1199 1071
1199 1135
1199 1263
1200 264
1200 370
1200 696
1200 1008
1200 1072
1200 1136
1200 1264
1201 29
1201 282
1201 731
1201 954
1201 991
1201 1009
1201 1016
1201 1073
1201 1137
1201 1265
1202 1010
1202 1074
1202 1138
1202 1266
1203 369
1203 1011
1203 1075
1203 1139
1203 1267
1204 683
1204 1012
1204 1076
1204 1140
1204 1170
1204 1215
1204 1268
1205 164
1205 1013
1205 1077
1205 1141
1205 1269
1206 1014
1206 1078
1206 1142
1206 1270
1207 139
1207 481
1207 587
1207 742
1207 1015
1207 1079
1207 1143
1207 1217
1207 1271
1208 668
1208 1016
1208 1080
1208 1144
1208 1189
1208 1272
1209 407
1209 829
1209 1017
1209 1022
1209 1081
1209 1145
1209 1273
1210 780
1210 952
1210 1018
1210 1082
1210 1146
1210 1274
1211 56
1211 1019
1211 1083
1211 1147
1211 1275
1212 159
1212 1020
1212 1084
1212 1148
1212 1276
1213 152
1213 1021
1213 1068
1213 1085
1213 1149
1213 1196
1213 1277
1214 124
1214 573
1214 593
1214 625
1214 888
1214 1022
1214 1086
1214 1150
1214 1247
1214 1278
1215 683
1215 1023
1215 1087
1215 1151
1215 1170
1215 1204
1215 1279
1216 1024
1216 1088
1216 1152
1217 139
1217 481
1217 587
1217 742
1217 1025
1217 1089
1217 1153
1217 1207
1218 129
1218 524
1218 922
1218 1026
1218 1090
1218 1154
1218 1191
1219 1027
1219 1091
1219 1155
1220 388
1220 1028
1220 1092
1220 1156
1221 1029
1221 1093
1221 1157
1222 137
1222 329
1222 390
1222 406
1222 457
1222 458
1222 518
1222 585
1222 646
1222 710
1222 726
1222 782
1222 822
1222 839
1222 841
1222 854
1222 886
1222 950
1222 1024
1222 1030
1222 1078
1222 1094
1222 1098
1222 1110
1222 1158
1222 1159
1222 1161
1222 1166
1222 1231
1223 7
1223 263
1223 327
1223 391
1223 455
1223 462
1223 470
1223 519
1223 583
1223 647
1223 654
1223 711
1223 775
1223 777
1223 903
1223 905
1223 906
1223 910
1223 915
1223 918
1223 967
1223 969
1223 974
1223 1030
1223 1031
1223 1039
1223 1095
1223 1102
1223 1159
1223 1174
1224 385
1224 514
1224 549
1224 1032
1224 1096
1224 1160
1225 9
1225 73
1225 134
1225 201
1225 262
1225 326
1225 393
1225 454
1225 521
1225 582
1225 649
1225 713
1225 774
1225 838
1225 902
1225 966
1225 1033
1225 1097
1225 1158
1225 1161
1226 342
1226 1034
1226 1098
1226 1162
1227 350
1227 949
1227 1035
1227 1099
1227 1163
1227 1229
1228 642
1228 1036
1228 1100
1228 1164
1229 350
1229 949
1229 1037
1229 1101
1229 1165
1229 1227
1230 1038
1230 1102
1230 1166
1231 70
1231 137
1231 390
1231 406
1231 457
1231 458
1231 462
1231 470
1231 518
1231 585
1231 646
1231 654
1231 710
1231 726
1231 782
1231 822
1231 839
1231 841
1231 886
1231 915
1231 950
1231 1039
1231 1095
1231 1098
1231 1103
1231 1110
1231 1159
1231 1161
1231 1167
1231 1174
1231 1222
1232 1040
1232 1104
1232 1168
1233 37
1233 322
1233 1041
1233 1089
1233 1105
1233 1169
1234 346
1234 1042
1234 1106
1234 1170
1235 1043
1235 1107
1235 1171
1236 544
1236 788
1236 988
1236 1044
1236 1079
1236 1108
1236 1160
1236 1172
1237 213
1237 638
1237 1045
1237 1109
1237 1119
1237 1173
1238 1046
1238 1110
1238 1143
1238 1174
1239 724
1239 938
1239 977
1239 1047
1239 1111
1239 1175
1240 97
1240 831
1240 1048
1240 1112
1240 1147
1240 1176
1241 493
1241 945
1241 1049
1241 1113
1241 1177
1242 483
1242 939
1242 1050
1242 1109
1242 1114
1242 1178
1243 1051
1243 1075
1243 1115
1243 1179
1243 1187
1243 1248
1244 553
1244 1052
1244 1116
1244 1180
1245 520
1245 660
1245 1053
1245 1117
1245 1181
1246 872
1246 1054
1246 1118
1246 1182
1247 124
1247 573
1247 593
1247 625
1247 888
1247 1055
1247 1119
1247 1183
1247 1214
1248 1056
1248 1075
1248 1120
1248 1184
1248 1187
1248 1243
1249 920
1249 1057
1249 1121
1249 1185
1250 1056
1250 1058
1250 1122
1250 1186
1251 321
1251 387
1251 1059
1251 1061
1251 1123
1251 1187
1251 1272
1252 1060
1252 1124
1252 1188
1253 596
1253 1061
1253 1125
1253 1189
1254 132
1254 1062
1254 1126
1254 1190
1255 301
1255 1063
1255 1127
1255 1191
1256 251
1256 1064
1256 1128
1256 1192
1257 605
1257 773
1257 1065
1257 1129
1257 1193
1258 109
1258 313
1258 368
1258 1066
1258 1130
1258 1194
1258 1263
1258 1265
1259 48
1259 474
1259 618
1259 857
1259 1067
1259 1131
1259 1195
1260 35
1260 190
1260 981
1260 1068
1260 1132
1260 1196
1261 438
1261 1069
1261 1133
1261 1197
1262 1070
1262 1134
1262 1198
1263 109
1263 313
1263 368
1263 1071
1263 1135
1263 1199
1263 1258
1263 1265
1264 543
1264 1072
1264 1106
1264 1136
1264 1200
1265 109
1265 313
1265 368
1265 1073
1265 1137
1265 1201
1265 1258
1265 1263
1266 569
1266 633
1266 889
1266 1074
1266 1138
1266 1202
1267 725
1267 827
1267 1075
1267 1139
1267 1203
1268 444
1268 637
1268 1076
1268 1140
1268 1204
1269 498
1269 535
1269 741
1269 1077
1269 1141
1269 1205
1270 1078
1270 1142
1270 1206
1271 24
1271 231
1271 1032
1271 1079
1271 1143
1271 1186
1271 1207
1272 321
1272 387
1272 1061
1272 1080
1272 1144
1272 1208
1272 1251
1273 289
1273 488
1273 545
1273 738
1273 1081
1273 1145
1273 1209
1274 53
1274 1082
1274 1146
1274 1210
1275 106
1275 153
1275 1083
1275 1147
1275 1211
1276 946
1276 972
1276 1084
1276 1148
1276 1212
1277 62
1277 613
1277 1085
1277 1149
1277 1213
1278 183
1278 389
1278 1086
1278 1150
1278 1214
1279 1007
1279 1087
1279 1151
1279 1215
