0 64
0 128
0 192
1 13
1 19
1 65
1 83
1 129
1 141
1 147
1 193
1 211
1 257
1 275
1 325
1 335
1 389
1 399
1 453
1 517
1 527
1 655
1 709
1 719
1 773
1 783
1 840
1 845
1 901
1 909
1 965
1 1093
1 1221
1 1229
2 66
2 130
2 194
3 67
3 131
3 195
4 68
4 132
4 196
5 13
5 15
5 19
5 69
5 79
5 83
5 129
5 133
5 143
5 147
5 197
5 207
5 211
5 261
5 271
5 325
5 326
5 389
5 399
5 454
5 517
5 518
5 582
5 646
5 710
5 719
5 774
5 783
5 838
5 847
5 911
5 973
5 975
5 1101
5 1103
5 1167
5 1231
6 70
6 134
6 198
6 262
6 326
6 390
6 454
6 518
6 582
6 646
6 710
6 774
6 838
7 71
7 135
7 199
7 926
8 72
8 136
8 200
8 221
9 73
9 136
9 137
9 200
9 201
9 264
9 328
9 392
9 456
9 520
9 581
9 645
9 712
9 776
9 837
9 904
9 968
9 1032
9 1096
9 1157
9 1224
10 74
10 138
10 158
10 202
11 75
11 139
11 203
12 76
12 140
12 204
13 1
13 5
13 15
13 19
13 69
13 77
13 79
13 83
13 129
13 133
13 141
13 143
13 147
13 193
13 197
13 205
13 207
13 211
13 257
13 261
13 271
13 275
13 325
13 335
13 389
13 399
13 453
13 517
13 527
13 655
13 719
13 783
13 840
13 847
13 1029
13 1037
13 1165
13 1221
14 78
14 142
14 206
15 5
15 13
15 19
15 69
15 79
15 83
15 129
15 133
15 141
15 143
15 147
15 197
15 207
15 211
15 261
15 271
15 275
15 325
15 335
15 389
15 399
15 517
15 582
15 655
15 719
15 783
15 847
15 911
15 973
15 1029
15 1037
15 1101
15 1167
15 1231
16 80
16 144
16 208
17 81
17 145
17 209
17 585
18 82
18 146
18 210
19 1
19 5
19 13
19 15
19 69
19 79
19 83
19 129
19 133
19 141
19 143
19 147
19 193
19 197
19 207
19 211
19 257
19 261
19 271
19 275
19 325
19 335
19 389
19 399
19 453
19 517
19 527
19 655
19 709
19 719
19 783
19 840
19 847
19 901
19 1029
19 1037
19 1165
19 1221
20 84
20 148
20 212
20 592
20 597
20 805
20 848
20 1198
21 85
21 149
21 213
22 86
22 150
22 214
22 290
23 87
23 151
23 152
23 215
23 635
23 853
23 1015
24 88
24 152
24 216
24 564
24 616
24 995
24 1204
25 89
25 153
25 217
26 90
26 154
26 218
26 1253
27 91
27 155
27 219
28 85
28 92
28 156
28 220
28 620
29 93
29 157
29 221
30 94
30 158
30 222
31 36
31 95
31 159
31 223
31 768
31 1019
32 96
32 160
32 194
32 224
33 97
33 161
33 225
34 98
34 162
34 226
35 99
35 163
35 227
35 485
36 31
36 100
36 164
36 228
36 768
36 1019
37 101
37 165
37 229
37 680
37 784
37 1112
37 1175
38 102
38 166
38 230
38 541
39 59
39 103
39 167
39 231
39 1206
40 104
40 168
40 225
40 232
40 1238
41 105
41 169
41 233
41 722
42 106
42 163
42 170
42 234
42 409
42 869
42 1257
43 107
43 171
43 191
43 235
43 815
43 824
44 108
44 172
44 236
45 109
45 173
45 212
45 237
45 298
45 948
46 110
46 174
46 238
46 574
47 111
47 175
47 239
47 418
47 694
47 744
48 112
48 176
48 240
48 1013
48 1232
49 113
49 177
49 241
49 377
49 504
49 1047
50 95
50 114
50 178
50 242
50 891
50 1121
51 115
51 179
51 230
51 243
51 851
52 116
52 180
52 244
53 117
53 181
53 245
53 1104
53 1177
54 118
54 182
54 246
54 1124
55 119
55 183
55 247
55 731
56 120
56 184
56 185
56 248
56 490
56 724
56 953
56 1086
56 1200
57 121
57 185
57 186
57 249
57 464
57 473
58 122
58 186
58 250
58 624
58 746
58 1145
59 39
59 123
59 187
59 251
59 1206
60 124
60 188
60 252
60 441
60 698
61 125
61 170
61 189
61 240
61 248
61 253
61 255
61 346
61 664
61 788
61 811
61 1008
62 126
62 190
62 254
62 569
62 633
62 959
63 127
63 191
63 255
63 382
63 439
63 596
63 632
63 1259
64 0
64 128
64 192
64 256
64 364
64 1250
65 1
65 129
65 193
65 257
66 2
66 130
66 194
66 258
66 387
67 3
67 131
67 195
67 259
68 4
68 132
68 196
68 260
68 790
68 1042
69 5
69 13
69 15
69 19
69 79
69 83
69 129
69 133
69 143
69 147
69 197
69 207
69 211
69 261
69 271
69 325
69 326
69 389
69 399
69 454
69 517
69 518
69 582
69 646
69 710
69 719
69 774
69 783
69 838
69 847
69 902
69 911
69 973
69 975
69 1101
69 1103
69 1167
69 1231
70 6
70 134
70 198
70 262
70 326
70 390
70 454
70 518
70 582
70 646
70 710
70 774
70 838
70 902
71 7
71 135
71 199
71 263
71 842
71 1267
72 8
72 136
72 200
72 264
73 9
73 136
73 137
73 200
73 201
73 264
73 265
73 328
73 392
73 456
73 520
73 581
73 645
73 712
73 776
73 837
73 904
73 968
73 1032
73 1096
73 1157
73 1224
74 10
74 138
74 202
74 219
74 266
75 11
75 139
75 203
75 267
76 12
76 140
76 204
76 268
76 401
76 1155
77 13
77 141
77 205
77 269
78 14
78 142
78 206
78 263
78 270
78 778
78 908
79 5
79 13
79 15
79 19
79 69
79 83
79 129
79 133
79 141
79 143
79 147
79 197
79 207
79 211
79 261
79 271
79 275
79 325
79 335
79 389
79 399
79 517
79 582
79 655
79 719
79 783
79 840
79 847
79 901
79 911
79 973
79 1029
79 1037
79 1101
79 1167
79 1231
80 16
80 144
80 208
80 272
81 17
81 145
81 209
81 273
82 18
82 146
82 210
82 222
82 274
83 1
83 5
83 13
83 15
83 19
83 69
83 79
83 129
83 133
83 141
83 143
83 147
83 193
83 197
83 207
83 211
83 257
83 261
83 271
83 275
83 325
83 335
83 389
83 399
83 453
83 517
83 655
83 719
83 783
83 840
83 847
83 901
83 911
83 1029
83 1037
83 1101
83 1165
84 20
84 148
84 212
84 276
84 1138
85 21
85 28
85 149
85 213
85 277
85 620
86 22
86 150
86 214
86 278
87 23
87 119
87 151
87 215
87 279
87 341
87 357
87 796
88 24
88 152
88 216
88 280
89 25
89 153
89 217
89 281
89 295
90 26
90 154
90 218
90 282
90 426
90 727
90 1146
91 27
91 155
91 219
91 283
91 347
91 1126
92 28
92 156
92 220
92 284
92 982
93 29
93 157
93 221
93 285
94 30
94 158
94 222
94 286
94 1171
95 31
95 50
95 159
95 223
95 287
95 891
95 1121
96 32
96 160
96 224
96 288
97 33
97 161
97 225
97 289
98 34
98 162
98 226
98 290
98 608
99 35
99 163
99 167
99 227
99 291
99 929
100 36
100 164
100 228
100 292
100 955
101 37
101 165
101 229
101 293
101 612
101 836
102 38
102 166
102 230
102 294
103 39
103 105
103 167
103 231
103 295
103 297
103 614
103 877
104 40
104 110
104 168
104 232
104 296
104 423
104 553
104 725
105 41
105 103
105 169
105 233
105 297
105 614
105 877
106 42
106 170
106 227
106 234
106 298
106 558
106 720
106 1207
107 43
107 171
107 235
108 44
108 172
108 236
108 300
108 1036
109 45
109 173
109 237
109 301
109 1170
109 1216
110 46
110 104
110 174
110 238
110 302
110 423
110 553
110 725
111 47
111 175
111 239
111 303
112 48
112 176
112 240
112 252
112 304
112 560
112 600
112 1258
113 49
113 177
113 241
113 305
113 535
114 50
114 178
114 242
114 306
114 503
115 51
115 179
115 243
115 307
116 52
116 180
116 244
116 308
117 53
117 181
117 245
117 309
118 54
118 182
118 246
118 310
119 55
119 87
119 183
119 247
119 311
119 341
119 357
119 796
120 56
120 184
120 248
120 312
120 314
121 57
121 185
121 249
121 302
121 313
121 344
122 58
122 186
122 250
122 314
122 696
122 954
123 59
123 187
123 251
123 256
123 315
123 556
124 60
124 188
124 252
124 316
124 436
125 61
125 189
125 253
125 276
125 317
125 661
125 789
125 1193
126 62
126 190
126 254
126 318
126 671
126 764
126 890
127 63
127 191
127 255
127 319
127 366
127 575
127 689
127 831
128 0
128 64
128 192
128 256
128 320
128 850
129 1
129 5
129 13
129 15
129 19
129 65
129 69
129 79
129 83
129 133
129 141
129 143
129 147
129 193
129 197
129 207
129 211
129 257
129 261
129 271
129 275
129 321
129 325
129 335
129 389
129 399
129 453
129 517
129 527
129 655
129 709
129 719
129 773
129 783
129 840
129 845
129 847
129 901
129 909
129 965
129 973
129 1037
129 1165
129 1221
129 1229
130 2
130 66
130 194
130 258
130 322
130 394
131 3
131 67
131 155
131 195
131 259
131 323
132 4
132 68
132 196
132 260
132 324
132 914
132 1133
133 5
133 13
133 15
133 19
133 69
133 79
133 83
133 129
133 143
133 147
133 197
133 207
133 211
133 261
133 271
133 325
133 326
133 389
133 399
133 454
133 517
133 518
133 582
133 646
133 710
133 719
133 774
133 783
133 838
133 847
133 902
133 911
133 966
133 973
133 975
133 1103
133 1167
133 1231
134 6
134 70
134 198
134 262
134 326
134 390
134 454
134 518
134 582
134 646
134 710
134 774
134 838
134 902
134 966
135 7
135 71
135 199
135 259
135 263
135 327
136 8
136 9
136 72
136 73
136 200
136 264
136 328
136 392
136 456
136 520
136 581
136 645
136 712
136 776
136 837
136 904
136 968
136 1032
136 1096
136 1157
136 1224
137 9
137 73
137 201
137 265
137 329
138 10
138 74
138 202
138 266
138 330
139 11
139 75
139 203
139 267
139 331
140 12
140 76
140 204
140 268
140 332
140 467
141 1
141 13
141 15
141 19
141 77
141 79
141 83
141 129
141 147
141 193
141 205
141 211
141 257
141 269
141 275
141 325
141 333
141 335
141 389
141 399
141 453
141 517
141 527
141 655
141 709
141 719
141 773
141 783
141 840
141 845
141 847
141 901
141 909
141 965
141 1221
141 1229
142 14
142 78
142 206
142 270
142 334
143 5
143 13
143 15
143 19
143 69
143 79
143 83
143 129
143 133
143 147
143 197
143 207
143 211
143 261
143 271
143 325
143 326
143 335
143 389
143 399
143 454
143 517
143 518
143 582
143 646
143 710
143 719
143 774
143 783
143 838
143 847
143 902
143 911
143 966
143 973
143 975
143 1103
143 1167
143 1231
144 16
144 80
144 208
144 272
144 336
145 17
145 81
145 209
145 273
145 337
146 18
146 82
146 210
146 274
146 338
146 934
147 1
147 5
147 13
147 15
147 19
147 69
147 79
147 83
147 129
147 133
147 141
147 143
147 193
147 197
147 207
147 211
147 257
147 261
147 271
147 275
147 325
147 335
147 339
147 389
147 399
147 453
147 517
147 527
147 655
147 719
147 783
147 840
147 847
147 901
147 909
147 911
147 965
147 973
147 1029
147 1037
147 1165
147 1221
148 20
148 84
148 183
148 212
148 276
148 340
148 533
148 745
148 935
148 1040
148 1063
149 21
149 85
149 213
149 277
149 341
149 813
150 22
150 86
150 214
150 278
150 342
151 23
151 87
151 215
151 279
151 343
151 507
151 754
152 23
152 24
152 88
152 216
152 280
152 344
152 635
152 853
152 1015
153 25
153 89
153 217
153 281
153 345
153 993
153 1119
153 1246
154 26
154 90
154 218
154 282
154 346
154 498
154 1108
155 27
155 91
155 131
155 219
155 283
155 347
156 28
156 92
156 220
156 284
156 338
156 348
156 865
157 29
157 93
157 221
157 285
157 349
157 1245
158 10
158 30
158 94
158 222
158 286
158 350
159 31
159 95
159 223
159 287
159 351
159 792
159 936
159 1277
160 32
160 96
160 224
160 288
160 352
160 781
161 33
161 97
161 225
161 246
161 289
161 353
162 34
162 98
162 226
162 290
162 354
162 941
163 35
163 42
163 99
163 227
163 291
163 355
163 409
163 869
163 1257
164 36
164 100
164 228
164 292
164 356
164 1164
165 37
165 101
165 229
165 293
165 357
165 534
165 1132
166 38
166 102
166 230
166 294
166 358
166 586
166 928
167 39
167 99
167 103
167 231
167 295
167 359
167 929
168 40
168 104
168 232
168 296
168 360
168 704
168 885
168 950
169 41
169 105
169 233
169 297
169 361
169 530
169 1261
170 42
170 61
170 106
170 234
170 240
170 248
170 255
170 298
170 346
170 362
170 664
170 788
170 811
170 1008
171 43
171 107
171 235
171 299
171 363
171 419
171 983
172 44
172 108
172 236
172 300
172 364
172 721
173 45
173 109
173 237
173 301
173 365
173 1004
174 46
174 110
174 238
174 302
174 366
174 380
174 468
174 623
174 1136
174 1274
175 47
175 111
175 239
175 303
175 367
176 48
176 112
176 240
176 304
176 368
176 599
177 49
177 113
177 241
177 249
177 305
177 369
177 666
177 1144
177 1195
178 50
178 114
178 242
178 306
178 370
178 818
179 51
179 115
179 243
179 307
179 371
179 1075
180 52
180 116
180 223
180 244
180 308
180 372
180 684
180 947
180 1092
181 53
181 117
181 213
181 245
181 309
181 373
182 54
182 118
182 246
182 310
182 374
182 1260
183 55
183 119
183 148
183 247
183 311
183 375
183 533
183 745
183 935
183 1040
183 1063
184 56
184 120
184 248
184 312
184 315
184 376
184 809
184 991
185 56
185 57
185 121
185 249
185 313
185 377
185 490
185 724
185 953
185 1086
185 1200
186 57
186 58
186 122
186 250
186 314
186 378
186 464
186 473
187 59
187 123
187 251
187 315
187 379
187 1001
188 60
188 124
188 252
188 316
188 380
188 407
188 892
188 1084
189 61
189 125
189 253
189 317
189 381
189 404
189 1048
190 62
190 126
190 254
190 318
190 382
190 1209
191 43
191 63
191 127
191 255
191 319
191 383
191 815
191 824
192 0
192 64
192 128
192 214
192 256
192 320
192 384
192 1228
193 1
193 13
193 19
193 65
193 83
193 129
193 141
193 147
193 211
193 257
193 275
193 321
193 335
193 385
193 389
193 399
193 453
193 517
193 527
193 655
193 709
193 719
193 773
193 783
193 840
193 845
193 901
193 909
193 965
193 1029
193 1037
193 1093
193 1221
193 1229
194 2
194 32
194 66
194 130
194 258
194 322
194 386
195 3
195 67
195 131
195 259
195 323
195 387
196 4
196 68
196 132
196 260
196 324
196 388
196 918
197 5
197 13
197 15
197 19
197 69
197 79
197 83
197 129
197 133
197 143
197 147
197 207
197 211
197 261
197 271
197 325
197 326
197 389
197 399
197 454
197 517
197 518
197 582
197 646
197 710
197 719
197 774
197 783
197 838
197 847
197 902
197 911
197 966
197 973
197 975
197 1029
197 1030
197 1037
197 1039
197 1103
197 1167
197 1231
198 6
198 70
198 134
198 262
198 326
198 390
198 454
198 518
198 582
198 646
198 710
198 774
198 838
198 902
198 966
198 1030
198 1039
199 7
199 71
199 135
199 263
199 327
199 391
200 8
200 9
200 72
200 73
200 136
200 264
200 328
200 392
200 456
200 520
200 581
200 645
200 712
200 776
200 837
200 904
200 968
200 1032
200 1096
200 1157
200 1224
201 9
201 73
201 137
201 265
201 329
201 393
202 10
202 74
202 138
202 219
202 266
202 330
202 394
203 11
203 75
203 139
203 267
203 331
203 395
204 12
204 76
204 140
204 268
204 332
204 396
204 1099
205 13
205 77
205 141
205 269
205 333
205 397
206 14
206 78
206 142
206 270
206 334
206 398
207 5
207 13
207 15
207 19
207 69
207 79
207 83
207 129
207 133
207 143
207 147
207 197
207 211
207 261
207 271
207 325
207 326
207 335
207 389
207 399
207 454
207 517
207 518
207 582
207 646
207 710
207 719
207 774
207 783
207 838
207 847
207 902
207 911
207 966
207 973
207 975
207 1029
207 1030
207 1037
207 1039
207 1101
207 1103
207 1167
207 1231
208 16
208 80
208 144
208 272
208 336
208 400
208 631
209 17
209 81
209 145
209 273
209 337
209 401
210 18
210 82
210 146
210 274
210 338
210 402
211 1
211 5
211 13
211 15
211 19
211 69
211 79
211 83
211 129
211 133
211 141
211 143
211 147
211 193
211 197
211 207
211 257
211 261
211 271
211 275
211 325
211 335
211 339
211 389
211 399
211 403
211 453
211 517
211 655
211 719
211 783
211 840
211 847
211 901
211 911
211 965
211 973
211 975
211 1029
211 1037
211 1101
211 1165
212 20
212 45
212 84
212 148
212 276
212 298
212 340
212 404
212 948
213 21
213 85
213 149
213 181
213 277
213 341
213 405
214 22
214 86
214 150
214 192
214 278
214 342
214 406
214 1228
215 23
215 87
215 151
215 279
215 343
215 407
215 420
215 601
215 984
215 1074
216 24
216 88
216 152
216 279
216 280
216 344
216 408
216 471
216 857
216 1256
217 25
217 89
217 153
217 281
217 345
217 409
217 758
217 921
218 26
218 90
218 154
218 282
218 317
218 346
218 373
218 410
218 682
219 27
219 74
219 91
219 155
219 202
219 283
219 347
219 411
220 28
220 92
220 156
220 284
220 348
220 370
220 412
221 8
221 29
221 93
221 157
221 285
221 349
221 413
222 30
222 82
222 94
222 158
222 286
222 350
222 414
223 31
223 95
223 159
223 180
223 287
223 351
223 415
223 684
223 947
223 1092
224 32
224 96
224 160
224 288
224 352
224 416
225 33
225 40
225 97
225 161
225 289
225 353
225 417
225 1238
226 34
226 98
226 162
226 290
226 306
226 354
226 418
226 516
227 35
227 99
227 106
227 163
227 291
227 355
227 419
227 558
227 720
227 1207
228 36
228 100
228 164
228 292
228 356
228 420
228 996
229 37
229 101
229 165
229 284
229 293
229 357
229 421
229 1237
229 1266
230 38
230 51
230 102
230 166
230 294
230 358
230 422
230 851
231 39
231 103
231 167
231 295
231 359
231 423
231 630
231 854
232 40
232 104
232 168
232 296
232 299
232 360
232 424
232 750
233 41
233 105
233 169
233 297
233 361
233 425
233 782
234 42
234 106
234 170
234 298
234 362
234 376
234 426
234 743
234 1010
235 43
235 107
235 171
235 299
235 363
235 427
235 751
235 1272
236 44
236 108
236 172
236 300
236 364
236 428
236 603
237 45
237 109
237 173
237 301
237 365
237 429
237 470
238 46
238 110
238 174
238 302
238 366
238 430
238 613
238 931
238 939
238 980
239 47
239 111
239 175
239 303
239 367
239 431
239 567
239 1044
240 48
240 61
240 112
240 170
240 176
240 248
240 255
240 304
240 346
240 368
240 432
240 664
240 788
240 811
240 1008
241 49
241 113
241 177
241 305
241 369
241 433
242 50
242 114
242 178
242 306
242 370
242 415
242 434
243 51
243 115
243 179
243 307
243 371
243 435
244 52
244 116
244 180
244 308
244 372
244 436
245 53
245 117
245 181
245 309
245 361
245 373
245 437
245 543
245 738
246 54
246 118
246 161
246 182
246 310
246 374
246 438
247 55
247 119
247 183
247 311
247 375
247 439
247 1270
248 56
248 61
248 120
248 170
248 184
248 240
248 255
248 312
248 346
248 376
248 440
248 664
248 788
248 811
248 1008
249 57
249 121
249 177
249 185
249 313
249 377
249 441
249 666
249 1144
249 1195
250 58
250 122
250 186
250 314
250 378
250 427
250 442
250 1194
250 1214
251 59
251 123
251 187
251 315
251 379
251 443
252 60
252 112
252 124
252 188
252 316
252 380
252 444
252 560
252 600
252 1258
253 61
253 125
253 189
253 291
253 317
253 381
253 445
253 823
253 1114
254 62
254 126
254 190
254 318
254 382
254 424
254 433
254 446
255 61
255 63
255 127
255 170
255 191
255 240
255 248
255 319
255 346
255 383
255 447
255 664
255 788
255 811
255 1008
256 64
256 123
256 128
256 192
256 320
256 384
256 448
256 556
257 1
257 13
257 19
257 65
257 83
257 129
257 141
257 147
257 193
257 211
257 275
257 321
257 325
257 335
257 385
257 389
257 399
257 449
257 453
257 517
257 527
257 655
257 709
257 719
257 773
257 783
257 840
257 845
257 901
257 909
257 965
257 1029
257 1037
257 1093
257 1221
257 1229
258 66
258 130
258 194
258 322
258 386
258 450
259 67
259 131
259 135
259 195
259 323
259 387
259 451
260 68
260 132
260 196
260 324
260 388
260 452
260 1249
261 5
261 13
261 15
261 19
261 69
261 79
261 83
261 129
261 133
261 143
261 147
261 197
261 207
261 211
261 271
261 325
261 326
261 389
261 399
261 453
261 454
261 517
261 518
261 582
261 646
261 710
261 719
261 774
261 783
261 838
261 847
261 902
261 911
261 966
261 973
261 975
261 1029
261 1030
261 1037
261 1039
261 1094
261 1101
261 1103
261 1167
261 1231
262 6
262 70
262 134
262 198
262 326
262 390
262 454
262 518
262 582
262 646
262 710
262 774
262 838
262 902
262 966
262 975
262 1030
262 1039
262 1094
262 1158
263 71
263 78
263 135
263 199
263 327
263 391
263 455
263 778
263 908
264 9
264 72
264 73
264 136
264 200
264 328
264 392
264 456
264 520
264 581
264 645
264 712
264 776
264 837
264 904
264 968
264 1032
264 1096
264 1157
264 1224
265 73
265 137
265 201
265 329
265 393
265 457
266 74
266 138
266 202
266 330
266 394
266 458
267 75
267 139
267 203
267 331
267 395
267 459
268 76
268 140
268 204
268 332
268 396
268 460
269 77
269 141
269 205
269 333
269 397
269 461
269 527
269 584
269 648
269 709
269 773
269 845
269 909
269 1093
269 1154
269 1160
270 78
270 142
270 206
270 334
270 398
270 449
270 462
271 5
271 13
271 15
271 19
271 69
271 79
271 83
271 129
271 133
271 143
271 147
271 197
271 207
271 211
271 261
271 275
271 325
271 335
271 389
271 399
271 454
271 463
271 517
271 518
271 582
271 646
271 719
271 774
271 783
271 838
271 847
271 902
271 911
271 966
271 973
271 975
271 1029
271 1030
271 1037
271 1039
271 1094
271 1101
271 1103
271 1167
271 1231
272 80
272 144
272 208
272 336
272 400
272 464
272 673
272 1065
273 81
273 145
273 209
273 337
273 401
273 465
274 82
274 146
274 210
274 338
274 402
274 466
275 1
275 13
275 15
275 19
275 79
275 83
275 129
275 141
275 147
275 193
275 211
275 257
275 271
275 325
275 335
275 339
275 389
275 399
275 403
275 453
275 467
275 517
275 527
275 655
275 709
275 719
275 773
275 783
275 840
275 845
275 847
275 901
275 909
275 965
275 973
275 1029
275 1037
275 1093
275 1101
275 1165
275 1221
275 1229
276 84
276 125
276 148
276 212
276 340
276 404
276 468
276 661
276 789
276 1193
277 85
277 149
277 213
277 341
277 405
277 469
277 580
278 86
278 150
278 214
278 342
278 402
278 406
278 470
279 87
279 151
279 215
279 216
279 343
279 407
279 471
279 857
279 1256
280 88
280 152
280 216
280 344
280 408
280 472
280 610
281 89
281 153
281 217
281 345
281 354
281 367
281 409
281 473
281 884
281 1168
282 90
282 154
282 218
282 346
282 410
282 474
282 482
282 1202
283 91
283 155
283 219
283 347
283 411
283 450
283 475
284 92
284 156
284 220
284 229
284 348
284 412
284 476
284 1237
284 1266
285 93
285 157
285 221
285 349
285 413
285 477
285 529
285 1219
286 94
286 158
286 222
286 350
286 414
286 478
286 524
287 95
287 159
287 223
287 351
287 415
287 479
287 957
287 1128
288 96
288 160
288 224
288 352
288 416
288 480
289 97
289 161
289 225
289 353
289 417
289 481
289 797
290 22
290 98
290 162
290 226
290 354
290 418
290 482
291 99
291 163
291 227
291 253
291 355
291 419
291 483
291 823
291 1114
292 100
292 164
292 228
292 356
292 420
292 484
293 101
293 165
293 229
293 357
293 421
293 485
294 102
294 166
294 230
294 358
294 422
294 486
294 1110
295 89
295 103
295 167
295 231
295 359
295 423
295 487
296 104
296 168
296 232
296 360
296 424
296 488
296 512
297 103
297 105
297 169
297 233
297 361
297 425
297 489
297 614
297 877
298 45
298 106
298 170
298 212
298 234
298 362
298 426
298 490
298 948
299 171
299 232
299 235
299 363
299 427
299 491
299 750
300 108
300 172
300 236
300 364
300 428
300 492
301 109
301 173
301 237
301 365
301 429
301 493
302 110
302 121
302 174
302 238
302 344
302 366
302 430
302 494
303 111
303 175
303 239
303 367
303 431
303 495
303 576
304 112
304 176
304 240
304 368
304 432
304 496
304 562
305 113
305 177
305 241
305 368
305 369
305 433
305 444
305 826
305 1070
305 1151
306 114
306 178
306 226
306 242
306 370
306 434
306 498
306 516
307 115
307 179
307 243
307 371
307 435
307 499
308 116
308 180
308 244
308 372
308 436
308 500
308 532
308 756
308 1072
308 1134
309 117
309 181
309 245
309 373
309 437
309 483
309 501
309 729
310 118
310 182
310 246
310 374
310 438
310 502
311 119
311 183
311 247
311 375
311 439
311 503
311 734
312 120
312 184
312 248
312 376
312 410
312 440
312 504
312 820
313 121
313 185
313 249
313 377
313 441
313 505
313 552
313 810
313 830
313 952
313 958
313 1215
314 120
314 122
314 186
314 250
314 378
314 442
314 506
315 123
315 184
315 187
315 251
315 379
315 443
315 507
315 809
315 991
316 124
316 188
316 252
316 375
316 380
316 444
316 508
316 889
316 942
317 125
317 189
317 218
317 253
317 373
317 381
317 445
317 509
317 682
318 126
318 190
318 254
318 382
318 446
318 510
318 1017
319 127
319 191
319 255
319 383
319 430
319 447
319 511
319 1082
319 1130
319 1148
320 128
320 192
320 256
320 384
320 448
320 512
320 1185
321 129
321 193
321 257
321 385
321 449
321 513
321 1026
322 130
322 194
322 258
322 386
322 450
322 514
322 1223
323 131
323 195
323 259
323 387
323 451
323 515
324 132
324 196
324 260
324 388
324 452
324 516
325 1
325 5
325 13
325 15
325 19
325 69
325 79
325 83
325 129
325 133
325 141
325 143
325 147
325 197
325 207
325 211
325 257
325 261
325 271
325 275
325 335
325 389
325 399
325 453
325 517
325 655
325 719
325 783
325 840
325 847
325 901
325 911
325 965
325 973
325 975
325 1029
325 1037
325 1039
325 1101
325 1103
325 1165
325 1167
326 5
326 6
326 69
326 70
326 133
326 134
326 143
326 197
326 198
326 207
326 261
326 262
326 390
326 454
326 518
326 582
326 646
326 710
326 774
326 838
326 902
326 911
326 966
326 975
326 1030
326 1039
326 1094
326 1103
326 1158
326 1167
326 1222
327 135
327 199
327 263
327 391
327 455
327 460
327 519
328 9
328 73
328 136
328 200
328 264
328 392
328 456
328 520
328 581
328 645
328 712
328 776
328 837
328 904
328 968
328 1032
328 1096
328 1157
328 1224
329 137
329 201
329 265
329 393
329 457
329 521
330 138
330 202
330 266
330 394
330 458
330 522
330 841
330 990
330 1038
331 139
331 203
331 267
331 395
331 459
331 523
332 140
332 204
332 268
332 396
332 460
332 524
333 141
333 205
333 269
333 397
333 461
333 525
334 142
334 206
334 270
334 398
334 462
334 526
335 1
335 13
335 15
335 19
335 79
335 83
335 129
335 141
335 143
335 147
335 193
335 207
335 211
335 257
335 271
335 275
335 325
335 389
335 399
335 453
335 463
335 517
335 527
335 655
335 709
335 719
335 773
335 783
335 840
335 845
335 847
335 901
335 909
335 965
335 1029
335 1037
335 1093
335 1101
335 1165
335 1221
335 1229
336 144
336 208
336 272
336 400
336 464
336 528
336 856
336 1172
336 1263
337 145
337 209
337 273
337 401
337 465
337 529
337 839
338 146
338 156
338 210
338 274
338 402
338 466
338 530
338 865
339 147
339 211
339 275
339 403
339 467
339 531
339 1025
340 148
340 212
340 276
340 404
340 468
340 532
340 656
340 692
340 817
341 87
341 119
341 149
341 213
341 277
341 357
341 405
341 469
341 533
341 796
342 150
342 214
342 278
342 406
342 470
342 534
343 151
343 215
343 279
343 407
343 445
343 471
343 535
343 559
343 981
344 121
344 152
344 216
344 280
344 302
344 408
344 472
344 536
345 153
345 217
345 281
345 409
345 431
345 432
345 473
345 537
345 1187
345 1201
346 61
346 154
346 170
346 218
346 240
346 248
346 255
346 282
346 410
346 474
346 538
346 664
346 788
346 811
346 1008
347 91
347 155
347 219
347 283
347 411
347 475
347 539
347 1126
348 156
348 220
348 284
348 412
348 476
348 540
349 157
349 221
349 285
349 413
349 477
349 541
349 550
349 706
349 1120
350 158
350 222
350 286
350 414
350 478
350 542
351 159
351 223
351 287
351 360
351 415
351 479
351 501
351 543
352 160
352 224
352 288
352 416
352 480
352 544
353 161
353 225
353 289
353 417
353 481
353 545
353 912
354 162
354 226
354 281
354 290
354 367
354 418
354 482
354 546
354 884
354 1168
355 163
355 227
355 291
355 419
355 483
355 547
355 791
355 945
355 1002
356 164
356 228
356 292
356 420
356 484
356 548
357 87
357 119
357 165
357 229
357 293
357 341
357 421
357 485
357 549
357 796
358 166
358 230
358 294
358 422
358 486
358 550
359 167
359 231
359 295
359 423
359 487
359 537
359 551
359 607
359 802
359 946
359 1012
359 1191
360 168
360 232
360 296
360 351
360 424
360 488
360 501
360 552
361 169
361 233
361 245
361 297
361 425
361 489
361 543
361 553
361 738
362 170
362 234
362 298
362 426
362 490
362 538
362 554
363 171
363 235
363 299
363 427
363 491
363 880
364 64
364 172
364 236
364 300
364 428
364 492
364 556
364 1250
365 173
365 237
365 301
365 429
365 493
365 557
365 571
365 821
365 896
365 1106
365 1140
366 127
366 174
366 238
366 302
366 430
366 494
366 558
366 575
366 689
366 831
367 175
367 239
367 281
367 303
367 354
367 431
367 495
367 559
367 884
367 1168
368 176
368 240
368 304
368 305
368 432
368 444
368 496
368 560
368 826
368 1070
368 1151
369 177
369 241
369 305
369 433
369 497
369 561
369 916
370 178
370 220
370 242
370 306
370 434
370 498
370 562
371 179
371 243
371 307
371 435
371 499
371 563
372 180
372 244
372 308
372 436
372 500
372 564
372 759
372 988
373 181
373 218
373 245
373 309
373 317
373 437
373 501
373 565
373 682
374 182
374 246
374 310
374 438
374 502
374 566
375 183
375 247
375 311
375 316
375 439
375 503
375 567
375 889
375 942
376 184
376 234
376 248
376 312
376 440
376 504
376 568
376 743
376 1010
377 49
377 185
377 249
377 313
377 441
377 504
377 505
377 569
377 1047
378 186
378 250
378 314
378 442
378 506
378 570
379 187
379 251
379 315
379 443
379 507
379 571
380 174
380 188
380 252
380 316
380 444
380 468
380 508
380 572
380 623
380 1136
380 1274
381 189
381 253
381 317
381 445
381 509
381 573
381 855
381 949
382 63
382 190
382 254
382 318
382 439
382 446
382 510
382 596
382 632
382 1259
383 191
383 255
383 319
383 447
383 474
383 494
383 508
383 511
383 575
383 1021
384 192
384 256
384 320
384 448
384 512
384 576
384 1252
385 193
385 257
385 321
385 449
385 513
385 577
386 194
386 258
386 322
386 450
386 514
386 578
387 66
387 195
387 259
387 323
387 451
387 515
387 579
388 196
388 260
388 324
388 452
388 516
388 540
388 580
388 594
388 662
388 924
388 1122
389 1
389 5
389 13
389 15
389 19
389 69
389 79
389 83
389 129
389 133
389 141
389 143
389 147
389 193
389 197
389 207
389 211
389 257
389 261
389 271
389 275
389 325
389 335
389 399
389 453
389 517
389 581
389 655
389 719
389 783
389 840
389 847
389 901
389 911
389 965
389 973
389 975
389 1029
389 1037
389 1039
389 1101
389 1103
389 1165
389 1167
389 1221
389 1229
389 1231
390 6
390 70
390 134
390 198
390 262
390 326
390 454
390 518
390 582
390 646
390 710
390 774
390 838
390 902
390 966
390 975
390 1030
390 1039
390 1094
390 1158
390 1222
391 199
391 263
391 327
391 455
391 519
391 583
391 1166
392 9
392 73
392 136
392 200
392 264
392 328
392 456
392 520
392 581
392 584
392 645
392 712
392 776
392 837
392 904
392 968
392 1032
392 1096
392 1157
392 1224
393 201
393 265
393 329
393 457
393 521
393 585
393 1107
394 130
394 202
394 266
394 330
394 458
394 522
394 586
395 203
395 267
395 331
395 459
395 523
395 587
396 204
396 268
396 332
396 460
396 524
396 588
396 748
397 205
397 269
397 333
397 461
397 525
397 589
398 206
398 270
398 334
398 462
398 526
398 590
399 1
399 5
399 13
399 15
399 19
399 69
399 79
399 83
399 129
399 133
399 141
399 143
399 147
399 193
399 197
399 207
399 211
399 257
399 261
399 271
399 275
399 325
399 335
399 389
399 453
399 463
399 517
399 527
399 591
399 655
399 719
399 783
399 840
399 847
399 901
399 911
399 965
399 973
399 975
399 1029
399 1037
399 1101
399 1103
399 1165
399 1167
399 1221
399 1229
399 1231
400 208
400 272
400 336
400 464
400 528
400 592
401 76
401 209
401 273
401 337
401 465
401 529
401 593
401 1155
402 210
402 274
402 278
402 338
402 466
402 530
402 594
403 211
403 275
403 339
403 467
403 531
403 595
404 189
404 212
404 276
404 340
404 468
404 532
404 596
404 1048
405 213
405 277
405 341
405 469
405 481
405 533
405 597
405 740
406 214
406 278
406 342
406 470
406 534
406 598
406 972
407 188
407 215
407 279
407 343
407 471
407 535
407 599
407 892
407 1084
408 216
408 280
408 344
408 472
408 536
408 600
408 660
408 920
408 1265
409 42
409 163
409 217
409 281
409 345
409 473
409 537
409 601
409 869
409 1257
410 218
410 282
410 312
410 346
410 474
410 538
410 602
410 820
411 219
411 283
411 347
411 475
411 539
411 603
412 220
412 284
412 348
412 452
412 476
412 540
412 604
412 763
412 937
412 1127
413 221
413 285
413 349
413 477
413 541
413 605
414 222
414 286
414 350
414 478
414 542
414 583
414 606
414 1181
415 223
415 242
415 287
415 351
415 479
415 543
415 607
416 224
416 288
416 352
416 480
416 544
416 608
416 657
417 225
417 289
417 353
417 434
417 481
417 545
417 609
418 47
418 226
418 290
418 354
418 482
418 546
418 610
418 694
418 744
419 171
419 227
419 291
419 355
419 483
419 547
419 611
419 983
420 215
420 228
420 292
420 356
420 484
420 548
420 601
420 612
420 984
420 1074
421 229
421 293
421 357
421 485
421 549
421 613
422 230
422 294
422 358
422 486
422 550
422 614
422 733
423 104
423 110
423 231
423 295
423 359
423 487
423 551
423 553
423 615
423 725
424 232
424 254
424 296
424 360
424 433
424 488
424 552
424 616
425 233
425 297
425 361
425 489
425 553
425 617
425 1061
425 1152
426 90
426 234
426 298
426 362
426 490
426 554
426 618
426 727
426 1146
427 235
427 250
427 299
427 363
427 491
427 555
427 619
427 1194
427 1214
428 236
428 300
428 364
428 492
428 556
428 620
428 1060
429 237
429 301
429 365
429 493
429 557
429 621
429 737
429 932
429 1024
430 238
430 302
430 319
430 366
430 494
430 558
430 622
430 1082
430 1130
430 1148
431 239
431 303
431 345
431 367
431 432
431 495
431 559
431 623
431 1187
431 1201
432 240
432 304
432 345
432 368
432 431
432 496
432 560
432 624
432 1187
432 1201
433 241
433 254
433 305
433 369
433 424
433 497
433 561
433 625
434 242
434 306
434 370
434 417
434 498
434 562
434 626
435 243
435 307
435 371
435 499
435 563
435 627
436 124
436 244
436 308
436 372
436 500
436 564
436 628
437 245
437 309
437 373
437 484
437 501
437 565
437 629
437 799
438 246
438 310
438 374
438 502
438 566
438 630
438 741
438 757
438 1143
438 1255
439 63
439 247
439 311
439 375
439 382
439 503
439 567
439 596
439 631
439 632
439 1259
440 248
440 312
440 376
440 504
440 568
440 572
440 632
441 60
441 249
441 313
441 377
441 505
441 569
441 633
441 698
442 250
442 314
442 378
442 506
442 570
442 701
443 251
443 315
443 379
443 507
443 571
443 635
444 252
444 305
444 316
444 368
444 380
444 508
444 572
444 636
444 826
444 1070
444 1151
445 253
445 317
445 343
445 381
445 509
445 559
445 573
445 637
445 981
446 254
446 318
446 382
446 510
446 574
446 1076
447 255
447 319
447 383
447 511
447 575
447 619
447 639
447 760
448 256
448 320
448 384
448 512
448 576
448 640
448 860
448 1109
449 257
449 270
449 321
449 385
449 513
449 577
449 641
450 258
450 283
450 322
450 386
450 514
450 578
450 642
451 259
451 323
451 387
451 515
451 579
451 643
451 1163
452 260
452 324
452 388
452 412
452 516
452 580
452 644
452 763
452 937
452 1127
453 1
453 13
453 19
453 83
453 129
453 141
453 147
453 193
453 211
453 257
453 261
453 275
453 325
453 335
453 389
453 399
453 517
453 527
453 581
453 645
453 655
453 709
453 719
453 773
453 783
453 840
453 845
453 901
453 909
453 965
453 1029
453 1037
453 1093
453 1101
453 1165
453 1218
453 1221
453 1229
454 5
454 6
454 69
454 70
454 133
454 134
454 143
454 197
454 198
454 207
454 261
454 262
454 271
454 326
454 390
454 518
454 582
454 646
454 710
454 774
454 838
454 902
454 911
454 966
454 973
454 975
454 1030
454 1039
454 1094
454 1103
454 1158
454 1167
454 1222
454 1231
455 263
455 327
455 391
455 519
455 583
455 647
455 685
456 9
456 73
456 136
456 200
456 264
456 328
456 392
456 520
456 581
456 584
456 645
456 648
456 712
456 776
456 837
456 904
456 968
456 1032
456 1096
456 1157
456 1224
457 265
457 329
457 393
457 521
457 585
457 649
457 833
458 266
458 330
458 394
458 522
458 586
458 650
459 267
459 331
459 395
459 523
459 587
459 651
460 268
460 327
460 332
460 396
460 519
460 524
460 588
460 652
461 269
461 333
461 397
461 525
461 589
461 653
462 270
462 334
462 398
462 526
462 590
462 654
462 736
463 271
463 335
463 399
463 527
463 591
463 655
464 57
464 186
464 272
464 336
464 400
464 473
464 528
464 592
464 656
465 273
465 337
465 401
465 529
465 593
465 657
466 274
466 338
466 402
466 530
466 594
466 658
467 140
467 275
467 339
467 403
467 531
467 595
467 659
468 174
468 276
468 340
468 380
468 404
468 532
468 596
468 623
468 660
468 1136
468 1274
469 277
469 341
469 405
469 533
469 597
469 661
470 237
470 278
470 342
470 406
470 534
470 598
470 662
471 216
471 279
471 343
471 407
471 535
471 599
471 663
471 857
471 1256
472 280
472 344
472 408
472 536
472 570
472 600
472 664
472 675
473 57
473 186
473 281
473 345
473 409
473 464
473 537
473 601
473 665
474 282
474 346
474 383
474 410
474 494
474 508
474 538
474 602
474 666
474 1021
475 283
475 347
475 411
475 499
475 539
475 588
475 603
475 667
476 284
476 348
476 412
476 540
476 604
476 668
477 285
477 349
477 413
477 541
477 605
477 669
477 876
477 964
478 286
478 350
478 414
478 542
478 606
478 670
479 287
479 351
479 415
479 543
479 607
479 671
479 1055
480 288
480 352
480 416
480 544
480 608
480 672
480 1033
481 289
481 353
481 405
481 417
481 545
481 609
481 673
481 740
482 282
482 290
482 354
482 418
482 546
482 610
482 674
482 1202
483 291
483 309
483 355
483 419
483 547
483 611
483 675
483 729
484 292
484 356
484 420
484 437
484 548
484 612
484 676
484 799
485 35
485 293
485 357
485 421
485 549
485 613
485 677
486 294
486 358
486 422
486 550
486 614
486 678
487 295
487 359
487 423
487 551
487 615
487 679
487 919
487 997
487 1178
488 296
488 360
488 424
488 552
488 616
488 680
488 944
488 1022
489 297
489 361
489 425
489 553
489 617
489 681
490 56
490 185
490 298
490 362
490 426
490 554
490 618
490 682
490 724
490 953
490 1086
490 1200
491 299
491 363
491 427
491 555
491 619
491 829
491 1009
492 300
492 364
492 428
492 556
492 620
492 684
492 886
492 1116
493 301
493 365
493 429
493 557
493 621
493 685
494 302
494 366
494 383
494 430
494 474
494 508
494 558
494 622
494 1021
495 303
495 367
495 431
495 559
495 576
495 623
495 687
496 304
496 368
496 432
496 560
496 624
496 688
496 1208
496 1213
497 369
497 433
497 561
497 625
497 663
497 689
498 154
498 306
498 370
498 434
498 562
498 626
498 690
498 1108
499 307
499 371
499 435
499 475
499 563
499 588
499 627
499 691
500 308
500 372
500 436
500 564
500 628
500 692
500 827
500 927
501 309
501 351
501 360
501 373
501 437
501 565
501 629
501 693
502 310
502 374
502 438
502 566
502 630
502 694
503 114
503 311
503 375
503 439
503 567
503 631
503 695
504 49
504 312
504 376
504 377
504 440
504 568
504 632
504 696
504 1047
505 313
505 377
505 441
505 569
505 633
505 752
506 314
506 378
506 442
506 570
506 698
507 151
507 315
507 379
507 443
507 571
507 635
507 699
507 754
508 316
508 380
508 383
508 444
508 474
508 494
508 572
508 636
508 1021
509 317
509 381
509 445
509 573
509 637
509 1273
510 318
510 382
510 446
510 574
510 611
510 638
510 702
510 794
510 871
510 1183
511 319
511 383
511 447
511 575
511 639
512 296
512 320
512 384
512 448
512 576
512 640
512 704
513 321
513 385
513 449
513 577
513 641
513 705
514 322
514 386
514 450
514 578
514 642
514 706
515 323
515 387
515 451
515 579
515 643
515 707
515 777
516 226
516 306
516 324
516 388
516 452
516 580
516 644
516 708
517 1
517 5
517 13
517 15
517 19
517 69
517 79
517 83
517 129
517 133
517 141
517 143
517 147
517 193
517 197
517 207
517 211
517 257
517 261
517 271
517 275
517 325
517 335
517 389
517 399
517 453
517 527
517 581
517 645
517 655
517 709
517 719
517 783
517 840
517 847
517 901
517 909
517 911
517 965
517 973
517 1029
517 1037
517 1093
517 1101
517 1103
517 1165
517 1167
517 1218
517 1221
517 1229
517 1231
518 5
518 6
518 69
518 70
518 133
518 134
518 143
518 197
518 198
518 207
518 261
518 262
518 271
518 326
518 390
518 454
518 582
518 646
518 710
518 774
518 838
518 902
518 911
518 966
518 973
518 975
518 1030
518 1039
518 1094
518 1103
518 1158
518 1167
518 1222
518 1231
519 327
519 391
519 455
519 460
519 583
519 647
519 711
520 9
520 73
520 136
520 200
520 264
520 328
520 392
520 456
520 581
520 584
520 645
520 648
520 712
520 776
520 837
520 904
520 968
520 1032
520 1096
520 1157
520 1224
521 329
521 393
521 457
521 585
521 649
521 713
522 330
522 394
522 458
522 586
522 650
522 714
523 331
523 395
523 459
523 587
523 651
523 715
524 286
524 332
524 396
524 460
524 588
524 652
524 716
525 333
525 397
525 461
525 589
525 653
525 717
526 334
526 398
526 462
526 590
526 654
526 718
527 1
527 13
527 19
527 129
527 141
527 147
527 193
527 257
527 269
527 275
527 335
527 399
527 453
527 463
527 517
527 591
527 655
527 709
527 719
527 773
527 783
527 840
527 845
527 901
527 909
527 965
527 1093
527 1154
527 1160
527 1165
527 1218
527 1221
527 1229
528 336
528 400
528 464
528 592
528 656
528 720
529 285
529 337
529 401
529 465
529 593
529 657
529 721
529 1219
530 169
530 338
530 402
530 466
530 594
530 658
530 722
530 1261
531 339
531 403
531 467
531 595
531 659
531 723
532 308
532 340
532 404
532 468
532 596
532 660
532 724
532 756
532 1072
532 1134
533 148
533 183
533 341
533 405
533 469
533 597
533 661
533 725
533 745
533 935
533 1040
533 1063
534 165
534 342
534 406
534 470
534 598
534 662
534 726
534 1132
535 113
535 343
535 407
535 471
535 599
535 663
535 727
536 344
536 408
536 472
536 600
536 664
536 728
536 747
536 1064
536 1066
537 345
537 359
537 409
537 473
537 601
537 607
537 665
537 729
537 802
537 946
537 1012
537 1191
538 346
538 362
538 410
538 474
538 602
538 666
538 730
539 347
539 411
539 475
539 603
539 667
539 731
539 834
540 348
540 388
540 412
540 476
540 594
540 604
540 662
540 668
540 732
540 924
540 1122
541 38
541 349
541 413
541 477
541 605
541 669
541 733
542 350
542 414
542 478
542 606
542 670
542 734
543 245
543 351
543 361
543 415
543 479
543 607
543 671
543 735
543 738
544 352
544 416
544 480
544 608
544 672
544 736
545 353
545 417
545 481
545 609
545 673
545 737
545 1241
545 1244
546 354
546 418
546 482
546 610
546 674
546 738
547 355
547 419
547 483
547 611
547 675
547 739
548 356
548 420
548 484
548 612
548 676
548 740
549 357
549 421
549 485
549 613
549 677
549 741
549 1125
549 1173
550 349
550 358
550 422
550 486
550 614
550 678
550 706
550 742
550 1120
551 359
551 423
551 487
551 615
551 679
551 735
551 743
552 313
552 360
552 424
552 488
552 616
552 680
552 744
552 810
552 830
552 952
552 958
552 1215
553 104
553 110
553 361
553 423
553 425
553 489
553 617
553 681
553 725
553 745
554 362
554 426
554 490
554 568
554 618
554 682
554 746
554 1007
554 1176
555 427
555 491
555 619
556 123
556 256
556 364
556 428
556 492
556 620
556 684
556 748
557 365
557 429
557 493
557 621
557 685
557 749
558 106
558 227
558 366
558 430
558 494
558 622
558 686
558 720
558 750
558 1207
559 343
559 367
559 431
559 445
559 495
559 623
559 687
559 751
559 981
560 112
560 252
560 368
560 432
560 496
560 600
560 624
560 688
560 752
560 1258
561 369
561 433
561 497
561 625
561 689
562 304
562 370
562 434
562 498
562 626
562 690
562 754
563 371
563 435
563 499
563 627
563 691
563 755
564 24
564 372
564 436
564 500
564 616
564 628
564 692
564 756
564 995
564 1204
565 373
565 437
565 501
565 629
565 693
565 757
566 374
566 438
566 502
566 630
566 694
566 758
566 844
567 239
567 375
567 439
567 503
567 631
567 695
567 759
567 1044
568 376
568 440
568 504
568 554
568 632
568 696
568 760
568 1007
568 1176
569 62
569 377
569 441
569 505
569 633
569 697
569 761
569 959
570 378
570 442
570 472
570 506
570 634
570 675
570 698
570 762
571 365
571 379
571 443
571 507
571 635
571 699
571 763
571 821
571 896
571 1106
571 1140
572 380
572 440
572 444
572 508
572 636
572 700
572 764
573 381
573 445
573 509
573 637
573 701
573 765
573 943
574 46
574 446
574 510
574 638
574 702
575 127
575 366
575 383
575 447
575 511
575 639
575 689
575 703
575 767
575 831
576 303
576 384
576 448
576 495
576 512
576 640
576 704
576 768
577 385
577 449
577 513
577 641
577 705
577 769
578 386
578 450
578 514
578 642
578 706
578 770
579 387
579 451
579 515
579 643
579 707
579 771
580 277
580 388
580 452
580 516
580 644
580 708
580 772
581 9
581 73
581 136
581 200
581 264
581 328
581 389
581 392
581 453
581 456
581 517
581 520
581 645
581 709
581 712
581 773
581 776
581 837
581 904
581 968
581 1032
581 1096
581 1157
581 1224
582 5
582 6
582 15
582 69
582 70
582 79
582 133
582 134
582 143
582 197
582 198
582 207
582 261
582 262
582 271
582 326
582 390
582 454
582 518
582 646
582 710
582 774
582 838
582 847
582 902
582 911
582 966
582 973
582 975
582 1030
582 1039
582 1094
582 1103
582 1158
582 1167
582 1222
582 1231
583 391
583 414
583 455
583 519
583 647
583 711
583 775
583 1181
584 269
584 392
584 456
584 520
584 648
584 709
584 712
584 773
584 776
584 845
584 1154
584 1160
584 1218
585 17
585 393
585 457
585 521
585 649
585 713
585 777
586 166
586 394
586 458
586 522
586 650
586 714
586 778
586 928
587 395
587 459
587 523
587 651
587 715
587 779
588 396
588 460
588 475
588 499
588 524
588 652
588 716
588 780
589 397
589 461
589 525
589 653
589 717
589 781
590 398
590 462
590 526
590 654
590 718
590 782
590 1105
591 399
591 463
591 527
591 655
591 719
591 783
592 20
592 400
592 464
592 528
592 597
592 656
592 720
592 784
592 805
592 848
592 1198
593 401
593 465
593 529
593 657
593 721
593 785
594 388
594 402
594 466
594 530
594 540
594 658
594 662
594 722
594 786
594 924
594 1122
595 403
595 467
595 531
595 659
595 723
595 787
595 971
596 63
596 382
596 404
596 439
596 468
596 532
596 632
596 660
596 724
596 788
596 1259
597 20
597 405
597 469
597 533
597 592
597 661
597 725
597 789
597 805
597 848
597 1198
598 406
598 470
598 534
598 662
598 726
598 790
598 822
599 176
599 407
599 471
599 535
599 663
599 727
599 791
600 112
600 252
600 408
600 472
600 536
600 560
600 664
600 728
600 792
600 1258
601 215
601 409
601 420
601 473
601 537
601 665
601 729
601 793
601 984
601 1074
602 410
602 474
602 538
602 666
602 728
602 730
602 794
602 1137
603 236
603 411
603 475
603 539
603 667
603 731
603 795
604 412
604 476
604 540
604 668
604 732
604 796
605 413
605 477
605 541
605 669
605 733
605 797
605 870
606 414
606 478
606 542
606 670
606 726
606 734
606 798
606 883
607 359
607 415
607 479
607 537
607 543
607 671
607 735
607 799
607 802
607 946
607 1012
607 1191
608 98
608 416
608 480
608 544
608 672
608 736
608 800
609 417
609 481
609 545
609 673
609 737
609 793
609 801
609 873
609 1079
609 1269
610 280
610 418
610 482
610 546
610 674
610 738
610 802
611 419
611 483
611 510
611 547
611 675
611 739
611 794
611 803
611 871
611 1183
612 101
612 420
612 484
612 548
612 676
612 740
612 804
612 836
613 238
613 421
613 485
613 549
613 677
613 741
613 805
613 931
613 939
613 980
614 103
614 105
614 297
614 422
614 486
614 550
614 678
614 742
614 806
614 877
615 423
615 487
615 551
615 679
615 743
615 807
615 919
615 997
615 1178
616 24
616 424
616 488
616 552
616 564
616 680
616 744
616 808
616 995
616 1204
617 425
617 489
617 553
617 681
617 745
617 809
617 1129
618 426
618 490
618 554
618 682
618 746
618 810
618 814
618 1081
619 427
619 447
619 491
619 555
619 683
619 747
619 760
619 811
620 28
620 85
620 428
620 492
620 556
620 684
620 748
620 812
621 429
621 493
621 557
621 685
621 749
621 813
622 430
622 494
622 558
622 686
622 750
623 174
623 380
623 431
623 468
623 495
623 559
623 687
623 751
623 815
623 1136
623 1274
624 58
624 432
624 496
624 560
624 688
624 746
624 752
624 816
624 1145
625 433
625 497
625 561
625 689
625 753
625 817
625 1016
625 1111
626 434
626 498
626 562
626 690
626 754
626 818
627 435
627 499
627 563
627 691
627 755
627 819
628 436
628 500
628 564
628 692
628 756
628 820
629 437
629 501
629 565
629 693
629 757
629 821
630 231
630 438
630 502
630 566
630 694
630 758
630 822
630 854
631 208
631 439
631 503
631 567
631 695
631 759
631 823
632 63
632 382
632 439
632 440
632 504
632 568
632 596
632 696
632 760
632 824
632 1259
633 62
633 441
633 505
633 569
633 697
633 761
633 959
634 570
634 698
634 762
635 23
635 152
635 443
635 507
635 571
635 699
635 763
635 827
635 853
635 1015
636 444
636 508
636 572
636 700
636 764
636 828
636 894
636 1150
637 445
637 509
637 573
637 701
637 765
637 829
637 1073
637 1239
638 510
638 574
638 702
638 766
638 830
639 447
639 511
639 575
639 703
639 767
639 831
639 1023
640 448
640 512
640 576
640 704
640 768
640 832
640 933
641 449
641 513
641 577
641 705
641 769
641 833
642 450
642 514
642 578
642 706
642 770
642 834
643 451
643 515
643 579
643 707
643 771
643 835
643 898
644 452
644 516
644 580
644 708
644 772
644 836
645 9
645 73
645 136
645 200
645 264
645 328
645 392
645 453
645 456
645 517
645 520
645 581
645 709
645 712
645 773
645 776
645 837
645 904
645 968
645 1032
645 1096
645 1157
645 1224
646 5
646 6
646 69
646 70
646 133
646 134
646 143
646 197
646 198
646 207
646 261
646 262
646 271
646 326
646 390
646 454
646 518
646 582
646 710
646 774
646 838
646 902
646 911
646 966
646 973
646 975
646 1030
646 1039
646 1094
646 1103
646 1158
646 1167
646 1222
646 1231
647 455
647 519
647 583
647 711
647 775
647 839
647 1230
648 269
648 456
648 520
648 584
648 712
648 773
648 776
648 840
648 845
648 1154
648 1160
649 457
649 521
649 585
649 713
649 777
649 841
650 458
650 522
650 586
650 714
650 716
650 778
650 842
650 1051
651 459
651 523
651 587
651 715
651 779
651 843
651 859
652 460
652 524
652 588
652 716
652 780
652 844
653 461
653 525
653 589
653 717
653 781
653 845
653 1153
654 462
654 526
654 590
654 718
654 782
654 846
655 1
655 13
655 15
655 19
655 79
655 83
655 129
655 141
655 147
655 193
655 211
655 257
655 275
655 325
655 335
655 389
655 399
655 453
655 463
655 517
655 527
655 591
655 709
655 719
655 773
655 783
655 840
655 845
655 847
655 901
655 909
655 965
655 1029
655 1037
655 1093
655 1101
655 1165
655 1218
655 1221
655 1229
656 340
656 464
656 528
656 592
656 692
656 720
656 784
656 817
656 848
657 416
657 465
657 529
657 593
657 721
657 785
657 849
658 466
658 530
658 594
658 722
658 786
658 850
659 467
659 531
659 595
659 723
659 787
659 851
660 408
660 468
660 532
660 596
660 724
660 788
660 852
660 920
660 1265
661 125
661 276
661 469
661 533
661 597
661 725
661 789
661 853
661 1193
662 388
662 470
662 534
662 540
662 594
662 598
662 726
662 790
662 854
662 924
662 1122
663 471
663 497
663 535
663 599
663 727
663 791
663 855
664 61
664 170
664 240
664 248
664 255
664 346
664 472
664 536
664 600
664 728
664 788
664 792
664 811
664 856
664 1008
665 473
665 537
665 601
665 729
665 793
665 857
665 863
665 1240
666 177
666 249
666 474
666 538
666 602
666 730
666 794
666 858
666 1144
666 1195
667 475
667 539
667 603
667 731
667 795
667 800
667 859
667 1159
668 476
668 540
668 604
668 732
668 796
668 798
668 860
669 477
669 541
669 605
669 733
669 797
669 861
670 478
670 542
670 606
670 734
670 798
670 862
670 998
670 1142
671 126
671 479
671 543
671 607
671 735
671 764
671 799
671 863
671 890
672 480
672 544
672 608
672 736
672 800
672 864
673 272
673 481
673 545
673 609
673 737
673 801
673 865
673 1065
674 482
674 546
674 610
674 738
674 802
674 866
674 879
675 472
675 483
675 547
675 570
675 611
675 739
675 803
675 867
676 484
676 548
676 612
676 740
676 804
676 868
676 1131
677 485
677 549
677 613
677 741
677 805
677 867
677 869
678 486
678 550
678 614
678 742
678 806
678 870
679 487
679 551
679 615
679 739
679 743
679 803
679 807
679 808
679 868
679 871
679 882
680 37
680 488
680 552
680 616
680 744
680 784
680 808
680 872
680 1112
680 1175
681 489
681 553
681 617
681 745
681 809
681 873
681 1045
681 1268
682 218
682 317
682 373
682 490
682 554
682 618
682 746
682 810
682 874
683 619
683 747
683 811
684 180
684 223
684 492
684 556
684 620
684 748
684 812
684 876
684 947
684 1092
685 455
685 493
685 557
685 621
685 749
685 813
685 877
686 558
686 622
686 750
686 766
686 814
686 875
687 495
687 559
687 623
687 751
687 815
687 828
687 879
687 1020
688 496
688 560
688 624
688 752
688 816
689 127
689 366
689 497
689 561
689 575
689 625
689 753
689 817
689 831
689 881
690 498
690 562
690 626
690 754
690 801
690 818
690 882
691 499
691 563
691 627
691 755
691 819
691 883
692 340
692 500
692 564
692 628
692 656
692 756
692 817
692 820
692 884
693 501
693 565
693 629
693 757
693 821
693 885
693 1251
694 47
694 418
694 502
694 566
694 630
694 744
694 758
694 822
694 886
695 503
695 567
695 631
695 759
695 823
695 887
696 122
696 504
696 568
696 632
696 760
696 824
696 888
696 954
697 569
697 633
697 761
697 825
697 881
697 889
698 60
698 441
698 506
698 570
698 634
698 762
698 826
698 890
699 507
699 571
699 635
699 763
699 827
699 891
700 572
700 636
700 703
700 764
700 828
701 442
701 573
701 637
701 765
701 829
702 510
702 574
702 638
702 766
702 825
702 830
702 894
702 1210
703 575
703 639
703 700
703 767
703 831
704 168
704 512
704 576
704 640
704 768
704 832
704 885
704 896
704 950
705 513
705 577
705 641
705 769
705 833
705 897
706 349
706 514
706 550
706 578
706 642
706 770
706 834
706 898
706 1120
707 515
707 579
707 643
707 771
707 835
707 899
707 1035
708 516
708 580
708 644
708 772
708 832
708 836
708 900
708 1174
709 1
709 19
709 129
709 141
709 193
709 257
709 269
709 275
709 335
709 453
709 517
709 527
709 581
709 584
709 645
709 655
709 719
709 773
709 837
709 840
709 845
709 901
709 909
709 965
709 1093
709 1154
709 1160
709 1165
709 1218
709 1221
709 1229
710 5
710 6
710 69
710 70
710 133
710 134
710 143
710 197
710 198
710 207
710 261
710 262
710 326
710 390
710 454
710 518
710 582
710 646
710 774
710 838
710 902
710 911
710 966
710 975
710 1030
710 1039
710 1094
710 1103
710 1158
710 1167
710 1222
710 1231
711 519
711 583
711 647
711 775
711 839
711 903
712 9
712 73
712 136
712 200
712 264
712 328
712 392
712 456
712 520
712 581
712 584
712 645
712 648
712 776
712 837
712 840
712 904
712 968
712 1032
712 1096
712 1157
712 1224
713 521
713 585
713 649
713 777
713 841
713 905
714 522
714 586
714 650
714 778
714 842
714 906
715 523
715 587
715 651
715 779
715 843
715 907
716 524
716 588
716 650
716 652
716 780
716 844
716 908
716 1051
717 525
717 589
717 653
717 781
717 845
717 909
718 526
718 590
718 654
718 782
718 846
718 910
719 1
719 5
719 13
719 15
719 19
719 69
719 79
719 83
719 129
719 133
719 141
719 143
719 147
719 193
719 197
719 207
719 211
719 257
719 261
719 271
719 275
719 325
719 335
719 389
719 399
719 453
719 517
719 527
719 591
719 655
719 709
719 773
719 783
719 840
719 847
719 901
719 909
719 911
719 965
719 973
719 1029
719 1037
719 1093
719 1101
719 1165
719 1167
719 1218
719 1221
719 1229
719 1231
720 106
720 227
720 528
720 558
720 592
720 656
720 784
720 848
720 912
720 1207
721 172
721 529
721 593
721 657
721 785
721 849
721 913
722 41
722 530
722 594
722 658
722 786
722 850
722 914
723 531
723 595
723 659
723 787
723 851
723 915
724 56
724 185
724 490
724 532
724 596
724 660
724 788
724 852
724 916
724 953
724 1086
724 1200
725 104
725 110
725 423
725 533
725 553
725 597
725 661
725 789
725 853
725 917
726 534
726 598
726 606
726 662
726 790
726 854
726 883
726 918
727 90
727 426
727 535
727 599
727 663
727 791
727 855
727 919
727 1146
728 536
728 600
728 602
728 664
728 792
728 856
728 920
728 1137
729 309
729 483
729 537
729 601
729 665
729 793
729 857
729 921
730 538
730 602
730 666
730 794
730 858
730 922
731 55
731 539
731 603
731 667
731 795
731 859
731 923
732 540
732 604
732 668
732 796
732 860
732 924
732 986
733 422
733 541
733 605
733 669
733 797
733 861
733 925
734 311
734 542
734 606
734 670
734 798
734 862
734 926
735 543
735 551
735 607
735 671
735 799
735 863
735 927
736 462
736 544
736 608
736 672
736 800
736 864
736 928
737 429
737 545
737 609
737 673
737 801
737 865
737 929
737 932
737 1024
738 245
738 361
738 543
738 546
738 610
738 674
738 802
738 866
738 930
739 547
739 611
739 675
739 679
739 803
739 808
739 867
739 868
739 882
739 931
740 405
740 481
740 548
740 612
740 676
740 804
740 868
740 932
741 438
741 549
741 613
741 677
741 757
741 805
741 869
741 933
741 1143
741 1255
742 550
742 614
742 678
742 806
742 870
742 934
742 1211
743 234
743 376
743 551
743 615
743 679
743 807
743 871
743 935
743 1010
744 47
744 418
744 552
744 616
744 680
744 694
744 808
744 872
744 936
745 148
745 183
745 533
745 553
745 617
745 681
745 809
745 873
745 935
745 937
745 1040
745 1063
746 58
746 554
746 618
746 624
746 682
746 810
746 874
746 938
746 1145
747 536
747 619
747 683
747 811
747 875
747 939
747 1064
747 1066
748 396
748 556
748 620
748 684
748 812
748 876
748 940
749 557
749 621
749 685
749 813
749 877
749 941
749 1011
749 1275
750 232
750 299
750 558
750 622
750 686
750 814
750 878
750 942
751 235
751 559
751 623
751 687
751 815
751 879
751 943
751 1272
752 505
752 560
752 624
752 688
752 816
752 880
752 944
753 625
753 689
753 817
753 881
753 945
754 151
754 507
754 562
754 626
754 690
754 818
754 882
754 946
755 563
755 627
755 691
755 819
755 883
755 947
756 308
756 532
756 564
756 628
756 692
756 820
756 884
756 948
756 1072
756 1134
757 438
757 565
757 629
757 693
757 741
757 821
757 885
757 949
757 1143
757 1255
758 217
758 566
758 630
758 694
758 822
758 886
758 921
758 950
759 372
759 567
759 631
759 695
759 823
759 887
759 951
759 988
760 447
760 568
760 619
760 632
760 696
760 824
760 888
760 952
761 569
761 633
761 697
761 825
761 889
761 953
761 1123
761 1212
762 570
762 634
762 698
762 826
762 858
762 890
762 938
762 954
763 412
763 452
763 571
763 635
763 699
763 827
763 891
763 937
763 955
763 1127
764 126
764 572
764 636
764 671
764 700
764 828
764 890
764 892
764 956
765 573
765 637
765 701
765 829
765 893
765 943
765 957
766 638
766 686
766 702
766 830
766 875
766 894
766 958
767 575
767 639
767 703
767 831
767 895
767 956
767 959
767 1003
768 31
768 36
768 576
768 640
768 704
768 832
768 896
768 960
768 1019
769 577
769 641
769 705
769 833
769 897
769 961
769 1217
770 578
770 642
770 706
770 834
770 898
770 962
770 1098
771 579
771 643
771 707
771 835
771 899
771 963
772 580
772 644
772 708
772 836
772 900
772 964
773 1
773 129
773 141
773 193
773 257
773 269
773 275
773 335
773 453
773 527
773 581
773 584
773 645
773 648
773 655
773 709
773 719
773 837
773 840
773 845
773 901
773 909
773 965
773 1093
773 1154
773 1160
773 1218
773 1221
773 1229
774 5
774 6
774 69
774 70
774 133
774 134
774 143
774 197
774 198
774 207
774 261
774 262
774 271
774 326
774 390
774 454
774 518
774 582
774 646
774 710
774 838
774 902
774 911
774 966
774 973
774 975
774 1030
774 1039
774 1094
774 1103
774 1158
774 1167
774 1222
774 1231
775 583
775 647
775 711
775 839
775 903
775 967
775 1243
776 9
776 73
776 136
776 200
776 264
776 328
776 392
776 456
776 520
776 581
776 584
776 645
776 648
776 712
776 837
776 840
776 904
776 968
776 1032
776 1096
776 1157
776 1224
777 515
777 585
777 649
777 713
777 841
777 905
777 969
778 78
778 263
778 586
778 650
778 714
778 842
778 906
778 908
778 970
779 587
779 651
779 715
779 843
779 907
779 963
779 971
779 1097
780 588
780 652
780 716
780 844
780 908
780 972
781 160
781 589
781 653
781 717
781 845
781 909
781 973
782 233
782 590
782 654
782 718
782 846
782 910
782 974
783 1
783 5
783 13
783 15
783 19
783 69
783 79
783 83
783 129
783 133
783 141
783 143
783 147
783 193
783 197
783 207
783 211
783 257
783 261
783 271
783 275
783 325
783 335
783 389
783 399
783 453
783 517
783 527
783 591
783 655
783 719
783 840
783 847
783 901
783 909
783 911
783 965
783 973
783 975
783 1029
783 1037
783 1093
783 1101
783 1103
783 1165
783 1167
783 1221
783 1229
783 1231
784 37
784 592
784 656
784 680
784 720
784 848
784 912
784 976
784 1112
784 1175
785 593
785 657
785 721
785 849
785 913
785 977
785 1227
786 594
786 658
786 722
786 850
786 914
786 978
787 595
787 659
787 723
787 851
787 907
787 915
787 979
788 61
788 170
788 240
788 248
788 255
788 346
788 596
788 660
788 664
788 724
788 811
788 852
788 916
788 980
788 1008
789 125
789 276
789 597
789 661
789 725
789 853
789 917
789 981
789 1193
790 68
790 598
790 662
790 726
790 854
790 918
790 982
790 1042
791 355
791 599
791 663
791 727
791 855
791 919
791 945
791 983
791 1002
792 159
792 600
792 664
792 728
792 856
792 920
792 936
792 984
792 1277
793 601
793 609
793 665
793 729
793 857
793 873
793 921
793 985
793 1079
793 1269
794 510
794 602
794 611
794 666
794 730
794 858
794 871
794 922
794 986
794 1183
795 603
795 667
795 731
795 859
795 923
795 987
796 87
796 119
796 341
796 357
796 604
796 668
796 732
796 860
796 924
796 988
797 289
797 605
797 669
797 733
797 861
797 925
797 989
798 606
798 668
798 670
798 734
798 862
798 926
798 990
799 437
799 484
799 607
799 671
799 735
799 863
799 927
799 991
800 608
800 667
800 672
800 736
800 864
800 928
800 992
800 1159
801 609
801 673
801 690
801 737
801 865
801 929
801 993
802 359
802 537
802 607
802 610
802 674
802 738
802 866
802 930
802 946
802 994
802 1012
802 1191
803 611
803 675
803 679
803 739
803 808
803 867
803 868
803 882
803 931
803 995
804 612
804 676
804 740
804 812
804 862
804 868
804 932
804 996
805 20
805 592
805 597
805 613
805 677
805 741
805 848
805 869
805 933
805 997
805 1198
806 614
806 678
806 742
806 870
806 934
806 998
807 615
807 679
807 743
807 871
807 930
807 935
807 999
808 616
808 679
808 680
808 739
808 744
808 803
808 868
808 872
808 882
808 936
808 1000
809 184
809 315
809 617
809 681
809 745
809 873
809 937
809 991
809 1001
810 313
810 552
810 618
810 682
810 746
810 830
810 874
810 938
810 952
810 958
810 1002
810 1215
811 61
811 170
811 240
811 248
811 255
811 346
811 619
811 664
811 683
811 747
811 788
811 875
811 939
811 1003
811 1008
812 620
812 684
812 748
812 804
812 862
812 876
812 940
812 1004
813 149
813 621
813 685
813 749
813 877
813 941
813 1005
814 618
814 686
814 750
814 878
814 942
814 1081
815 43
815 191
815 623
815 687
815 751
815 824
815 879
815 943
815 1007
816 624
816 688
816 752
816 880
816 944
816 1008
816 1067
816 1264
817 340
817 625
817 656
817 689
817 692
817 753
817 881
817 945
817 1009
818 178
818 626
818 690
818 754
818 882
818 946
818 1010
819 627
819 691
819 755
819 883
819 947
819 1011
820 312
820 410
820 628
820 692
820 756
820 884
820 948
820 1012
821 365
821 571
821 629
821 693
821 757
821 885
821 896
821 949
821 1013
821 1106
821 1140
822 598
822 630
822 694
822 758
822 886
822 950
822 1014
823 253
823 291
823 631
823 695
823 759
823 887
823 951
823 1015
823 1114
824 43
824 191
824 632
824 696
824 760
824 815
824 888
824 952
824 1016
825 697
825 702
825 761
825 889
825 953
825 1017
825 1210
826 305
826 368
826 444
826 698
826 762
826 890
826 954
826 1070
826 1151
827 500
827 635
827 699
827 763
827 891
827 927
827 955
827 1019
828 636
828 687
828 700
828 764
828 892
828 956
828 1020
829 491
829 637
829 701
829 765
829 893
829 957
829 1009
829 1021
830 313
830 552
830 638
830 702
830 766
830 810
830 894
830 952
830 958
830 1022
830 1215
831 127
831 366
831 575
831 639
831 689
831 703
831 767
831 895
831 959
831 1023
832 640
832 704
832 708
832 768
832 896
832 960
832 1024
832 1174
833 457
833 641
833 705
833 769
833 897
833 961
833 1025
834 539
834 642
834 706
834 770
834 898
834 962
834 1026
835 643
835 707
835 771
835 899
835 963
835 1027
836 101
836 612
836 644
836 708
836 772
836 900
836 964
836 1028
837 9
837 73
837 136
837 200
837 264
837 328
837 392
837 456
837 520
837 581
837 645
837 709
837 712
837 773
837 776
837 901
837 904
837 965
837 968
837 1029
837 1032
837 1096
837 1157
837 1224
838 5
838 6
838 69
838 70
838 133
838 134
838 143
838 197
838 198
838 207
838 261
838 262
838 271
838 326
838 390
838 454
838 518
838 582
838 646
838 710
838 774
838 902
838 911
838 966
838 973
838 975
838 1030
838 1039
838 1094
838 1103
838 1158
838 1167
838 1222
838 1231
839 337
839 647
839 711
839 775
839 903
839 967
839 1031
840 1
840 13
840 19
840 79
840 83
840 129
840 141
840 147
840 193
840 211
840 257
840 275
840 325
840 335
840 389
840 399
840 453
840 517
840 527
840 648
840 655
840 709
840 712
840 719
840 773
840 776
840 783
840 845
840 847
840 901
840 904
840 909
840 965
840 968
840 1029
840 1032
840 1037
840 1093
840 1101
840 1165
840 1218
840 1221
840 1229
841 330
841 649
841 713
841 777
841 905
841 969
841 990
841 1033
841 1038
842 71
842 650
842 714
842 778
842 906
842 970
842 1034
842 1267
843 651
843 715
843 779
843 907
843 971
843 1035
843 1162
843 1169
844 566
844 652
844 716
844 780
844 908
844 972
844 1036
845 1
845 129
845 141
845 193
845 257
845 269
845 275
845 335
845 453
845 527
845 584
845 648
845 653
845 655
845 709
845 717
845 773
845 781
845 840
845 901
845 909
845 965
845 973
845 1037
845 1093
845 1154
845 1160
845 1218
845 1221
845 1229
846 654
846 718
846 782
846 910
846 974
846 1038
847 5
847 13
847 15
847 19
847 69
847 79
847 83
847 129
847 133
847 141
847 143
847 147
847 197
847 207
847 211
847 261
847 271
847 275
847 325
847 335
847 389
847 399
847 517
847 582
847 655
847 719
847 783
847 840
847 901
847 911
847 973
847 975
847 1029
847 1037
847 1039
847 1101
847 1103
847 1165
847 1167
847 1221
847 1229
847 1231
848 20
848 592
848 597
848 656
848 720
848 784
848 805
848 912
848 976
848 1040
848 1198
849 657
849 721
849 785
849 913
849 977
849 1041
849 1248
850 128
850 658
850 722
850 786
850 914
850 978
850 1042
851 51
851 230
851 659
851 723
851 787
851 915
851 979
851 1043
852 660
852 724
852 788
852 916
852 980
852 1044
853 23
853 152
853 635
853 661
853 725
853 789
853 917
853 981
853 1015
853 1045
854 231
854 630
854 662
854 726
854 790
854 918
854 982
854 1046
855 381
855 663
855 727
855 791
855 919
855 949
855 983
855 1047
856 336
856 664
856 728
856 792
856 920
856 984
856 1048
856 1172
856 1263
857 216
857 279
857 471
857 665
857 729
857 793
857 921
857 985
857 1049
857 1256
858 666
858 730
858 762
858 794
858 922
858 938
858 986
858 1050
859 651
859 667
859 731
859 795
859 923
859 987
859 1051
860 448
860 668
860 732
860 796
860 924
860 988
860 1052
860 1109
861 669
861 733
861 797
861 925
861 989
861 1053
862 670
862 734
862 798
862 804
862 812
862 926
862 990
862 1054
863 665
863 671
863 735
863 799
863 927
863 991
863 1055
863 1240
864 672
864 736
864 800
864 928
864 992
864 1056
864 1117
864 1254
865 156
865 338
865 673
865 737
865 801
865 929
865 993
865 1057
866 674
866 738
866 802
866 930
866 994
866 1058
867 675
867 677
867 739
867 803
867 931
867 995
867 1059
868 676
868 679
868 739
868 740
868 803
868 804
868 808
868 882
868 932
868 996
868 1060
869 42
869 163
869 409
869 677
869 741
869 805
869 933
869 997
869 1061
869 1257
870 605
870 678
870 742
870 806
870 934
870 998
870 1062
871 510
871 611
871 679
871 743
871 794
871 807
871 935
871 999
871 1063
871 1183
872 680
872 744
872 808
872 887
872 936
872 1000
872 1064
873 609
873 681
873 745
873 793
873 809
873 937
873 1001
873 1065
873 1079
873 1269
874 682
874 746
874 810
874 938
874 976
874 1002
874 1066
875 686
875 747
875 766
875 811
875 939
875 1003
875 1067
876 477
876 684
876 748
876 812
876 940
876 964
876 1004
876 1068
877 103
877 105
877 297
877 614
877 685
877 749
877 813
877 941
877 1005
877 1069
878 750
878 814
878 942
878 1006
878 1070
879 674
879 687
879 751
879 815
879 943
879 1007
879 1071
880 363
880 752
880 816
880 944
880 1008
880 1072
881 689
881 697
881 753
881 817
881 945
881 1009
881 1073
882 679
882 690
882 739
882 754
882 803
882 808
882 818
882 868
882 946
882 1010
882 1074
883 606
883 691
883 726
883 755
883 819
883 947
883 1011
883 1075
884 281
884 354
884 367
884 692
884 756
884 820
884 948
884 1012
884 1076
884 1168
885 168
885 693
885 704
885 757
885 821
885 949
885 950
885 1013
885 1077
886 492
886 694
886 758
886 822
886 950
886 1014
886 1078
886 1116
887 695
887 759
887 823
887 872
887 951
887 1015
887 1079
888 696
888 760
888 824
888 952
888 1006
888 1016
888 1080
888 1279
889 316
889 375
889 697
889 761
889 825
889 942
889 953
889 1017
889 1081
890 126
890 671
890 698
890 762
890 764
890 826
890 954
890 1018
890 1082
891 50
891 95
891 699
891 763
891 827
891 955
891 1019
891 1083
891 1121
892 188
892 407
892 764
892 828
892 956
892 1020
892 1084
893 765
893 829
893 957
893 1021
893 1085
894 636
894 702
894 766
894 830
894 958
894 1022
894 1086
894 1150
895 767
895 831
895 959
895 1023
896 365
896 571
896 704
896 768
896 821
896 832
896 960
896 1024
896 1088
896 1106
896 1140
897 705
897 769
897 833
897 961
897 1025
897 1089
898 643
898 706
898 770
898 834
898 962
898 1026
898 1090
899 707
899 771
899 835
899 963
899 1027
899 1091
900 708
900 772
900 836
900 964
900 1005
900 1028
900 1092
901 1
901 19
901 79
901 83
901 129
901 141
901 147
901 193
901 211
901 257
901 275
901 325
901 335
901 389
901 399
901 453
901 517
901 527
901 655
901 709
901 719
901 773
901 783
901 837
901 840
901 845
901 847
901 909
901 965
901 1029
901 1037
901 1093
901 1101
901 1165
901 1218
901 1221
901 1229
902 69
902 70
902 133
902 134
902 143
902 197
902 198
902 207
902 261
902 262
902 271
902 326
902 390
902 454
902 518
902 582
902 646
902 710
902 774
902 838
902 911
902 966
902 973
902 975
902 1030
902 1039
902 1094
902 1103
902 1158
902 1167
902 1222
902 1231
903 711
903 775
903 839
903 967
903 1031
903 1095
904 9
904 73
904 136
904 200
904 264
904 328
904 392
904 456
904 520
904 581
904 645
904 712
904 776
904 837
904 840
904 968
904 1032
904 1096
904 1157
904 1224
905 713
905 777
905 841
905 969
905 1033
905 1097
906 714
906 778
906 842
906 970
906 1034
906 1098
907 715
907 779
907 787
907 843
907 971
907 1035
907 1099
908 78
908 263
908 716
908 778
908 780
908 844
908 972
908 1036
908 1100
909 1
909 129
909 141
909 147
909 193
909 257
909 269
909 275
909 335
909 453
909 517
909 527
909 655
909 709
909 717
909 719
909 773
909 781
909 783
909 840
909 845
909 901
909 965
909 973
909 1037
909 1093
909 1101
909 1154
909 1160
909 1165
909 1218
909 1221
909 1229
910 718
910 782
910 846
910 974
910 1038
910 1102
911 5
911 15
911 69
911 79
911 83
911 133
911 143
911 147
911 197
911 207
911 211
911 261
911 271
911 325
911 326
911 389
911 399
911 454
911 517
911 518
911 582
911 646
911 710
911 719
911 774
911 783
911 838
911 847
911 902
911 966
911 973
911 975
911 1029
911 1030
911 1037
911 1039
911 1094
911 1101
911 1103
911 1158
911 1165
911 1167
911 1222
911 1231
912 353
912 720
912 784
912 848
912 976
912 1040
912 1104
913 721
913 785
913 849
913 977
913 1041
913 1105
914 132
914 722
914 786
914 850
914 978
914 1042
914 1106
914 1133
915 723
915 787
915 851
915 979
915 1043
915 1107
916 369
916 724
916 788
916 852
916 980
916 1044
916 1108
917 725
917 789
917 853
917 981
917 1045
917 1109
918 196
918 726
918 790
918 854
918 982
918 1046
918 1110
919 487
919 615
919 727
919 791
919 855
919 983
919 997
919 1047
919 1111
919 1178
920 408
920 660
920 728
920 792
920 856
920 984
920 1048
920 1112
920 1265
921 217
921 729
921 758
921 793
921 857
921 985
921 1049
921 1113
922 730
922 794
922 858
922 986
922 1050
922 1114
922 1276
923 731
923 795
923 859
923 987
923 1051
923 1115
924 388
924 540
924 594
924 662
924 732
924 796
924 860
924 988
924 1052
924 1116
924 1122
925 733
925 797
925 861
925 989
925 1053
925 1117
926 7
926 734
926 798
926 862
926 990
926 1054
926 1118
927 500
927 735
927 799
927 827
927 863
927 991
927 1055
927 1119
928 166
928 586
928 736
928 800
928 864
928 992
928 1056
928 1120
929 99
929 167
929 737
929 801
929 865
929 993
929 1057
929 1121
930 738
930 802
930 807
930 866
930 994
930 999
930 1058
930 1122
931 238
931 613
931 739
931 803
931 867
931 939
931 980
931 995
931 1059
931 1123
932 429
932 737
932 740
932 804
932 868
932 996
932 1024
932 1060
932 1124
933 640
933 741
933 805
933 869
933 997
933 1061
933 1125
934 146
934 742
934 806
934 870
934 998
934 1062
934 1126
935 148
935 183
935 533
935 743
935 745
935 807
935 871
935 999
935 1040
935 1063
935 1127
936 159
936 744
936 792
936 808
936 872
936 1000
936 1064
936 1128
936 1277
937 412
937 452
937 745
937 763
937 809
937 873
937 1001
937 1065
937 1127
937 1129
938 746
938 762
938 810
938 858
938 874
938 1002
938 1066
938 1130
939 238
939 613
939 747
939 811
939 875
939 931
939 980
939 1003
939 1067
939 1131
940 748
940 812
940 876
940 1004
940 1068
940 1132
941 162
941 749
941 813
941 877
941 1005
941 1069
941 1133
942 316
942 375
942 750
942 814
942 878
942 889
942 1006
942 1070
942 1134
943 573
943 751
943 765
943 815
943 879
943 1007
943 1071
943 1135
944 488
944 752
944 816
944 880
944 1008
944 1022
944 1072
944 1136
945 355
945 753
945 791
945 817
945 881
945 1002
945 1009
945 1073
945 1137
946 359
946 537
946 607
946 754
946 802
946 818
946 882
946 1010
946 1012
946 1074
946 1138
946 1191
947 180
947 223
947 684
947 755
947 819
947 883
947 1011
947 1075
947 1092
947 1139
948 45
948 212
948 298
948 756
948 820
948 884
948 1012
948 1076
948 1140
949 381
949 757
949 821
949 855
949 885
949 1013
949 1077
949 1141
950 168
950 704
950 758
950 822
950 885
950 886
950 1014
950 1078
950 1142
951 759
951 823
951 887
951 1015
951 1079
951 1143
952 313
952 552
952 760
952 810
952 824
952 830
952 888
952 958
952 1016
952 1080
952 1144
952 1215
953 56
953 185
953 490
953 724
953 761
953 825
953 889
953 1017
953 1081
953 1086
953 1145
953 1200
954 122
954 696
954 762
954 826
954 890
954 1018
954 1082
954 1146
955 100
955 763
955 827
955 891
955 1019
955 1083
955 1147
956 764
956 767
956 828
956 892
956 1003
956 1020
956 1084
956 1148
957 287
957 765
957 829
957 893
957 1021
957 1085
957 1128
957 1149
958 313
958 552
958 766
958 810
958 830
958 894
958 952
958 1022
958 1086
958 1150
958 1215
959 62
959 569
959 633
959 767
959 831
959 895
959 1023
959 1087
959 1151
960 768
960 832
960 896
960 1024
960 1088
960 1152
961 769
961 833
961 897
961 1025
961 1089
961 1153
962 770
962 834
962 898
962 1026
962 1090
962 1154
963 771
963 779
963 835
963 899
963 1027
963 1091
963 1097
963 1155
964 477
964 772
964 836
964 876
964 900
964 1028
964 1092
964 1156
965 1
965 129
965 141
965 147
965 193
965 211
965 257
965 275
965 325
965 335
965 389
965 399
965 453
965 517
965 527
965 655
965 709
965 719
965 773
965 783
965 837
965 840
965 845
965 901
965 909
965 1029
965 1037
965 1093
965 1157
965 1165
965 1218
965 1221
965 1229
966 133
966 134
966 143
966 197
966 198
966 207
966 261
966 262
966 271
966 326
966 390
966 454
966 518
966 582
966 646
966 710
966 774
966 838
966 902
966 911
966 973
966 975
966 1030
966 1039
966 1094
966 1103
966 1158
966 1167
966 1222
966 1231
967 775
967 839
967 903
967 1031
967 1095
967 1159
968 9
968 73
968 136
968 200
968 264
968 328
968 392
968 456
968 520
968 581
968 645
968 712
968 776
968 837
968 840
968 904
968 1032
968 1096
968 1157
968 1160
968 1224
969 777
969 841
969 905
969 1033
969 1041
969 1097
969 1161
970 778
970 842
970 906
970 1034
970 1098
970 1162
971 595
971 779
971 843
971 907
971 1035
971 1099
971 1163
972 406
972 780
972 844
972 908
972 1036
972 1100
972 1164
973 5
973 15
973 69
973 79
973 129
973 133
973 143
973 147
973 197
973 207
973 211
973 261
973 271
973 275
973 325
973 389
973 399
973 454
973 517
973 518
973 582
973 646
973 719
973 774
973 781
973 783
973 838
973 845
973 847
973 902
973 909
973 911
973 966
973 975
973 1029
973 1030
973 1037
973 1039
973 1094
973 1101
973 1103
973 1158
973 1165
973 1167
973 1221
973 1222
973 1231
974 782
974 846
974 910
974 1038
974 1102
974 1166
975 5
975 69
975 133
975 143
975 197
975 207
975 211
975 261
975 262
975 271
975 325
975 326
975 389
975 390
975 399
975 454
975 518
975 582
975 646
975 710
975 774
975 783
975 838
975 847
975 902
975 911
975 966
975 973
975 1029
975 1030
975 1037
975 1039
975 1094
975 1101
975 1103
975 1158
975 1167
975 1222
975 1231
976 784
976 848
976 874
976 912
976 1040
976 1104
976 1168
977 785
977 849
977 913
977 1041
977 1105
977 1169
978 786
978 850
978 914
978 1042
978 1106
978 1170
979 787
979 851
979 915
979 1043
979 1107
979 1171
980 238
980 613
980 788
980 852
980 916
980 931
980 939
980 1044
980 1108
980 1172
981 343
981 445
981 559
981 789
981 853
981 917
981 1045
981 1109
981 1173
982 92
982 790
982 854
982 918
982 1046
982 1110
982 1174
983 171
983 419
983 791
983 855
983 919
983 1047
983 1111
983 1175
984 215
984 420
984 601
984 792
984 856
984 920
984 1048
984 1074
984 1112
984 1176
985 793
985 857
985 921
985 1049
985 1113
985 1177
986 732
986 794
986 858
986 922
986 1050
986 1114
986 1178
987 795
987 859
987 923
987 1051
987 1115
987 1179
988 372
988 759
988 796
988 860
988 924
988 1052
988 1116
988 1180
989 797
989 861
989 925
989 1034
989 1053
989 1117
989 1181
990 330
990 798
990 841
990 862
990 926
990 1038
990 1054
990 1118
990 1182
991 184
991 315
991 799
991 809
991 863
991 927
991 1055
991 1119
991 1183
992 800
992 864
992 928
992 1056
992 1120
992 1139
992 1184
993 153
993 801
993 865
993 929
993 1057
993 1119
993 1121
993 1185
993 1246
994 802
994 866
994 930
994 1058
994 1122
994 1186
995 24
995 564
995 616
995 803
995 867
995 931
995 1059
995 1123
995 1187
995 1204
996 228
996 804
996 868
996 932
996 1060
996 1124
996 1188
997 487
997 615
997 805
997 869
997 919
997 933
997 1061
997 1125
997 1178
997 1189
998 670
998 806
998 870
998 934
998 1062
998 1126
998 1142
998 1190
999 807
999 871
999 930
999 935
999 1063
999 1127
999 1191
1000 808
1000 872
1000 936
1000 1064
1000 1128
1000 1192
1001 187
1001 809
1001 873
1001 937
1001 1065
1001 1129
1001 1193
1002 355
1002 791
1002 810
1002 874
1002 938
1002 945
1002 1066
1002 1130
1002 1194
1003 767
1003 811
1003 875
1003 939
1003 956
1003 1067
1003 1131
1003 1195
1004 173
1004 812
1004 876
1004 940
1004 1068
1004 1132
1004 1196
1005 813
1005 877
1005 900
1005 941
1005 1069
1005 1133
1005 1197
1006 878
1006 888
1006 942
1006 1070
1006 1134
1006 1198
1006 1279
1007 554
1007 568
1007 815
1007 879
1007 943
1007 1071
1007 1135
1007 1176
1007 1199
1008 61
1008 170
1008 240
1008 248
1008 255
1008 346
1008 664
1008 788
1008 811
1008 816
1008 880
1008 944
1008 1072
1008 1136
1008 1200
1009 491
1009 817
1009 829
1009 881
1009 945
1009 1073
1009 1137
1009 1201
1010 234
1010 376
1010 743
1010 818
1010 882
1010 946
1010 1074
1010 1138
1010 1202
1011 749
1011 819
1011 883
1011 947
1011 1075
1011 1139
1011 1203
1011 1275
1012 359
1012 537
1012 607
1012 802
1012 820
1012 884
1012 946
1012 948
1012 1076
1012 1140
1012 1191
1012 1204
1013 48
1013 821
1013 885
1013 949
1013 1077
1013 1141
1013 1205
1013 1232
1014 822
1014 886
1014 950
1014 1078
1014 1142
1014 1206
1015 23
1015 152
1015 635
1015 823
1015 853
1015 887
1015 951
1015 1079
1015 1143
1015 1207
1016 625
1016 824
1016 888
1016 952
1016 1080
1016 1111
1016 1144
1016 1208
1017 318
1017 825
1017 889
1017 953
1017 1081
1017 1145
1017 1209
1018 890
1018 954
1018 1082
1018 1146
1019 31
1019 36
1019 768
1019 827
1019 891
1019 955
1019 1083
1019 1147
1019 1211
1020 687
1020 828
1020 892
1020 956
1020 1084
1020 1148
1020 1212
1021 383
1021 474
1021 494
1021 508
1021 829
1021 893
1021 957
1021 1085
1021 1149
1021 1213
1022 488
1022 830
1022 894
1022 944
1022 958
1022 1086
1022 1150
1022 1214
1023 639
1023 831
1023 895
1023 959
1023 1087
1023 1151
1023 1215
1024 429
1024 737
1024 832
1024 896
1024 932
1024 960
1024 1088
1024 1152
1024 1216
1025 339
1025 833
1025 897
1025 961
1025 1089
1025 1153
1025 1217
1026 321
1026 834
1026 898
1026 962
1026 1090
1026 1154
1026 1218
1027 835
1027 899
1027 963
1027 1091
1027 1155
1027 1219
1028 836
1028 900
1028 964
1028 1092
1028 1100
1028 1156
1028 1220
1029 13
1029 15
1029 19
1029 79
1029 83
1029 147
1029 193
1029 197
1029 207
1029 211
1029 257
1029 261
1029 271
1029 275
1029 325
1029 335
1029 389
1029 399
1029 453
1029 517
1029 655
1029 719
1029 783
1029 837
1029 840
1029 847
1029 901
1029 911
1029 965
1029 973
1029 975
1029 1037
1029 1093
1029 1101
1029 1103
1029 1157
1029 1165
1029 1167
1029 1221
1029 1229
1029 1231
1030 197
1030 198
1030 207
1030 261
1030 262
1030 271
1030 326
1030 390
1030 454
1030 518
1030 582
1030 646
1030 710
1030 774
1030 838
1030 902
1030 911
1030 966
1030 973
1030 975
1030 1039
1030 1094
1030 1103
1030 1158
1030 1167
1030 1222
1030 1231
1031 839
1031 903
1031 967
1031 1095
1031 1159
1031 1184
1031 1223
1032 9
1032 73
1032 136
1032 200
1032 264
1032 328
1032 392
1032 456
1032 520
1032 581
1032 645
1032 712
1032 776
1032 837
1032 840
1032 904
1032 968
1032 1096
1032 1157
1032 1160
1032 1224
1033 480
1033 841
1033 905
1033 969
1033 1097
1033 1161
1033 1225
1034 842
1034 906
1034 970
1034 989
1034 1098
1034 1162
1034 1226
1035 707
1035 843
1035 907
1035 971
1035 1099
1035 1163
1035 1227
1036 108
1036 844
1036 908
1036 972
1036 1100
1036 1164
1036 1228
1037 13
1037 15
1037 19
1037 79
1037 83
1037 129
1037 147
1037 193
1037 197
1037 207
1037 211
1037 257
1037 261
1037 271
1037 275
1037 325
1037 335
1037 389
1037 399
1037 453
1037 517
1037 655
1037 719
1037 783
1037 840
1037 845
1037 847
1037 901
1037 909
1037 911
1037 965
1037 973
1037 975
1037 1029
1037 1101
1037 1103
1037 1165
1037 1167
1037 1221
1037 1229
1037 1231
1038 330
1038 841
1038 846
1038 910
1038 974
1038 990
1038 1102
1038 1166
1038 1230
1039 197
1039 198
1039 207
1039 261
1039 262
1039 271
1039 325
1039 326
1039 389
1039 390
1039 454
1039 518
1039 582
1039 646
1039 710
1039 774
1039 838
1039 847
1039 902
1039 911
1039 966
1039 973
1039 975
1039 1030
1039 1094
1039 1101
1039 1103
1039 1158
1039 1167
1039 1222
1039 1231
1040 148
1040 183
1040 533
1040 745
1040 848
1040 912
1040 935
1040 976
1040 1063
1040 1104
1040 1168
1040 1232
1041 849
1041 913
1041 969
1041 977
1041 1105
1041 1169
1041 1233
1042 68
1042 790
1042 850
1042 914
1042 978
1042 1106
1042 1170
1042 1234
1043 851
1043 915
1043 979
1043 1107
1043 1171
1043 1235
1044 239
1044 567
1044 852
1044 916
1044 980
1044 1108
1044 1172
1044 1236
1045 681
1045 853
1045 917
1045 981
1045 1109
1045 1173
1045 1237
1045 1268
1046 854
1046 918
1046 982
1046 1110
1046 1174
1046 1238
1047 49
1047 377
1047 504
1047 855
1047 919
1047 983
1047 1111
1047 1175
1047 1239
1048 189
1048 404
1048 856
1048 920
1048 984
1048 1112
1048 1176
1048 1240
1049 857
1049 921
1049 985
1049 1113
1049 1177
1049 1241
1049 1247
1050 858
1050 922
1050 986
1050 1080
1050 1114
1050 1178
1050 1242
1051 650
1051 716
1051 859
1051 923
1051 987
1051 1115
1051 1179
1051 1243
1052 860
1052 924
1052 988
1052 1116
1052 1180
1052 1244
1053 861
1053 925
1053 989
1053 1117
1053 1181
1053 1245
1054 862
1054 926
1054 990
1054 1118
1054 1182
1054 1186
1054 1246
1055 479
1055 863
1055 927
1055 991
1055 1119
1055 1183
1055 1247
1056 864
1056 928
1056 992
1056 1120
1056 1184
1056 1248
1057 865
1057 929
1057 993
1057 1121
1057 1185
1057 1249
1058 866
1058 930
1058 994
1058 1122
1058 1186
1058 1250
1059 867
1059 931
1059 995
1059 1113
1059 1123
1059 1187
1059 1189
1059 1251
1060 428
1060 868
1060 932
1060 996
1060 1124
1060 1188
1060 1252
1061 425
1061 869
1061 933
1061 997
1061 1125
1061 1152
1061 1189
1061 1253
1062 870
1062 934
1062 998
1062 1126
1062 1190
1062 1254
1063 148
1063 183
1063 533
1063 745
1063 871
1063 935
1063 999
1063 1040
1063 1127
1063 1191
1063 1255
1064 536
1064 747
1064 872
1064 936
1064 1000
1064 1066
1064 1128
1064 1192
1064 1256
1065 272
1065 673
1065 873
1065 937
1065 1001
1065 1129
1065 1193
1065 1257
1066 536
1066 747
1066 874
1066 938
1066 1002
1066 1064
1066 1130
1066 1194
1066 1258
1067 816
1067 875
1067 939
1067 1003
1067 1131
1067 1195
1067 1259
1067 1264
1068 876
1068 940
1068 1004
1068 1132
1068 1196
1068 1260
1069 877
1069 941
1069 1005
1069 1133
1069 1197
1069 1261
1070 305
1070 368
1070 444
1070 826
1070 878
1070 942
1070 1006
1070 1134
1070 1151
1070 1198
1070 1262
1071 879
1071 943
1071 1007
1071 1135
1071 1199
1071 1263
1072 308
1072 532
1072 756
1072 880
1072 944
1072 1008
1072 1134
1072 1136
1072 1200
1072 1264
1073 637
1073 881
1073 945
1073 1009
1073 1137
1073 1201
1073 1239
1073 1265
1074 215
1074 420
1074 601
1074 882
1074 946
1074 984
1074 1010
1074 1138
1074 1202
1074 1266
1075 179
1075 883
1075 947
1075 1011
1075 1139
1075 1203
1075 1267
1076 446
1076 884
1076 948
1076 1012
1076 1140
1076 1204
1076 1268
1077 885
1077 949
1077 1013
1077 1141
1077 1205
1077 1269
1078 886
1078 950
1078 1014
1078 1142
1078 1206
1078 1270
1079 609
1079 793
1079 873
1079 887
1079 951
1079 1015
1079 1143
1079 1207
1079 1269
1079 1271
1080 888
1080 952
1080 1016
1080 1050
1080 1144
1080 1208
1080 1272
1081 618
1081 814
1081 889
1081 953
1081 1017
1081 1145
1081 1209
1081 1273
1082 319
1082 430
1082 890
1082 954
1082 1018
1082 1130
1082 1146
1082 1148
1082 1210
1082 1274
1083 891
1083 955
1083 1019
1083 1147
1083 1211
1083 1275
1084 188
1084 407
1084 892
1084 956
1084 1020
1084 1148
1084 1212
1084 1276
1085 893
1085 957
1085 1021
1085 1149
1085 1213
1085 1277
1086 56
1086 185
1086 490
1086 724
1086 894
1086 953
1086 958
1086 1022
1086 1150
1086 1200
1086 1214
1086 1278
1087 959
1087 1023
1087 1151
1087 1215
1088 896
1088 960
1088 1024
1088 1152
1088 1216
1089 897
1089 961
1089 1025
1089 1153
1089 1217
1090 898
1090 962
1090 1026
1090 1154
1090 1218
1091 899
1091 963
1091 1027
1091 1155
1091 1219
1092 180
1092 223
1092 684
1092 900
1092 947
1092 964
1092 1028
1092 1156
1092 1220
1093 1
1093 193
1093 257
1093 269
1093 275
1093 335
1093 453
1093 517
1093 527
1093 655
1093 709
1093 719
1093 773
1093 783
1093 840
1093 845
1093 901
1093 909
1093 965
1093 1029
1093 1154
1093 1157
1093 1160
1093 1165
1093 1218
1093 1221
1093 1229
1094 261
1094 262
1094 271
1094 326
1094 390
1094 454
1094 518
1094 582
1094 646
1094 710
1094 774
1094 838
1094 902
1094 911
1094 966
1094 973
1094 975
1094 1030
1094 1039
1094 1103
1094 1158
1094 1167
1094 1222
1094 1231
1095 903
1095 967
1095 1031
1095 1159
1095 1223
1096 9
1096 73
1096 136
1096 200
1096 264
1096 328
1096 392
1096 456
1096 520
1096 581
1096 645
1096 712
1096 776
1096 837
1096 904
1096 968
1096 1032
1096 1157
1096 1160
1096 1224
1097 779
1097 905
1097 963
1097 969
1097 1033
1097 1161
1097 1225
1098 770
1098 906
1098 970
1098 1034
1098 1162
1098 1226
1099 204
1099 907
1099 971
1099 1035
1099 1163
1099 1227
1100 908
1100 972
1100 1028
1100 1036
1100 1164
1100 1228
1101 5
1101 15
1101 69
1101 79
1101 83
1101 207
1101 211
1101 261
1101 271
1101 275
1101 325
1101 335
1101 389
1101 399
1101 453
1101 517
1101 655
1101 719
1101 783
1101 840
1101 847
1101 901
1101 909
1101 911
1101 973
1101 975
1101 1029
1101 1037
1101 1039
1101 1103
1101 1165
1101 1167
1101 1221
1101 1229
1101 1231
1102 910
1102 974
1102 1038
1102 1166
1102 1230
1103 5
1103 69
1103 133
1103 143
1103 197
1103 207
1103 261
1103 271
1103 325
1103 326
1103 389
1103 399
1103 454
1103 517
1103 518
1103 582
1103 646
1103 710
1103 774
1103 783
1103 838
1103 847
1103 902
1103 911
1103 966
1103 973
1103 975
1103 1029
1103 1030
1103 1037
1103 1039
1103 1094
1103 1101
1103 1158
1103 1165
1103 1167
1103 1222
1103 1231
1104 53
1104 912
1104 976
1104 1040
1104 1168
1104 1177
1104 1232
1105 590
1105 913
1105 977
1105 1041
1105 1169
1105 1233
1106 365
1106 571
1106 821
1106 896
1106 914
1106 978
1106 1042
1106 1140
1106 1170
1106 1234
1107 393
1107 915
1107 979
1107 1043
1107 1171
1107 1235
1108 154
1108 498
1108 916
1108 980
1108 1044
1108 1172
1108 1236
1109 448
1109 860
1109 917
1109 981
1109 1045
1109 1173
1109 1237
1110 294
1110 918
1110 982
1110 1046
1110 1174
1110 1238
1111 625
1111 919
1111 983
1111 1016
1111 1047
1111 1175
1111 1239
1112 37
1112 680
1112 784
1112 920
1112 984
1112 1048
1112 1175
1112 1176
1112 1240
1113 921
1113 985
1113 1049
1113 1059
1113 1177
1113 1189
1113 1241
1114 253
1114 291
1114 823
1114 922
1114 986
1114 1050
1114 1178
1114 1242
1115 923
1115 987
1115 1051
1115 1179
1115 1243
1116 492
1116 886
1116 924
1116 988
1116 1052
1116 1180
1116 1244
1117 864
1117 925
1117 989
1117 1053
1117 1181
1117 1245
1117 1254
1118 926
1118 990
1118 1054
1118 1182
1118 1246
1119 153
1119 927
1119 991
1119 993
1119 1055
1119 1183
1119 1246
1119 1247
1120 349
1120 550
1120 706
1120 928
1120 992
1120 1056
1120 1184
1120 1248
1121 50
1121 95
1121 891
1121 929
1121 993
1121 1057
1121 1185
1121 1249
1122 388
1122 540
1122 594
1122 662
1122 924
1122 930
1122 994
1122 1058
1122 1186
1122 1250
1123 761
1123 931
1123 995
1123 1059
1123 1187
1123 1212
1123 1251
1124 54
1124 932
1124 996
1124 1060
1124 1188
1124 1252
1125 549
1125 933
1125 997
1125 1061
1125 1173
1125 1189
1125 1253
1126 91
1126 347
1126 934
1126 998
1126 1062
1126 1190
1126 1254
1127 412
1127 452
1127 763
1127 935
1127 937
1127 999
1127 1063
1127 1191
1127 1255
1128 287
1128 936
1128 957
1128 1000
1128 1064
1128 1192
1128 1256
1129 617
1129 937
1129 1001
1129 1065
1129 1193
1129 1257
1130 319
1130 430
1130 938
1130 1002
1130 1066
1130 1082
1130 1148
1130 1194
1130 1258
1131 676
1131 939
1131 1003
1131 1067
1131 1195
1131 1259
1132 165
1132 534
1132 940
1132 1004
1132 1068
1132 1196
1132 1260
1133 132
1133 914
1133 941
1133 1005
1133 1069
1133 1197
1133 1261
1134 308
1134 532
1134 756
1134 942
1134 1006
1134 1070
1134 1072
1134 1198
1134 1262
1135 943
1135 1007
1135 1071
1135 1199
1135 1263
1136 174
1136 380
1136 468
1136 623
1136 944
1136 1008
1136 1072
1136 1200
1136 1264
1136 1274
1137 602
1137 728
1137 945
1137 1009
1137 1073
1137 1201
1137 1265
1138 84
1138 946
1138 1010
1138 1074
1138 1202
1138 1266
1139 947
1139 992
1139 1011
1139 1075
1139 1203
1139 1267
1140 365
1140 571
1140 821
1140 896
1140 948
1140 1012
1140 1076
1140 1106
1140 1204
1140 1268
1141 949
1141 1013
1141 1077
1141 1205
1141 1269
1142 670
1142 950
1142 998
1142 1014
1142 1078
1142 1206
1142 1270
1143 438
1143 741
1143 757
1143 951
1143 1015
1143 1079
1143 1207
1143 1255
1143 1271
1144 177
1144 249
1144 666
1144 952
1144 1016
1144 1080
1144 1195
1144 1208
1144 1272
1145 58
1145 624
1145 746
1145 953
1145 1017
1145 1081
1145 1209
1145 1273
1146 90
1146 426
1146 727
1146 954
1146 1018
1146 1082
1146 1210
1146 1274
1147 955
1147 1019
1147 1083
1147 1211
1147 1275
1148 319
1148 430
1148 956
1148 1020
1148 1082
1148 1084
1148 1130
1148 1212
1148 1276
1149 957
1149 1021
1149 1085
1149 1213
1149 1277
1150 636
1150 894
1150 958
1150 1022
1150 1086
1150 1214
1150 1278
1151 305
1151 368
1151 444
1151 826
1151 959
1151 1023
1151 1070
1151 1087
1151 1215
1151 1279
1152 425
1152 960
1152 1024
1152 1061
1152 1088
1152 1216
1153 653
1153 961
1153 1025
1153 1089
1153 1217
1154 269
1154 527
1154 584
1154 648
1154 709
1154 773
1154 845
1154 909
1154 962
1154 1026
1154 1090
1154 1093
1154 1160
1154 1218
1155 76
1155 401
1155 963
1155 1027
1155 1091
1155 1219
1156 964
1156 1028
1156 1092
1156 1220
1157 9
1157 73
1157 136
1157 200
1157 264
1157 328
1157 392
1157 456
1157 520
1157 581
1157 645
1157 712
1157 776
1157 837
1157 904
1157 965
1157 968
1157 1029
1157 1032
1157 1093
1157 1096
1157 1221
1157 1224
1158 262
1158 326
1158 390
1158 454
1158 518
1158 582
1158 646
1158 710
1158 774
1158 838
1158 902
1158 911
1158 966
1158 973
1158 975
1158 1030
1158 1039
1158 1094
1158 1103
1158 1167
1158 1222
1158 1231
1159 667
1159 800
1159 967
1159 1031
1159 1095
1159 1223
1160 269
1160 527
1160 584
1160 648
1160 709
1160 773
1160 845
1160 909
1160 968
1160 1032
1160 1093
1160 1096
1160 1154
1160 1218
1160 1224
1161 969
1161 1033
1161 1097
1161 1225
1162 843
1162 970
1162 1034
1162 1098
1162 1169
1162 1226
1163 451
1163 971
1163 1035
1163 1099
1163 1227
1164 164
1164 972
1164 1036
1164 1100
1164 1228
1165 13
1165 19
1165 83
1165 129
1165 147
1165 211
1165 275
1165 325
1165 335
1165 389
1165 399
1165 453
1165 517
1165 527
1165 655
1165 709
1165 719
1165 783
1165 840
1165 847
1165 901
1165 909
1165 911
1165 965
1165 973
1165 1029
1165 1037
1165 1093
1165 1101
1165 1103
1165 1167
1165 1218
1165 1221
1165 1229
1165 1231
1166 391
1166 974
1166 1038
1166 1102
1166 1230
1167 5
1167 15
1167 69
1167 79
1167 133
1167 143
1167 197
1167 207
1167 261
1167 271
1167 325
1167 326
1167 389
1167 399
1167 454
1167 517
1167 518
1167 582
1167 646
1167 710
1167 719
1167 774
1167 783
1167 838
1167 847
1167 902
1167 911
1167 966
1167 973
1167 975
1167 1029
1167 1030
1167 1037
1167 1039
1167 1094
1167 1101
1167 1103
1167 1158
1167 1165
1167 1221
1167 1222
1167 1231
1168 281
1168 354
1168 367
1168 884
1168 976
1168 1040
1168 1104
1168 1232
1169 843
1169 977
1169 1041
1169 1105
1169 1162
1169 1233
1170 109
1170 978
1170 1042
1170 1106
1170 1216
1170 1234
1171 94
1171 979
1171 1043
1171 1107
1171 1235
1172 336
1172 856
1172 980
1172 1044
1172 1108
1172 1236
1172 1263
1173 549
1173 981
1173 1045
1173 1109
1173 1125
1173 1237
1174 708
1174 832
1174 982
1174 1046
1174 1110
1174 1238
1175 37
1175 680
1175 784
1175 983
1175 1047
1175 1111
1175 1112
1175 1239
1176 554
1176 568
1176 984
1176 1007
1176 1048
1176 1112
1176 1240
1177 53
1177 985
1177 1049
1177 1104
1177 1113
1177 1241
1178 487
1178 615
1178 919
1178 986
1178 997
1178 1050
1178 1114
1178 1242
1179 987
1179 1051
1179 1115
1179 1243
1180 988
1180 1052
1180 1116
1180 1244
1181 414
1181 583
1181 989
1181 1053
1181 1117
1181 1245
1182 990
1182 1054
1182 1118
1182 1246
1183 510
1183 611
1183 794
1183 871
1183 991
1183 1055
1183 1119
1183 1247
1184 992
1184 1031
1184 1056
1184 1120
1184 1248
1185 320
1185 993
1185 1057
1185 1121
1185 1249
1186 994
1186 1054
1186 1058
1186 1122
1186 1250
1187 345
1187 431
1187 432
1187 995
1187 1059
1187 1123
1187 1201
1187 1251
1188 996
1188 1060
1188 1124
1188 1252
1189 997
1189 1059
1189 1061
1189 1113
1189 1125
1189 1253
1190 998
1190 1062
1190 1126
1190 1254
1191 359
1191 537
1191 607
1191 802
1191 946
1191 999
1191 1012
1191 1063
1191 1127
1191 1255
1192 1000
1192 1064
1192 1128
1192 1256
1193 125
1193 276
1193 661
1193 789
1193 1001
1193 1065
1193 1129
1193 1257
1194 250
1194 427
1194 1002
1194 1066
1194 1130
1194 1214
1194 1258
1195 177
1195 249
1195 666
1195 1003
1195 1067
1195 1131
1195 1144
1195 1259
1196 1004
1196 1068
1196 1132
1196 1197
1196 1260
1197 1005
1197 1069
1197 1133
1197 1196
1197 1261
1198 20
1198 592
1198 597
1198 805
1198 848
1198 1006
1198 1070
1198 1134
1198 1262
1199 1007
1199 1071
1199 1135
1199 1263
1200 56
1200 185
1200 490
1200 724
1200 953
1200 1008
1200 1072
1200 1086
1200 1136
1200 1264
1201 345
1201 431
1201 432
1201 1009
1201 1073
1201 1137
1201 1187
1201 1265
1202 282
1202 482
1202 1010
1202 1074
1202 1138
1202 1266
1203 1011
1203 1075
1203 1139
1203 1267
1204 24
1204 564
1204 616
1204 995
1204 1012
1204 1076
1204 1140
1204 1268
1205 1013
1205 1077
1205 1141
1205 1269
1206 39
1206 59
1206 1014
1206 1078
1206 1142
1206 1270
1207 106
1207 227
1207 558
1207 720
1207 1015
1207 1079
1207 1143
1207 1271
1208 496
1208 1016
1208 1080
1208 1144
1208 1213
1208 1272
1209 190
1209 1017
1209 1081
1209 1145
1209 1273
1210 702
1210 825
1210 1082
1210 1146
1210 1274
1211 742
1211 1019
1211 1083
1211 1147
1211 1275
1212 761
1212 1020
1212 1084
1212 1123
1212 1148
1212 1276
1213 496
1213 1021
1213 1085
1213 1149
1213 1208
1213 1277
1214 250
1214 427
1214 1022
1214 1086
1214 1150
1214 1194
1214 1278
1215 313
1215 552
1215 810
1215 830
1215 952
1215 958
1215 1023
1215 1087
1215 1151
1215 1279
1216 109
1216 1024
1216 1088
1216 1152
1216 1170
1217 769
1217 1025
1217 1089
1217 1153
1218 453
1218 517
1218 527
1218 584
1218 655
1218 709
1218 719
1218 773
1218 840
1218 845
1218 901
1218 909
1218 965
1218 1026
1218 1090
1218 1093
1218 1154
1218 1160
1218 1165
1218 1221
1218 1229
1219 285
1219 529
1219 1027
1219 1091
1219 1155
1220 1028
1220 1092
1220 1156
1221 1
1221 13
1221 19
1221 129
1221 141
1221 147
1221 193
1221 257
1221 275
1221 335
1221 389
1221 399
1221 453
1221 517
1221 527
1221 655
1221 709
1221 719
1221 773
1221 783
1221 840
1221 845
1221 847
1221 901
1221 909
1221 965
1221 973
1221 1029
1221 1037
1221 1093
1221 1101
1221 1157
1221 1165
1221 1167
1221 1218
1221 1229
1222 326
1222 390
1222 454
1222 518
1222 582
1222 646
1222 710
1222 774
1222 838
1222 902
1222 911
1222 966
1222 973
1222 975
1222 1030
1222 1039
1222 1094
1222 1103
1222 1158
1222 1167
1222 1231
1223 322
1223 1031
1223 1095
1223 1159
1224 9
1224 73
1224 136
1224 200
1224 264
1224 328
1224 392
1224 456
1224 520
1224 581
1224 645
1224 712
1224 776
1224 837
1224 904
1224 968
1224 1032
1224 1096
1224 1157
1224 1160
1225 1033
1225 1097
1225 1161
1226 1034
1226 1098
1226 1162
1227 785
1227 1035
1227 1099
1227 1163
1228 192
1228 214
1228 1036
1228 1100
1228 1164
1229 1
1229 129
1229 141
1229 193
1229 257
1229 275
1229 335
1229 389
1229 399
1229 453
1229 517
1229 527
1229 655
1229 709
1229 719
1229 773
1229 783
1229 840
1229 845
1229 847
1229 901
1229 909
1229 965
1229 1029
1229 1037
1229 1093
1229 1101
1229 1165
1229 1218
1229 1221
1230 647
1230 1038
1230 1102
1230 1166
1231 5
1231 15
1231 69
1231 79
1231 133
1231 143
1231 197
1231 207
1231 261
1231 271
1231 389
1231 399
1231 454
1231 517
1231 518
1231 582
1231 646
1231 710
1231 719
1231 774
1231 783
1231 838
1231 847
1231 902
1231 911
1231 966
1231 973
1231 975
1231 1029
1231 1030
1231 1037
1231 1039
1231 1094
1231 1101
1231 1103
1231 1158
1231 1165
1231 1167
1231 1222
1232 48
1232 1013
1232 1040
1232 1104
1232 1168
1233 1041
1233 1105
1233 1169
1234 1042
1234 1106
1234 1170
1235 1043
1235 1107
1235 1171
1236 1044
1236 1108
1236 1172
1237 229
1237 284
1237 1045
1237 1109
1237 1173
1237 1266
1238 40
1238 225
1238 1046
1238 1110
1238 1174
1239 637
1239 1047
1239 1073
1239 1111
1239 1175
1240 665
1240 863
1240 1048
1240 1112
1240 1176
1241 545
1241 1049
1241 1113
1241 1177
1241 1244
1242 1050
1242 1114
1242 1178
1243 775
1243 1051
1243 1115
1243 1179
1244 545
1244 1052
1244 1116
1244 1180
1244 1241
1245 157
1245 1053
1245 1117
1245 1181
1246 153
1246 993
1246 1054
1246 1118
1246 1119
1246 1182
1247 1049
1247 1055
1247 1119
1247 1183
1248 849
1248 1056
1248 1120
1248 1184
1249 260
1249 1057
1249 1121
1249 1185
1250 64
1250 364
1250 1058
1250 1122
1250 1186
1251 693
1251 1059
1251 1123
1251 1187
1252 384
1252 1060
1252 1124
1252 1188
1253 26
1253 1061
1253 1125
1253 1189
1254 864
1254 1062
1254 1117
1254 1126
1254 1190
1255 438
1255 741
1255 757
1255 1063
1255 1127
1255 1143
1255 1191
1256 216
1256 279
1256 471
1256 857
1256 1064
1256 1128
1256 1192
1257 42
1257 163
1257 409
1257 869
1257 1065
1257 1129
1257 1193
1258 112
1258 252
1258 560
1258 600
1258 1066
1258 1130
1258 1194
1259 63
1259 382
1259 439
1259 596
1259 632
1259 1067
1259 1131
1259 1195
1260 182
1260 1068
1260 1132
1260 1196
1261 169
1261 530
1261 1069
1261 1133
1261 1197
1262 1070
1262 1134
1262 1198
1263 336
1263 856
1263 1071
1263 1135
1263 1172
1263 1199
1264 816
1264 1067
1264 1072
1264 1136
1264 1200
1265 408
1265 660
1265 920
1265 1073
1265 1137
1265 1201
1266 229
1266 284
1266 1074
1266 1138
1266 1202
1266 1237
1267 71
1267 842
1267 1075
1267 1139
1267 1203
1268 681
1268 1045
1268 1076
1268 1140
1268 1204
1269 609
1269 793
1269 873
1269 1077
1269 1079
1269 1141
1269 1205
1270 247
1270 1078
1270 1142
1270 1206
1271 1079
1271 1143
1271 1207
1272 235
1272 751
1272 1080
1272 1144
1272 1208
1273 509
1273 1081
1273 1145
1273 1209
1274 174
1274 380
1274 468
1274 623
1274 1082
1274 1136
1274 1146
1274 1210
1275 749
1275 1011
1275 1083
1275 1147
1275 1211
1276 922
1276 1084
1276 1148
1276 1212
1277 159
1277 792
1277 936
1277 1085
1277 1149
1277 1213
1278 1086
1278 1150
1278 1214
1279 888
1279 1006
1279 1151
1279 1215
