0 64
0 128
0 192
0 865
0 960
1 65
1 129
1 193
1 706
2 66
2 130
2 194
2 903
3 67
3 131
3 195
4 68
4 132
4 196
4 1065
5 15
5 69
5 79
5 133
5 197
5 335
5 399
5 463
5 520
5 527
5 581
5 591
5 645
5 653
5 655
5 709
5 717
5 719
5 781
5 783
5 845
5 847
5 1026
5 1029
5 1037
5 1101
5 1165
5 1229
6 70
6 134
6 198
6 262
6 326
6 390
6 454
6 518
6 582
6 591
6 646
6 655
6 710
6 719
6 774
6 783
6 838
6 847
6 902
6 966
6 1030
6 1094
6 1158
6 1222
7 71
7 135
7 140
7 199
8 72
8 136
8 200
8 261
8 325
8 392
8 456
8 517
8 584
8 648
8 712
8 776
8 837
8 904
8 968
8 1032
8 1096
8 1160
8 1224
9 73
9 137
9 201
10 74
10 138
10 202
10 521
10 670
10 718
10 963
10 990
11 75
11 139
11 203
12 76
12 140
12 204
12 1238
13 77
13 141
13 205
14 78
14 142
14 206
15 5
15 69
15 79
15 133
15 143
15 197
15 207
15 335
15 389
15 399
15 453
15 463
15 520
15 525
15 527
15 581
15 589
15 645
15 709
15 717
15 773
15 781
15 845
15 901
15 909
15 973
15 1154
15 1157
15 1221
16 80
16 144
16 208
16 536
16 852
16 943
17 81
17 145
17 209
17 519
18 82
18 146
18 210
18 545
19 83
19 147
19 211
19 705
20 84
20 148
20 212
20 336
20 372
20 497
21 37
21 85
21 149
21 213
21 476
22 86
22 150
22 214
23 87
23 125
23 151
23 215
23 239
23 661
23 1021
23 1208
24 88
24 152
24 216
25 89
25 111
25 112
25 153
25 217
25 867
25 881
26 90
26 154
26 218
26 344
26 468
26 491
26 688
26 1131
27 91
27 155
27 219
27 806
28 92
28 156
28 220
29 93
29 157
29 221
29 230
29 386
29 800
30 94
30 158
30 222
31 40
31 95
31 159
31 181
31 223
32 96
32 160
32 224
33 97
33 161
33 225
33 592
33 997
34 47
34 98
34 162
34 226
34 564
34 848
35 99
35 163
35 227
35 471
35 625
35 682
35 1172
36 100
36 164
36 228
37 21
37 101
37 165
37 229
37 476
38 102
38 166
38 230
39 103
39 167
39 217
39 231
39 287
39 482
39 626
39 692
39 871
40 31
40 104
40 168
40 181
40 232
41 105
41 169
41 223
41 233
41 418
42 106
42 170
42 218
42 234
42 1047
42 1194
42 1236
43 107
43 171
43 560
44 108
44 172
44 236
44 930
45 109
45 173
45 237
45 251
45 501
45 576
45 786
45 820
45 1049
46 110
46 174
46 238
46 255
46 369
46 511
47 34
47 111
47 175
47 239
47 564
47 848
48 112
48 124
48 176
48 240
48 506
48 750
48 831
48 1130
49 113
49 177
49 241
49 596
50 114
50 178
50 242
51 115
51 179
51 243
52 116
52 180
52 244
52 439
52 668
52 1199
53 117
53 181
53 245
53 362
53 984
53 1044
54 118
54 182
54 246
54 1069
55 119
55 183
55 247
55 569
55 622
55 1003
56 120
56 184
56 248
56 423
56 690
57 121
57 184
57 185
57 249
57 727
58 122
58 186
58 250
59 123
59 187
59 251
59 981
60 124
60 148
60 188
60 252
60 303
60 816
60 954
60 1022
60 1085
61 125
61 189
61 253
61 535
61 629
62 119
62 126
62 190
62 276
62 312
62 939
63 127
63 154
63 174
63 188
63 191
63 255
63 701
63 1209
64 0
64 128
64 192
64 256
64 932
65 1
65 129
65 193
65 257
66 2
66 130
66 194
66 258
66 1035
66 1233
67 3
67 131
67 195
67 259
68 4
68 132
68 196
68 220
68 260
68 274
68 342
68 604
68 802
69 5
69 15
69 79
69 133
69 197
69 261
69 335
69 399
69 463
69 520
69 527
69 581
69 591
69 645
69 653
69 655
69 709
69 717
69 719
69 781
69 783
69 845
69 847
69 901
69 909
69 911
69 1026
69 1029
69 1037
69 1093
69 1101
69 1165
69 1229
70 6
70 134
70 198
70 262
70 326
70 390
70 454
70 518
70 582
70 646
70 655
70 710
70 719
70 774
70 838
70 902
70 966
70 1030
70 1094
70 1158
70 1222
71 7
71 135
71 199
71 263
71 846
72 8
72 136
72 200
72 261
72 264
72 325
72 392
72 456
72 517
72 584
72 648
72 712
72 776
72 837
72 904
72 968
72 1032
72 1096
72 1160
72 1224
73 9
73 137
73 201
73 265
73 787
74 10
74 138
74 202
74 266
75 11
75 139
75 203
75 267
76 12
76 140
76 204
76 268
76 428
77 13
77 141
77 205
77 269
78 14
78 142
78 206
78 270
79 5
79 15
79 69
79 133
79 143
79 197
79 207
79 271
79 335
79 399
79 463
79 520
79 527
79 581
79 591
79 645
79 653
79 655
79 709
79 717
79 781
79 783
79 845
79 847
79 901
79 909
79 911
79 1026
79 1029
79 1093
79 1154
79 1229
80 16
80 144
80 208
80 272
81 17
81 145
81 209
81 273
81 835
82 18
82 146
82 210
82 274
83 19
83 147
83 211
83 275
84 20
84 148
84 212
84 276
84 728
84 1017
84 1200
85 21
85 149
85 161
85 213
85 277
85 420
86 22
86 150
86 214
86 278
86 652
87 23
87 151
87 215
87 279
87 572
87 764
87 1215
88 24
88 152
88 216
88 280
88 340
88 600
88 945
89 25
89 153
89 217
89 281
89 549
89 937
90 26
90 154
90 218
90 282
90 500
90 1136
91 27
91 155
91 219
91 283
92 28
92 132
92 156
92 220
92 284
92 443
92 617
92 807
93 29
93 157
93 221
93 285
94 30
94 158
94 222
94 263
94 286
94 861
95 31
95 159
95 223
95 287
96 32
96 160
96 224
96 288
96 337
97 33
97 114
97 161
97 225
97 289
97 1177
98 34
98 162
98 226
98 290
98 374
98 424
99 35
99 163
99 227
99 291
99 663
99 1082
100 36
100 164
100 228
100 281
100 292
100 664
100 754
101 37
101 165
101 229
101 293
101 1256
102 38
102 166
102 230
102 294
102 413
102 974
103 39
103 167
103 231
103 233
103 295
103 405
103 1251
104 40
104 113
104 168
104 232
104 296
105 41
105 169
105 233
105 297
105 741
105 832
105 1255
106 42
106 170
106 234
106 298
106 407
106 826
107 43
107 171
107 235
107 299
107 874
107 894
108 44
108 172
108 236
108 300
108 740
109 45
109 173
109 237
109 301
109 417
109 612
109 704
109 1063
109 1202
110 46
110 174
110 238
110 302
110 762
110 810
110 828
111 25
111 47
111 112
111 175
111 239
111 303
111 867
111 881
112 25
112 48
112 111
112 176
112 240
112 304
112 867
112 881
113 49
113 104
113 177
113 241
113 305
114 50
114 97
114 178
114 242
114 306
114 1177
115 51
115 179
115 243
115 307
116 52
116 180
116 244
116 308
117 53
117 164
117 181
117 245
117 309
117 479
117 1108
118 54
118 182
118 246
118 310
118 421
118 437
118 823
118 935
118 1114
119 55
119 62
119 183
119 247
119 276
119 311
119 312
119 939
120 56
120 184
120 248
120 252
120 312
120 1212
121 57
121 185
121 249
121 313
121 378
121 1016
122 58
122 186
122 250
122 381
122 1023
123 59
123 187
123 251
123 315
123 1214
124 48
124 60
124 188
124 252
124 316
124 506
124 750
124 831
124 1130
125 23
125 61
125 189
125 239
125 253
125 317
125 661
125 1021
125 1208
126 62
126 190
126 254
126 756
126 1259
127 63
127 191
127 255
127 299
127 319
127 440
128 0
128 64
128 192
128 256
128 320
128 540
128 789
128 1012
129 1
129 65
129 193
129 257
129 321
130 2
130 66
130 194
130 258
130 322
131 3
131 67
131 195
131 259
131 323
131 843
132 4
132 68
132 92
132 196
132 260
132 324
132 443
132 617
132 807
133 5
133 15
133 69
133 79
133 197
133 207
133 261
133 325
133 335
133 389
133 399
133 453
133 463
133 520
133 525
133 581
133 589
133 645
133 709
133 717
133 773
133 781
133 845
133 898
133 901
133 909
133 962
133 973
133 1157
133 1221
134 6
134 70
134 198
134 262
134 326
134 390
134 454
134 518
134 582
134 591
134 646
134 653
134 655
134 710
134 719
134 774
134 783
134 838
134 847
134 902
134 911
134 966
134 975
134 1030
134 1039
134 1094
134 1158
134 1222
135 7
135 71
135 199
135 263
135 327
135 365
136 8
136 72
136 200
136 261
136 264
136 325
136 328
136 392
136 456
136 517
136 584
136 648
136 712
136 776
136 837
136 904
136 968
136 1032
136 1096
136 1160
136 1224
137 9
137 73
137 201
137 265
137 329
137 513
138 10
138 74
138 202
138 266
138 330
138 1117
139 11
139 75
139 203
139 267
139 331
140 7
140 12
140 76
140 199
140 204
140 268
140 332
141 13
141 77
141 205
141 269
141 333
142 14
142 78
142 206
142 270
142 334
142 416
143 15
143 79
143 207
143 271
143 335
144 16
144 80
144 153
144 208
144 272
144 336
144 1079
144 1239
145 17
145 81
145 209
145 273
145 337
146 18
146 82
146 210
146 274
146 338
146 1252
147 19
147 83
147 211
147 275
147 339
148 20
148 60
148 84
148 212
148 276
148 303
148 340
148 816
148 954
148 1022
148 1085
149 21
149 85
149 213
149 277
149 341
149 1198
149 1240
150 22
150 86
150 214
150 278
150 342
150 1128
151 23
151 87
151 215
151 279
151 343
151 537
151 936
151 1258
152 24
152 88
152 216
152 250
152 280
152 344
152 355
153 25
153 89
153 144
153 217
153 281
153 345
153 1079
153 1239
154 26
154 63
154 90
154 174
154 188
154 218
154 282
154 346
154 701
154 1209
155 27
155 91
155 179
155 219
155 268
155 283
155 347
156 28
156 92
156 220
156 284
156 348
156 1170
157 29
157 93
157 221
157 285
157 349
157 556
157 644
157 1205
158 30
158 94
158 222
158 286
158 350
159 31
159 95
159 223
159 287
159 351
159 735
160 32
160 96
160 224
160 288
160 352
160 713
161 33
161 85
161 97
161 225
161 289
161 353
161 420
162 34
162 98
162 226
162 290
162 354
162 882
163 35
163 99
163 227
163 291
163 355
163 409
163 1268
164 36
164 100
164 117
164 228
164 292
164 356
164 479
164 1108
165 37
165 101
165 229
165 293
165 357
166 38
166 102
166 230
166 294
166 358
167 39
167 103
167 231
167 295
167 359
167 599
167 677
167 858
167 1242
168 40
168 104
168 232
168 296
168 360
168 624
168 702
169 41
169 105
169 233
169 297
169 361
170 42
170 106
170 234
170 298
170 362
170 404
170 633
170 766
170 880
171 43
171 107
171 235
171 299
171 509
171 689
172 44
172 108
172 236
172 300
172 364
172 566
172 796
173 45
173 109
173 237
173 301
173 365
174 46
174 63
174 110
174 154
174 188
174 238
174 302
174 701
174 1209
175 47
175 111
175 239
175 256
175 303
175 367
175 1276
176 48
176 112
176 240
176 304
176 368
176 888
176 893
176 1274
177 49
177 113
177 241
177 305
177 343
177 369
178 50
178 114
178 242
178 306
178 370
178 788
178 1127
178 1178
179 51
179 115
179 155
179 243
179 268
179 307
179 371
180 52
180 116
180 244
180 308
180 372
180 507
180 607
180 991
181 31
181 40
181 53
181 117
181 245
181 309
181 373
182 54
182 118
182 246
182 310
182 374
183 55
183 119
183 247
183 311
183 375
183 1191
184 56
184 57
184 120
184 248
184 312
184 376
184 727
185 57
185 121
185 249
185 313
185 432
186 58
186 122
186 250
186 378
187 59
187 123
187 251
187 315
187 379
187 434
187 1135
188 60
188 63
188 124
188 154
188 174
188 252
188 316
188 701
188 1209
189 61
189 125
189 253
189 317
189 953
190 62
190 126
190 254
190 291
190 318
190 382
190 474
190 551
190 863
190 1086
191 63
191 127
191 255
191 319
192 0
192 64
192 128
192 256
192 320
192 384
193 1
193 65
193 129
193 257
193 321
193 385
194 2
194 66
194 130
194 258
194 322
194 386
195 3
195 67
195 131
195 259
195 323
195 387
195 457
196 4
196 68
196 132
196 260
196 324
196 388
196 1118
196 1245
197 5
197 15
197 69
197 79
197 133
197 207
197 261
197 325
197 335
197 389
197 399
197 463
197 520
197 527
197 581
197 589
197 591
197 645
197 653
197 709
197 717
197 773
197 781
197 783
197 845
197 847
197 898
197 901
197 909
197 911
197 973
197 1026
197 1029
197 1037
197 1093
197 1154
198 6
198 70
198 134
198 262
198 326
198 390
198 454
198 518
198 582
198 591
198 646
198 653
198 655
198 710
198 719
198 774
198 783
198 838
198 847
198 902
198 911
198 966
198 975
198 1030
198 1039
198 1094
198 1158
198 1222
199 7
199 71
199 135
199 140
199 263
199 327
199 391
200 8
200 72
200 136
200 261
200 264
200 325
200 328
200 392
200 456
200 517
200 584
200 648
200 712
200 776
200 837
200 904
200 968
200 1032
200 1096
200 1160
200 1224
201 9
201 73
201 137
201 265
201 329
201 393
202 10
202 74
202 138
202 266
202 330
202 394
202 971
203 11
203 75
203 139
203 267
203 331
203 395
204 12
204 76
204 140
204 268
204 332
204 396
205 13
205 77
205 141
205 269
205 333
205 397
206 14
206 78
206 142
206 270
206 334
206 398
207 15
207 79
207 133
207 143
207 197
207 271
207 335
207 389
207 399
207 453
207 463
207 520
207 525
207 581
207 589
207 645
207 773
207 834
207 840
207 845
207 898
207 901
207 909
207 962
207 973
207 1026
207 1029
207 1157
207 1221
208 16
208 80
208 144
208 272
208 336
208 400
209 17
209 81
209 145
209 273
209 337
209 401
209 899
209 1056
210 18
210 82
210 146
210 274
210 338
210 402
210 941
211 19
211 83
211 147
211 275
211 339
211 403
212 20
212 84
212 148
212 276
212 340
212 404
212 436
212 752
212 814
213 21
213 85
213 149
213 277
213 341
213 405
213 425
213 615
213 720
213 743
214 22
214 86
214 150
214 278
214 342
214 406
214 812
215 23
215 87
215 151
215 279
215 343
215 407
215 1002
216 24
216 88
216 152
216 280
216 344
216 408
216 427
216 744
216 746
217 25
217 39
217 89
217 153
217 281
217 287
217 345
217 409
217 482
217 626
217 692
217 871
218 26
218 42
218 90
218 154
218 282
218 346
218 410
218 1047
218 1194
218 1236
219 27
219 91
219 155
219 283
219 347
219 411
219 514
220 28
220 68
220 92
220 156
220 274
220 284
220 342
220 348
220 412
220 604
220 802
221 29
221 93
221 157
221 285
221 349
221 413
222 30
222 94
222 158
222 286
222 350
222 414
222 1004
223 31
223 41
223 95
223 159
223 287
223 351
223 415
223 418
224 32
224 96
224 160
224 288
224 352
224 416
225 33
225 97
225 161
225 289
225 353
225 417
225 921
225 924
226 34
226 98
226 162
226 290
226 354
226 418
227 35
227 99
227 163
227 291
227 355
227 419
227 1279
228 36
228 100
228 164
228 292
228 356
228 420
228 1058
229 37
229 101
229 165
229 293
229 357
229 421
229 805
229 853
230 29
230 38
230 102
230 166
230 294
230 358
230 386
230 422
230 800
231 39
231 103
231 167
231 295
231 359
231 415
231 423
231 1066
232 40
232 104
232 168
232 296
232 360
232 424
232 490
232 510
232 632
232 638
232 895
233 41
233 103
233 105
233 169
233 297
233 361
233 405
233 425
233 1251
234 42
234 106
234 170
234 248
234 298
234 362
234 426
234 687
234 856
235 107
235 171
235 299
236 44
236 108
236 172
236 300
236 364
236 428
237 45
237 109
237 173
237 301
237 365
237 429
238 46
238 110
238 174
238 302
238 366
238 400
238 430
238 887
238 1111
238 1232
239 23
239 47
239 111
239 125
239 175
239 303
239 367
239 431
239 661
239 1021
239 1208
240 48
240 112
240 176
240 280
240 304
240 368
240 432
240 938
241 49
241 113
241 177
241 305
241 369
241 1087
242 50
242 114
242 178
242 306
242 370
242 434
243 51
243 115
243 179
243 307
243 371
243 435
244 52
244 116
244 180
244 296
244 308
244 372
244 436
244 675
244 884
244 1134
244 1262
245 53
245 117
245 181
245 309
245 373
245 437
246 54
246 118
246 182
246 310
246 374
246 438
246 524
247 55
247 119
247 183
247 311
247 375
247 439
247 724
247 1122
248 56
248 120
248 184
248 234
248 312
248 376
248 440
248 687
248 856
249 57
249 121
249 185
249 313
249 377
249 441
249 639
250 58
250 122
250 152
250 186
250 314
250 355
250 378
250 442
251 45
251 59
251 123
251 187
251 315
251 379
251 443
251 501
251 576
251 786
251 820
251 1049
252 60
252 120
252 124
252 188
252 316
252 380
252 444
252 1212
253 61
253 125
253 189
253 317
253 381
253 445
253 623
253 1272
254 126
254 190
254 318
254 382
255 46
255 63
255 127
255 191
255 319
255 369
255 383
255 447
255 511
256 64
256 128
256 175
256 192
256 320
256 384
256 448
256 1276
257 65
257 129
257 193
257 321
257 385
257 449
257 1169
258 66
258 130
258 194
258 322
258 386
258 450
259 67
259 131
259 195
259 323
259 387
259 451
260 68
260 132
260 196
260 324
260 388
260 452
261 8
261 69
261 72
261 133
261 136
261 197
261 200
261 325
261 389
261 392
261 453
261 456
261 517
261 584
261 648
261 712
261 776
261 837
261 904
261 968
261 1032
261 1096
261 1160
261 1224
262 6
262 70
262 134
262 198
262 326
262 390
262 454
262 518
262 527
262 582
262 591
262 646
262 653
262 655
262 710
262 719
262 774
262 783
262 838
262 847
262 902
262 911
262 966
262 975
262 1030
262 1037
262 1039
262 1094
262 1101
262 1103
262 1158
262 1167
262 1222
262 1231
263 71
263 94
263 135
263 199
263 327
263 391
263 455
263 861
264 72
264 136
264 200
264 328
264 389
264 392
264 453
264 456
264 525
264 834
264 840
264 898
264 962
264 965
265 73
265 137
265 201
265 329
265 393
265 457
266 74
266 138
266 202
266 330
266 394
266 458
266 608
266 1163
267 75
267 139
267 203
267 331
267 395
267 459
268 76
268 140
268 155
268 179
268 204
268 332
268 396
268 460
269 77
269 141
269 205
269 333
269 397
269 461
269 1031
270 78
270 142
270 206
270 334
270 398
270 462
270 785
270 1091
271 79
271 143
271 207
271 335
271 399
271 463
272 80
272 144
272 208
272 277
272 336
272 400
272 464
272 485
272 528
272 878
273 81
273 145
273 209
273 337
273 401
273 465
273 987
273 1185
274 68
274 82
274 146
274 210
274 220
274 338
274 342
274 402
274 466
274 604
274 802
275 83
275 147
275 211
275 339
275 403
275 467
275 651
276 62
276 84
276 119
276 148
276 212
276 312
276 340
276 404
276 468
276 939
277 85
277 149
277 213
277 272
277 341
277 405
277 469
277 485
277 528
277 878
278 86
278 150
278 214
278 342
278 406
278 470
278 502
278 988
279 87
279 151
279 215
279 343
279 407
279 471
280 88
280 152
280 216
280 240
280 344
280 408
280 472
280 938
281 89
281 100
281 153
281 217
281 345
281 409
281 473
281 664
281 754
282 90
282 154
282 218
282 346
282 408
282 410
282 474
282 817
283 91
283 155
283 219
283 347
283 411
283 475
284 92
284 156
284 220
284 348
284 412
284 476
285 93
285 157
285 221
285 349
285 413
285 477
285 550
286 94
286 158
286 222
286 350
286 406
286 414
286 478
286 563
287 39
287 95
287 159
287 217
287 223
287 351
287 415
287 479
287 482
287 626
287 692
287 871
288 96
288 160
288 224
288 352
288 416
288 480
289 97
289 161
289 225
289 353
289 417
289 473
289 481
289 553
289 759
289 949
289 1073
289 1266
290 98
290 162
290 226
290 354
290 418
290 482
291 99
291 163
291 190
291 227
291 355
291 419
291 474
291 483
291 551
291 863
291 1086
292 100
292 164
292 228
292 356
292 420
292 484
292 516
292 1141
293 101
293 165
293 229
293 357
293 421
293 485
293 611
293 619
293 660
294 102
294 166
294 230
294 358
294 422
294 486
294 557
295 103
295 167
295 231
295 359
295 423
295 487
295 599
295 677
295 858
295 1242
296 104
296 168
296 232
296 244
296 360
296 424
296 488
296 675
296 884
296 1134
296 1262
297 105
297 169
297 233
297 361
297 425
297 489
297 809
297 1070
297 1112
298 106
298 170
298 234
298 362
298 426
298 490
298 494
298 761
298 1146
299 107
299 127
299 171
299 235
299 363
299 427
299 440
299 491
300 108
300 172
300 236
300 364
300 428
300 492
301 109
301 173
301 237
301 365
301 429
301 493
302 110
302 174
302 238
302 366
302 430
303 60
303 111
303 148
303 175
303 239
303 367
303 431
303 495
303 816
303 954
303 1022
303 1085
304 112
304 176
304 240
304 368
304 426
304 432
304 496
304 825
304 1008
304 1210
304 1264
305 113
305 177
305 241
305 369
305 433
305 497
305 696
305 791
305 1009
306 114
306 178
306 242
306 370
306 434
306 498
307 115
307 179
307 243
307 371
307 435
307 499
308 116
308 180
308 244
308 372
308 436
308 500
309 117
309 181
309 245
309 373
309 437
309 501
310 118
310 182
310 246
310 374
310 438
310 502
310 534
311 119
311 183
311 247
311 375
311 439
311 503
312 62
312 119
312 120
312 184
312 248
312 276
312 376
312 440
312 504
312 939
313 121
313 185
313 249
313 377
313 441
313 639
314 250
314 378
314 442
315 123
315 187
315 251
315 379
315 443
315 507
315 533
315 695
315 1241
316 124
316 188
316 252
316 380
316 444
316 508
316 574
316 830
317 125
317 189
317 253
317 381
317 445
317 509
317 753
317 919
318 190
318 254
318 382
318 446
318 510
319 127
319 191
319 255
319 383
319 447
319 511
319 703
320 128
320 192
320 256
320 384
320 448
320 512
320 613
321 129
321 193
321 257
321 385
321 449
321 513
322 130
322 194
322 258
322 386
322 450
322 514
323 131
323 195
323 259
323 387
323 451
323 515
323 578
324 132
324 196
324 260
324 388
324 452
324 516
325 8
325 72
325 133
325 136
325 197
325 200
325 261
325 389
325 392
325 453
325 456
325 517
325 584
325 648
325 712
325 776
325 837
325 904
325 968
325 1032
325 1096
325 1160
325 1224
326 6
326 70
326 134
326 198
326 262
326 390
326 454
326 518
326 582
326 591
326 646
326 653
326 655
326 710
326 719
326 774
326 783
326 838
326 847
326 902
326 911
326 966
326 975
326 1030
326 1039
326 1094
326 1103
326 1158
326 1167
326 1222
327 135
327 199
327 263
327 391
327 455
327 519
327 910
327 1270
328 136
328 200
328 264
328 392
328 453
328 456
328 520
328 525
328 834
328 840
328 962
328 965
329 137
329 201
329 265
329 393
329 457
329 521
330 138
330 202
330 266
330 394
330 396
330 458
330 522
330 731
331 139
331 203
331 267
331 395
331 459
331 523
331 539
331 1243
332 140
332 204
332 268
332 396
332 460
332 524
332 1260
333 141
333 205
333 269
333 397
333 461
333 525
333 833
334 142
334 206
334 270
334 398
334 462
334 526
335 5
335 15
335 69
335 79
335 133
335 143
335 197
335 207
335 271
335 389
335 399
335 453
335 463
335 520
335 525
335 527
335 581
335 589
335 645
335 709
335 717
335 773
335 781
335 845
335 898
335 901
335 909
335 973
335 1026
335 1029
335 1037
335 1093
335 1154
335 1157
335 1165
335 1221
336 20
336 144
336 208
336 272
336 372
336 400
336 464
336 497
336 528
337 96
337 145
337 209
337 273
337 401
337 465
337 529
338 146
338 210
338 274
338 402
338 466
338 530
339 147
339 211
339 275
339 403
339 467
339 531
340 88
340 148
340 212
340 276
340 404
340 468
340 532
340 600
340 945
341 149
341 213
341 277
341 405
341 469
341 533
341 873
342 68
342 150
342 214
342 220
342 274
342 278
342 406
342 470
342 534
342 604
342 802
343 151
343 177
343 215
343 279
343 407
343 471
343 535
344 26
344 152
344 216
344 280
344 408
344 468
344 472
344 491
344 536
344 688
344 1131
345 153
345 217
345 281
345 409
345 473
345 537
345 543
345 920
345 1020
345 1137
345 1176
346 154
346 218
346 282
346 410
346 474
346 538
346 824
346 875
346 1145
347 155
347 219
347 283
347 411
347 475
347 480
347 539
347 839
348 156
348 220
348 284
348 412
348 476
348 478
348 540
349 157
349 221
349 285
349 413
349 477
349 541
350 158
350 222
350 286
350 414
350 478
350 542
350 678
350 822
351 159
351 223
351 287
351 415
351 444
351 479
351 543
351 570
352 160
352 224
352 288
352 416
352 480
352 544
353 161
353 225
353 289
353 417
353 481
353 545
353 745
353 1045
353 1060
354 162
354 226
354 290
354 418
354 482
354 546
354 559
354 1072
354 1149
354 1192
355 152
355 163
355 227
355 250
355 291
355 419
355 483
355 547
356 164
356 228
356 292
356 420
356 484
356 548
356 811
357 165
357 229
357 293
357 421
357 485
357 547
357 549
357 1213
358 166
358 230
358 294
358 422
358 486
358 550
359 167
359 231
359 295
359 419
359 423
359 483
359 487
359 488
359 548
359 551
359 562
360 168
360 232
360 296
360 424
360 464
360 488
360 552
360 792
360 855
361 169
361 233
361 297
361 425
361 489
361 553
361 725
361 948
362 53
362 170
362 234
362 298
362 426
362 490
362 554
362 984
362 1044
363 299
363 427
363 491
364 172
364 236
364 300
364 428
364 492
364 556
364 627
364 772
365 135
365 173
365 237
365 301
365 429
365 493
365 557
366 238
366 302
366 430
366 446
366 494
366 555
367 175
367 239
367 303
367 431
367 495
367 508
367 559
367 700
368 176
368 240
368 304
368 432
368 496
369 46
369 177
369 241
369 255
369 305
369 433
369 497
369 511
369 561
370 178
370 242
370 306
370 434
370 481
370 498
370 562
370 1061
370 1124
371 179
371 243
371 307
371 435
371 499
371 563
371 1164
372 20
372 180
372 244
372 308
372 336
372 436
372 497
372 500
372 564
373 181
373 245
373 309
373 437
373 501
373 565
373 931
374 98
374 182
374 246
374 310
374 424
374 438
374 502
374 566
375 183
375 247
375 311
375 439
375 503
375 567
375 1237
376 184
376 248
376 312
376 440
376 504
376 568
376 634
376 1123
377 249
377 313
377 441
377 505
377 561
377 569
377 1071
378 121
378 186
378 250
378 314
378 442
378 506
378 570
378 1016
379 187
379 251
379 315
379 443
379 507
379 571
379 1015
380 252
380 316
380 383
380 444
380 508
381 122
381 253
381 317
381 445
381 509
381 1023
382 190
382 254
382 318
382 446
382 505
382 510
382 574
382 890
383 255
383 319
383 380
383 447
383 511
384 192
384 256
384 320
384 448
384 512
384 565
384 576
384 630
384 1188
385 193
385 257
385 321
385 449
385 513
385 577
386 29
386 194
386 230
386 258
386 322
386 450
386 514
386 578
386 800
387 195
387 259
387 323
387 451
387 515
387 579
387 715
388 196
388 260
388 324
388 452
388 512
388 516
388 580
388 854
389 15
389 133
389 197
389 207
389 261
389 264
389 325
389 335
389 399
389 453
389 517
389 520
389 525
389 581
389 589
389 645
389 773
389 834
389 840
389 845
389 898
389 901
389 909
389 962
389 965
389 973
389 1154
389 1157
389 1221
390 6
390 70
390 134
390 198
390 262
390 326
390 454
390 518
390 582
390 591
390 646
390 655
390 710
390 719
390 774
390 783
390 838
390 847
390 902
390 911
390 966
390 975
390 1030
390 1039
390 1094
390 1103
390 1158
390 1167
390 1222
390 1231
391 199
391 263
391 327
391 455
391 519
391 583
391 1159
392 8
392 72
392 136
392 200
392 261
392 264
392 325
392 328
392 456
392 517
392 520
392 584
392 648
392 712
392 776
392 837
392 904
392 968
392 1032
392 1096
392 1160
392 1224
393 201
393 265
393 329
393 457
393 521
393 585
393 1223
394 202
394 266
394 330
394 458
394 522
394 586
394 1107
395 203
395 267
395 331
395 459
395 523
395 587
396 204
396 268
396 330
396 332
396 460
396 524
396 588
396 731
397 205
397 269
397 333
397 461
397 525
397 589
398 206
398 270
398 334
398 462
398 526
398 590
399 5
399 15
399 69
399 79
399 133
399 197
399 207
399 271
399 335
399 389
399 453
399 463
399 520
399 527
399 581
399 589
399 591
399 645
399 653
399 709
399 717
399 773
399 781
399 845
399 847
399 898
399 901
399 909
399 911
399 973
399 1026
399 1029
399 1037
399 1093
399 1101
399 1154
399 1157
399 1165
399 1221
399 1229
400 208
400 238
400 272
400 336
400 464
400 528
400 592
400 887
400 1111
400 1232
401 209
401 273
401 337
401 465
401 529
401 593
402 210
402 274
402 338
402 466
402 530
402 594
402 1028
403 211
403 275
403 339
403 467
403 531
403 595
404 170
404 212
404 276
404 340
404 468
404 532
404 596
404 633
404 766
404 880
405 103
405 213
405 233
405 277
405 341
405 469
405 533
405 597
405 1251
406 214
406 278
406 286
406 342
406 470
406 534
406 563
406 598
407 106
407 215
407 279
407 343
407 471
407 535
407 599
407 826
408 216
408 280
408 282
408 344
408 472
408 536
408 600
408 817
409 163
409 217
409 281
409 345
409 473
409 537
409 601
409 1268
410 218
410 282
410 346
410 474
410 538
410 602
411 219
411 283
411 347
411 475
411 539
411 603
411 1142
412 220
412 284
412 348
412 476
412 540
412 604
412 666
413 102
413 221
413 285
413 349
413 477
413 541
413 605
413 974
414 222
414 286
414 350
414 478
414 542
414 606
415 223
415 231
415 287
415 351
415 479
415 543
415 607
415 1066
416 142
416 224
416 288
416 352
416 480
416 544
416 608
417 109
417 225
417 289
417 353
417 481
417 545
417 609
417 612
417 704
417 1063
417 1202
418 41
418 223
418 226
418 290
418 354
418 482
418 546
418 610
419 227
419 291
419 355
419 359
419 483
419 488
419 547
419 548
419 562
419 611
420 85
420 161
420 228
420 292
420 356
420 484
420 548
420 612
421 118
421 229
421 293
421 357
421 437
421 485
421 549
421 613
421 823
421 935
421 1114
422 230
422 294
422 358
422 486
422 550
422 614
422 891
423 56
423 231
423 295
423 359
423 487
423 551
423 615
423 690
424 98
424 232
424 296
424 360
424 374
424 488
424 552
424 616
425 213
425 233
425 297
425 361
425 489
425 553
425 615
425 617
425 720
425 743
426 234
426 298
426 304
426 362
426 490
426 554
426 618
426 825
426 1008
426 1210
426 1264
427 216
427 299
427 363
427 491
427 555
427 619
427 744
427 746
428 76
428 236
428 300
428 364
428 492
428 556
428 620
429 237
429 301
429 365
429 493
429 557
429 621
429 691
429 955
430 238
430 302
430 366
430 494
430 558
430 622
430 1144
431 239
431 303
431 367
431 495
431 559
431 623
431 952
432 185
432 240
432 304
432 368
432 496
432 560
432 624
433 305
433 369
433 497
433 561
433 625
434 187
434 242
434 306
434 370
434 498
434 562
434 626
434 1135
435 243
435 307
435 371
435 499
435 563
435 627
436 212
436 244
436 308
436 372
436 500
436 564
436 628
436 752
436 814
437 118
437 245
437 309
437 373
437 421
437 501
437 565
437 629
437 823
437 935
437 1114
438 246
438 310
438 374
438 502
438 566
438 601
438 630
438 1271
439 52
439 247
439 311
439 375
439 503
439 567
439 631
439 668
439 1199
440 127
440 248
440 299
440 312
440 376
440 504
440 568
440 632
441 249
441 313
441 377
441 505
441 569
441 633
441 803
441 892
442 250
442 314
442 378
442 506
442 538
442 570
442 618
442 634
442 995
443 92
443 132
443 251
443 315
443 379
443 507
443 571
443 617
443 635
443 807
444 252
444 316
444 351
444 380
444 508
444 570
444 572
444 636
445 253
445 317
445 381
445 509
445 573
445 623
445 637
445 1272
446 318
446 366
446 382
446 510
446 555
446 574
446 638
447 255
447 319
447 383
447 511
447 575
447 636
447 639
447 683
447 1278
448 256
448 320
448 384
448 512
448 576
448 640
448 699
449 257
449 321
449 385
449 513
449 577
449 641
449 897
450 258
450 322
450 386
450 514
450 578
450 642
450 778
450 1162
451 259
451 323
451 387
451 515
451 579
451 643
452 260
452 324
452 388
452 516
452 580
452 644
452 964
452 996
453 15
453 133
453 207
453 261
453 264
453 325
453 328
453 335
453 389
453 399
453 517
453 520
453 525
453 581
453 589
453 645
453 773
453 834
453 840
453 898
453 901
453 909
453 962
453 965
453 973
453 1157
453 1221
454 6
454 70
454 134
454 198
454 262
454 326
454 390
454 518
454 582
454 591
454 646
454 653
454 655
454 710
454 719
454 774
454 783
454 838
454 847
454 902
454 911
454 966
454 975
454 1030
454 1039
454 1094
454 1101
454 1103
454 1158
454 1167
454 1222
454 1231
455 263
455 327
455 391
455 519
455 583
455 647
455 923
455 1219
456 8
456 72
456 136
456 200
456 261
456 264
456 325
456 328
456 392
456 517
456 520
456 584
456 648
456 712
456 776
456 837
456 904
456 968
456 1032
456 1096
456 1160
456 1224
457 195
457 265
457 329
457 393
457 521
457 585
457 649
458 266
458 330
458 394
458 522
458 586
458 588
458 650
459 267
459 331
459 395
459 523
459 587
459 643
459 651
459 777
460 268
460 332
460 396
460 524
460 588
460 652
461 269
461 333
461 397
461 525
461 589
461 653
462 270
462 334
462 398
462 526
462 590
462 654
462 1083
463 5
463 15
463 69
463 79
463 133
463 197
463 207
463 271
463 335
463 399
463 520
463 527
463 581
463 589
463 591
463 645
463 653
463 655
463 709
463 717
463 773
463 781
463 783
463 845
463 847
463 901
463 909
463 911
463 973
463 975
463 1026
463 1029
463 1037
463 1093
463 1101
463 1154
463 1157
463 1165
463 1221
463 1229
464 272
464 336
464 360
464 400
464 528
464 592
464 656
464 792
464 855
465 273
465 337
465 401
465 529
465 593
465 657
465 907
466 274
466 338
466 402
466 530
466 594
466 658
467 275
467 339
467 403
467 531
467 587
467 595
467 659
468 26
468 276
468 340
468 344
468 404
468 491
468 532
468 596
468 660
468 688
468 1131
469 277
469 341
469 405
469 533
469 597
469 661
469 873
470 278
470 342
470 406
470 534
470 598
470 662
470 722
471 35
471 279
471 343
471 407
471 535
471 599
471 625
471 663
471 682
471 1172
472 280
472 344
472 408
472 536
472 600
472 616
472 664
472 957
472 1273
473 281
473 289
473 345
473 409
473 537
473 553
473 601
473 665
473 759
473 949
473 1073
473 1266
474 190
474 282
474 291
474 346
474 410
474 538
474 551
474 602
474 666
474 863
474 1086
475 283
475 347
475 411
475 539
475 603
475 667
475 1254
476 21
476 37
476 284
476 348
476 412
476 540
476 604
476 668
477 285
477 349
477 413
477 541
477 605
477 669
478 286
478 348
478 350
478 414
478 542
478 606
478 670
479 117
479 164
479 287
479 351
479 415
479 543
479 607
479 671
479 1108
480 288
480 347
480 352
480 416
480 544
480 608
480 672
480 839
481 289
481 353
481 370
481 417
481 545
481 609
481 673
481 1061
481 1124
482 39
482 217
482 287
482 290
482 354
482 418
482 546
482 610
482 626
482 674
482 692
482 871
483 291
483 355
483 359
483 419
483 488
483 547
483 548
483 562
483 611
483 675
484 292
484 356
484 420
484 492
484 542
484 548
484 612
484 676
485 272
485 277
485 293
485 357
485 421
485 528
485 549
485 613
485 677
485 878
486 294
486 358
486 422
486 550
486 614
486 678
487 295
487 359
487 423
487 551
487 610
487 615
487 679
487 1201
487 1204
488 296
488 359
488 360
488 419
488 424
488 483
488 548
488 552
488 562
488 616
488 680
489 297
489 361
489 425
489 553
489 617
489 671
489 681
489 985
489 1109
490 232
490 298
490 362
490 426
490 510
490 554
490 618
490 632
490 638
490 682
490 895
491 26
491 299
491 344
491 363
491 427
491 468
491 555
491 619
491 683
491 688
491 1131
492 300
492 364
492 428
492 484
492 542
492 556
492 620
492 684
493 301
493 365
493 429
493 557
493 621
493 685
494 298
494 366
494 430
494 558
494 622
494 761
494 1146
495 303
495 367
495 431
495 504
495 559
495 623
495 687
496 304
496 368
496 432
496 560
496 624
496 688
496 747
496 944
497 20
497 305
497 336
497 369
497 372
497 433
497 561
497 625
497 689
498 306
498 370
498 434
498 562
498 626
498 690
499 307
499 371
499 435
499 563
499 627
499 691
499 1132
500 90
500 308
500 372
500 436
500 564
500 628
500 692
500 1136
501 45
501 251
501 309
501 373
501 437
501 565
501 576
501 629
501 693
501 786
501 820
501 1049
502 278
502 310
502 374
502 438
502 566
502 630
502 694
502 988
503 311
503 375
503 439
503 567
503 631
503 695
503 794
503 1175
504 312
504 376
504 440
504 495
504 568
504 632
504 696
505 377
505 382
505 441
505 569
505 633
505 697
505 890
506 48
506 124
506 378
506 442
506 570
506 634
506 750
506 831
506 1130
507 180
507 315
507 379
507 443
507 571
507 607
507 635
507 699
507 991
508 316
508 367
508 380
508 444
508 572
508 636
508 700
509 171
509 317
509 381
509 445
509 573
509 637
509 689
509 701
510 232
510 318
510 382
510 446
510 490
510 574
510 632
510 638
510 702
510 895
511 46
511 255
511 319
511 369
511 383
511 447
511 575
511 639
511 703
512 320
512 384
512 388
512 448
512 576
512 640
512 704
512 854
513 137
513 321
513 385
513 449
513 577
513 641
513 705
514 219
514 322
514 386
514 450
514 578
514 642
514 706
515 323
515 387
515 451
515 579
515 643
515 707
516 292
516 324
516 388
516 452
516 580
516 644
516 708
516 1141
517 8
517 72
517 136
517 200
517 261
517 325
517 389
517 392
517 453
517 456
517 581
517 584
517 645
517 648
517 709
517 712
517 776
517 837
517 904
517 968
517 1032
517 1096
517 1160
517 1224
518 6
518 70
518 134
518 198
518 262
518 326
518 390
518 454
518 582
518 591
518 646
518 653
518 655
518 710
518 719
518 774
518 783
518 838
518 847
518 902
518 911
518 966
518 975
518 1030
518 1039
518 1094
518 1103
518 1158
518 1167
518 1222
518 1231
519 17
519 327
519 391
519 455
519 583
519 647
519 711
520 5
520 15
520 69
520 79
520 133
520 197
520 207
520 328
520 335
520 389
520 392
520 399
520 453
520 456
520 463
520 525
520 527
520 581
520 584
520 589
520 645
520 648
520 709
520 712
520 717
520 773
520 781
520 845
520 898
520 901
520 909
520 973
520 1026
520 1029
520 1093
520 1154
520 1157
520 1221
520 1229
521 10
521 329
521 393
521 457
521 585
521 649
521 670
521 713
521 718
521 963
521 990
522 330
522 394
522 458
522 586
522 650
522 714
522 947
523 331
523 395
523 459
523 587
523 651
523 715
523 842
523 849
524 246
524 332
524 396
524 460
524 588
524 652
524 716
525 15
525 133
525 207
525 264
525 328
525 333
525 335
525 389
525 397
525 453
525 461
525 520
525 581
525 589
525 645
525 653
525 717
525 773
525 834
525 840
525 898
525 901
525 909
525 962
525 965
525 973
525 1157
525 1221
526 334
526 398
526 462
526 590
526 654
526 718
527 5
527 15
527 69
527 79
527 197
527 262
527 335
527 399
527 463
527 520
527 581
527 591
527 653
527 655
527 709
527 717
527 719
527 781
527 783
527 845
527 847
527 901
527 909
527 911
527 973
527 975
527 1026
527 1029
527 1037
527 1039
527 1093
527 1101
527 1103
527 1154
527 1165
527 1167
527 1229
527 1231
528 272
528 277
528 336
528 400
528 464
528 485
528 592
528 656
528 720
528 878
529 337
529 401
529 465
529 593
529 657
529 721
529 928
530 338
530 402
530 466
530 594
530 658
530 722
531 339
531 403
531 467
531 595
531 659
531 723
532 340
532 404
532 468
532 596
532 660
532 724
532 983
532 1151
533 315
533 341
533 405
533 469
533 597
533 661
533 695
533 725
533 1241
534 310
534 342
534 406
534 470
534 598
534 662
534 726
535 61
535 343
535 407
535 471
535 599
535 629
535 663
535 727
536 16
536 344
536 408
536 472
536 600
536 664
536 728
536 852
536 943
537 151
537 345
537 409
537 473
537 601
537 665
537 729
537 936
537 1258
538 346
538 410
538 442
538 474
538 602
538 618
538 666
538 730
538 995
539 331
539 347
539 411
539 475
539 603
539 667
539 731
539 1243
540 128
540 348
540 412
540 476
540 604
540 668
540 732
540 789
540 1012
541 349
541 413
541 477
541 605
541 669
541 733
542 350
542 414
542 478
542 484
542 492
542 606
542 670
542 734
543 345
543 351
543 415
543 479
543 607
543 671
543 735
543 920
543 1020
543 1137
543 1176
544 352
544 416
544 480
544 608
544 672
544 736
544 797
544 934
545 18
545 353
545 417
545 481
545 609
545 673
545 737
546 354
546 418
546 482
546 610
546 674
546 738
546 1092
547 355
547 357
547 419
547 483
547 611
547 675
547 739
547 1213
548 356
548 359
548 419
548 420
548 483
548 484
548 488
548 562
548 612
548 676
548 740
549 89
549 357
549 421
549 485
549 613
549 677
549 741
549 937
550 285
550 358
550 422
550 486
550 614
550 678
550 742
551 190
551 291
551 359
551 423
551 474
551 487
551 615
551 679
551 743
551 863
551 1086
552 360
552 424
552 488
552 567
552 616
552 680
552 744
552 1119
553 289
553 361
553 425
553 473
553 489
553 617
553 681
553 745
553 759
553 949
553 1073
553 1266
554 362
554 426
554 490
554 618
554 656
554 682
554 746
555 366
555 427
555 446
555 491
555 619
555 683
555 747
556 157
556 364
556 428
556 492
556 620
556 644
556 684
556 748
556 1205
557 294
557 365
557 429
557 493
557 621
557 685
557 749
558 430
558 494
558 622
558 686
558 750
559 354
559 367
559 431
559 495
559 623
559 687
559 751
559 1072
559 1149
559 1192
560 43
560 432
560 496
560 624
560 688
560 752
561 369
561 377
561 433
561 497
561 625
561 689
561 753
561 1071
562 359
562 370
562 419
562 434
562 483
562 488
562 498
562 548
562 626
562 690
562 754
563 286
563 371
563 406
563 435
563 499
563 627
563 691
563 755
564 34
564 47
564 372
564 436
564 500
564 628
564 692
564 756
564 848
565 373
565 384
565 437
565 501
565 629
565 630
565 693
565 757
565 1188
566 172
566 374
566 438
566 502
566 630
566 694
566 758
566 796
567 375
567 439
567 503
567 552
567 631
567 695
567 759
567 1119
568 376
568 440
568 504
568 632
568 686
568 696
568 760
568 959
568 1195
569 55
569 377
569 441
569 505
569 622
569 633
569 697
569 761
569 1003
570 351
570 378
570 442
570 444
570 506
570 634
570 698
570 762
571 379
571 443
571 507
571 635
571 699
571 763
571 801
572 87
572 444
572 508
572 636
572 700
572 764
572 1215
573 445
573 509
573 637
573 701
573 765
574 316
574 382
574 446
574 510
574 638
574 702
574 766
574 830
575 447
575 511
575 639
575 703
576 45
576 251
576 384
576 448
576 501
576 512
576 640
576 704
576 768
576 786
576 820
576 1049
577 385
577 449
577 513
577 641
577 705
577 769
578 323
578 386
578 450
578 514
578 642
578 706
578 770
579 387
579 451
579 515
579 643
579 707
579 771
580 388
580 452
580 516
580 644
580 685
580 708
580 772
581 5
581 15
581 69
581 79
581 133
581 197
581 207
581 335
581 389
581 399
581 453
581 463
581 517
581 520
581 525
581 527
581 589
581 645
581 709
581 717
581 773
581 781
581 845
581 898
581 901
581 909
581 973
581 1026
581 1029
581 1093
581 1154
581 1157
581 1165
581 1221
581 1229
582 6
582 70
582 134
582 198
582 262
582 326
582 390
582 454
582 518
582 591
582 646
582 653
582 655
582 710
582 719
582 774
582 783
582 838
582 847
582 902
582 911
582 966
582 975
582 1030
582 1037
582 1039
582 1094
582 1101
582 1103
582 1158
582 1165
582 1167
582 1222
582 1231
583 391
583 455
583 519
583 647
583 711
583 775
584 8
584 72
584 136
584 200
584 261
584 325
584 392
584 456
584 517
584 520
584 648
584 712
584 776
584 837
584 904
584 968
584 1032
584 1096
584 1160
584 1224
585 393
585 457
585 521
585 649
585 713
585 777
585 1051
585 1225
586 394
586 458
586 522
586 650
586 714
586 778
587 395
587 459
587 467
587 523
587 651
587 715
587 779
588 396
588 458
588 460
588 524
588 652
588 716
588 780
589 15
589 133
589 197
589 207
589 335
589 389
589 397
589 399
589 453
589 461
589 463
589 520
589 525
589 581
589 645
589 653
589 717
589 773
589 781
589 834
589 840
589 845
589 898
589 901
589 909
589 962
589 973
589 1026
589 1029
589 1093
589 1154
589 1157
589 1221
590 398
590 462
590 526
590 654
590 718
590 782
590 1095
591 5
591 6
591 69
591 79
591 134
591 197
591 198
591 262
591 326
591 390
591 399
591 454
591 463
591 518
591 527
591 582
591 646
591 653
591 655
591 709
591 710
591 717
591 719
591 774
591 781
591 783
591 838
591 845
591 847
591 902
591 911
591 966
591 975
591 1026
591 1029
591 1030
591 1037
591 1039
591 1093
591 1094
591 1101
591 1103
591 1154
591 1158
591 1165
591 1167
591 1222
591 1229
591 1231
592 33
592 400
592 464
592 528
592 656
592 720
592 784
592 997
593 401
593 465
593 529
593 657
593 721
593 785
594 402
594 466
594 530
594 658
594 722
594 786
594 813
595 403
595 467
595 531
595 659
595 723
595 787
596 49
596 404
596 468
596 532
596 660
596 724
596 788
597 405
597 469
597 533
597 661
597 725
597 789
597 1183
598 406
598 470
598 534
598 662
598 726
598 790
598 1250
599 167
599 295
599 407
599 471
599 535
599 663
599 677
599 727
599 791
599 858
599 1242
600 88
600 340
600 408
600 472
600 536
600 664
600 728
600 792
600 945
601 409
601 438
601 473
601 537
601 665
601 729
601 793
601 1271
602 410
602 474
602 538
602 666
602 730
602 794
602 956
603 411
603 475
603 539
603 667
603 731
603 795
603 1226
604 68
604 220
604 274
604 342
604 412
604 476
604 540
604 668
604 732
604 796
604 802
605 413
605 477
605 541
605 669
605 733
605 797
605 1024
605 1110
606 414
606 478
606 542
606 670
606 734
606 798
607 180
607 415
607 479
607 507
607 543
607 671
607 735
607 799
607 991
608 266
608 416
608 480
608 544
608 672
608 736
608 800
608 1163
609 417
609 481
609 545
609 673
609 737
609 801
609 994
610 418
610 482
610 487
610 546
610 674
610 679
610 738
610 802
610 1201
610 1204
611 293
611 419
611 483
611 547
611 619
611 660
611 675
611 739
611 803
612 109
612 417
612 420
612 484
612 548
612 676
612 704
612 740
612 804
612 1063
612 1202
613 320
613 421
613 485
613 549
613 677
613 741
613 805
614 422
614 486
614 550
614 678
614 742
614 806
615 213
615 423
615 425
615 487
615 551
615 679
615 720
615 743
615 807
616 424
616 472
616 488
616 552
616 680
616 744
616 808
616 957
616 1273
617 92
617 132
617 425
617 443
617 489
617 553
617 681
617 745
617 807
617 809
618 426
618 442
618 490
618 538
618 554
618 682
618 746
618 810
618 995
619 293
619 427
619 491
619 555
619 611
619 660
619 683
619 747
619 811
620 428
620 492
620 556
620 684
620 748
620 812
621 429
621 493
621 557
621 685
621 749
621 813
622 55
622 430
622 494
622 558
622 569
622 686
622 750
622 814
622 1003
623 253
623 431
623 445
623 495
623 559
623 687
623 751
623 815
623 1272
624 168
624 432
624 496
624 560
624 688
624 702
624 752
624 816
625 35
625 433
625 471
625 497
625 561
625 682
625 689
625 753
625 817
625 1172
626 39
626 217
626 287
626 434
626 482
626 498
626 562
626 690
626 692
626 754
626 818
626 871
627 364
627 435
627 499
627 563
627 691
627 755
627 772
627 819
628 436
628 500
628 564
628 692
628 756
628 820
629 61
629 437
629 501
629 535
629 565
629 693
629 757
629 821
630 384
630 438
630 502
630 565
630 566
630 694
630 758
630 822
630 1188
631 439
631 503
631 567
631 695
631 759
631 823
632 232
632 440
632 490
632 504
632 510
632 568
632 638
632 696
632 760
632 824
632 895
633 170
633 404
633 441
633 505
633 569
633 697
633 761
633 766
633 825
633 880
634 376
634 442
634 506
634 570
634 698
634 762
634 826
634 1123
635 443
635 507
635 571
635 699
635 763
635 827
636 444
636 447
636 508
636 572
636 683
636 700
636 764
636 828
636 1278
637 445
637 509
637 573
637 701
637 765
637 808
637 829
637 1067
637 1084
638 232
638 446
638 490
638 510
638 574
638 632
638 702
638 766
638 830
638 895
639 249
639 313
639 447
639 511
639 575
639 703
639 767
639 831
640 448
640 512
640 576
640 704
640 768
640 832
641 449
641 513
641 577
641 705
641 769
641 833
642 450
642 514
642 578
642 706
642 770
642 834
643 451
643 459
643 515
643 579
643 707
643 771
643 777
643 835
644 157
644 452
644 516
644 556
644 580
644 708
644 772
644 836
644 1205
645 5
645 15
645 69
645 79
645 133
645 197
645 207
645 335
645 389
645 399
645 453
645 463
645 517
645 520
645 525
645 581
645 589
645 709
645 717
645 773
645 837
645 845
645 898
645 901
645 909
645 962
645 973
645 1026
645 1029
645 1093
645 1154
645 1157
645 1221
645 1229
646 6
646 70
646 134
646 198
646 262
646 326
646 390
646 454
646 518
646 582
646 591
646 653
646 655
646 710
646 719
646 774
646 783
646 838
646 847
646 902
646 911
646 966
646 975
646 1030
646 1039
646 1094
646 1103
646 1158
646 1167
646 1222
646 1231
647 455
647 519
647 583
647 711
647 775
647 839
648 8
648 72
648 136
648 200
648 261
648 325
648 392
648 456
648 517
648 520
648 584
648 712
648 776
648 837
648 840
648 904
648 968
648 1032
648 1096
648 1160
648 1224
649 457
649 521
649 585
649 713
649 721
649 777
649 841
650 458
650 522
650 586
650 714
650 778
650 842
651 275
651 459
651 523
651 587
651 715
651 779
651 843
652 86
652 460
652 524
652 588
652 716
652 780
652 844
653 5
653 69
653 79
653 134
653 197
653 198
653 262
653 326
653 399
653 454
653 461
653 463
653 518
653 525
653 527
653 582
653 589
653 591
653 646
653 655
653 709
653 710
653 717
653 719
653 774
653 781
653 783
653 838
653 845
653 847
653 901
653 902
653 911
653 966
653 975
653 1026
653 1029
653 1037
653 1039
653 1093
653 1101
653 1103
653 1154
653 1158
653 1165
653 1167
653 1229
653 1231
654 462
654 526
654 590
654 718
654 782
654 846
655 5
655 6
655 69
655 70
655 79
655 134
655 198
655 262
655 326
655 390
655 454
655 463
655 518
655 527
655 582
655 591
655 646
655 653
655 709
655 710
655 717
655 719
655 774
655 781
655 783
655 838
655 847
655 902
655 911
655 966
655 975
655 1026
655 1029
655 1030
655 1037
655 1039
655 1094
655 1101
655 1103
655 1158
655 1165
655 1167
655 1222
655 1229
655 1231
656 464
656 528
656 554
656 592
656 720
656 784
656 848
657 465
657 529
657 593
657 721
657 785
657 849
657 1105
658 466
658 530
658 594
658 722
658 786
658 850
659 467
659 531
659 595
659 723
659 787
659 851
660 293
660 468
660 532
660 596
660 611
660 619
660 724
660 788
660 852
661 23
661 125
661 239
661 469
661 533
661 597
661 725
661 789
661 853
661 1021
661 1208
662 470
662 534
662 598
662 726
662 790
662 854
662 1275
663 99
663 471
663 535
663 599
663 727
663 791
663 855
663 1082
664 100
664 281
664 472
664 536
664 600
664 728
664 754
664 792
664 856
665 473
665 537
665 601
665 729
665 793
665 857
665 1074
666 412
666 474
666 538
666 602
666 730
666 794
666 858
667 475
667 539
667 603
667 731
667 795
667 859
668 52
668 439
668 476
668 540
668 604
668 732
668 796
668 860
668 1199
669 477
669 541
669 605
669 714
669 733
669 797
669 861
669 1115
669 1227
670 10
670 478
670 521
670 542
670 606
670 718
670 734
670 798
670 862
670 963
670 990
671 479
671 489
671 543
671 607
671 735
671 799
671 863
671 985
671 1109
672 480
672 544
672 608
672 736
672 800
672 819
672 864
672 1147
673 481
673 545
673 609
673 737
673 799
673 801
673 865
673 926
673 1216
674 482
674 546
674 610
674 738
674 802
674 866
674 1143
675 244
675 296
675 483
675 547
675 611
675 739
675 803
675 867
675 884
675 1134
675 1262
676 484
676 548
676 612
676 740
676 804
676 868
676 1234
677 167
677 295
677 485
677 549
677 599
677 613
677 741
677 805
677 858
677 869
677 1242
678 350
678 486
678 550
678 614
678 742
678 806
678 822
678 870
679 487
679 551
679 610
679 615
679 743
679 807
679 871
679 1201
679 1204
680 488
680 552
680 616
680 744
680 808
680 872
681 489
681 553
681 617
681 745
681 809
681 873
682 35
682 471
682 490
682 554
682 618
682 625
682 746
682 810
682 874
682 1172
683 447
683 491
683 555
683 619
683 636
683 747
683 811
683 875
683 1278
684 492
684 556
684 620
684 748
684 812
684 876
685 493
685 557
685 580
685 621
685 749
685 813
685 877
686 558
686 568
686 622
686 750
686 814
686 878
686 959
686 1195
687 234
687 248
687 495
687 559
687 623
687 751
687 815
687 856
687 879
688 26
688 344
688 468
688 491
688 496
688 560
688 624
688 752
688 816
688 880
688 1131
689 171
689 497
689 509
689 561
689 625
689 753
689 817
689 881
690 56
690 423
690 498
690 562
690 626
690 754
690 818
690 882
691 429
691 499
691 563
691 627
691 755
691 819
691 883
691 955
692 39
692 217
692 287
692 482
692 500
692 564
692 626
692 628
692 756
692 820
692 871
692 884
693 501
693 565
693 629
693 757
693 821
693 885
693 912
694 502
694 566
694 630
694 758
694 822
694 886
694 1186
694 1193
695 315
695 503
695 533
695 567
695 631
695 759
695 823
695 887
695 1241
696 305
696 504
696 568
696 632
696 760
696 791
696 824
696 888
696 1009
697 505
697 569
697 633
697 761
697 825
697 889
698 570
698 634
698 762
698 826
699 448
699 507
699 571
699 635
699 763
699 827
699 891
700 367
700 508
700 572
700 636
700 764
700 828
700 892
701 63
701 154
701 174
701 188
701 509
701 573
701 637
701 765
701 829
701 893
701 1209
702 168
702 510
702 574
702 624
702 638
702 766
702 830
702 894
703 319
703 511
703 575
703 639
703 767
703 831
703 895
704 109
704 417
704 512
704 576
704 612
704 640
704 768
704 832
704 896
704 1063
704 1202
705 19
705 513
705 577
705 641
705 769
705 833
705 897
706 1
706 514
706 578
706 642
706 770
706 834
706 898
707 515
707 579
707 643
707 771
707 835
707 899
708 516
708 580
708 644
708 772
708 780
708 836
708 900
708 1042
709 5
709 15
709 69
709 79
709 133
709 197
709 335
709 399
709 463
709 517
709 520
709 527
709 581
709 591
709 645
709 653
709 655
709 717
709 773
709 781
709 783
709 837
709 845
709 847
709 901
709 909
709 911
709 973
709 975
709 1026
709 1029
709 1037
709 1093
709 1101
709 1154
709 1157
709 1165
709 1167
709 1221
709 1229
709 1231
710 6
710 70
710 134
710 198
710 262
710 326
710 390
710 454
710 518
710 582
710 591
710 646
710 653
710 655
710 719
710 774
710 783
710 838
710 847
710 902
710 911
710 966
710 975
710 1030
710 1039
710 1094
710 1103
710 1158
710 1167
710 1222
710 1231
711 519
711 583
711 647
711 775
711 839
711 864
711 903
712 8
712 72
712 136
712 200
712 261
712 325
712 392
712 456
712 517
712 520
712 584
712 648
712 776
712 837
712 840
712 904
712 968
712 1032
712 1096
712 1160
712 1224
713 160
713 521
713 585
713 649
713 777
713 841
713 905
714 522
714 586
714 650
714 669
714 778
714 842
714 906
714 1115
714 1227
715 387
715 523
715 587
715 651
715 779
715 843
715 907
716 524
716 588
716 652
716 780
716 844
716 908
716 998
717 5
717 15
717 69
717 79
717 133
717 197
717 335
717 399
717 463
717 520
717 525
717 527
717 581
717 589
717 591
717 645
717 653
717 655
717 709
717 781
717 783
717 845
717 847
717 901
717 909
717 911
717 973
717 975
717 1026
717 1029
717 1037
717 1093
717 1101
717 1154
717 1157
717 1165
717 1221
717 1229
717 1231
718 10
718 521
718 526
718 590
718 654
718 670
718 782
718 846
718 910
718 963
718 990
719 5
719 6
719 69
719 70
719 134
719 198
719 262
719 326
719 390
719 454
719 518
719 527
719 582
719 591
719 646
719 653
719 655
719 710
719 774
719 781
719 783
719 838
719 847
719 902
719 911
719 966
719 975
719 1030
719 1037
719 1039
719 1094
719 1101
719 1103
719 1158
719 1165
719 1167
719 1222
719 1229
719 1231
720 213
720 425
720 528
720 592
720 615
720 656
720 743
720 784
720 848
720 912
721 529
721 593
721 649
721 657
721 785
721 849
721 913
722 470
722 530
722 594
722 658
722 786
722 850
722 914
723 531
723 595
723 659
723 787
723 851
723 915
724 247
724 532
724 596
724 660
724 788
724 852
724 916
724 1122
725 361
725 533
725 597
725 661
725 789
725 853
725 917
725 948
726 534
726 598
726 662
726 790
726 854
726 918
727 57
727 184
727 535
727 599
727 663
727 791
727 855
727 919
728 84
728 536
728 600
728 664
728 792
728 856
728 920
728 1017
728 1200
729 537
729 601
729 665
729 793
729 857
729 921
729 927
729 1040
730 538
730 602
730 666
730 760
730 794
730 858
730 922
731 330
731 396
731 539
731 603
731 667
731 795
731 859
731 923
732 540
732 604
732 668
732 796
732 860
732 924
733 541
733 605
733 669
733 797
733 861
733 925
733 970
733 1053
734 542
734 606
734 670
734 798
734 862
734 866
734 926
735 159
735 543
735 607
735 671
735 799
735 863
735 927
736 544
736 608
736 672
736 800
736 864
736 928
737 545
737 609
737 673
737 801
737 865
737 929
737 1121
738 546
738 610
738 674
738 802
738 866
738 930
739 547
739 611
739 675
739 793
739 803
739 867
739 869
739 931
739 1187
740 108
740 548
740 612
740 676
740 804
740 868
740 932
741 105
741 549
741 613
741 677
741 805
741 832
741 869
741 933
741 1255
742 550
742 614
742 678
742 806
742 870
742 934
743 213
743 425
743 551
743 615
743 679
743 720
743 807
743 871
743 935
744 216
744 427
744 552
744 616
744 680
744 746
744 808
744 872
744 936
745 353
745 553
745 617
745 681
745 809
745 873
745 937
745 1045
745 1060
746 216
746 427
746 554
746 618
746 682
746 744
746 810
746 874
746 938
747 496
747 555
747 619
747 683
747 811
747 875
747 939
747 944
748 556
748 620
748 684
748 812
748 876
748 940
749 557
749 621
749 685
749 813
749 877
749 941
750 48
750 124
750 506
750 558
750 622
750 686
750 814
750 831
750 878
750 942
750 1130
751 559
751 623
751 687
751 815
751 879
751 943
751 976
752 212
752 436
752 560
752 624
752 688
752 814
752 816
752 880
752 944
753 317
753 561
753 625
753 689
753 817
753 881
753 919
753 945
754 100
754 281
754 562
754 626
754 664
754 690
754 818
754 882
754 946
755 563
755 627
755 691
755 819
755 883
755 947
756 126
756 564
756 628
756 692
756 820
756 884
756 948
756 1259
757 565
757 629
757 693
757 821
757 885
757 949
758 566
758 630
758 694
758 822
758 886
758 950
758 1068
759 289
759 473
759 553
759 567
759 631
759 695
759 823
759 887
759 949
759 951
759 1073
759 1266
760 568
760 632
760 696
760 730
760 824
760 888
760 952
761 298
761 494
761 569
761 633
761 697
761 825
761 889
761 953
761 1146
762 110
762 570
762 634
762 698
762 810
762 826
762 828
762 890
762 954
763 571
763 635
763 699
763 827
763 891
763 955
763 1100
763 1196
764 87
764 572
764 636
764 700
764 828
764 892
764 956
764 1215
765 573
765 637
765 701
765 829
765 893
765 957
765 986
765 1265
766 170
766 404
766 574
766 633
766 638
766 702
766 830
766 880
766 894
766 958
767 639
767 703
767 831
767 895
768 576
768 640
768 704
768 832
768 896
768 960
768 1207
769 577
769 641
769 705
769 833
769 897
769 961
770 578
770 642
770 706
770 834
770 898
770 962
771 579
771 643
771 707
771 835
771 899
771 963
772 364
772 580
772 627
772 644
772 708
772 836
772 900
772 964
773 15
773 133
773 197
773 207
773 335
773 389
773 399
773 453
773 463
773 520
773 525
773 581
773 589
773 645
773 709
773 834
773 837
773 840
773 845
773 898
773 901
773 909
773 962
773 965
773 973
773 1026
773 1029
773 1093
773 1154
773 1157
773 1221
774 6
774 70
774 134
774 198
774 262
774 326
774 390
774 454
774 518
774 582
774 591
774 646
774 653
774 655
774 710
774 719
774 783
774 838
774 847
774 902
774 911
774 966
774 975
774 1030
774 1037
774 1039
774 1094
774 1101
774 1103
774 1158
774 1165
774 1167
774 1222
774 1231
775 583
775 647
775 711
775 839
775 903
775 967
776 8
776 72
776 136
776 200
776 261
776 325
776 392
776 456
776 517
776 584
776 648
776 712
776 837
776 840
776 904
776 968
776 1032
776 1096
776 1160
776 1224
777 459
777 585
777 643
777 649
777 713
777 841
777 905
777 969
778 450
778 586
778 650
778 714
778 842
778 906
778 970
778 1162
779 587
779 651
779 715
779 843
779 907
779 971
780 588
780 652
780 708
780 716
780 844
780 908
780 972
780 1042
781 5
781 15
781 69
781 79
781 133
781 197
781 335
781 399
781 463
781 520
781 527
781 581
781 589
781 591
781 653
781 655
781 709
781 717
781 719
781 783
781 845
781 847
781 901
781 909
781 911
781 973
781 975
781 1026
781 1029
781 1037
781 1039
781 1093
781 1101
781 1103
781 1154
781 1165
781 1167
781 1229
781 1231
782 590
782 654
782 718
782 846
782 910
782 974
783 5
783 6
783 69
783 79
783 134
783 197
783 198
783 262
783 326
783 390
783 454
783 463
783 518
783 527
783 582
783 591
783 646
783 653
783 655
783 709
783 710
783 717
783 719
783 774
783 781
783 838
783 845
783 847
783 902
783 911
783 966
783 975
783 1026
783 1029
783 1030
783 1037
783 1039
783 1093
783 1094
783 1101
783 1103
783 1154
783 1158
783 1165
783 1167
783 1222
783 1229
783 1231
784 592
784 656
784 720
784 848
784 857
784 912
784 976
784 1125
785 270
785 593
785 657
785 721
785 849
785 913
785 977
785 1091
786 45
786 251
786 501
786 576
786 594
786 658
786 722
786 820
786 850
786 914
786 978
786 1049
787 73
787 595
787 659
787 723
787 851
787 915
787 979
788 178
788 596
788 660
788 724
788 852
788 916
788 980
788 1127
788 1178
789 128
789 540
789 597
789 661
789 725
789 853
789 917
789 981
789 1012
790 598
790 662
790 726
790 854
790 918
790 982
791 305
791 599
791 663
791 696
791 727
791 855
791 919
791 983
791 1009
792 360
792 464
792 600
792 664
792 728
792 855
792 856
792 920
792 984
793 601
793 665
793 729
793 739
793 857
793 869
793 921
793 985
793 1187
794 503
794 602
794 666
794 730
794 858
794 922
794 986
794 1175
795 603
795 667
795 731
795 859
795 923
795 987
796 172
796 566
796 604
796 668
796 732
796 860
796 924
796 988
797 544
797 605
797 669
797 733
797 861
797 925
797 934
797 989
798 606
798 670
798 734
798 862
798 926
798 990
799 607
799 671
799 673
799 735
799 863
799 926
799 927
799 991
799 1216
800 29
800 230
800 386
800 608
800 672
800 736
800 864
800 928
800 992
801 571
801 609
801 673
801 737
801 865
801 929
801 993
802 68
802 220
802 274
802 342
802 604
802 610
802 674
802 738
802 866
802 930
802 994
803 441
803 611
803 675
803 739
803 867
803 892
803 931
803 995
804 612
804 676
804 740
804 868
804 932
804 996
804 1156
805 229
805 613
805 677
805 741
805 853
805 869
805 933
805 997
806 27
806 614
806 678
806 742
806 870
806 934
806 998
807 92
807 132
807 443
807 615
807 617
807 679
807 743
807 871
807 935
807 999
808 616
808 637
808 680
808 744
808 872
808 936
808 1000
808 1067
808 1084
809 297
809 617
809 681
809 745
809 873
809 937
809 1001
809 1070
809 1112
810 110
810 618
810 682
810 746
810 762
810 828
810 874
810 938
810 1002
811 356
811 619
811 683
811 747
811 875
811 939
811 1003
812 214
812 620
812 684
812 748
812 876
812 940
812 1004
813 594
813 621
813 685
813 749
813 877
813 941
813 1005
814 212
814 436
814 622
814 686
814 750
814 752
814 878
814 942
814 1006
815 623
815 687
815 751
815 879
815 943
815 1007
816 60
816 148
816 303
816 624
816 688
816 752
816 880
816 944
816 954
816 1008
816 1022
816 1085
817 282
817 408
817 625
817 689
817 753
817 881
817 945
817 1009
818 626
818 690
818 754
818 882
818 946
818 1010
819 627
819 672
819 691
819 755
819 883
819 947
819 1011
819 1147
820 45
820 251
820 501
820 576
820 628
820 692
820 756
820 786
820 884
820 948
820 1012
820 1049
821 629
821 693
821 757
821 885
821 949
821 1001
821 1013
822 350
822 630
822 678
822 694
822 758
822 886
822 950
822 1014
823 118
823 421
823 437
823 631
823 695
823 759
823 887
823 935
823 951
823 1015
823 1114
824 346
824 632
824 696
824 760
824 875
824 888
824 952
824 1016
824 1145
825 304
825 426
825 633
825 697
825 761
825 889
825 953
825 1008
825 1017
825 1210
825 1264
826 106
826 407
826 634
826 698
826 762
826 890
826 954
826 1018
827 635
827 699
827 763
827 891
827 955
827 1019
827 1253
828 110
828 636
828 700
828 762
828 764
828 810
828 892
828 956
828 1020
829 637
829 701
829 765
829 893
829 957
829 986
829 1021
829 1265
830 316
830 574
830 638
830 702
830 766
830 894
830 958
830 1022
831 48
831 124
831 506
831 639
831 703
831 750
831 767
831 895
831 959
831 1130
832 105
832 640
832 704
832 741
832 768
832 896
832 960
832 1024
832 1255
833 333
833 641
833 705
833 769
833 897
833 961
833 1025
834 207
834 264
834 328
834 389
834 453
834 525
834 589
834 642
834 706
834 770
834 773
834 840
834 898
834 962
834 965
834 1026
834 1221
835 81
835 643
835 707
835 771
835 899
835 963
835 1027
836 644
836 708
836 772
836 900
836 964
836 1028
836 1152
837 8
837 72
837 136
837 200
837 261
837 325
837 392
837 456
837 517
837 584
837 645
837 648
837 709
837 712
837 773
837 776
837 901
837 904
837 965
837 968
837 1029
837 1032
837 1096
837 1160
837 1224
838 6
838 70
838 134
838 198
838 262
838 326
838 390
838 454
838 518
838 582
838 591
838 646
838 653
838 655
838 710
838 719
838 774
838 783
838 847
838 902
838 911
838 966
838 975
838 1030
838 1039
838 1094
838 1103
838 1158
838 1167
838 1222
838 1231
839 347
839 480
839 647
839 711
839 775
839 903
839 967
839 1031
840 207
840 264
840 328
840 389
840 453
840 525
840 589
840 648
840 712
840 773
840 776
840 834
840 898
840 904
840 962
840 965
840 968
840 1032
841 649
841 713
841 777
841 905
841 969
841 1033
842 523
842 650
842 714
842 778
842 849
842 906
842 970
842 1034
843 131
843 651
843 715
843 779
843 907
843 971
843 1035
844 652
844 716
844 780
844 908
844 972
844 1036
845 5
845 15
845 69
845 79
845 133
845 197
845 207
845 335
845 389
845 399
845 463
845 520
845 527
845 581
845 589
845 591
845 645
845 653
845 709
845 717
845 773
845 781
845 783
845 847
845 898
845 901
845 909
845 911
845 973
845 1026
845 1029
845 1037
845 1093
845 1101
845 1154
845 1157
845 1165
845 1221
845 1229
846 71
846 654
846 718
846 782
846 910
846 974
846 1038
847 5
847 6
847 69
847 79
847 134
847 197
847 198
847 262
847 326
847 390
847 399
847 454
847 463
847 518
847 527
847 582
847 591
847 646
847 653
847 655
847 709
847 710
847 717
847 719
847 774
847 781
847 783
847 838
847 845
847 901
847 902
847 911
847 966
847 975
847 1026
847 1029
847 1030
847 1037
847 1039
847 1093
847 1094
847 1101
847 1103
847 1154
847 1158
847 1165
847 1167
847 1222
847 1229
847 1231
848 34
848 47
848 564
848 656
848 720
848 784
848 912
848 976
848 1040
849 523
849 657
849 721
849 785
849 842
849 913
849 977
849 1041
850 658
850 722
850 786
850 896
850 914
850 978
850 1042
851 659
851 723
851 787
851 915
851 979
851 1043
852 16
852 536
852 660
852 724
852 788
852 916
852 943
852 980
852 1044
853 229
853 661
853 725
853 789
853 805
853 917
853 981
853 1045
854 388
854 512
854 662
854 726
854 790
854 918
854 982
854 1046
855 360
855 464
855 663
855 727
855 791
855 792
855 919
855 983
855 1047
856 234
856 248
856 664
856 687
856 728
856 792
856 920
856 984
856 1048
857 665
857 729
857 784
857 793
857 921
857 985
857 1049
857 1125
858 167
858 295
858 599
858 666
858 677
858 730
858 794
858 922
858 986
858 1050
858 1242
859 667
859 731
859 795
859 923
859 987
859 1051
860 668
860 732
860 796
860 924
860 988
860 1052
861 94
861 263
861 669
861 733
861 797
861 925
861 989
861 1053
862 670
862 734
862 798
862 926
862 990
862 1054
863 190
863 291
863 474
863 551
863 671
863 735
863 799
863 927
863 991
863 1055
863 1086
864 672
864 711
864 736
864 800
864 928
864 992
864 1056
865 0
865 673
865 737
865 801
865 929
865 960
865 993
865 1057
866 674
866 734
866 738
866 802
866 930
866 994
866 1058
867 25
867 111
867 112
867 675
867 739
867 803
867 881
867 931
867 995
867 1059
868 676
868 740
868 804
868 932
868 996
868 1060
869 677
869 739
869 741
869 793
869 805
869 933
869 997
869 1061
869 1187
870 678
870 742
870 806
870 934
870 998
870 1062
871 39
871 217
871 287
871 482
871 626
871 679
871 692
871 743
871 807
871 935
871 999
871 1063
872 680
872 744
872 808
872 936
872 1000
872 1064
872 1080
873 341
873 469
873 681
873 745
873 809
873 937
873 1001
873 1065
874 107
874 682
874 746
874 810
874 894
874 938
874 1002
874 1066
875 346
875 683
875 747
875 811
875 824
875 939
875 1003
875 1067
875 1145
876 684
876 748
876 812
876 877
876 940
876 1004
876 1068
876 1246
877 685
877 749
877 813
877 876
877 941
877 1005
877 1069
877 1246
878 272
878 277
878 485
878 528
878 686
878 750
878 814
878 942
878 1006
878 1070
879 687
879 751
879 815
879 943
879 1007
879 1071
879 1148
880 170
880 404
880 633
880 688
880 752
880 766
880 816
880 944
880 1008
880 1072
881 25
881 111
881 112
881 689
881 753
881 817
881 867
881 945
881 1009
881 1073
882 162
882 690
882 754
882 818
882 946
882 1010
882 1074
883 691
883 755
883 819
883 947
883 1011
883 1075
884 244
884 296
884 675
884 692
884 756
884 820
884 948
884 1012
884 1076
884 1134
884 1262
885 693
885 757
885 821
885 949
885 1013
885 1059
885 1077
885 1088
886 694
886 758
886 822
886 950
886 1005
886 1014
886 1078
887 238
887 400
887 695
887 759
887 823
887 951
887 1015
887 1079
887 1111
887 1232
888 176
888 696
888 760
888 824
888 893
888 952
888 1016
888 1080
888 1274
889 697
889 761
889 825
889 953
889 1017
889 1081
890 382
890 505
890 762
890 826
890 954
890 1018
890 1082
891 422
891 699
891 763
891 827
891 955
891 1019
891 1083
892 441
892 700
892 764
892 803
892 828
892 956
892 1020
892 1084
893 176
893 701
893 765
893 829
893 888
893 957
893 1021
893 1085
893 1274
894 107
894 702
894 766
894 830
894 874
894 958
894 1022
894 1086
895 232
895 490
895 510
895 632
895 638
895 703
895 767
895 831
895 959
895 1023
895 1087
896 704
896 768
896 832
896 850
896 960
896 1024
896 1088
897 449
897 705
897 769
897 833
897 961
897 1025
897 1089
898 133
898 197
898 207
898 264
898 335
898 389
898 399
898 453
898 520
898 525
898 581
898 589
898 645
898 706
898 770
898 773
898 834
898 840
898 845
898 901
898 909
898 962
898 965
898 973
898 1026
898 1090
898 1093
898 1154
898 1157
898 1221
899 209
899 707
899 771
899 835
899 963
899 1027
899 1056
899 1091
900 708
900 772
900 836
900 964
900 1028
900 1052
900 1092
901 15
901 69
901 79
901 133
901 197
901 207
901 335
901 389
901 399
901 453
901 463
901 520
901 525
901 527
901 581
901 589
901 645
901 653
901 709
901 717
901 773
901 781
901 837
901 845
901 847
901 898
901 909
901 965
901 973
901 1026
901 1029
901 1037
901 1093
901 1101
901 1154
901 1157
901 1165
901 1221
901 1229
902 6
902 70
902 134
902 198
902 262
902 326
902 390
902 454
902 518
902 582
902 591
902 646
902 653
902 655
902 710
902 719
902 774
902 783
902 838
902 847
902 911
902 966
902 975
902 1030
902 1039
902 1094
902 1101
902 1103
902 1158
902 1167
902 1222
902 1231
903 2
903 711
903 775
903 839
903 967
903 1031
903 1095
904 8
904 72
904 136
904 200
904 261
904 325
904 392
904 456
904 517
904 584
904 648
904 712
904 776
904 837
904 840
904 968
904 1032
904 1096
904 1160
904 1224
905 713
905 777
905 841
905 969
905 1033
905 1097
906 714
906 778
906 842
906 970
906 1034
906 1098
907 465
907 715
907 779
907 843
907 971
907 1035
907 1099
908 716
908 780
908 844
908 972
908 1036
908 1100
909 15
909 69
909 79
909 133
909 197
909 207
909 335
909 389
909 399
909 453
909 463
909 520
909 525
909 527
909 581
909 589
909 645
909 709
909 717
909 773
909 781
909 845
909 898
909 901
909 973
909 1026
909 1029
909 1037
909 1093
909 1101
909 1154
909 1157
909 1221
909 1229
910 327
910 718
910 782
910 846
910 974
910 1038
910 1102
910 1270
911 69
911 79
911 134
911 197
911 198
911 262
911 326
911 390
911 399
911 454
911 463
911 518
911 527
911 582
911 591
911 646
911 653
911 655
911 709
911 710
911 717
911 719
911 774
911 781
911 783
911 838
911 845
911 847
911 902
911 966
911 975
911 1026
911 1029
911 1030
911 1037
911 1039
911 1093
911 1094
911 1101
911 1103
911 1154
911 1158
911 1165
911 1167
911 1222
911 1229
911 1231
912 693
912 720
912 784
912 848
912 976
912 1040
912 1104
913 721
913 785
913 849
913 977
913 1041
913 1105
914 722
914 786
914 850
914 978
914 1042
914 1106
915 723
915 787
915 851
915 979
915 1043
915 1107
915 1155
915 1179
916 724
916 788
916 852
916 980
916 1044
916 1108
917 725
917 789
917 853
917 946
917 981
917 1000
917 1045
917 1077
917 1109
918 726
918 790
918 854
918 982
918 1046
918 1110
918 1249
919 317
919 727
919 753
919 791
919 855
919 983
919 1047
919 1111
920 345
920 543
920 728
920 792
920 856
920 984
920 1020
920 1048
920 1112
920 1137
920 1176
921 225
921 729
921 793
921 857
921 924
921 985
921 1049
921 1113
922 730
922 794
922 858
922 986
922 1050
922 1114
923 455
923 731
923 795
923 859
923 987
923 1051
923 1115
923 1219
924 225
924 732
924 796
924 860
924 921
924 988
924 1052
924 1116
925 733
925 797
925 861
925 989
925 1053
925 1117
926 673
926 734
926 798
926 799
926 862
926 990
926 1054
926 1118
926 1216
927 729
927 735
927 799
927 863
927 991
927 1040
927 1055
927 1119
928 529
928 736
928 800
928 864
928 992
928 1056
928 1120
929 737
929 801
929 865
929 993
929 1057
929 1121
930 44
930 738
930 802
930 866
930 994
930 1058
930 1122
931 373
931 739
931 803
931 867
931 995
931 1059
931 1123
932 64
932 740
932 804
932 868
932 996
932 1060
932 1124
933 741
933 805
933 869
933 980
933 997
933 1061
933 1125
934 544
934 742
934 797
934 806
934 870
934 998
934 1062
934 1126
935 118
935 421
935 437
935 743
935 807
935 823
935 871
935 999
935 1063
935 1114
935 1127
936 151
936 537
936 744
936 808
936 872
936 1000
936 1064
936 1128
936 1258
937 89
937 549
937 745
937 809
937 873
937 1001
937 1065
937 1129
938 240
938 280
938 746
938 810
938 874
938 1002
938 1066
938 1130
939 62
939 119
939 276
939 312
939 747
939 811
939 875
939 1003
939 1067
939 1131
940 748
940 812
940 876
940 1004
940 1068
940 1132
941 210
941 749
941 813
941 877
941 1005
941 1069
941 1133
942 750
942 814
942 878
942 1006
942 1070
942 1116
942 1134
942 1140
943 16
943 536
943 751
943 815
943 852
943 879
943 1007
943 1071
943 1135
944 496
944 747
944 752
944 816
944 880
944 1008
944 1072
944 1136
945 88
945 340
945 600
945 753
945 817
945 881
945 1009
945 1073
945 1137
946 754
946 818
946 882
946 917
946 1000
946 1010
946 1074
946 1077
946 1138
947 522
947 755
947 819
947 883
947 1011
947 1075
947 1139
948 361
948 725
948 756
948 820
948 884
948 1012
948 1076
948 1140
949 289
949 473
949 553
949 757
949 759
949 821
949 885
949 1013
949 1073
949 1077
949 1141
949 1266
950 758
950 822
950 886
950 1014
950 1078
950 1113
950 1142
951 759
951 823
951 887
951 1015
951 1079
951 1143
951 1269
952 431
952 760
952 824
952 888
952 1016
952 1080
952 1144
953 189
953 761
953 825
953 889
953 1017
953 1081
953 1145
954 60
954 148
954 303
954 762
954 816
954 826
954 890
954 1018
954 1022
954 1082
954 1085
954 1146
955 429
955 691
955 763
955 827
955 891
955 1019
955 1083
955 1147
956 602
956 764
956 828
956 892
956 1020
956 1084
956 1148
957 472
957 616
957 765
957 829
957 893
957 1021
957 1085
957 1149
957 1273
958 766
958 830
958 894
958 1022
958 1086
958 1150
959 568
959 686
959 831
959 895
959 1023
959 1087
959 1195
960 0
960 768
960 832
960 865
960 896
960 1024
960 1088
960 1152
961 769
961 833
961 897
961 1025
961 1089
961 1153
962 133
962 207
962 264
962 328
962 389
962 453
962 525
962 589
962 645
962 770
962 773
962 834
962 840
962 898
962 965
962 1026
962 1090
962 1154
962 1157
962 1221
963 10
963 521
963 670
963 718
963 771
963 835
963 899
963 990
963 1027
963 1091
963 1155
964 452
964 772
964 836
964 900
964 996
964 1028
964 1092
964 1156
965 264
965 328
965 389
965 453
965 525
965 773
965 834
965 837
965 840
965 898
965 901
965 962
965 1029
965 1093
965 1157
966 6
966 70
966 134
966 198
966 262
966 326
966 390
966 454
966 518
966 582
966 591
966 646
966 653
966 655
966 710
966 719
966 774
966 783
966 838
966 847
966 902
966 911
966 975
966 1030
966 1039
966 1094
966 1103
966 1158
966 1167
966 1222
966 1231
967 775
967 839
967 903
967 1031
967 1095
967 1159
968 8
968 72
968 136
968 200
968 261
968 325
968 392
968 456
968 517
968 584
968 648
968 712
968 776
968 837
968 840
968 904
968 1032
968 1096
968 1160
968 1224
969 777
969 841
969 905
969 1033
969 1097
969 1161
970 733
970 778
970 842
970 906
970 1034
970 1053
970 1098
970 1162
971 202
971 779
971 843
971 907
971 1035
971 1099
971 1163
972 780
972 844
972 908
972 1036
972 1100
972 1164
973 15
973 133
973 197
973 207
973 335
973 389
973 399
973 453
973 463
973 520
973 525
973 527
973 581
973 589
973 645
973 709
973 717
973 773
973 781
973 845
973 898
973 901
973 909
973 1026
973 1029
973 1037
973 1093
973 1101
973 1154
973 1157
973 1165
973 1221
973 1229
974 102
974 413
974 782
974 846
974 910
974 1038
974 1102
974 1166
975 134
975 198
975 262
975 326
975 390
975 454
975 463
975 518
975 527
975 582
975 591
975 646
975 653
975 655
975 709
975 710
975 717
975 719
975 774
975 781
975 783
975 838
975 847
975 902
975 911
975 966
975 1026
975 1029
975 1030
975 1037
975 1039
975 1093
975 1094
975 1101
975 1103
975 1158
975 1165
975 1167
975 1222
975 1229
975 1231
976 751
976 784
976 848
976 912
976 1040
976 1104
976 1168
977 785
977 849
977 913
977 1041
977 1105
977 1169
978 786
978 850
978 914
978 1042
978 1106
978 1170
979 787
979 851
979 915
979 1043
979 1107
979 1171
980 788
980 852
980 916
980 933
980 1044
980 1108
980 1172
981 59
981 789
981 853
981 917
981 1045
981 1109
981 1173
982 790
982 854
982 918
982 1046
982 1110
982 1174
983 532
983 791
983 855
983 919
983 1047
983 1111
983 1151
983 1175
984 53
984 362
984 792
984 856
984 920
984 1044
984 1048
984 1112
984 1176
985 489
985 671
985 793
985 857
985 921
985 1049
985 1109
985 1113
985 1177
986 765
986 794
986 829
986 858
986 922
986 1050
986 1114
986 1178
986 1265
987 273
987 795
987 859
987 923
987 1051
987 1115
987 1179
987 1185
988 278
988 502
988 796
988 860
988 924
988 1052
988 1116
988 1180
989 797
989 861
989 925
989 1053
989 1117
989 1181
990 10
990 521
990 670
990 718
990 798
990 862
990 926
990 963
990 1054
990 1118
990 1182
991 180
991 507
991 607
991 799
991 863
991 927
991 1055
991 1119
991 1183
992 800
992 864
992 928
992 1056
992 1120
992 1184
993 801
993 865
993 929
993 1057
993 1121
993 1185
994 609
994 802
994 866
994 930
994 1058
994 1122
994 1186
995 442
995 538
995 618
995 803
995 867
995 931
995 1059
995 1123
995 1187
996 452
996 804
996 868
996 932
996 964
996 1060
996 1124
996 1188
997 33
997 592
997 805
997 869
997 933
997 1061
997 1125
997 1189
998 716
998 806
998 870
998 934
998 1062
998 1126
998 1190
999 807
999 871
999 935
999 1063
999 1127
999 1191
1000 808
1000 872
1000 917
1000 936
1000 946
1000 1064
1000 1077
1000 1128
1000 1192
1001 809
1001 821
1001 873
1001 937
1001 1065
1001 1129
1001 1193
1002 215
1002 810
1002 874
1002 938
1002 1066
1002 1130
1002 1194
1003 55
1003 569
1003 622
1003 811
1003 875
1003 939
1003 1067
1003 1131
1003 1195
1004 222
1004 812
1004 876
1004 940
1004 1068
1004 1132
1004 1196
1005 813
1005 877
1005 886
1005 941
1005 1069
1005 1133
1005 1197
1006 814
1006 878
1006 942
1006 1070
1006 1116
1006 1134
1006 1140
1006 1198
1007 815
1007 879
1007 943
1007 1071
1007 1135
1007 1199
1008 304
1008 426
1008 816
1008 825
1008 880
1008 944
1008 1072
1008 1136
1008 1200
1008 1210
1008 1264
1009 305
1009 696
1009 791
1009 817
1009 881
1009 945
1009 1073
1009 1137
1009 1201
1010 818
1010 882
1010 946
1010 1074
1010 1138
1010 1202
1011 819
1011 883
1011 947
1011 1034
1011 1075
1011 1139
1011 1203
1012 128
1012 540
1012 789
1012 820
1012 884
1012 948
1012 1076
1012 1140
1012 1204
1013 821
1013 885
1013 949
1013 1077
1013 1141
1013 1189
1013 1205
1014 822
1014 886
1014 950
1014 1078
1014 1142
1014 1206
1015 379
1015 823
1015 887
1015 951
1015 1079
1015 1143
1015 1207
1016 121
1016 378
1016 824
1016 888
1016 952
1016 1080
1016 1144
1016 1208
1017 84
1017 728
1017 825
1017 889
1017 953
1017 1081
1017 1145
1017 1200
1017 1209
1018 826
1018 890
1018 954
1018 1082
1018 1146
1019 827
1019 891
1019 955
1019 1083
1019 1147
1019 1180
1019 1211
1020 345
1020 543
1020 828
1020 892
1020 920
1020 956
1020 1084
1020 1137
1020 1148
1020 1176
1020 1212
1021 23
1021 125
1021 239
1021 661
1021 829
1021 893
1021 957
1021 1085
1021 1149
1021 1208
1021 1213
1022 60
1022 148
1022 303
1022 816
1022 830
1022 894
1022 954
1022 958
1022 1085
1022 1086
1022 1150
1022 1214
1023 122
1023 381
1023 895
1023 959
1023 1087
1023 1151
1024 605
1024 832
1024 896
1024 960
1024 1088
1024 1110
1024 1152
1024 1216
1025 833
1025 897
1025 961
1025 1089
1025 1153
1025 1217
1026 5
1026 69
1026 79
1026 197
1026 207
1026 335
1026 399
1026 463
1026 520
1026 527
1026 581
1026 589
1026 591
1026 645
1026 653
1026 655
1026 709
1026 717
1026 773
1026 781
1026 783
1026 834
1026 845
1026 847
1026 898
1026 901
1026 909
1026 911
1026 962
1026 973
1026 975
1026 1029
1026 1037
1026 1090
1026 1093
1026 1101
1026 1154
1026 1157
1026 1165
1026 1218
1026 1221
1026 1229
1027 835
1027 899
1027 963
1027 1091
1027 1155
1027 1219
1028 402
1028 836
1028 900
1028 964
1028 1092
1028 1156
1028 1220
1029 5
1029 69
1029 79
1029 197
1029 207
1029 335
1029 399
1029 463
1029 520
1029 527
1029 581
1029 589
1029 591
1029 645
1029 653
1029 655
1029 709
1029 717
1029 773
1029 781
1029 783
1029 837
1029 845
1029 847
1029 901
1029 909
1029 911
1029 965
1029 973
1029 975
1029 1026
1029 1037
1029 1093
1029 1101
1029 1154
1029 1157
1029 1165
1029 1221
1029 1229
1030 6
1030 70
1030 134
1030 198
1030 262
1030 326
1030 390
1030 454
1030 518
1030 582
1030 591
1030 646
1030 655
1030 710
1030 719
1030 774
1030 783
1030 838
1030 847
1030 902
1030 911
1030 966
1030 975
1030 1039
1030 1094
1030 1103
1030 1158
1030 1167
1030 1222
1030 1231
1031 269
1031 839
1031 903
1031 967
1031 1095
1031 1159
1031 1223
1032 8
1032 72
1032 136
1032 200
1032 261
1032 325
1032 392
1032 456
1032 517
1032 584
1032 648
1032 712
1032 776
1032 837
1032 840
1032 904
1032 968
1032 1096
1032 1160
1032 1224
1033 841
1033 905
1033 969
1033 1097
1033 1161
1033 1225
1034 842
1034 906
1034 970
1034 1011
1034 1098
1034 1162
1034 1226
1035 66
1035 843
1035 907
1035 971
1035 1099
1035 1163
1035 1227
1035 1233
1036 844
1036 908
1036 972
1036 1100
1036 1164
1036 1228
1037 5
1037 69
1037 197
1037 262
1037 335
1037 399
1037 463
1037 527
1037 582
1037 591
1037 653
1037 655
1037 709
1037 717
1037 719
1037 774
1037 781
1037 783
1037 845
1037 847
1037 901
1037 909
1037 911
1037 973
1037 975
1037 1026
1037 1029
1037 1039
1037 1093
1037 1101
1037 1103
1037 1154
1037 1165
1037 1167
1037 1229
1037 1231
1038 846
1038 910
1038 974
1038 1102
1038 1166
1038 1230
1039 134
1039 198
1039 262
1039 326
1039 390
1039 454
1039 518
1039 527
1039 582
1039 591
1039 646
1039 653
1039 655
1039 710
1039 719
1039 774
1039 781
1039 783
1039 838
1039 847
1039 902
1039 911
1039 966
1039 975
1039 1030
1039 1037
1039 1094
1039 1101
1039 1103
1039 1158
1039 1165
1039 1167
1039 1222
1039 1229
1039 1231
1040 729
1040 848
1040 912
1040 927
1040 976
1040 1104
1040 1168
1040 1232
1041 849
1041 913
1041 977
1041 1105
1041 1169
1041 1233
1042 708
1042 780
1042 850
1042 914
1042 978
1042 1106
1042 1170
1042 1234
1043 851
1043 915
1043 979
1043 1107
1043 1171
1043 1235
1044 53
1044 362
1044 852
1044 916
1044 980
1044 984
1044 1108
1044 1172
1044 1236
1045 353
1045 745
1045 853
1045 917
1045 981
1045 1060
1045 1109
1045 1173
1045 1237
1046 854
1046 918
1046 982
1046 1110
1046 1174
1046 1238
1046 1244
1047 42
1047 218
1047 855
1047 919
1047 983
1047 1111
1047 1175
1047 1194
1047 1236
1047 1239
1048 856
1048 920
1048 984
1048 1112
1048 1168
1048 1176
1048 1240
1049 45
1049 251
1049 501
1049 576
1049 786
1049 820
1049 857
1049 921
1049 985
1049 1113
1049 1177
1049 1241
1050 858
1050 922
1050 986
1050 1078
1050 1114
1050 1178
1050 1242
1051 585
1051 859
1051 923
1051 987
1051 1115
1051 1179
1051 1225
1051 1243
1052 860
1052 900
1052 924
1052 988
1052 1116
1052 1180
1052 1244
1053 733
1053 861
1053 925
1053 970
1053 989
1053 1117
1053 1181
1053 1245
1054 862
1054 926
1054 990
1054 1118
1054 1182
1054 1246
1055 863
1055 927
1055 991
1055 1119
1055 1183
1055 1247
1056 209
1056 864
1056 899
1056 928
1056 992
1056 1120
1056 1184
1056 1248
1057 865
1057 929
1057 993
1057 1121
1057 1185
1057 1249
1058 228
1058 866
1058 930
1058 994
1058 1122
1058 1186
1058 1250
1059 867
1059 885
1059 931
1059 995
1059 1088
1059 1123
1059 1187
1059 1251
1060 353
1060 745
1060 868
1060 932
1060 996
1060 1045
1060 1124
1060 1188
1060 1252
1061 370
1061 481
1061 869
1061 933
1061 997
1061 1124
1061 1125
1061 1189
1061 1253
1062 870
1062 934
1062 998
1062 1126
1062 1190
1062 1254
1063 109
1063 417
1063 612
1063 704
1063 871
1063 935
1063 999
1063 1127
1063 1191
1063 1202
1063 1255
1064 872
1064 936
1064 1000
1064 1128
1064 1192
1064 1256
1065 4
1065 873
1065 937
1065 1001
1065 1129
1065 1193
1065 1257
1066 231
1066 415
1066 874
1066 938
1066 1002
1066 1130
1066 1194
1066 1258
1067 637
1067 808
1067 875
1067 939
1067 1003
1067 1084
1067 1131
1067 1195
1067 1259
1068 758
1068 876
1068 940
1068 1004
1068 1132
1068 1196
1068 1260
1069 54
1069 877
1069 941
1069 1005
1069 1133
1069 1197
1069 1261
1070 297
1070 809
1070 878
1070 942
1070 1006
1070 1112
1070 1134
1070 1198
1070 1262
1071 377
1071 561
1071 879
1071 943
1071 1007
1071 1135
1071 1199
1071 1263
1072 354
1072 559
1072 880
1072 944
1072 1008
1072 1136
1072 1149
1072 1192
1072 1200
1072 1264
1073 289
1073 473
1073 553
1073 759
1073 881
1073 945
1073 949
1073 1009
1073 1137
1073 1201
1073 1265
1073 1266
1074 665
1074 882
1074 946
1074 1010
1074 1138
1074 1202
1074 1266
1075 883
1075 947
1075 1011
1075 1139
1075 1203
1075 1267
1076 884
1076 948
1076 1012
1076 1140
1076 1204
1076 1268
1077 885
1077 917
1077 946
1077 949
1077 1000
1077 1013
1077 1141
1077 1205
1077 1269
1078 886
1078 950
1078 1014
1078 1050
1078 1142
1078 1206
1078 1270
1079 144
1079 153
1079 887
1079 951
1079 1015
1079 1143
1079 1207
1079 1239
1079 1271
1080 872
1080 888
1080 952
1080 1016
1080 1144
1080 1208
1080 1272
1081 889
1081 953
1081 1017
1081 1145
1081 1209
1081 1247
1081 1273
1082 99
1082 663
1082 890
1082 954
1082 1018
1082 1146
1082 1210
1082 1274
1083 462
1083 891
1083 955
1083 1019
1083 1147
1083 1211
1083 1275
1084 637
1084 808
1084 892
1084 956
1084 1020
1084 1067
1084 1148
1084 1212
1084 1276
1085 60
1085 148
1085 303
1085 816
1085 893
1085 954
1085 957
1085 1021
1085 1022
1085 1149
1085 1213
1085 1277
1086 190
1086 291
1086 474
1086 551
1086 863
1086 894
1086 958
1086 1022
1086 1150
1086 1214
1086 1278
1087 241
1087 895
1087 959
1087 1023
1087 1151
1087 1215
1088 885
1088 896
1088 960
1088 1024
1088 1059
1088 1152
1088 1216
1089 897
1089 961
1089 1025
1089 1153
1089 1217
1090 898
1090 962
1090 1026
1090 1153
1090 1154
1090 1218
1091 270
1091 785
1091 899
1091 963
1091 1027
1091 1155
1091 1219
1092 546
1092 900
1092 964
1092 1028
1092 1156
1092 1220
1093 69
1093 79
1093 197
1093 335
1093 399
1093 463
1093 520
1093 527
1093 581
1093 589
1093 591
1093 645
1093 653
1093 709
1093 717
1093 773
1093 781
1093 783
1093 845
1093 847
1093 898
1093 901
1093 909
1093 911
1093 965
1093 973
1093 975
1093 1026
1093 1029
1093 1037
1093 1101
1093 1154
1093 1157
1093 1165
1093 1221
1093 1229
1094 6
1094 70
1094 134
1094 198
1094 262
1094 326
1094 390
1094 454
1094 518
1094 582
1094 591
1094 646
1094 655
1094 710
1094 719
1094 774
1094 783
1094 838
1094 847
1094 902
1094 911
1094 966
1094 975
1094 1030
1094 1039
1094 1103
1094 1158
1094 1167
1094 1222
1094 1231
1095 590
1095 903
1095 967
1095 1031
1095 1159
1095 1223
1096 8
1096 72
1096 136
1096 200
1096 261
1096 325
1096 392
1096 456
1096 517
1096 584
1096 648
1096 712
1096 776
1096 837
1096 904
1096 968
1096 1032
1096 1160
1096 1224
1097 905
1097 969
1097 1033
1097 1161
1097 1225
1098 906
1098 970
1098 1034
1098 1162
1098 1226
1099 907
1099 971
1099 1035
1099 1163
1099 1227
1100 763
1100 908
1100 972
1100 1036
1100 1164
1100 1196
1100 1228
1101 5
1101 69
1101 262
1101 399
1101 454
1101 463
1101 527
1101 582
1101 591
1101 653
1101 655
1101 709
1101 717
1101 719
1101 774
1101 781
1101 783
1101 845
1101 847
1101 901
1101 902
1101 909
1101 911
1101 973
1101 975
1101 1026
1101 1029
1101 1037
1101 1039
1101 1093
1101 1103
1101 1154
1101 1165
1101 1167
1101 1229
1101 1231
1102 910
1102 974
1102 1038
1102 1166
1102 1230
1103 262
1103 326
1103 390
1103 454
1103 518
1103 527
1103 582
1103 591
1103 646
1103 653
1103 655
1103 710
1103 719
1103 774
1103 781
1103 783
1103 838
1103 847
1103 902
1103 911
1103 966
1103 975
1103 1030
1103 1037
1103 1039
1103 1094
1103 1101
1103 1158
1103 1165
1103 1167
1103 1222
1103 1229
1103 1231
1104 912
1104 976
1104 1040
1104 1138
1104 1168
1104 1232
1105 657
1105 913
1105 977
1105 1041
1105 1169
1105 1233
1106 914
1106 978
1106 1042
1106 1170
1106 1234
1107 394
1107 915
1107 979
1107 1043
1107 1171
1107 1235
1108 117
1108 164
1108 479
1108 916
1108 980
1108 1044
1108 1172
1108 1236
1109 489
1109 671
1109 917
1109 981
1109 985
1109 1045
1109 1173
1109 1237
1110 605
1110 918
1110 982
1110 1024
1110 1046
1110 1174
1110 1238
1111 238
1111 400
1111 887
1111 919
1111 983
1111 1047
1111 1175
1111 1232
1111 1239
1112 297
1112 809
1112 920
1112 984
1112 1048
1112 1070
1112 1176
1112 1240
1113 921
1113 950
1113 985
1113 1049
1113 1177
1113 1241
1114 118
1114 421
1114 437
1114 823
1114 922
1114 935
1114 986
1114 1050
1114 1178
1114 1242
1115 669
1115 714
1115 923
1115 987
1115 1051
1115 1179
1115 1227
1115 1243
1116 924
1116 942
1116 988
1116 1006
1116 1052
1116 1140
1116 1180
1116 1244
1117 138
1117 925
1117 989
1117 1053
1117 1181
1117 1245
1118 196
1118 926
1118 990
1118 1054
1118 1182
1118 1245
1118 1246
1119 552
1119 567
1119 927
1119 991
1119 1055
1119 1183
1119 1247
1120 928
1120 992
1120 1056
1120 1184
1120 1248
1121 737
1121 929
1121 993
1121 1057
1121 1185
1121 1249
1122 247
1122 724
1122 930
1122 994
1122 1058
1122 1186
1122 1250
1123 376
1123 634
1123 931
1123 995
1123 1059
1123 1187
1123 1251
1124 370
1124 481
1124 932
1124 996
1124 1060
1124 1061
1124 1188
1124 1252
1125 784
1125 857
1125 933
1125 997
1125 1061
1125 1189
1125 1253
1126 934
1126 998
1126 1062
1126 1174
1126 1190
1126 1254
1127 178
1127 788
1127 935
1127 999
1127 1063
1127 1178
1127 1191
1127 1255
1128 150
1128 936
1128 1000
1128 1064
1128 1192
1128 1256
1129 937
1129 1001
1129 1065
1129 1193
1129 1257
1130 48
1130 124
1130 506
1130 750
1130 831
1130 938
1130 1002
1130 1066
1130 1194
1130 1258
1131 26
1131 344
1131 468
1131 491
1131 688
1131 939
1131 1003
1131 1067
1131 1195
1131 1259
1132 499
1132 940
1132 1004
1132 1068
1132 1196
1132 1260
1133 941
1133 1005
1133 1069
1133 1197
1133 1261
1134 244
1134 296
1134 675
1134 884
1134 942
1134 1006
1134 1070
1134 1198
1134 1262
1135 187
1135 434
1135 943
1135 1007
1135 1071
1135 1199
1135 1263
1136 90
1136 500
1136 944
1136 1008
1136 1072
1136 1200
1136 1264
1137 345
1137 543
1137 920
1137 945
1137 1009
1137 1020
1137 1073
1137 1176
1137 1201
1137 1265
1138 946
1138 1010
1138 1074
1138 1104
1138 1202
1138 1266
1139 947
1139 1011
1139 1075
1139 1203
1139 1267
1140 942
1140 948
1140 1006
1140 1012
1140 1076
1140 1116
1140 1204
1140 1268
1141 292
1141 516
1141 949
1141 1013
1141 1077
1141 1205
1141 1269
1142 411
1142 950
1142 1014
1142 1078
1142 1206
1142 1270
1143 674
1143 951
1143 1015
1143 1079
1143 1207
1143 1271
1144 430
1144 952
1144 1016
1144 1080
1144 1208
1144 1272
1145 346
1145 824
1145 875
1145 953
1145 1017
1145 1081
1145 1209
1145 1273
1146 298
1146 494
1146 761
1146 954
1146 1018
1146 1082
1146 1210
1146 1274
1147 672
1147 819
1147 955
1147 1019
1147 1083
1147 1211
1147 1275
1148 879
1148 956
1148 1020
1148 1084
1148 1212
1148 1276
1149 354
1149 559
1149 957
1149 1021
1149 1072
1149 1085
1149 1192
1149 1213
1149 1277
1150 958
1150 1022
1150 1086
1150 1214
1150 1278
1151 532
1151 983
1151 1023
1151 1087
1151 1215
1151 1279
1152 836
1152 960
1152 1024
1152 1088
1152 1216
1153 961
1153 1025
1153 1089
1153 1090
1153 1217
1154 15
1154 79
1154 197
1154 335
1154 389
1154 399
1154 463
1154 520
1154 527
1154 581
1154 589
1154 591
1154 645
1154 653
1154 709
1154 717
1154 773
1154 781
1154 783
1154 845
1154 847
1154 898
1154 901
1154 909
1154 911
1154 962
1154 973
1154 1026
1154 1029
1154 1037
1154 1090
1154 1093
1154 1101
1154 1157
1154 1165
1154 1218
1154 1221
1154 1229
1155 915
1155 963
1155 1027
1155 1091
1155 1179
1155 1219
1156 804
1156 964
1156 1028
1156 1092
1156 1220
1157 15
1157 133
1157 207
1157 335
1157 389
1157 399
1157 453
1157 463
1157 520
1157 525
1157 581
1157 589
1157 645
1157 709
1157 717
1157 773
1157 845
1157 898
1157 901
1157 909
1157 962
1157 965
1157 973
1157 1026
1157 1029
1157 1093
1157 1154
1157 1221
1157 1229
1158 6
1158 70
1158 134
1158 198
1158 262
1158 326
1158 390
1158 454
1158 518
1158 582
1158 591
1158 646
1158 653
1158 655
1158 710
1158 719
1158 774
1158 783
1158 838
1158 847
1158 902
1158 911
1158 966
1158 975
1158 1030
1158 1039
1158 1094
1158 1103
1158 1167
1158 1222
1158 1231
1159 391
1159 967
1159 1031
1159 1095
1159 1223
1160 8
1160 72
1160 136
1160 200
1160 261
1160 325
1160 392
1160 456
1160 517
1160 584
1160 648
1160 712
1160 776
1160 837
1160 904
1160 968
1160 1032
1160 1096
1160 1224
1161 969
1161 1033
1161 1097
1161 1225
1162 450
1162 778
1162 970
1162 1034
1162 1098
1162 1226
1163 266
1163 608
1163 971
1163 1035
1163 1099
1163 1227
1164 371
1164 972
1164 1036
1164 1100
1164 1228
1165 5
1165 69
1165 335
1165 399
1165 463
1165 527
1165 581
1165 582
1165 591
1165 653
1165 655
1165 709
1165 717
1165 719
1165 774
1165 781
1165 783
1165 845
1165 847
1165 901
1165 911
1165 973
1165 975
1165 1026
1165 1029
1165 1037
1165 1039
1165 1093
1165 1101
1165 1103
1165 1154
1165 1167
1165 1229
1165 1231
1166 974
1166 1038
1166 1102
1166 1230
1167 262
1167 326
1167 390
1167 454
1167 518
1167 527
1167 582
1167 591
1167 646
1167 653
1167 655
1167 709
1167 710
1167 719
1167 774
1167 781
1167 783
1167 838
1167 847
1167 902
1167 911
1167 966
1167 975
1167 1030
1167 1037
1167 1039
1167 1094
1167 1101
1167 1103
1167 1158
1167 1165
1167 1222
1167 1229
1167 1231
1168 976
1168 1040
1168 1048
1168 1104
1168 1232
1169 257
1169 977
1169 1041
1169 1105
1169 1233
1170 156
1170 978
1170 1042
1170 1106
1170 1234
1171 979
1171 1043
1171 1107
1171 1235
1172 35
1172 471
1172 625
1172 682
1172 980
1172 1044
1172 1108
1172 1236
1173 981
1173 1045
1173 1109
1173 1237
1174 982
1174 1046
1174 1110
1174 1126
1174 1238
1175 503
1175 794
1175 983
1175 1047
1175 1111
1175 1239
1176 345
1176 543
1176 920
1176 984
1176 1020
1176 1048
1176 1112
1176 1137
1176 1240
1177 97
1177 114
1177 985
1177 1049
1177 1113
1177 1241
1178 178
1178 788
1178 986
1178 1050
1178 1114
1178 1127
1178 1242
1179 915
1179 987
1179 1051
1179 1115
1179 1155
1179 1243
1180 988
1180 1019
1180 1052
1180 1116
1180 1244
1181 989
1181 1053
1181 1117
1181 1245
1182 990
1182 1054
1182 1118
1182 1246
1183 597
1183 991
1183 1055
1183 1119
1183 1247
1184 992
1184 1056
1184 1120
1184 1248
1185 273
1185 987
1185 993
1185 1057
1185 1121
1185 1249
1186 694
1186 994
1186 1058
1186 1122
1186 1193
1186 1250
1187 739
1187 793
1187 869
1187 995
1187 1059
1187 1123
1187 1251
1188 384
1188 565
1188 630
1188 996
1188 1060
1188 1124
1188 1252
1189 997
1189 1013
1189 1061
1189 1125
1189 1253
1190 998
1190 1062
1190 1126
1190 1254
1191 183
1191 999
1191 1063
1191 1127
1191 1255
1192 354
1192 559
1192 1000
1192 1064
1192 1072
1192 1128
1192 1149
1192 1256
1193 694
1193 1001
1193 1065
1193 1129
1193 1186
1193 1257
1194 42
1194 218
1194 1002
1194 1047
1194 1066
1194 1130
1194 1236
1194 1258
1195 568
1195 686
1195 959
1195 1003
1195 1067
1195 1131
1195 1259
1196 763
1196 1004
1196 1068
1196 1100
1196 1132
1196 1260
1197 1005
1197 1069
1197 1133
1197 1261
1198 149
1198 1006
1198 1070
1198 1134
1198 1240
1198 1262
1199 52
1199 439
1199 668
1199 1007
1199 1071
1199 1135
1199 1263
1200 84
1200 728
1200 1008
1200 1017
1200 1072
1200 1136
1200 1264
1201 487
1201 610
1201 679
1201 1009
1201 1073
1201 1137
1201 1204
1201 1265
1202 109
1202 417
1202 612
1202 704
1202 1010
1202 1063
1202 1074
1202 1138
1202 1266
1203 1011
1203 1075
1203 1139
1203 1261
1203 1267
1204 487
1204 610
1204 679
1204 1012
1204 1076
1204 1140
1204 1201
1204 1268
1205 157
1205 556
1205 644
1205 1013
1205 1077
1205 1141
1205 1269
1206 1014
1206 1078
1206 1142
1206 1270
1207 768
1207 1015
1207 1079
1207 1143
1207 1271
1208 23
1208 125
1208 239
1208 661
1208 1016
1208 1021
1208 1080
1208 1144
1208 1272
1209 63
1209 154
1209 174
1209 188
1209 701
1209 1017
1209 1081
1209 1145
1209 1273
1210 304
1210 426
1210 825
1210 1008
1210 1082
1210 1146
1210 1264
1210 1274
1211 1019
1211 1083
1211 1147
1211 1275
1212 120
1212 252
1212 1020
1212 1084
1212 1148
1212 1276
1213 357
1213 547
1213 1021
1213 1085
1213 1149
1213 1277
1214 123
1214 1022
1214 1086
1214 1150
1214 1278
1215 87
1215 572
1215 764
1215 1087
1215 1151
1215 1279
1216 673
1216 799
1216 926
1216 1024
1216 1088
1216 1152
1217 1025
1217 1089
1217 1153
1218 1026
1218 1090
1218 1154
1219 455
1219 923
1219 1027
1219 1091
1219 1155
1220 1028
1220 1092
1220 1156
1221 15
1221 133
1221 207
1221 335
1221 389
1221 399
1221 453
1221 463
1221 520
1221 525
1221 581
1221 589
1221 645
1221 709
1221 717
1221 773
1221 834
1221 845
1221 898
1221 901
1221 909
1221 962
1221 973
1221 1026
1221 1029
1221 1093
1221 1154
1221 1157
1222 6
1222 70
1222 134
1222 198
1222 262
1222 326
1222 390
1222 454
1222 518
1222 582
1222 591
1222 646
1222 655
1222 710
1222 719
1222 774
1222 783
1222 838
1222 847
1222 902
1222 911
1222 966
1222 975
1222 1030
1222 1039
1222 1094
1222 1103
1222 1158
1222 1167
1222 1231
1223 393
1223 1031
1223 1095
1223 1159
1224 8
1224 72
1224 136
1224 200
1224 261
1224 325
1224 392
1224 456
1224 517
1224 584
1224 648
1224 712
1224 776
1224 837
1224 904
1224 968
1224 1032
1224 1096
1224 1160
1225 585
1225 1033
1225 1051
1225 1097
1225 1161
1226 603
1226 1034
1226 1098
1226 1162
1227 669
1227 714
1227 1035
1227 1099
1227 1115
1227 1163
1228 1036
1228 1100
1228 1164
1229 5
1229 69
1229 79
1229 399
1229 463
1229 520
1229 527
1229 581
1229 591
1229 645
1229 653
1229 655
1229 709
1229 717
1229 719
1229 781
1229 783
1229 845
1229 847
1229 901
1229 909
1229 911
1229 973
1229 975
1229 1026
1229 1029
1229 1037
1229 1039
1229 1093
1229 1101
1229 1103
1229 1154
1229 1157
1229 1165
1229 1167
1229 1231
1230 1038
1230 1102
1230 1166
1231 262
1231 390
1231 454
1231 518
1231 527
1231 582
1231 591
1231 646
1231 653
1231 655
1231 709
1231 710
1231 717
1231 719
1231 774
1231 781
1231 783
1231 838
1231 847
1231 902
1231 911
1231 966
1231 975
1231 1030
1231 1037
1231 1039
1231 1094
1231 1101
1231 1103
1231 1158
1231 1165
1231 1167
1231 1222
1231 1229
1232 238
1232 400
1232 887
1232 1040
1232 1104
1232 1111
1232 1168
1233 66
1233 1035
1233 1041
1233 1105
1233 1169
1234 676
1234 1042
1234 1106
1234 1170
1235 1043
1235 1107
1235 1171
1236 42
1236 218
1236 1044
1236 1047
1236 1108
1236 1172
1236 1194
1237 375
1237 1045
1237 1109
1237 1173
1238 12
1238 1046
1238 1110
1238 1174
1239 144
1239 153
1239 1047
1239 1079
1239 1111
1239 1175
1240 149
1240 1048
1240 1112
1240 1176
1240 1198
1241 315
1241 533
1241 695
1241 1049
1241 1113
1241 1177
1242 167
1242 295
1242 599
1242 677
1242 858
1242 1050
1242 1114
1242 1178
1243 331
1243 539
1243 1051
1243 1115
1243 1179
1244 1046
1244 1052
1244 1116
1244 1180
1245 196
1245 1053
1245 1117
1245 1118
1245 1181
1246 876
1246 877
1246 1054
1246 1118
1246 1182
1247 1055
1247 1081
1247 1119
1247 1183
1248 1056
1248 1120
1248 1184
1249 918
1249 1057
1249 1121
1249 1185
1250 598
1250 1058
1250 1122
1250 1186
1251 103
1251 233
1251 405
1251 1059
1251 1123
1251 1187
1252 146
1252 1060
1252 1124
1252 1188
1253 827
1253 1061
1253 1125
1253 1189
1254 475
1254 1062
1254 1126
1254 1190
1255 105
1255 741
1255 832
1255 1063
1255 1127
1255 1191
1256 101
1256 1064
1256 1128
1256 1192
1257 1065
1257 1129
1257 1193
1258 151
1258 537
1258 936
1258 1066
1258 1130
1258 1194
1259 126
1259 756
1259 1067
1259 1131
1259 1195
1260 332
1260 1068
1260 1132
1260 1196
1261 1069
1261 1133
1261 1197
1261 1203
1262 244
1262 296
1262 675
1262 884
1262 1070
1262 1134
1262 1198
1263 1071
1263 1135
1263 1199
1264 304
1264 426
1264 825
1264 1008
1264 1072
1264 1136
1264 1200
1264 1210
1265 765
1265 829
1265 986
1265 1073
1265 1137
1265 1201
1266 289
1266 473
1266 553
1266 759
1266 949
1266 1073
1266 1074
1266 1138
1266 1202
1267 1075
1267 1139
1267 1203
1268 163
1268 409
1268 1076
1268 1140
1268 1204
1269 951
1269 1077
1269 1141
1269 1205
1270 327
1270 910
1270 1078
1270 1142
1270 1206
1271 438
1271 601
1271 1079
1271 1143
1271 1207
1272 253
1272 445
1272 623
1272 1080
1272 1144
1272 1208
1273 472
1273 616
1273 957
1273 1081
1273 1145
1273 1209
1274 176
1274 888
1274 893
1274 1082
1274 1146
1274 1210
1275 662
1275 1083
1275 1147
1275 1211
1276 175
1276 256
1276 1084
1276 1148
1276 1212
1277 1085
1277 1149
1277 1213
1278 447
1278 636
1278 683
1278 1086
1278 1150
1278 1214
1279 227
1279 1151
1279 1215
