0 64
0 128
0 192
0 751
0 806
1 65
1 129
1 193
2 66
2 130
2 194
2 588
2 652
2 915
3 67
3 131
3 195
3 591
3 726
3 771
4 68
4 132
4 196
4 862
5 69
5 133
5 197
6 13
6 70
6 77
6 134
6 198
6 262
6 326
6 390
6 454
6 518
6 582
6 646
6 710
6 774
6 838
6 902
6 966
6 1030
6 1094
6 1158
6 1222
7 71
7 135
7 199
8 72
8 136
8 200
8 265
8 329
8 392
8 457
8 521
8 585
8 649
8 713
8 777
8 841
8 905
8 969
8 1033
8 1097
8 1161
8 1225
9 11
9 73
9 75
9 137
9 139
9 141
9 201
9 203
9 205
9 264
9 267
9 269
9 331
9 333
9 395
9 397
9 459
9 461
9 520
9 525
9 584
9 587
9 589
9 653
9 712
9 717
9 776
9 781
9 840
9 845
9 904
9 968
9 973
9 1032
9 1037
9 1101
9 1224
9 1229
10 36
10 74
10 138
10 140
10 202
10 230
10 1135
10 1162
11 9
11 13
11 75
11 77
11 139
11 141
11 203
11 205
11 267
11 269
11 331
11 333
11 397
11 459
11 461
11 520
11 525
11 589
11 653
11 712
11 717
11 840
11 845
11 904
11 909
11 971
11 1035
11 1096
11 1101
11 1160
11 1165
12 76
12 140
12 204
12 861
13 6
13 11
13 70
13 75
13 77
13 134
13 139
13 141
13 198
13 205
13 262
13 269
13 326
13 333
13 390
13 397
13 454
13 461
13 518
13 525
13 582
13 589
13 646
13 653
13 710
13 717
13 774
13 838
13 845
13 1035
13 1099
13 1165
13 1227
14 78
14 142
14 206
15 79
15 143
15 207
16 80
16 144
16 167
16 208
16 297
16 476
16 681
16 857
16 912
16 986
16 1133
17 73
17 81
17 137
17 145
17 201
17 203
17 209
17 264
17 328
17 393
17 395
17 456
17 587
17 648
17 776
18 82
18 146
18 210
18 1182
19 83
19 147
19 211
19 373
19 405
19 631
20 84
20 148
20 212
20 659
21 85
21 149
21 178
21 213
21 957
22 86
22 150
22 214
22 967
22 1184
23 87
23 151
23 215
24 88
24 152
24 216
24 260
24 542
24 596
24 1177
25 89
25 101
25 153
25 217
25 869
25 927
25 1257
26 90
26 154
26 218
26 253
26 921
26 1113
26 1118
26 1124
26 1240
27 91
27 155
27 193
27 219
27 1025
28 92
28 156
28 220
29 93
29 150
29 157
29 221
29 1175
29 1180
30 94
30 158
30 222
30 425
31 95
31 159
31 223
32 96
32 160
32 224
32 854
33 97
33 109
33 161
33 225
33 552
34 98
34 162
34 226
35 99
35 163
35 227
35 893
36 10
36 100
36 140
36 164
36 228
36 230
36 1135
36 1162
37 101
37 156
37 165
37 229
37 458
38 102
38 166
38 230
38 790
39 103
39 167
39 231
39 286
39 607
39 696
39 1128
40 104
40 168
40 232
40 242
40 1196
41 105
41 169
41 226
41 233
41 650
42 106
42 170
42 234
42 545
42 874
43 107
43 171
43 187
43 635
43 811
44 108
44 172
44 236
44 543
44 565
44 1178
44 1188
44 1212
45 109
45 120
45 173
45 237
45 317
45 512
45 533
45 690
45 981
45 1050
46 110
46 113
46 174
46 238
47 111
47 175
47 239
47 719
48 112
48 176
48 227
48 240
48 280
48 410
48 412
48 1104
49 113
49 177
49 223
49 241
49 1073
50 76
50 114
50 178
50 219
50 242
51 115
51 179
51 243
51 383
51 826
51 959
52 61
52 116
52 180
52 181
52 244
52 642
52 660
52 935
53 117
53 181
53 245
53 474
53 760
53 984
54 118
54 182
54 246
55 119
55 183
55 192
55 247
55 290
55 418
55 576
55 740
55 1092
56 120
56 184
56 248
56 485
56 548
56 549
56 1024
56 1090
57 121
57 126
57 185
57 249
57 700
58 122
58 186
58 378
58 761
58 830
59 123
59 187
59 251
59 346
59 496
59 547
59 1136
60 124
60 188
60 819
60 953
61 52
61 125
61 181
61 189
61 253
61 642
61 660
61 935
62 110
62 126
62 190
62 766
63 127
64 0
64 128
64 192
64 256
64 445
64 1236
64 1261
65 1
65 129
65 193
65 257
65 618
66 2
66 103
66 130
66 149
66 194
66 258
66 301
66 564
67 3
67 131
67 195
67 259
67 899
68 4
68 132
68 196
68 229
68 260
68 546
68 836
69 5
69 133
69 197
69 261
70 6
70 13
70 77
70 134
70 198
70 262
70 326
70 390
70 454
70 518
70 582
70 646
70 710
70 774
70 838
70 902
70 966
70 1030
70 1094
70 1158
70 1222
71 7
71 135
71 199
71 263
72 8
72 136
72 200
72 264
72 265
72 329
72 392
72 457
72 521
72 585
72 649
72 713
72 777
72 841
72 905
72 969
72 1033
72 1097
72 1161
72 1225
73 9
73 17
73 137
73 201
73 203
73 264
73 265
73 267
73 331
73 393
73 395
73 456
73 459
73 520
73 584
73 587
73 648
73 712
73 776
73 781
73 840
73 907
74 10
74 138
74 155
74 202
74 266
75 9
75 11
75 13
75 77
75 139
75 141
75 203
75 205
75 267
75 269
75 331
75 333
75 397
75 459
75 461
75 520
75 525
75 589
75 653
75 712
75 717
75 781
75 840
75 845
75 904
75 907
75 909
75 971
75 973
75 1035
75 1096
75 1101
75 1160
75 1165
76 12
76 50
76 140
76 204
76 219
76 268
77 6
77 11
77 13
77 70
77 75
77 134
77 139
77 141
77 198
77 205
77 262
77 269
77 333
77 390
77 397
77 454
77 461
77 518
77 525
77 582
77 589
77 646
77 653
77 710
77 717
77 774
77 838
77 845
77 902
77 904
77 909
77 1035
77 1099
77 1165
77 1227
78 14
78 142
78 206
78 270
79 15
79 143
79 207
79 271
79 285
79 1223
80 16
80 144
80 208
80 272
80 309
80 1063
81 17
81 145
81 209
81 273
82 18
82 146
82 210
82 274
82 778
83 19
83 147
83 211
83 275
83 475
83 919
84 20
84 148
84 158
84 212
84 276
84 749
85 21
85 149
85 153
85 213
85 277
85 853
86 22
86 150
86 160
86 214
86 278
87 23
87 151
87 215
87 279
87 490
87 1245
88 24
88 152
88 216
88 280
88 400
88 794
88 922
88 952
89 25
89 99
89 153
89 211
89 217
89 281
89 873
89 1055
89 1241
90 26
90 154
90 218
90 282
90 856
90 858
91 27
91 155
91 219
91 283
91 987
92 28
92 156
92 220
92 284
92 463
93 29
93 157
93 221
93 285
94 30
94 158
94 222
94 286
94 537
94 1077
95 31
95 159
95 223
95 287
95 396
95 970
96 32
96 160
96 224
96 288
97 33
97 161
97 225
97 289
98 34
98 162
98 226
98 290
99 35
99 89
99 163
99 211
99 227
99 291
99 873
99 1055
99 1241
100 36
100 164
100 228
100 292
100 964
100 988
101 25
101 37
101 165
101 229
101 293
101 869
101 927
101 1257
102 38
102 166
102 230
102 294
103 39
103 66
103 149
103 167
103 231
103 295
103 301
103 564
104 40
104 168
104 232
104 291
104 296
104 370
104 602
104 656
104 754
104 1058
105 41
105 169
105 233
105 297
105 881
106 42
106 170
106 234
106 298
106 1190
107 43
107 171
108 44
108 172
108 236
108 300
108 440
108 1132
109 33
109 45
109 173
109 237
109 301
109 552
110 46
110 62
110 174
110 238
110 302
110 766
111 47
111 175
111 239
111 303
112 48
112 176
112 240
112 304
112 1276
113 46
113 49
113 177
113 241
113 305
114 50
114 178
114 242
114 306
115 51
115 179
115 218
115 220
115 243
115 282
115 307
115 578
115 1006
116 52
116 180
116 183
116 244
116 308
116 1247
117 53
117 181
117 245
117 309
117 978
118 54
118 182
118 246
118 310
119 55
119 183
119 247
119 311
119 466
119 780
120 45
120 56
120 184
120 248
120 312
120 317
120 512
120 533
120 690
120 981
120 1050
121 57
121 185
121 249
121 494
122 58
122 171
122 186
122 250
122 314
122 611
122 763
122 876
122 1208
123 59
123 187
123 251
123 315
123 661
124 60
124 188
124 252
124 316
124 1267
125 61
125 189
125 253
125 315
125 317
125 464
125 484
125 1064
125 1176
125 1211
126 57
126 62
126 190
126 254
126 318
126 700
127 63
127 191
127 255
127 698
128 0
128 64
128 192
128 256
128 320
128 415
128 421
128 434
128 562
128 738
128 1044
129 1
129 65
129 193
129 257
129 321
129 783
130 2
130 66
130 159
130 194
130 233
130 258
130 322
130 644
130 866
130 868
130 941
131 3
131 67
131 195
131 259
131 323
131 669
131 989
132 4
132 68
132 196
132 260
132 324
133 5
133 69
133 197
133 261
133 325
134 6
134 13
134 70
134 77
134 198
134 262
134 326
134 390
134 454
134 518
134 582
134 646
134 710
134 774
134 838
134 902
134 966
134 1030
134 1094
134 1158
134 1222
135 7
135 71
135 199
135 263
135 327
136 8
136 72
136 200
136 264
136 265
136 328
136 329
136 392
136 457
136 521
136 585
136 649
136 713
136 777
136 841
136 905
136 969
136 1033
136 1097
136 1161
136 1225
137 9
137 17
137 73
137 139
137 201
137 203
137 205
137 264
137 265
137 267
137 329
137 331
137 393
137 395
137 459
137 520
137 525
137 584
137 587
137 589
137 648
137 653
137 712
137 717
137 776
137 781
137 840
137 904
137 907
137 968
137 971
137 973
138 10
138 74
138 202
138 266
138 330
139 9
139 11
139 13
139 75
139 77
139 137
139 141
139 201
139 203
139 205
139 264
139 267
139 269
139 331
139 333
139 395
139 397
139 459
139 461
139 520
139 525
139 584
139 587
139 589
139 653
139 712
139 717
139 776
139 781
139 840
139 845
139 904
139 907
139 909
139 968
139 971
139 973
139 1032
139 1037
139 1096
139 1101
139 1160
139 1224
139 1229
140 10
140 12
140 36
140 76
140 204
140 230
140 268
140 332
140 1135
140 1162
141 9
141 11
141 13
141 75
141 77
141 139
141 205
141 269
141 333
141 397
141 461
141 525
141 589
141 653
141 717
141 840
141 845
141 904
141 909
141 968
141 971
141 973
141 1035
141 1099
141 1165
141 1227
142 14
142 78
142 206
142 270
142 334
143 15
143 79
143 207
143 271
143 335
143 342
144 16
144 80
144 208
144 272
144 336
144 345
144 1265
145 17
145 81
145 209
145 273
145 337
146 18
146 82
146 173
146 210
146 274
146 338
146 1076
146 1141
147 19
147 83
147 211
147 275
147 339
148 20
148 84
148 212
148 276
148 320
148 340
148 621
148 804
148 896
148 1277
149 21
149 66
149 85
149 103
149 213
149 277
149 301
149 341
149 564
150 22
150 29
150 86
150 214
150 278
150 342
150 1175
150 1180
151 23
151 87
151 215
151 279
151 343
152 24
152 88
152 216
152 280
152 344
152 1252
153 25
153 85
153 89
153 217
153 281
153 345
153 853
154 26
154 90
154 218
154 282
154 346
154 436
154 799
155 27
155 74
155 91
155 219
155 283
155 347
156 28
156 37
156 92
156 220
156 284
156 348
156 458
157 29
157 93
157 221
157 285
157 349
157 727
157 850
157 911
158 30
158 84
158 94
158 222
158 286
158 350
158 749
159 31
159 95
159 130
159 223
159 233
159 287
159 351
159 644
159 866
159 868
159 941
160 32
160 86
160 96
160 224
160 288
160 352
161 33
161 97
161 225
161 289
161 353
161 1226
162 34
162 98
162 226
162 290
162 354
162 1103
162 1239
163 35
163 99
163 169
163 227
163 276
163 291
163 344
163 355
163 789
163 875
163 949
163 1005
163 1112
163 1191
164 36
164 100
164 228
164 292
164 322
164 356
164 676
164 1088
164 1154
165 37
165 101
165 229
165 293
165 357
165 979
166 38
166 102
166 230
166 294
166 358
166 972
167 16
167 39
167 103
167 231
167 295
167 297
167 359
167 476
167 681
167 857
167 912
167 986
167 1133
168 40
168 104
168 232
168 277
168 296
168 351
168 360
168 813
169 41
169 105
169 163
169 233
169 276
169 297
169 344
169 361
169 789
169 875
169 949
169 1005
169 1112
169 1191
170 42
170 106
170 234
170 298
170 362
170 527
171 43
171 107
171 122
171 235
171 299
171 363
171 611
171 763
171 876
171 1208
172 44
172 108
172 236
172 300
172 336
172 364
172 428
172 571
172 629
173 45
173 109
173 146
173 237
173 301
173 365
173 1076
173 1141
174 46
174 110
174 238
174 302
174 355
174 366
174 423
174 816
174 848
174 1019
174 1144
175 47
175 111
175 239
175 303
175 367
175 449
175 513
176 48
176 112
176 240
176 304
176 368
176 1068
176 1148
176 1200
177 49
177 113
177 241
177 305
178 21
178 50
178 114
178 242
178 306
178 370
178 957
179 51
179 115
179 243
179 248
179 307
179 371
179 439
179 573
179 600
179 665
179 823
179 867
179 944
180 52
180 116
180 244
180 308
180 372
180 615
180 871
180 1061
180 1147
180 1271
181 52
181 53
181 61
181 117
181 245
181 309
181 373
181 642
181 660
181 935
182 54
182 118
182 246
182 310
182 374
183 55
183 116
183 119
183 247
183 311
183 375
183 1247
184 56
184 120
184 248
184 300
184 305
184 312
184 376
184 624
184 1134
184 1137
184 1232
185 57
185 121
185 231
185 249
185 313
185 348
185 377
185 556
185 685
185 1108
185 1198
186 58
186 122
186 250
186 314
186 382
186 1018
187 43
187 59
187 123
187 251
187 315
187 635
187 811
188 60
188 124
188 252
188 316
188 767
188 1016
189 61
189 125
189 253
189 308
189 317
189 381
189 686
189 793
190 62
190 126
190 254
190 318
190 574
191 127
191 255
191 319
192 0
192 55
192 64
192 128
192 256
192 290
192 320
192 384
192 418
192 576
192 740
192 1092
193 1
193 27
193 65
193 129
193 257
193 321
193 385
193 1025
194 2
194 66
194 130
194 258
194 322
194 375
194 386
194 409
194 996
194 1216
195 3
195 67
195 131
195 259
195 323
195 387
196 4
196 68
196 132
196 260
196 311
196 324
196 365
196 388
196 448
196 1060
197 5
197 69
197 133
197 261
197 325
197 389
197 1142
198 6
198 13
198 70
198 77
198 134
198 262
198 326
198 390
198 454
198 518
198 582
198 646
198 710
198 774
198 838
198 902
198 966
198 1030
198 1094
198 1158
198 1222
199 7
199 71
199 135
199 263
199 327
199 391
199 1238
200 8
200 72
200 136
200 264
200 265
200 328
200 329
200 392
200 457
200 521
200 585
200 649
200 713
200 777
200 841
200 905
200 969
200 1033
200 1097
200 1161
200 1225
201 9
201 17
201 73
201 137
201 139
201 203
201 264
201 265
201 267
201 329
201 331
201 393
201 395
201 456
201 459
201 520
201 584
201 587
201 648
201 712
201 776
201 781
201 840
201 907
201 968
201 973
201 1032
201 1037
202 10
202 74
202 138
202 266
202 330
202 394
203 9
203 11
203 17
203 73
203 75
203 137
203 139
203 201
203 264
203 267
203 331
203 393
203 395
203 456
203 459
203 520
203 584
203 587
203 648
203 712
203 776
203 781
203 840
203 907
203 968
203 1032
203 1037
204 12
204 76
204 140
204 268
204 332
204 396
204 580
204 863
205 9
205 11
205 13
205 75
205 77
205 137
205 139
205 141
205 267
205 269
205 331
205 333
205 395
205 397
205 459
205 461
205 520
205 525
205 584
205 589
205 653
205 712
205 717
205 776
205 781
205 840
205 845
205 904
205 907
205 909
205 968
205 971
205 973
205 1032
205 1035
205 1037
205 1096
205 1101
205 1160
205 1229
206 14
206 78
206 142
206 270
206 334
206 398
206 1270
207 15
207 79
207 143
207 271
207 335
207 399
207 471
207 1117
208 16
208 80
208 144
208 272
208 336
208 380
208 400
208 510
209 17
209 81
209 145
209 273
209 337
209 401
210 18
210 82
210 146
210 274
210 338
210 402
210 610
210 815
211 19
211 83
211 89
211 99
211 147
211 275
211 339
211 403
211 873
211 1055
211 1241
212 20
212 84
212 148
212 228
212 276
212 340
212 404
213 21
213 85
213 149
213 277
213 341
213 360
213 403
213 405
213 768
213 947
213 1266
214 22
214 86
214 150
214 278
214 342
214 406
215 23
215 87
215 151
215 279
215 343
215 407
215 929
216 24
216 88
216 152
216 280
216 344
216 408
217 25
217 89
217 153
217 281
217 345
217 409
217 729
217 852
217 887
217 1242
218 26
218 90
218 115
218 154
218 220
218 282
218 346
218 410
218 578
218 1006
219 27
219 50
219 76
219 91
219 155
219 283
219 347
219 411
220 28
220 92
220 115
220 156
220 218
220 282
220 284
220 348
220 412
220 578
220 1006
221 29
221 93
221 157
221 285
221 349
221 411
221 413
222 30
222 94
222 158
222 286
222 350
222 361
222 414
222 1010
222 1069
222 1109
223 31
223 49
223 95
223 159
223 287
223 351
223 415
223 1073
224 32
224 96
224 160
224 288
224 352
224 416
225 33
225 97
225 161
225 289
225 353
225 417
225 746
226 34
226 41
226 98
226 162
226 290
226 354
226 418
226 650
227 35
227 48
227 99
227 163
227 280
227 291
227 355
227 410
227 412
227 419
227 1104
228 36
228 100
228 164
228 212
228 292
228 356
228 420
229 37
229 68
229 101
229 165
229 293
229 357
229 421
229 546
229 836
230 10
230 36
230 38
230 102
230 140
230 166
230 294
230 358
230 422
230 1135
230 1162
231 39
231 103
231 167
231 185
231 295
231 348
231 359
231 423
231 556
231 685
231 1108
231 1198
232 40
232 104
232 168
232 296
232 360
232 424
232 483
232 720
232 995
232 1021
233 41
233 105
233 130
233 159
233 169
233 297
233 361
233 425
233 644
233 866
233 868
233 941
234 42
234 106
234 170
234 298
234 362
234 426
234 1190
235 171
235 299
235 363
236 44
236 108
236 172
236 300
236 364
236 428
236 505
236 702
236 1017
237 45
237 109
237 173
237 301
237 365
237 429
237 829
237 1237
238 46
238 110
238 174
238 302
238 355
238 366
238 423
238 430
238 816
238 848
238 1019
238 1144
239 47
239 111
239 175
239 303
239 367
239 431
239 926
239 1042
240 48
240 112
240 176
240 304
240 368
240 432
240 1070
240 1150
241 49
241 113
241 177
241 272
241 305
241 369
241 433
241 701
242 40
242 50
242 114
242 178
242 306
242 370
242 434
242 1196
243 51
243 115
243 179
243 307
243 364
243 371
243 435
243 492
243 757
243 1075
243 1264
244 52
244 116
244 180
244 308
244 372
244 436
244 689
245 53
245 117
245 181
245 309
245 373
245 437
245 679
245 691
245 788
245 818
245 958
246 54
246 118
246 182
246 310
246 374
246 438
247 55
247 119
247 183
247 311
247 375
247 439
247 943
247 1156
248 56
248 120
248 179
248 184
248 312
248 376
248 439
248 440
248 573
248 600
248 665
248 823
248 867
248 944
249 57
249 121
249 185
249 313
249 377
249 433
249 889
250 122
250 186
250 314
250 378
250 1003
251 59
251 123
251 187
251 315
251 379
251 447
252 124
252 188
252 316
252 380
252 442
252 699
253 26
253 61
253 125
253 189
253 317
253 381
253 445
253 921
253 1113
253 1118
253 1124
253 1240
254 126
254 190
254 318
255 127
255 191
255 316
255 319
255 383
255 499
255 753
255 812
255 1140
256 64
256 128
256 192
256 320
256 384
256 448
256 658
256 772
257 65
257 129
257 193
257 321
257 385
257 449
257 662
258 66
258 130
258 194
258 322
258 386
258 450
259 67
259 131
259 195
259 323
259 387
259 451
260 24
260 68
260 132
260 196
260 324
260 388
260 452
260 542
260 596
260 1177
261 69
261 133
261 197
261 325
261 389
261 453
261 901
262 6
262 13
262 70
262 77
262 134
262 198
262 326
262 390
262 454
262 518
262 582
262 646
262 710
262 774
262 838
262 902
262 966
262 1030
262 1094
262 1099
262 1158
262 1222
263 71
263 135
263 199
263 327
263 391
263 455
263 603
264 9
264 17
264 72
264 73
264 136
264 137
264 139
264 200
264 201
264 203
264 267
264 328
264 331
264 392
264 393
264 395
264 456
264 459
264 520
264 584
264 587
264 648
264 712
264 776
264 781
264 840
264 907
264 968
264 1032
264 1037
265 8
265 72
265 73
265 136
265 137
265 200
265 201
265 329
265 392
265 393
265 457
265 521
265 585
265 649
265 713
265 777
265 841
265 905
265 969
265 1033
265 1097
265 1161
265 1225
266 74
266 138
266 202
266 330
266 394
266 458
266 1028
267 9
267 11
267 73
267 75
267 137
267 139
267 201
267 203
267 205
267 264
267 269
267 331
267 333
267 395
267 397
267 459
267 461
267 520
267 525
267 584
267 587
267 589
267 648
267 653
267 712
267 717
267 776
267 781
267 840
267 845
267 904
267 907
267 909
267 968
267 971
267 973
267 1032
267 1035
267 1037
267 1096
267 1101
267 1224
268 76
268 140
268 204
268 332
268 396
268 460
268 735
269 9
269 11
269 13
269 75
269 77
269 139
269 141
269 205
269 267
269 331
269 333
269 397
269 461
269 520
269 525
269 589
269 653
269 712
269 717
269 840
269 845
269 904
269 909
269 968
269 971
269 973
269 1032
269 1035
269 1037
269 1096
269 1099
269 1101
269 1160
269 1165
270 78
270 142
270 206
270 334
270 398
270 462
271 79
271 143
271 207
271 335
271 399
271 463
271 801
271 961
271 1243
271 1244
272 80
272 144
272 208
272 241
272 336
272 400
272 464
272 701
273 81
273 145
273 209
273 337
273 401
273 465
274 82
274 146
274 210
274 306
274 338
274 402
274 466
274 951
274 1172
275 83
275 147
275 211
275 339
275 403
275 467
275 516
275 595
275 606
276 84
276 148
276 163
276 169
276 212
276 340
276 344
276 404
276 468
276 789
276 875
276 949
276 1005
276 1112
276 1191
277 85
277 149
277 168
277 213
277 341
277 351
277 405
277 469
277 813
278 86
278 150
278 214
278 342
278 406
278 470
279 87
279 151
279 215
279 343
279 407
279 471
279 663
280 48
280 88
280 152
280 216
280 227
280 344
280 408
280 410
280 412
280 472
280 1104
281 89
281 153
281 217
281 345
281 409
281 473
281 509
281 898
281 1107
282 90
282 115
282 154
282 218
282 220
282 346
282 410
282 474
282 578
282 1006
283 91
283 155
283 219
283 347
283 411
283 475
284 92
284 156
284 220
284 348
284 412
284 476
284 1219
285 79
285 93
285 157
285 221
285 349
285 413
285 477
285 1223
286 39
286 94
286 158
286 222
286 350
286 414
286 478
286 607
286 696
286 1128
287 95
287 159
287 223
287 351
287 415
287 479
287 933
287 1189
287 1250
288 96
288 160
288 224
288 352
288 416
288 480
288 977
289 97
289 161
289 225
289 353
289 417
289 481
289 643
289 1185
290 55
290 98
290 162
290 192
290 226
290 354
290 418
290 482
290 576
290 740
290 1092
291 99
291 104
291 163
291 227
291 355
291 370
291 419
291 483
291 602
291 656
291 754
291 1058
292 100
292 164
292 228
292 356
292 420
292 484
292 885
293 101
293 165
293 229
293 357
293 386
293 421
293 485
293 514
293 640
293 741
293 882
293 1074
294 102
294 166
294 230
294 358
294 422
294 486
295 103
295 167
295 231
295 359
295 423
295 487
295 538
295 567
295 1168
296 104
296 168
296 232
296 360
296 424
296 488
296 900
297 16
297 105
297 167
297 169
297 233
297 361
297 425
297 476
297 489
297 681
297 857
297 912
297 986
297 1133
298 106
298 170
298 234
298 362
298 391
298 426
298 490
299 171
299 235
299 363
299 570
299 1279
300 108
300 172
300 184
300 236
300 305
300 364
300 428
300 492
300 624
300 1134
300 1137
300 1232
301 66
301 103
301 109
301 149
301 173
301 237
301 365
301 429
301 493
301 564
302 110
302 174
302 238
302 313
302 366
302 430
302 504
302 507
302 748
302 792
302 1260
303 111
303 175
303 239
303 367
303 385
303 431
303 495
304 112
304 176
304 240
304 368
304 432
304 496
304 1009
304 1083
304 1209
305 113
305 177
305 184
305 241
305 300
305 369
305 433
305 497
305 624
305 1134
305 1137
305 1232
306 114
306 178
306 242
306 274
306 370
306 434
306 498
306 951
306 1172
307 115
307 179
307 243
307 371
307 435
308 116
308 180
308 189
308 244
308 372
308 436
308 500
308 686
308 793
309 80
309 117
309 181
309 245
309 373
309 437
309 501
309 1063
310 118
310 182
310 246
310 374
310 438
310 502
311 119
311 183
311 196
311 247
311 365
311 375
311 439
311 448
311 503
311 1060
312 120
312 184
312 248
312 376
312 379
312 440
312 563
312 1203
313 185
313 249
313 302
313 377
313 441
313 504
313 507
313 748
313 792
313 1260
314 122
314 186
314 250
314 378
314 432
314 442
314 506
315 123
315 125
315 187
315 251
315 379
315 443
315 464
315 484
315 507
315 1064
315 1176
315 1211
316 124
316 188
316 252
316 255
316 380
316 444
316 499
316 508
316 753
316 812
316 1140
317 45
317 120
317 125
317 189
317 253
317 381
317 445
317 509
317 512
317 533
317 690
317 981
317 1050
318 126
318 190
318 254
318 382
318 446
318 572
318 831
318 939
318 1072
319 191
319 255
319 383
319 447
319 877
320 128
320 148
320 192
320 256
320 384
320 448
320 512
320 621
320 804
320 896
320 1277
321 129
321 193
321 257
321 385
321 449
321 513
322 130
322 164
322 194
322 258
322 386
322 450
322 514
322 676
322 1088
322 1154
323 131
323 195
323 259
323 387
323 451
323 515
323 1034
324 132
324 196
324 260
324 388
324 452
324 482
324 516
324 759
325 133
325 197
325 261
325 389
325 453
325 517
326 6
326 13
326 70
326 134
326 198
326 262
326 390
326 454
326 518
326 582
326 646
326 710
326 774
326 838
326 902
326 966
326 1030
326 1094
326 1158
326 1163
326 1222
327 135
327 199
327 263
327 391
327 455
327 519
328 17
328 136
328 200
328 264
328 392
328 393
328 456
328 520
328 648
329 8
329 72
329 136
329 137
329 200
329 201
329 265
329 392
329 393
329 457
329 521
329 585
329 649
329 713
329 777
329 841
329 905
329 969
329 1033
329 1097
329 1161
329 1225
330 138
330 202
330 266
330 394
330 458
330 522
330 1039
331 9
331 11
331 73
331 75
331 137
331 139
331 201
331 203
331 205
331 264
331 267
331 269
331 333
331 395
331 397
331 459
331 461
331 520
331 523
331 525
331 584
331 587
331 589
331 648
331 653
331 712
331 717
331 776
331 781
331 840
331 845
331 904
331 907
331 909
331 968
331 971
331 973
331 1032
331 1035
331 1037
331 1096
331 1101
331 1160
331 1165
331 1224
331 1229
332 140
332 204
332 268
332 396
332 460
332 524
333 9
333 11
333 13
333 75
333 77
333 139
333 141
333 205
333 267
333 269
333 331
333 397
333 459
333 461
333 520
333 525
333 589
333 653
333 712
333 717
333 781
333 840
333 845
333 904
333 907
333 909
333 968
333 971
333 973
333 1032
333 1035
333 1037
333 1096
333 1099
333 1101
333 1160
333 1163
333 1165
334 142
334 206
334 270
334 398
334 462
334 480
334 526
334 1038
335 143
335 207
335 271
335 399
335 463
335 527
336 144
336 172
336 208
336 272
336 400
336 428
336 464
336 528
336 571
336 629
337 145
337 209
337 273
337 401
337 465
337 529
338 146
338 210
338 274
338 402
338 466
338 478
338 530
339 147
339 211
339 275
339 403
339 467
339 531
339 677
339 798
339 1059
339 1116
340 148
340 212
340 276
340 404
340 468
340 532
341 149
341 213
341 277
341 405
341 469
341 501
341 533
342 143
342 150
342 214
342 278
342 406
342 470
342 534
343 151
343 215
343 279
343 407
343 471
343 535
344 152
344 163
344 169
344 216
344 276
344 280
344 408
344 472
344 536
344 789
344 875
344 949
344 1005
344 1112
344 1191
345 144
345 153
345 217
345 281
345 409
345 473
345 537
345 1265
346 59
346 154
346 218
346 282
346 410
346 474
346 496
346 538
346 547
346 1136
347 155
347 219
347 283
347 411
347 475
347 539
348 156
348 185
348 220
348 231
348 284
348 412
348 476
348 540
348 556
348 685
348 1108
348 1198
349 157
349 221
349 285
349 413
349 477
349 541
350 158
350 222
350 286
350 414
350 478
350 542
350 1218
351 159
351 168
351 223
351 277
351 287
351 415
351 479
351 543
351 813
352 160
352 224
352 288
352 416
352 480
352 544
353 161
353 225
353 289
353 417
353 481
353 545
354 162
354 226
354 290
354 418
354 482
354 546
354 1103
354 1239
355 163
355 174
355 227
355 238
355 291
355 419
355 423
355 483
355 547
355 816
355 848
355 1019
355 1144
356 164
356 228
356 292
356 420
356 484
356 548
357 165
357 229
357 293
357 421
357 485
357 549
357 668
358 166
358 230
358 294
358 422
358 486
358 550
359 167
359 231
359 295
359 423
359 487
359 551
360 168
360 213
360 232
360 296
360 403
360 424
360 488
360 552
360 768
360 947
360 1266
361 169
361 222
361 233
361 297
361 425
361 489
361 553
361 1010
361 1069
361 1109
362 170
362 234
362 298
362 426
362 490
362 554
363 171
363 235
363 299
363 427
363 491
363 508
363 632
363 824
363 999
363 1008
364 172
364 236
364 243
364 300
364 371
364 428
364 492
364 556
364 757
364 1075
364 1264
365 173
365 196
365 237
365 301
365 311
365 429
365 448
365 493
365 557
365 1060
366 174
366 238
366 302
366 430
366 494
366 945
367 175
367 239
367 303
367 431
367 495
367 559
368 176
368 240
368 304
368 432
368 496
368 560
369 241
369 305
369 433
369 497
369 684
369 808
369 1259
370 104
370 178
370 242
370 291
370 306
370 434
370 498
370 562
370 602
370 656
370 754
370 1058
371 179
371 243
371 307
371 364
371 435
371 492
371 499
371 563
371 757
371 1075
371 1264
372 180
372 244
372 308
372 436
372 500
372 564
372 688
372 692
372 1275
373 19
373 181
373 245
373 309
373 405
373 437
373 501
373 565
373 631
374 182
374 246
374 310
374 438
374 502
374 566
374 1159
375 183
375 194
375 247
375 311
375 409
375 439
375 503
375 567
375 996
375 1216
376 184
376 248
376 312
376 440
376 504
376 568
377 185
377 249
377 313
377 441
377 505
377 1195
378 58
378 250
378 314
378 442
378 506
378 761
378 830
379 251
379 312
379 315
379 443
379 507
379 563
379 571
379 1203
380 208
380 252
380 316
380 444
380 508
380 510
381 189
381 253
381 317
381 445
381 509
381 573
381 636
382 186
382 318
382 446
382 510
382 1018
383 51
383 255
383 319
383 447
383 511
383 826
383 959
384 192
384 256
384 320
384 448
384 512
384 532
384 576
384 937
384 1149
385 193
385 257
385 303
385 321
385 449
385 513
385 577
386 194
386 258
386 293
386 322
386 450
386 514
386 578
386 640
386 741
386 882
386 1074
387 195
387 259
387 323
387 451
387 515
387 579
387 842
387 872
387 1269
388 196
388 260
388 324
388 452
388 516
388 580
388 1246
389 197
389 261
389 325
389 453
389 517
389 581
389 645
390 6
390 13
390 70
390 77
390 134
390 198
390 262
390 326
390 454
390 518
390 582
390 646
390 710
390 774
390 838
390 902
390 966
390 1030
390 1094
390 1099
390 1158
390 1163
390 1222
390 1227
391 199
391 263
391 298
391 327
391 455
391 519
391 583
392 8
392 72
392 136
392 200
392 264
392 265
392 328
392 329
392 456
392 457
392 520
392 521
392 584
392 585
392 649
392 713
392 777
392 841
392 905
392 969
392 1033
392 1097
392 1161
392 1225
393 17
393 73
393 137
393 201
393 203
393 264
393 265
393 328
393 329
393 395
393 456
393 457
393 521
393 584
393 585
393 587
393 648
393 776
394 202
394 266
394 330
394 458
394 522
394 586
395 9
395 17
395 73
395 137
395 139
395 201
395 203
395 205
395 264
395 267
395 331
395 393
395 459
395 520
395 523
395 525
395 584
395 587
395 648
395 653
395 712
395 717
395 776
395 781
395 840
395 904
395 907
395 968
395 971
395 973
395 1032
395 1037
395 1096
395 1101
395 1224
395 1229
396 95
396 204
396 268
396 332
396 460
396 524
396 588
396 970
397 9
397 11
397 13
397 75
397 77
397 139
397 141
397 205
397 267
397 269
397 331
397 333
397 459
397 461
397 520
397 525
397 584
397 589
397 653
397 712
397 717
397 781
397 840
397 845
397 904
397 907
397 909
397 968
397 971
397 973
397 1032
397 1035
397 1037
397 1096
397 1099
397 1101
397 1160
397 1165
397 1224
397 1227
397 1229
398 206
398 270
398 334
398 462
398 526
398 590
399 207
399 271
399 335
399 463
399 527
399 591
399 992
400 88
400 208
400 272
400 336
400 464
400 528
400 592
400 794
400 922
400 952
401 209
401 273
401 337
401 465
401 529
401 593
402 210
402 274
402 338
402 466
402 530
402 594
402 670
403 211
403 213
403 275
403 339
403 360
403 467
403 531
403 595
403 768
403 947
403 1266
404 212
404 276
404 340
404 468
404 532
404 596
404 920
404 1145
405 19
405 213
405 277
405 341
405 373
405 469
405 533
405 597
405 631
406 214
406 278
406 342
406 470
406 534
406 598
407 215
407 279
407 343
407 451
407 471
407 535
407 599
408 216
408 280
408 344
408 472
408 536
408 557
408 600
408 616
408 675
408 680
408 942
409 194
409 217
409 281
409 345
409 375
409 473
409 537
409 601
409 996
409 1216
410 48
410 218
410 227
410 280
410 282
410 346
410 412
410 474
410 538
410 602
410 1104
411 219
411 221
411 283
411 347
411 475
411 539
411 603
412 48
412 220
412 227
412 280
412 284
412 348
412 410
412 476
412 540
412 604
412 1104
413 221
413 285
413 349
413 460
413 477
413 541
413 605
414 222
414 286
414 350
414 478
414 542
414 606
414 1187
415 128
415 223
415 287
415 351
415 421
415 434
415 479
415 543
415 562
415 607
415 738
415 1044
416 224
416 288
416 352
416 480
416 544
416 608
417 225
417 289
417 353
417 481
417 545
417 609
418 55
418 192
418 226
418 290
418 354
418 482
418 546
418 576
418 610
418 740
418 1092
419 227
419 291
419 355
419 483
419 547
419 611
419 743
420 228
420 292
420 356
420 484
420 495
420 503
420 548
420 612
420 1152
421 128
421 229
421 293
421 357
421 415
421 434
421 485
421 549
421 562
421 613
421 738
421 1044
422 230
422 294
422 358
422 486
422 550
422 614
423 174
423 231
423 238
423 295
423 355
423 359
423 487
423 551
423 615
423 816
423 848
423 1019
423 1144
424 232
424 296
424 360
424 488
424 552
424 616
424 1045
425 30
425 233
425 297
425 361
425 489
425 553
425 617
426 234
426 298
426 362
426 490
426 554
426 618
427 363
427 491
428 172
428 236
428 300
428 336
428 364
428 492
428 556
428 571
428 620
428 629
429 237
429 301
429 365
429 493
429 557
429 621
429 745
430 238
430 302
430 366
430 437
430 494
430 558
430 622
430 1251
431 239
431 303
431 367
431 495
431 559
431 623
431 1186
432 240
432 304
432 314
432 368
432 496
432 560
432 624
433 241
433 249
433 305
433 369
433 497
433 561
433 625
433 889
434 128
434 242
434 306
434 370
434 415
434 421
434 498
434 562
434 626
434 738
434 1044
435 243
435 307
435 371
435 499
435 563
435 627
435 637
435 664
435 784
435 948
435 1272
436 154
436 244
436 308
436 372
436 500
436 564
436 628
436 799
437 245
437 309
437 373
437 430
437 501
437 565
437 629
437 1251
438 246
438 310
438 374
438 502
438 566
438 581
438 608
438 630
439 179
439 247
439 248
439 311
439 375
439 503
439 567
439 573
439 600
439 631
439 665
439 823
439 867
439 944
440 108
440 248
440 312
440 376
440 504
440 568
440 632
440 1132
441 313
441 377
441 505
441 561
441 569
442 252
442 314
442 378
442 506
442 570
442 699
443 315
443 379
443 507
443 571
443 1020
444 316
444 380
444 508
444 572
444 620
444 622
444 627
444 1082
445 64
445 253
445 317
445 381
445 509
445 573
445 637
445 1236
445 1261
446 318
446 382
446 510
447 251
447 319
447 383
447 511
447 575
448 196
448 256
448 311
448 320
448 365
448 384
448 512
448 576
448 640
448 1060
449 175
449 257
449 321
449 385
449 513
449 577
449 641
450 258
450 322
450 386
450 514
450 578
450 642
450 917
450 980
451 259
451 323
451 387
451 407
451 515
451 579
451 643
452 260
452 324
452 388
452 516
452 580
452 644
453 261
453 325
453 389
453 517
453 581
453 645
454 6
454 13
454 70
454 77
454 134
454 198
454 262
454 326
454 390
454 518
454 582
454 646
454 710
454 774
454 838
454 902
454 966
454 1030
454 1094
454 1099
454 1158
454 1163
454 1222
454 1227
455 263
455 327
455 391
455 519
455 583
455 647
456 17
456 73
456 201
456 203
456 264
456 328
456 392
456 393
456 520
456 584
456 587
456 648
457 8
457 72
457 136
457 200
457 265
457 329
457 392
457 393
457 521
457 585
457 649
457 713
457 777
457 841
457 905
457 969
457 1033
457 1097
457 1161
457 1225
458 37
458 156
458 266
458 330
458 394
458 522
458 586
458 650
459 9
459 11
459 73
459 75
459 137
459 139
459 201
459 203
459 205
459 264
459 267
459 331
459 333
459 395
459 397
459 461
459 520
459 523
459 525
459 584
459 587
459 589
459 648
459 651
459 653
459 712
459 717
459 776
459 781
459 840
459 845
459 904
459 907
459 909
459 968
459 971
459 973
459 1032
459 1037
459 1096
459 1101
459 1160
459 1224
459 1229
460 268
460 332
460 396
460 413
460 524
460 588
460 652
461 9
461 11
461 13
461 75
461 77
461 139
461 141
461 205
461 267
461 269
461 331
461 333
461 397
461 459
461 520
461 525
461 589
461 653
461 712
461 717
461 781
461 840
461 845
461 904
461 907
461 909
461 968
461 971
461 973
461 1032
461 1035
461 1037
461 1096
461 1099
461 1101
461 1160
461 1163
461 1165
461 1224
461 1227
461 1229
462 270
462 334
462 398
462 526
462 590
462 654
463 92
463 271
463 335
463 399
463 527
463 591
463 655
464 125
464 272
464 315
464 336
464 400
464 484
464 528
464 592
464 656
464 1064
464 1176
464 1211
465 273
465 337
465 401
465 529
465 593
465 657
466 119
466 274
466 338
466 402
466 530
466 594
466 658
466 780
467 275
467 339
467 403
467 531
467 595
467 659
467 1213
468 276
468 340
468 404
468 487
468 532
468 596
468 660
468 671
468 724
468 946
468 1085
469 277
469 341
469 405
469 500
469 533
469 597
469 661
469 756
469 821
470 278
470 342
470 406
470 534
470 598
470 662
470 711
471 207
471 279
471 343
471 407
471 535
471 599
471 663
471 1117
472 280
472 344
472 408
472 536
472 600
472 664
472 962
473 281
473 345
473 409
473 537
473 551
473 601
473 665
473 796
473 976
473 1268
474 53
474 282
474 346
474 410
474 538
474 602
474 666
474 760
474 984
475 83
475 283
475 347
475 411
475 539
475 603
475 667
475 919
476 16
476 167
476 284
476 297
476 348
476 412
476 540
476 604
476 668
476 681
476 857
476 912
476 986
476 1133
477 285
477 349
477 413
477 541
477 605
477 669
478 286
478 338
478 350
478 414
478 542
478 606
478 670
479 287
479 351
479 415
479 524
479 531
479 543
479 607
479 671
479 930
479 960
479 994
479 1007
479 1143
480 288
480 334
480 352
480 416
480 544
480 608
480 672
480 1038
481 289
481 353
481 417
481 545
481 609
481 673
481 1052
481 1089
482 290
482 324
482 354
482 418
482 546
482 610
482 674
482 759
483 232
483 291
483 355
483 419
483 547
483 611
483 675
483 720
483 995
483 1021
484 125
484 292
484 315
484 356
484 420
484 464
484 548
484 612
484 676
484 1064
484 1176
484 1211
485 56
485 293
485 357
485 421
485 548
485 549
485 613
485 677
485 1024
485 1090
486 294
486 358
486 422
486 550
486 614
486 678
487 295
487 359
487 423
487 468
487 551
487 615
487 671
487 679
487 724
487 946
487 1085
488 296
488 360
488 424
488 552
488 616
488 680
488 786
489 297
489 361
489 425
489 553
489 617
489 681
489 1173
490 87
490 298
490 362
490 426
490 554
490 618
490 682
490 1245
491 363
491 427
491 555
492 243
492 300
492 364
492 371
492 428
492 556
492 620
492 684
492 757
492 1075
492 1264
493 301
493 365
493 429
493 557
493 604
493 621
493 685
493 1119
494 121
494 366
494 430
494 558
494 622
494 686
495 303
495 367
495 420
495 431
495 503
495 559
495 623
495 687
495 1152
496 59
496 304
496 346
496 368
496 432
496 547
496 560
496 624
496 688
496 1136
497 305
497 369
497 433
497 561
497 592
497 625
497 689
497 803
497 1040
498 306
498 370
498 434
498 562
498 626
498 690
499 255
499 316
499 371
499 435
499 563
499 627
499 691
499 753
499 812
499 1140
500 308
500 372
500 436
500 469
500 564
500 628
500 692
500 756
500 821
501 309
501 341
501 373
501 437
501 565
501 629
501 693
502 310
502 374
502 438
502 566
502 581
502 608
502 630
502 694
503 311
503 375
503 420
503 439
503 495
503 567
503 631
503 695
503 1152
504 302
504 313
504 376
504 440
504 507
504 568
504 632
504 696
504 748
504 792
504 1260
505 236
505 377
505 441
505 569
505 633
505 702
505 1017
506 314
506 378
506 442
506 570
506 634
506 940
506 1273
507 302
507 313
507 315
507 379
507 443
507 504
507 571
507 635
507 748
507 792
507 1260
508 316
508 363
508 380
508 444
508 572
508 632
508 636
508 700
508 824
508 999
508 1008
509 281
509 317
509 381
509 445
509 573
509 637
509 701
509 898
509 1107
510 208
510 380
510 382
510 446
510 574
510 638
511 383
511 447
511 575
511 639
511 1011
512 45
512 120
512 317
512 320
512 384
512 448
512 533
512 576
512 640
512 690
512 704
512 981
512 1050
513 175
513 321
513 385
513 449
513 577
513 641
513 705
514 293
514 322
514 386
514 450
514 578
514 640
514 642
514 706
514 741
514 882
514 1074
515 323
515 387
515 451
515 579
515 643
515 707
515 1106
516 275
516 324
516 388
516 452
516 580
516 595
516 606
516 644
516 708
517 325
517 389
517 453
517 581
517 645
517 709
518 6
518 13
518 70
518 77
518 134
518 198
518 262
518 326
518 390
518 454
518 582
518 646
518 710
518 774
518 838
518 902
518 966
518 1030
518 1094
518 1099
518 1158
518 1163
518 1222
518 1227
519 327
519 391
519 455
519 583
519 647
519 711
520 9
520 11
520 73
520 75
520 137
520 139
520 201
520 203
520 205
520 264
520 267
520 269
520 328
520 331
520 333
520 392
520 395
520 397
520 456
520 459
520 461
520 525
520 584
520 587
520 589
520 648
520 653
520 712
520 717
520 776
520 781
520 840
520 845
520 904
520 907
520 909
520 968
520 971
520 973
520 1032
520 1035
520 1037
520 1096
520 1101
520 1160
520 1165
520 1224
520 1229
521 8
521 72
521 136
521 200
521 265
521 329
521 392
521 393
521 457
521 585
521 649
521 713
521 777
521 841
521 905
521 969
521 1033
521 1097
521 1161
521 1225
522 330
522 394
522 458
522 586
522 650
522 714
523 331
523 395
523 459
523 587
523 651
523 715
524 332
524 396
524 460
524 479
524 531
524 588
524 652
524 716
524 930
524 960
524 994
524 1007
524 1143
525 9
525 11
525 13
525 75
525 77
525 137
525 139
525 141
525 205
525 267
525 269
525 331
525 333
525 395
525 397
525 459
525 461
525 520
525 584
525 589
525 653
525 712
525 717
525 776
525 781
525 840
525 845
525 904
525 907
525 909
525 968
525 971
525 973
525 1032
525 1035
525 1037
525 1096
525 1099
525 1101
525 1160
525 1165
525 1224
525 1227
525 1229
526 334
526 398
526 462
526 590
526 654
526 718
527 170
527 335
527 399
527 463
527 591
527 655
527 719
528 336
528 400
528 464
528 592
528 656
528 720
528 730
528 765
528 807
528 888
528 1123
529 337
529 401
529 465
529 593
529 657
529 721
530 338
530 402
530 466
530 594
530 658
530 722
531 339
531 403
531 467
531 479
531 524
531 595
531 659
531 723
531 930
531 960
531 994
531 1007
531 1143
532 340
532 384
532 404
532 468
532 596
532 660
532 724
532 937
532 1149
533 45
533 120
533 317
533 341
533 405
533 469
533 512
533 597
533 661
533 690
533 725
533 981
533 1050
534 342
534 406
534 470
534 598
534 662
534 726
535 343
535 407
535 471
535 599
535 663
535 727
535 1098
536 344
536 408
536 472
536 600
536 664
536 728
537 94
537 345
537 409
537 473
537 601
537 665
537 729
537 1077
538 295
538 346
538 410
538 474
538 567
538 602
538 666
538 730
538 1168
539 347
539 411
539 475
539 603
539 667
539 731
540 348
540 412
540 476
540 604
540 668
540 732
540 1062
540 1228
541 349
541 413
541 477
541 605
541 669
541 714
541 733
542 24
542 260
542 350
542 414
542 478
542 596
542 606
542 670
542 734
542 1177
543 44
543 351
543 415
543 479
543 565
543 607
543 671
543 735
543 1178
543 1188
543 1212
544 352
544 416
544 480
544 608
544 672
544 736
544 1027
545 42
545 353
545 417
545 481
545 609
545 673
545 737
545 874
546 68
546 229
546 354
546 418
546 482
546 610
546 674
546 738
546 836
547 59
547 346
547 355
547 419
547 483
547 496
547 611
547 675
547 739
547 1136
548 56
548 356
548 420
548 484
548 485
548 549
548 612
548 676
548 740
548 1024
548 1090
549 56
549 357
549 421
549 485
549 548
549 613
549 677
549 741
549 1024
549 1090
550 358
550 422
550 486
550 614
550 678
550 742
551 359
551 423
551 473
551 487
551 615
551 679
551 743
551 796
551 976
551 1268
552 33
552 109
552 360
552 424
552 488
552 616
552 680
552 744
553 361
553 425
553 489
553 617
553 681
553 706
553 745
553 802
553 1026
553 1138
554 362
554 426
554 490
554 618
554 682
554 746
555 491
556 185
556 231
556 348
556 364
556 428
556 492
556 620
556 684
556 685
556 748
556 1108
556 1198
557 365
557 408
557 429
557 493
557 616
557 621
557 675
557 680
557 685
557 749
557 942
558 430
558 494
558 622
558 686
558 755
558 817
558 1084
559 367
559 431
559 495
559 614
559 623
559 687
559 751
559 795
560 368
560 432
560 496
560 624
560 688
560 752
561 433
561 441
561 497
561 625
561 689
561 753
562 128
562 370
562 415
562 421
562 434
562 498
562 626
562 690
562 738
562 754
562 1044
563 312
563 371
563 379
563 435
563 499
563 627
563 691
563 1203
564 66
564 103
564 149
564 301
564 372
564 436
564 500
564 628
564 692
564 756
565 44
565 373
565 437
565 501
565 543
565 629
565 693
565 757
565 1178
565 1188
565 1212
566 374
566 438
566 502
566 630
566 694
566 758
567 295
567 375
567 439
567 503
567 538
567 631
567 695
567 759
567 1168
568 376
568 440
568 504
568 632
568 696
568 760
568 883
569 441
569 505
569 633
569 697
569 752
570 299
570 442
570 506
570 634
570 698
570 1279
571 172
571 336
571 379
571 428
571 443
571 507
571 629
571 635
571 699
571 763
572 318
572 444
572 508
572 636
572 700
572 831
572 939
572 1072
573 179
573 248
573 381
573 439
573 445
573 509
573 600
573 637
573 665
573 701
573 765
573 823
573 867
573 944
574 190
574 510
574 638
574 702
575 447
575 511
575 639
575 703
575 894
575 895
576 55
576 192
576 290
576 384
576 418
576 448
576 512
576 640
576 704
576 740
576 768
576 1092
577 385
577 449
577 513
577 641
577 705
577 769
578 115
578 218
578 220
578 282
578 386
578 450
578 514
578 642
578 706
578 770
578 1006
579 387
579 451
579 515
579 643
579 707
579 708
579 771
579 990
580 204
580 388
580 452
580 516
580 644
580 708
580 772
580 863
581 389
581 438
581 453
581 502
581 517
581 608
581 645
581 709
581 773
582 6
582 13
582 70
582 77
582 134
582 198
582 262
582 326
582 390
582 454
582 518
582 646
582 710
582 774
582 838
582 902
582 966
582 1030
582 1094
582 1099
582 1158
582 1163
582 1222
582 1227
583 391
583 455
583 519
583 647
583 711
583 775
584 9
584 73
584 137
584 139
584 201
584 203
584 205
584 264
584 267
584 331
584 392
584 393
584 395
584 397
584 456
584 459
584 520
584 525
584 587
584 589
584 648
584 653
584 712
584 717
584 776
584 781
584 840
584 904
584 907
584 909
584 968
584 971
584 973
584 1032
584 1037
584 1096
584 1101
584 1160
584 1224
584 1229
585 8
585 72
585 136
585 200
585 265
585 329
585 392
585 393
585 457
585 521
585 649
585 713
585 777
585 841
585 905
585 969
585 1033
585 1097
585 1161
585 1225
586 394
586 458
586 522
586 594
586 650
586 674
586 714
586 778
587 9
587 17
587 73
587 137
587 139
587 201
587 203
587 264
587 267
587 331
587 393
587 395
587 456
587 459
587 520
587 523
587 584
587 648
587 651
587 712
587 715
587 776
587 779
587 781
587 840
587 907
587 968
587 973
587 1032
587 1037
587 1101
587 1224
587 1229
588 2
588 396
588 460
588 524
588 652
588 716
588 780
588 915
589 9
589 11
589 13
589 75
589 77
589 137
589 139
589 141
589 205
589 267
589 269
589 331
589 333
589 397
589 459
589 461
589 520
589 525
589 584
589 653
589 712
589 717
589 781
589 840
589 845
589 904
589 907
589 909
589 968
589 971
589 973
589 1032
589 1035
589 1037
589 1096
589 1099
589 1101
589 1160
589 1165
589 1224
589 1227
589 1229
590 398
590 462
590 526
590 654
590 718
590 782
591 3
591 399
591 463
591 527
591 655
591 719
591 726
591 771
591 783
592 400
592 464
592 497
592 528
592 656
592 720
592 784
592 803
592 1040
593 401
593 465
593 529
593 657
593 721
593 785
594 402
594 466
594 530
594 586
594 658
594 674
594 722
594 786
595 275
595 403
595 467
595 516
595 531
595 606
595 659
595 723
595 787
596 24
596 260
596 404
596 468
596 532
596 542
596 660
596 724
596 788
596 1177
597 405
597 469
597 533
597 661
597 725
597 789
597 814
598 406
598 470
598 534
598 662
598 726
598 790
599 407
599 471
599 535
599 663
599 727
599 791
600 179
600 248
600 408
600 439
600 472
600 536
600 573
600 664
600 665
600 728
600 792
600 823
600 867
600 944
601 409
601 473
601 537
601 665
601 729
601 793
601 1278
602 104
602 291
602 370
602 410
602 474
602 538
602 656
602 666
602 730
602 754
602 794
602 1058
603 263
603 411
603 475
603 539
603 667
603 731
603 795
604 412
604 476
604 493
604 540
604 668
604 732
604 796
604 1119
605 413
605 477
605 541
605 669
605 733
605 797
606 275
606 414
606 478
606 516
606 542
606 595
606 670
606 734
606 798
607 39
607 286
607 415
607 479
607 543
607 671
607 696
607 735
607 799
607 1128
608 416
608 438
608 480
608 502
608 544
608 581
608 672
608 736
608 800
609 417
609 481
609 545
609 667
609 673
609 737
609 801
610 210
610 418
610 482
610 546
610 674
610 738
610 802
610 815
611 122
611 171
611 419
611 483
611 547
611 675
611 739
611 763
611 803
611 876
611 1208
612 420
612 484
612 548
612 676
612 740
612 804
612 834
612 1204
613 421
613 485
613 549
613 677
613 741
613 805
613 985
613 997
614 422
614 486
614 550
614 559
614 678
614 742
614 795
614 806
615 180
615 423
615 487
615 551
615 679
615 743
615 807
615 871
615 1061
615 1147
615 1271
616 408
616 424
616 488
616 552
616 557
616 675
616 680
616 744
616 808
616 942
617 425
617 489
617 553
617 681
617 745
617 809
618 65
618 426
618 490
618 554
618 682
618 746
618 810
619 683
620 428
620 444
620 492
620 556
620 622
620 627
620 684
620 748
620 1082
621 148
621 320
621 429
621 493
621 557
621 685
621 749
621 804
621 813
621 896
621 1277
622 430
622 444
622 494
622 558
622 620
622 627
622 686
622 750
622 1082
623 431
623 495
623 559
623 687
623 751
623 815
624 184
624 300
624 305
624 432
624 496
624 560
624 688
624 752
624 816
624 1134
624 1137
624 1232
625 433
625 497
625 561
625 689
625 753
625 817
626 434
626 498
626 562
626 690
626 754
626 818
626 860
627 435
627 444
627 499
627 563
627 620
627 622
627 691
627 755
627 1082
628 436
628 500
628 564
628 692
628 756
628 820
628 916
629 172
629 336
629 428
629 437
629 501
629 565
629 571
629 693
629 757
629 821
630 438
630 502
630 566
630 694
630 758
630 822
631 19
631 373
631 405
631 439
631 503
631 567
631 695
631 759
631 823
632 363
632 440
632 504
632 508
632 568
632 696
632 760
632 824
632 999
632 1008
633 505
633 569
633 697
633 761
634 506
634 570
634 698
635 43
635 187
635 507
635 571
635 699
635 763
635 811
636 381
636 508
636 572
636 700
636 764
637 435
637 445
637 509
637 573
637 664
637 701
637 765
637 784
637 829
637 948
637 1272
638 510
638 574
638 702
638 766
638 1004
638 1067
638 1201
639 511
639 575
639 703
639 767
640 293
640 386
640 448
640 512
640 514
640 576
640 704
640 741
640 768
640 832
640 882
640 1074
641 449
641 513
641 577
641 705
641 769
641 833
641 934
642 52
642 61
642 181
642 450
642 514
642 578
642 660
642 706
642 770
642 834
642 935
643 289
643 451
643 515
643 579
643 707
643 771
643 835
643 1185
644 130
644 159
644 233
644 452
644 516
644 580
644 708
644 772
644 836
644 866
644 868
644 941
645 389
645 453
645 517
645 581
645 709
645 773
645 837
646 6
646 13
646 70
646 77
646 134
646 198
646 262
646 326
646 390
646 454
646 518
646 582
646 710
646 774
646 838
646 902
646 966
646 1030
646 1094
646 1099
646 1158
646 1163
646 1222
646 1227
647 455
647 519
647 583
647 711
647 775
647 839
647 1231
648 17
648 73
648 137
648 201
648 203
648 264
648 267
648 328
648 331
648 393
648 395
648 456
648 459
648 520
648 584
648 587
648 712
648 776
648 781
648 840
648 907
649 8
649 72
649 136
649 200
649 265
649 329
649 392
649 457
649 521
649 585
649 713
649 777
649 841
649 905
649 969
649 1033
649 1097
649 1161
649 1225
650 41
650 226
650 458
650 522
650 586
650 714
650 778
650 842
651 459
651 523
651 587
651 715
651 779
651 843
652 2
652 460
652 524
652 588
652 716
652 780
652 844
652 915
653 9
653 11
653 13
653 75
653 77
653 137
653 139
653 141
653 205
653 267
653 269
653 331
653 333
653 395
653 397
653 459
653 461
653 520
653 525
653 584
653 589
653 712
653 717
653 776
653 781
653 840
653 845
653 904
653 907
653 909
653 968
653 971
653 973
653 1032
653 1035
653 1037
653 1096
653 1099
653 1101
653 1160
653 1165
653 1224
653 1227
653 1229
654 462
654 526
654 590
654 718
654 782
654 846
655 463
655 527
655 591
655 719
655 731
655 783
655 847
656 104
656 291
656 370
656 464
656 528
656 592
656 602
656 720
656 754
656 784
656 848
656 1058
657 465
657 529
657 593
657 721
657 785
657 849
658 256
658 466
658 530
658 594
658 722
658 772
658 786
658 850
659 20
659 467
659 531
659 595
659 723
659 787
659 851
660 52
660 61
660 181
660 468
660 532
660 596
660 642
660 724
660 788
660 852
660 935
661 123
661 469
661 533
661 597
661 725
661 789
661 853
662 257
662 470
662 534
662 598
662 726
662 790
662 854
663 279
663 471
663 535
663 599
663 727
663 791
663 855
664 435
664 472
664 536
664 600
664 637
664 728
664 784
664 792
664 856
664 948
664 1272
665 179
665 248
665 439
665 473
665 537
665 573
665 600
665 601
665 729
665 793
665 823
665 857
665 867
665 944
666 474
666 538
666 602
666 693
666 695
666 730
666 794
666 858
666 1048
666 1205
666 1255
667 475
667 539
667 603
667 609
667 731
667 795
667 859
668 357
668 476
668 540
668 604
668 732
668 796
668 860
669 131
669 477
669 541
669 605
669 733
669 797
669 861
669 989
670 402
670 478
670 542
670 606
670 734
670 798
670 862
671 468
671 479
671 487
671 543
671 607
671 724
671 735
671 799
671 863
671 946
671 1085
672 480
672 544
672 608
672 736
672 800
672 864
673 481
673 545
673 609
673 737
673 801
673 865
673 908
674 482
674 546
674 586
674 594
674 610
674 738
674 802
674 866
675 408
675 483
675 547
675 557
675 611
675 616
675 680
675 739
675 803
675 867
675 942
676 164
676 322
676 484
676 548
676 612
676 740
676 804
676 868
676 1088
676 1154
677 339
677 485
677 549
677 613
677 741
677 798
677 805
677 869
677 1059
677 1116
678 486
678 550
678 614
678 742
678 806
678 851
678 870
679 245
679 487
679 551
679 615
679 691
679 743
679 788
679 807
679 818
679 871
679 958
680 408
680 488
680 552
680 557
680 616
680 675
680 744
680 808
680 872
680 942
681 16
681 167
681 297
681 476
681 489
681 553
681 617
681 745
681 809
681 857
681 873
681 912
681 986
681 1133
682 490
682 554
682 618
682 746
682 797
682 810
682 874
683 619
683 747
683 875
684 369
684 492
684 556
684 620
684 748
684 808
684 812
684 1259
685 185
685 231
685 348
685 493
685 556
685 557
685 621
685 749
685 813
685 877
685 1108
685 1198
686 189
686 308
686 494
686 558
686 622
686 750
686 793
686 814
686 878
687 495
687 559
687 623
687 751
687 815
687 879
687 1249
688 372
688 496
688 560
688 624
688 692
688 752
688 816
688 1275
689 244
689 497
689 561
689 625
689 753
689 817
689 881
690 45
690 120
690 317
690 498
690 512
690 533
690 562
690 626
690 754
690 818
690 882
690 981
690 1050
691 245
691 499
691 563
691 627
691 679
691 755
691 788
691 818
691 819
691 883
691 958
692 372
692 500
692 564
692 628
692 688
692 756
692 820
692 884
692 1275
693 501
693 565
693 629
693 666
693 695
693 757
693 821
693 885
693 1048
693 1205
693 1255
694 502
694 566
694 630
694 758
694 822
694 886
695 503
695 567
695 631
695 666
695 693
695 759
695 823
695 887
695 1048
695 1205
695 1255
696 39
696 286
696 504
696 568
696 607
696 632
696 760
696 824
696 888
696 1128
697 569
697 633
697 761
697 764
697 825
697 880
698 127
698 570
698 634
698 762
698 826
699 252
699 442
699 571
699 635
699 763
700 57
700 126
700 508
700 572
700 636
700 764
700 828
700 892
701 241
701 272
701 509
701 573
701 637
701 765
701 829
701 893
702 236
702 505
702 574
702 638
702 766
702 830
702 1017
703 575
703 639
703 767
703 831
704 512
704 576
704 640
704 768
704 832
704 896
704 1013
704 1125
705 513
705 577
705 641
705 769
705 833
705 897
706 514
706 553
706 578
706 642
706 770
706 802
706 834
706 898
706 1026
706 1138
707 515
707 579
707 643
707 771
707 835
707 899
708 516
708 579
708 580
708 644
708 772
708 836
708 900
708 990
709 517
709 581
709 645
709 773
709 837
709 864
709 901
709 1093
709 1194
710 6
710 13
710 70
710 77
710 134
710 198
710 262
710 326
710 390
710 454
710 518
710 582
710 646
710 774
710 838
710 902
710 966
710 1030
710 1094
710 1099
710 1158
710 1163
710 1222
710 1227
711 470
711 519
711 583
711 647
711 775
711 839
711 903
712 9
712 11
712 73
712 75
712 137
712 139
712 201
712 203
712 205
712 264
712 267
712 269
712 331
712 333
712 395
712 397
712 459
712 461
712 520
712 525
712 584
712 587
712 589
712 648
712 653
712 717
712 776
712 781
712 840
712 845
712 904
712 907
712 909
712 968
712 971
712 973
712 1032
712 1037
712 1096
712 1101
712 1160
712 1224
712 1229
713 8
713 72
713 136
713 200
713 265
713 329
713 392
713 457
713 521
713 585
713 649
713 777
713 841
713 905
713 969
713 1033
713 1097
713 1161
713 1225
714 522
714 541
714 586
714 650
714 778
714 842
714 906
715 523
715 587
715 651
715 779
715 843
715 907
716 524
716 588
716 652
716 742
716 780
716 844
716 908
716 1054
717 9
717 11
717 13
717 75
717 77
717 137
717 139
717 141
717 205
717 267
717 269
717 331
717 333
717 395
717 397
717 459
717 461
717 520
717 525
717 584
717 589
717 653
717 712
717 776
717 781
717 840
717 845
717 904
717 907
717 909
717 968
717 971
717 973
717 1032
717 1035
717 1037
717 1096
717 1099
717 1101
717 1160
717 1165
717 1224
717 1227
717 1229
718 526
718 590
718 654
718 782
718 846
718 910
719 47
719 527
719 591
719 655
719 783
719 847
719 911
720 232
720 483
720 528
720 592
720 656
720 784
720 848
720 912
720 995
720 1021
721 529
721 593
721 657
721 785
721 849
721 913
722 530
722 594
722 658
722 786
722 850
722 914
722 1235
723 531
723 595
723 659
723 787
723 851
723 915
724 468
724 487
724 532
724 596
724 660
724 671
724 788
724 852
724 916
724 946
724 1085
725 533
725 597
725 661
725 789
725 820
725 853
725 917
725 931
726 3
726 534
726 591
726 598
726 662
726 771
726 790
726 854
726 918
727 157
727 535
727 599
727 663
727 791
727 850
727 855
727 911
727 919
728 536
728 600
728 664
728 792
728 856
728 920
729 217
729 537
729 601
729 665
729 793
729 852
729 857
729 887
729 921
729 1242
730 528
730 538
730 602
730 666
730 765
730 794
730 807
730 858
730 888
730 922
730 1123
731 539
731 603
731 655
731 667
731 795
731 859
731 923
732 540
732 604
732 668
732 796
732 860
732 884
732 924
732 1001
732 1202
733 541
733 605
733 669
733 797
733 861
733 925
734 542
734 606
734 670
734 798
734 862
734 926
735 268
735 543
735 607
735 671
735 799
735 863
735 927
736 544
736 608
736 672
736 800
736 864
736 928
737 545
737 609
737 673
737 801
737 865
737 929
737 963
738 128
738 415
738 421
738 434
738 546
738 562
738 610
738 674
738 802
738 866
738 930
738 1044
739 547
739 611
739 675
739 803
739 867
739 931
739 1065
739 1127
740 55
740 192
740 290
740 418
740 548
740 576
740 612
740 676
740 804
740 868
740 932
740 1092
741 293
741 386
741 514
741 549
741 613
741 640
741 677
741 805
741 869
741 882
741 933
741 1074
742 550
742 614
742 678
742 716
742 806
742 870
742 934
742 1054
743 419
743 551
743 615
743 679
743 807
743 871
743 935
744 552
744 616
744 680
744 808
744 872
744 936
744 1012
744 1253
745 429
745 553
745 617
745 681
745 809
745 873
745 937
746 225
746 554
746 618
746 682
746 810
746 874
746 938
747 683
747 811
747 875
748 302
748 313
748 504
748 507
748 556
748 620
748 684
748 792
748 812
748 876
748 940
748 1260
749 84
749 158
749 557
749 621
749 685
749 813
749 877
749 941
750 622
750 686
750 814
750 878
750 942
751 0
751 559
751 623
751 687
751 806
751 815
751 879
751 943
752 560
752 569
752 624
752 688
752 816
752 880
752 944
753 255
753 316
753 499
753 561
753 625
753 689
753 812
753 817
753 881
753 945
753 1140
754 104
754 291
754 370
754 562
754 602
754 626
754 656
754 690
754 818
754 882
754 946
754 1058
755 558
755 627
755 691
755 817
755 819
755 883
755 947
755 1084
756 469
756 500
756 564
756 628
756 692
756 820
756 821
756 884
756 948
757 243
757 364
757 371
757 492
757 565
757 629
757 693
757 821
757 885
757 949
757 1075
757 1264
758 566
758 630
758 694
758 822
758 886
758 950
759 324
759 482
759 567
759 631
759 695
759 823
759 887
759 951
760 53
760 474
760 568
760 632
760 696
760 824
760 888
760 952
760 984
761 58
761 378
761 633
761 697
761 825
761 830
761 889
761 953
762 698
762 826
763 122
763 171
763 571
763 611
763 635
763 699
763 827
763 876
763 891
763 955
763 1208
764 636
764 697
764 700
764 828
764 880
764 892
765 528
765 573
765 637
765 701
765 730
765 807
765 829
765 888
765 893
765 957
765 1123
766 62
766 110
766 638
766 702
766 830
766 894
766 958
767 188
767 639
767 703
767 831
767 895
767 1016
768 213
768 360
768 403
768 576
768 640
768 704
768 832
768 896
768 947
768 960
768 1266
769 577
769 641
769 705
769 833
769 865
769 897
769 961
770 578
770 642
770 706
770 834
770 898
770 932
770 962
770 1262
771 3
771 579
771 591
771 643
771 707
771 726
771 835
771 899
771 963
772 256
772 580
772 644
772 658
772 708
772 836
772 900
772 964
773 581
773 645
773 709
773 837
773 901
773 965
774 6
774 13
774 70
774 77
774 134
774 198
774 262
774 326
774 390
774 454
774 518
774 582
774 646
774 710
774 838
774 902
774 966
774 1030
774 1094
774 1099
774 1158
774 1163
774 1222
774 1227
775 583
775 647
775 711
775 839
775 903
775 967
776 9
776 17
776 73
776 137
776 139
776 201
776 203
776 205
776 264
776 267
776 331
776 393
776 395
776 459
776 520
776 525
776 584
776 587
776 648
776 653
776 712
776 717
776 781
776 840
776 904
776 907
776 968
776 971
776 973
776 1032
776 1037
776 1096
776 1101
776 1224
776 1229
777 8
777 72
777 136
777 200
777 265
777 329
777 392
777 457
777 521
777 585
777 649
777 713
777 841
777 905
777 969
777 1033
777 1097
777 1161
777 1225
778 82
778 586
778 650
778 714
778 842
778 906
778 970
779 587
779 651
779 715
779 843
779 907
779 971
780 119
780 466
780 588
780 652
780 716
780 844
780 908
780 972
781 9
781 73
781 75
781 137
781 139
781 201
781 203
781 205
781 264
781 267
781 331
781 333
781 395
781 397
781 459
781 461
781 520
781 525
781 584
781 587
781 589
781 648
781 653
781 712
781 717
781 776
781 840
781 845
781 904
781 907
781 909
781 968
781 971
781 973
781 1032
781 1037
781 1096
781 1101
781 1160
781 1224
781 1229
782 590
782 654
782 718
782 846
782 910
782 974
783 129
783 591
783 655
783 719
783 847
783 911
783 975
784 435
784 592
784 637
784 656
784 664
784 720
784 848
784 912
784 948
784 976
784 1272
785 593
785 657
785 721
785 849
785 913
785 977
786 488
786 594
786 658
786 722
786 850
786 914
786 978
787 595
787 659
787 723
787 851
787 915
787 979
788 245
788 596
788 660
788 679
788 691
788 724
788 818
788 852
788 916
788 958
788 980
789 163
789 169
789 276
789 344
789 597
789 661
789 725
789 853
789 875
789 917
789 949
789 981
789 1005
789 1112
789 1191
790 38
790 598
790 662
790 726
790 854
790 918
790 982
791 599
791 663
791 727
791 855
791 919
791 923
791 983
792 302
792 313
792 504
792 507
792 600
792 664
792 728
792 748
792 856
792 920
792 984
792 1260
793 189
793 308
793 601
793 665
793 686
793 729
793 857
793 921
793 985
794 88
794 400
794 602
794 666
794 730
794 858
794 922
794 952
794 986
795 559
795 603
795 614
795 667
795 731
795 859
795 923
795 987
796 473
796 551
796 604
796 668
796 732
796 860
796 924
796 976
796 988
796 1268
797 605
797 669
797 682
797 733
797 810
797 861
797 925
797 989
798 339
798 606
798 670
798 677
798 734
798 862
798 926
798 990
798 1059
798 1116
799 154
799 436
799 607
799 671
799 735
799 863
799 927
799 991
800 608
800 672
800 736
800 864
800 928
800 992
801 271
801 609
801 673
801 737
801 865
801 929
801 961
801 993
801 1243
801 1244
802 553
802 610
802 674
802 706
802 738
802 866
802 930
802 994
802 1026
802 1138
803 497
803 592
803 611
803 675
803 739
803 867
803 931
803 995
803 1040
804 148
804 320
804 612
804 621
804 676
804 740
804 868
804 896
804 932
804 996
804 1277
805 613
805 677
805 741
805 869
805 933
805 997
806 0
806 614
806 678
806 742
806 751
806 870
806 934
806 998
807 528
807 615
807 679
807 730
807 743
807 765
807 871
807 888
807 935
807 999
807 1123
808 369
808 616
808 680
808 684
808 744
808 872
808 936
808 1000
808 1259
809 617
809 681
809 745
809 873
809 937
809 1001
810 618
810 682
810 746
810 797
810 874
810 938
810 1002
811 43
811 187
811 635
811 747
811 875
811 939
812 255
812 316
812 499
812 684
812 748
812 753
812 876
812 940
812 1004
812 1140
813 168
813 277
813 351
813 621
813 685
813 749
813 877
813 941
813 1005
814 597
814 686
814 750
814 878
814 942
814 1006
815 210
815 610
815 623
815 687
815 751
815 879
815 943
815 1007
816 174
816 238
816 355
816 423
816 624
816 688
816 752
816 848
816 880
816 944
816 1008
816 1019
816 1144
817 558
817 625
817 689
817 753
817 755
817 881
817 945
817 1009
817 1084
818 245
818 626
818 679
818 690
818 691
818 754
818 788
818 882
818 946
818 958
818 1010
819 60
819 691
819 755
819 883
819 947
819 953
820 628
820 692
820 725
820 756
820 884
820 931
820 948
820 1012
821 469
821 500
821 629
821 693
821 756
821 757
821 885
821 949
821 1013
822 630
822 694
822 758
822 886
822 950
822 1014
823 179
823 248
823 439
823 573
823 600
823 631
823 665
823 695
823 759
823 867
823 887
823 944
823 951
823 1015
824 363
824 508
824 632
824 696
824 760
824 888
824 952
824 999
824 1008
825 697
825 761
825 828
825 889
825 953
826 51
826 383
826 698
826 762
826 890
826 954
826 959
827 763
827 891
827 955
827 956
828 700
828 764
828 825
828 892
829 237
829 637
829 701
829 765
829 893
829 957
829 1021
829 1237
830 58
830 378
830 702
830 761
830 766
830 894
830 958
831 318
831 572
831 703
831 767
831 895
831 939
831 959
831 1072
832 640
832 704
832 768
832 896
832 960
832 1000
832 1024
832 1234
833 641
833 705
833 769
833 897
833 961
833 1002
833 1025
833 1051
834 612
834 642
834 706
834 770
834 898
834 962
834 1026
834 1204
835 643
835 707
835 771
835 899
835 963
835 1015
835 1027
835 1256
836 68
836 229
836 546
836 644
836 708
836 772
836 900
836 964
836 1028
837 645
837 709
837 773
837 901
837 965
837 1029
838 6
838 13
838 70
838 77
838 134
838 198
838 262
838 326
838 390
838 454
838 518
838 582
838 646
838 710
838 774
838 902
838 966
838 1030
838 1094
838 1099
838 1158
838 1163
838 1222
838 1227
839 647
839 711
839 775
839 903
839 967
839 1031
840 9
840 11
840 73
840 75
840 137
840 139
840 141
840 201
840 203
840 205
840 264
840 267
840 269
840 331
840 333
840 395
840 397
840 459
840 461
840 520
840 525
840 584
840 587
840 589
840 648
840 653
840 712
840 717
840 776
840 781
840 845
840 904
840 907
840 909
840 968
840 971
840 973
840 1032
840 1035
840 1037
840 1096
840 1101
840 1160
840 1165
840 1224
840 1229
841 8
841 72
841 136
841 200
841 265
841 329
841 392
841 457
841 521
841 585
841 649
841 713
841 777
841 905
841 969
841 1033
841 1097
841 1161
841 1225
842 387
842 650
842 714
842 778
842 872
842 906
842 970
842 1034
842 1269
843 651
843 715
843 779
843 907
843 971
843 1035
844 652
844 716
844 780
844 908
844 972
844 1036
845 9
845 11
845 13
845 75
845 77
845 139
845 141
845 205
845 267
845 269
845 331
845 333
845 397
845 459
845 461
845 520
845 525
845 589
845 653
845 712
845 717
845 781
845 840
845 904
845 907
845 909
845 968
845 971
845 973
845 1032
845 1035
845 1037
845 1096
845 1099
845 1101
845 1160
845 1163
845 1165
845 1224
845 1227
845 1229
846 654
846 718
846 782
846 910
846 974
846 1038
847 655
847 719
847 783
847 911
847 975
847 1039
848 174
848 238
848 355
848 423
848 656
848 720
848 784
848 816
848 912
848 976
848 1019
848 1040
848 1144
849 657
849 721
849 785
849 913
849 977
849 1041
850 157
850 658
850 722
850 727
850 786
850 911
850 914
850 978
850 1042
851 659
851 678
851 723
851 787
851 915
851 979
851 1043
852 217
852 660
852 724
852 729
852 788
852 887
852 916
852 980
852 1044
852 1242
853 85
853 153
853 661
853 725
853 789
853 917
853 981
853 1045
854 32
854 662
854 726
854 790
854 918
854 982
854 1046
855 663
855 727
855 791
855 919
855 983
855 1047
855 1129
856 90
856 664
856 728
856 792
856 858
856 920
856 984
856 1048
857 16
857 167
857 297
857 476
857 665
857 681
857 729
857 793
857 912
857 921
857 985
857 986
857 1049
857 1133
858 90
858 666
858 730
858 794
858 856
858 922
858 986
858 1050
859 667
859 731
859 795
859 923
859 987
859 1051
860 626
860 668
860 732
860 796
860 924
860 988
860 1052
861 12
861 669
861 733
861 797
861 925
861 989
861 1053
862 4
862 670
862 734
862 798
862 926
862 990
862 1054
863 204
863 580
863 671
863 735
863 799
863 927
863 991
863 1055
864 672
864 709
864 736
864 800
864 928
864 992
864 1056
864 1093
864 1194
865 673
865 737
865 769
865 801
865 929
865 993
865 1057
866 130
866 159
866 233
866 644
866 674
866 738
866 802
866 868
866 930
866 941
866 994
866 1058
867 179
867 248
867 439
867 573
867 600
867 665
867 675
867 739
867 803
867 823
867 931
867 944
867 995
867 1059
868 130
868 159
868 233
868 644
868 676
868 740
868 804
868 866
868 932
868 941
868 996
868 1060
869 25
869 101
869 677
869 741
869 805
869 927
869 933
869 997
869 1061
869 1257
870 678
870 742
870 806
870 934
870 998
870 1062
871 180
871 615
871 679
871 743
871 807
871 935
871 999
871 1061
871 1063
871 1147
871 1271
872 387
872 680
872 744
872 808
872 842
872 936
872 1000
872 1064
872 1269
873 89
873 99
873 211
873 681
873 745
873 809
873 937
873 1001
873 1055
873 1065
873 1241
874 42
874 545
874 682
874 746
874 810
874 938
874 1002
874 1066
875 163
875 169
875 276
875 344
875 683
875 747
875 789
875 811
875 939
875 949
875 1003
875 1005
875 1067
875 1112
875 1191
876 122
876 171
876 611
876 748
876 763
876 812
876 940
876 1004
876 1068
876 1208
877 319
877 685
877 749
877 813
877 941
877 1005
877 1069
878 686
878 750
878 814
878 942
878 1006
878 1070
879 687
879 751
879 815
879 943
879 1007
879 1071
880 697
880 752
880 764
880 816
880 944
880 1008
881 105
881 689
881 753
881 817
881 945
881 1009
881 1073
882 293
882 386
882 514
882 640
882 690
882 741
882 754
882 818
882 946
882 1010
882 1074
883 568
883 691
883 755
883 819
883 947
883 1011
883 1075
884 692
884 732
884 756
884 820
884 948
884 1001
884 1012
884 1076
884 1202
885 292
885 693
885 757
885 821
885 949
885 1013
885 1077
886 694
886 758
886 822
886 950
886 1014
886 1078
887 217
887 695
887 729
887 759
887 823
887 852
887 951
887 1015
887 1079
887 1242
888 528
888 696
888 730
888 760
888 765
888 807
888 824
888 952
888 1016
888 1080
888 1123
889 249
889 433
889 761
889 825
889 953
889 1017
890 826
890 954
891 763
891 827
891 954
891 955
891 1019
891 1023
891 1083
891 1151
892 700
892 764
892 828
892 955
892 956
892 1020
892 1084
892 1215
893 35
893 701
893 765
893 829
893 957
893 1021
893 1085
894 575
894 766
894 830
894 895
894 958
894 1022
895 575
895 767
895 831
895 894
895 959
895 1023
896 148
896 320
896 621
896 704
896 768
896 804
896 832
896 960
896 1024
896 1088
896 1277
897 705
897 769
897 833
897 961
897 1025
897 1089
898 281
898 509
898 706
898 770
898 834
898 962
898 1026
898 1090
898 1107
899 67
899 707
899 771
899 835
899 963
899 1027
899 1091
900 296
900 708
900 772
900 836
900 964
900 1028
900 1092
901 261
901 709
901 773
901 837
901 965
901 1029
901 1093
902 6
902 70
902 77
902 134
902 198
902 262
902 326
902 390
902 454
902 518
902 582
902 646
902 710
902 774
902 838
902 966
902 1030
902 1094
902 1158
902 1163
902 1222
902 1227
903 711
903 775
903 839
903 967
903 1031
903 1095
904 9
904 11
904 75
904 77
904 137
904 139
904 141
904 205
904 267
904 269
904 331
904 333
904 395
904 397
904 459
904 461
904 520
904 525
904 584
904 589
904 653
904 712
904 717
904 776
904 781
904 840
904 845
904 907
904 909
904 968
904 971
904 973
904 1032
904 1035
904 1037
904 1096
904 1099
904 1101
904 1160
904 1165
904 1224
904 1227
904 1229
905 8
905 72
905 136
905 200
905 265
905 329
905 392
905 457
905 521
905 585
905 649
905 713
905 777
905 841
905 969
905 1033
905 1097
905 1161
905 1225
906 714
906 778
906 842
906 970
906 1034
906 1098
907 73
907 75
907 137
907 139
907 201
907 203
907 205
907 264
907 267
907 331
907 333
907 395
907 397
907 459
907 461
907 520
907 525
907 584
907 587
907 589
907 648
907 653
907 712
907 715
907 717
907 776
907 779
907 781
907 840
907 843
907 845
907 904
907 909
907 968
907 971
907 973
907 1032
907 1035
907 1037
907 1096
907 1099
907 1101
907 1160
907 1224
907 1229
908 673
908 716
908 780
908 844
908 972
908 1036
908 1100
909 11
909 75
909 77
909 139
909 141
909 205
909 267
909 269
909 331
909 333
909 397
909 459
909 461
909 520
909 525
909 584
909 589
909 653
909 712
909 717
909 781
909 840
909 845
909 904
909 907
909 968
909 971
909 973
909 1032
909 1035
909 1037
909 1096
909 1099
909 1101
909 1160
909 1165
909 1224
909 1227
909 1229
910 718
910 782
910 846
910 974
910 1038
910 1102
911 157
911 719
911 727
911 783
911 847
911 850
911 975
911 1039
911 1103
912 16
912 167
912 297
912 476
912 681
912 720
912 784
912 848
912 857
912 976
912 986
912 1040
912 1104
912 1133
913 721
913 785
913 849
913 977
913 1041
913 1105
914 722
914 786
914 850
914 978
914 1042
914 1043
914 1106
915 2
915 588
915 652
915 723
915 787
915 851
915 979
915 1043
915 1107
916 628
916 724
916 788
916 852
916 980
916 1044
916 1108
917 450
917 725
917 789
917 853
917 980
917 981
917 1045
917 1109
918 726
918 790
918 854
918 982
918 1046
918 1110
919 83
919 475
919 727
919 791
919 855
919 983
919 1047
919 1111
920 404
920 728
920 792
920 856
920 984
920 1048
920 1112
920 1145
921 26
921 253
921 729
921 793
921 857
921 985
921 1049
921 1113
921 1118
921 1124
921 1240
922 88
922 400
922 730
922 794
922 858
922 952
922 986
922 1050
922 1114
923 731
923 791
923 795
923 859
923 987
923 1051
923 1115
924 732
924 796
924 860
924 988
924 1036
924 1052
924 1116
925 733
925 797
925 861
925 989
925 1029
925 1053
925 1117
926 239
926 734
926 798
926 862
926 990
926 1042
926 1054
926 1118
927 25
927 101
927 735
927 799
927 863
927 869
927 991
927 1055
927 1119
927 1257
928 736
928 800
928 864
928 992
928 1056
928 1120
929 215
929 737
929 801
929 865
929 993
929 1057
929 1121
930 479
930 524
930 531
930 738
930 802
930 866
930 960
930 994
930 1007
930 1058
930 1122
930 1143
931 725
931 739
931 803
931 820
931 867
931 995
931 1059
931 1123
932 740
932 770
932 804
932 868
932 996
932 1060
932 1124
932 1262
933 287
933 741
933 805
933 869
933 997
933 1061
933 1125
933 1189
933 1250
934 641
934 742
934 806
934 870
934 998
934 1062
934 1126
935 52
935 61
935 181
935 642
935 660
935 743
935 807
935 871
935 999
935 1063
935 1127
936 744
936 808
936 872
936 1000
936 1064
936 1128
937 384
937 532
937 745
937 809
937 873
937 1001
937 1065
937 1129
937 1149
938 746
938 810
938 874
938 1002
938 1066
938 1130
939 318
939 572
939 811
939 831
939 875
939 1003
939 1067
939 1072
940 506
940 748
940 812
940 876
940 1004
940 1068
940 1132
940 1273
941 130
941 159
941 233
941 644
941 749
941 813
941 866
941 868
941 877
941 1005
941 1069
941 1133
942 408
942 557
942 616
942 675
942 680
942 750
942 814
942 878
942 1006
942 1070
942 1134
943 247
943 751
943 815
943 879
943 1007
943 1071
943 1135
943 1156
944 179
944 248
944 439
944 573
944 600
944 665
944 752
944 816
944 823
944 867
944 880
944 1008
944 1072
944 1136
945 366
945 753
945 817
945 881
945 1009
945 1073
945 1137
946 468
946 487
946 671
946 724
946 754
946 818
946 882
946 1010
946 1074
946 1085
946 1138
947 213
947 360
947 403
947 755
947 768
947 819
947 883
947 1011
947 1075
947 1139
947 1266
948 435
948 637
948 664
948 756
948 784
948 820
948 884
948 1012
948 1076
948 1140
948 1272
949 163
949 169
949 276
949 344
949 757
949 789
949 821
949 875
949 885
949 1005
949 1013
949 1077
949 1112
949 1141
949 1191
950 758
950 822
950 886
950 1014
950 1078
950 1142
951 274
951 306
951 759
951 823
951 887
951 1015
951 1079
951 1143
951 1172
952 88
952 400
952 760
952 794
952 824
952 888
952 922
952 1016
952 1080
952 1144
953 60
953 761
953 819
953 825
953 889
953 1017
953 1081
953 1145
954 826
954 890
954 891
954 1018
954 1023
954 1082
954 1151
955 763
955 827
955 891
955 892
955 1019
955 1083
955 1147
955 1215
956 827
956 892
956 1020
956 1084
957 21
957 178
957 765
957 829
957 893
957 1021
957 1085
957 1149
958 245
958 679
958 691
958 766
958 788
958 818
958 830
958 894
958 1022
958 1086
958 1150
959 51
959 383
959 826
959 831
959 895
959 1023
959 1087
960 479
960 524
960 531
960 768
960 832
960 896
960 930
960 994
960 1007
960 1024
960 1088
960 1143
960 1152
961 271
961 769
961 801
961 833
961 897
961 1025
961 1089
961 1153
961 1243
961 1244
962 472
962 770
962 834
962 898
962 1026
962 1090
962 1154
963 737
963 771
963 835
963 899
963 1027
963 1091
963 1155
964 100
964 772
964 836
964 900
964 988
964 1028
964 1092
964 1156
965 773
965 837
965 901
965 1029
965 1093
965 1157
966 6
966 70
966 134
966 198
966 262
966 326
966 390
966 454
966 518
966 582
966 646
966 710
966 774
966 838
966 902
966 1030
966 1094
966 1099
966 1158
966 1163
966 1222
966 1227
967 22
967 775
967 839
967 903
967 1031
967 1095
967 1159
967 1184
968 9
968 137
968 139
968 141
968 201
968 203
968 205
968 264
968 267
968 269
968 331
968 333
968 395
968 397
968 459
968 461
968 520
968 525
968 584
968 587
968 589
968 653
968 712
968 717
968 776
968 781
968 840
968 845
968 904
968 907
968 909
968 971
968 973
968 1032
968 1035
968 1037
968 1096
968 1101
968 1160
968 1165
968 1224
968 1229
969 8
969 72
969 136
969 200
969 265
969 329
969 392
969 457
969 521
969 585
969 649
969 713
969 777
969 841
969 905
969 1033
969 1097
969 1161
969 1225
970 95
970 396
970 778
970 842
970 906
970 1034
970 1098
970 1162
971 11
971 75
971 137
971 139
971 141
971 205
971 267
971 269
971 331
971 333
971 395
971 397
971 459
971 461
971 520
971 525
971 584
971 589
971 653
971 712
971 717
971 776
971 779
971 781
971 840
971 843
971 845
971 904
971 907
971 909
971 968
971 973
971 1032
971 1035
971 1037
971 1096
971 1099
971 1101
971 1160
971 1163
971 1165
971 1224
971 1227
971 1229
972 166
972 780
972 844
972 908
972 1036
972 1100
972 1164
973 9
973 75
973 137
973 139
973 141
973 201
973 205
973 267
973 269
973 331
973 333
973 395
973 397
973 459
973 461
973 520
973 525
973 584
973 587
973 589
973 653
973 712
973 717
973 776
973 781
973 840
973 845
973 904
973 907
973 909
973 968
973 971
973 1032
973 1035
973 1037
973 1096
973 1099
973 1101
973 1160
973 1165
973 1224
973 1227
973 1229
974 782
974 846
974 910
974 1038
974 1102
974 1166
975 783
975 847
975 911
975 1039
975 1103
975 1167
976 473
976 551
976 784
976 796
976 848
976 912
976 1040
976 1104
976 1168
976 1268
977 288
977 785
977 849
977 913
977 1041
977 1105
977 1169
978 117
978 786
978 850
978 914
978 1042
978 1106
978 1170
979 165
979 787
979 851
979 915
979 1043
979 1107
979 1171
980 450
980 788
980 852
980 916
980 917
980 1044
980 1108
980 1172
981 45
981 120
981 317
981 512
981 533
981 690
981 789
981 853
981 917
981 1045
981 1050
981 1109
981 1173
982 790
982 854
982 918
982 1046
982 1110
982 1174
983 791
983 855
983 919
983 1047
983 1111
983 1175
983 1207
984 53
984 474
984 760
984 792
984 856
984 920
984 1048
984 1112
984 1176
985 613
985 793
985 857
985 921
985 997
985 1049
985 1113
985 1177
986 16
986 167
986 297
986 476
986 681
986 794
986 857
986 858
986 912
986 922
986 1050
986 1114
986 1133
986 1178
987 91
987 795
987 859
987 923
987 1051
987 1115
987 1179
988 100
988 796
988 860
988 924
988 964
988 1052
988 1116
988 1180
989 131
989 669
989 797
989 861
989 925
989 1053
989 1117
989 1181
990 579
990 708
990 798
990 862
990 926
990 1054
990 1118
990 1182
991 799
991 863
991 927
991 1055
991 1119
991 1183
992 399
992 800
992 864
992 928
992 1056
992 1120
992 1184
993 801
993 865
993 929
993 1057
993 1121
993 1170
993 1185
994 479
994 524
994 531
994 802
994 866
994 930
994 960
994 1007
994 1058
994 1122
994 1143
994 1186
995 232
995 483
995 720
995 803
995 867
995 931
995 1021
995 1059
995 1123
995 1187
996 194
996 375
996 409
996 804
996 868
996 932
996 1060
996 1124
996 1188
996 1216
997 613
997 805
997 869
997 933
997 985
997 1061
997 1125
997 1189
998 806
998 870
998 934
998 1062
998 1126
998 1190
999 363
999 508
999 632
999 807
999 824
999 871
999 935
999 1008
999 1063
999 1127
999 1191
1000 808
1000 832
1000 872
1000 936
1000 1064
1000 1128
1000 1192
1000 1234
1001 732
1001 809
1001 873
1001 884
1001 937
1001 1065
1001 1129
1001 1193
1001 1202
1002 810
1002 833
1002 874
1002 938
1002 1051
1002 1066
1002 1130
1002 1194
1003 250
1003 875
1003 939
1003 1067
1004 638
1004 812
1004 876
1004 940
1004 1067
1004 1068
1004 1132
1004 1196
1004 1201
1005 163
1005 169
1005 276
1005 344
1005 789
1005 813
1005 875
1005 877
1005 941
1005 949
1005 1069
1005 1112
1005 1133
1005 1191
1005 1197
1006 115
1006 218
1006 220
1006 282
1006 578
1006 814
1006 878
1006 942
1006 1070
1006 1134
1006 1198
1007 479
1007 524
1007 531
1007 815
1007 879
1007 930
1007 943
1007 960
1007 994
1007 1071
1007 1135
1007 1143
1007 1199
1008 363
1008 508
1008 632
1008 816
1008 824
1008 880
1008 944
1008 999
1008 1072
1008 1136
1008 1200
1009 304
1009 817
1009 881
1009 945
1009 1073
1009 1083
1009 1137
1009 1201
1009 1209
1010 222
1010 361
1010 818
1010 882
1010 946
1010 1069
1010 1074
1010 1109
1010 1138
1010 1202
1011 511
1011 883
1011 947
1011 1075
1011 1139
1012 744
1012 820
1012 884
1012 948
1012 1076
1012 1140
1012 1204
1012 1253
1013 704
1013 821
1013 885
1013 949
1013 1077
1013 1125
1013 1141
1013 1205
1014 822
1014 886
1014 950
1014 1078
1014 1142
1014 1206
1015 823
1015 835
1015 887
1015 951
1015 1079
1015 1143
1015 1207
1015 1256
1016 188
1016 767
1016 888
1016 952
1016 1080
1016 1144
1017 236
1017 505
1017 702
1017 889
1017 953
1017 1081
1017 1145
1017 1209
1018 186
1018 382
1018 954
1018 1082
1018 1146
1019 174
1019 238
1019 355
1019 423
1019 816
1019 848
1019 891
1019 955
1019 1083
1019 1144
1019 1147
1019 1211
1020 443
1020 892
1020 956
1020 1084
1020 1148
1020 1212
1021 232
1021 483
1021 720
1021 829
1021 893
1021 957
1021 995
1021 1085
1021 1149
1021 1213
1022 894
1022 958
1022 1086
1022 1150
1023 891
1023 895
1023 954
1023 959
1023 1087
1023 1151
1023 1215
1024 56
1024 485
1024 548
1024 549
1024 832
1024 896
1024 960
1024 1088
1024 1090
1024 1152
1024 1216
1025 27
1025 193
1025 833
1025 897
1025 961
1025 1089
1025 1153
1025 1217
1026 553
1026 706
1026 802
1026 834
1026 898
1026 962
1026 1090
1026 1138
1026 1154
1026 1218
1027 544
1027 835
1027 899
1027 963
1027 1091
1027 1155
1027 1219
1028 266
1028 836
1028 900
1028 964
1028 1092
1028 1156
1028 1220
1029 837
1029 901
1029 925
1029 965
1029 1093
1029 1157
1029 1221
1030 6
1030 70
1030 134
1030 198
1030 262
1030 326
1030 390
1030 454
1030 518
1030 582
1030 646
1030 710
1030 774
1030 838
1030 902
1030 966
1030 1094
1030 1099
1030 1158
1030 1163
1030 1222
1030 1227
1031 839
1031 903
1031 967
1031 1095
1031 1159
1031 1223
1031 1263
1032 9
1032 139
1032 201
1032 203
1032 205
1032 264
1032 267
1032 269
1032 331
1032 333
1032 395
1032 397
1032 459
1032 461
1032 520
1032 525
1032 584
1032 587
1032 589
1032 653
1032 712
1032 717
1032 776
1032 781
1032 840
1032 845
1032 904
1032 907
1032 909
1032 968
1032 971
1032 973
1032 1035
1032 1037
1032 1096
1032 1099
1032 1101
1032 1160
1032 1165
1032 1224
1032 1229
1033 8
1033 72
1033 136
1033 200
1033 265
1033 329
1033 392
1033 457
1033 521
1033 585
1033 649
1033 713
1033 777
1033 841
1033 905
1033 969
1033 1097
1033 1161
1033 1225
1034 323
1034 842
1034 906
1034 970
1034 1098
1034 1162
1034 1226
1035 11
1035 13
1035 75
1035 77
1035 141
1035 205
1035 267
1035 269
1035 331
1035 333
1035 397
1035 461
1035 520
1035 525
1035 589
1035 653
1035 717
1035 840
1035 843
1035 845
1035 904
1035 907
1035 909
1035 968
1035 971
1035 973
1035 1032
1035 1037
1035 1096
1035 1099
1035 1101
1035 1160
1035 1163
1035 1165
1035 1224
1035 1227
1035 1229
1036 844
1036 908
1036 924
1036 972
1036 1100
1036 1164
1036 1228
1037 9
1037 139
1037 201
1037 203
1037 205
1037 264
1037 267
1037 269
1037 331
1037 333
1037 395
1037 397
1037 459
1037 461
1037 520
1037 525
1037 584
1037 587
1037 589
1037 653
1037 712
1037 717
1037 776
1037 781
1037 840
1037 845
1037 904
1037 907
1037 909
1037 968
1037 971
1037 973
1037 1032
1037 1035
1037 1096
1037 1101
1037 1160
1037 1165
1037 1224
1037 1229
1038 334
1038 480
1038 846
1038 910
1038 974
1038 1102
1038 1166
1038 1230
1039 330
1039 847
1039 911
1039 975
1039 1103
1039 1167
1039 1231
1040 497
1040 592
1040 803
1040 848
1040 912
1040 976
1040 1104
1040 1168
1040 1232
1041 849
1041 913
1041 977
1041 1105
1041 1169
1041 1233
1042 239
1042 850
1042 914
1042 926
1042 978
1042 1106
1042 1170
1042 1234
1043 851
1043 914
1043 915
1043 979
1043 1107
1043 1171
1043 1235
1044 128
1044 415
1044 421
1044 434
1044 562
1044 738
1044 852
1044 916
1044 980
1044 1108
1044 1172
1044 1236
1045 424
1045 853
1045 917
1045 981
1045 1109
1045 1173
1045 1237
1046 854
1046 918
1046 982
1046 1110
1046 1174
1046 1238
1047 855
1047 919
1047 983
1047 1111
1047 1175
1047 1220
1047 1239
1048 666
1048 693
1048 695
1048 856
1048 920
1048 984
1048 1112
1048 1176
1048 1205
1048 1240
1048 1255
1049 857
1049 921
1049 985
1049 1080
1049 1113
1049 1177
1049 1192
1049 1241
1050 45
1050 120
1050 317
1050 512
1050 533
1050 690
1050 858
1050 922
1050 981
1050 986
1050 1114
1050 1178
1050 1242
1051 833
1051 859
1051 923
1051 987
1051 1002
1051 1115
1051 1179
1051 1243
1052 481
1052 860
1052 924
1052 988
1052 1089
1052 1116
1052 1180
1052 1244
1053 861
1053 925
1053 989
1053 1117
1053 1181
1053 1245
1054 716
1054 742
1054 862
1054 926
1054 990
1054 1118
1054 1182
1054 1246
1055 89
1055 99
1055 211
1055 863
1055 873
1055 927
1055 991
1055 1119
1055 1183
1055 1241
1055 1247
1056 864
1056 928
1056 992
1056 1120
1056 1184
1056 1248
1057 865
1057 929
1057 993
1057 1121
1057 1155
1057 1185
1057 1249
1058 104
1058 291
1058 370
1058 602
1058 656
1058 754
1058 866
1058 930
1058 994
1058 1122
1058 1186
1058 1250
1059 339
1059 677
1059 798
1059 867
1059 931
1059 995
1059 1116
1059 1123
1059 1187
1059 1251
1060 196
1060 311
1060 365
1060 448
1060 868
1060 932
1060 996
1060 1124
1060 1188
1060 1252
1061 180
1061 615
1061 869
1061 871
1061 933
1061 997
1061 1125
1061 1147
1061 1189
1061 1253
1061 1271
1062 540
1062 870
1062 934
1062 998
1062 1126
1062 1190
1062 1228
1062 1254
1063 80
1063 309
1063 871
1063 935
1063 999
1063 1127
1063 1191
1063 1255
1064 125
1064 315
1064 464
1064 484
1064 872
1064 936
1064 1000
1064 1128
1064 1176
1064 1192
1064 1211
1064 1256
1065 739
1065 873
1065 937
1065 1001
1065 1127
1065 1129
1065 1193
1065 1257
1066 874
1066 938
1066 1002
1066 1130
1066 1194
1066 1258
1067 638
1067 875
1067 939
1067 1003
1067 1004
1067 1131
1067 1195
1067 1201
1068 176
1068 876
1068 940
1068 1004
1068 1132
1068 1148
1068 1196
1068 1200
1068 1260
1069 222
1069 361
1069 877
1069 941
1069 1005
1069 1010
1069 1109
1069 1133
1069 1197
1069 1261
1070 240
1070 878
1070 942
1070 1006
1070 1134
1070 1150
1070 1198
1070 1262
1071 879
1071 943
1071 1007
1071 1126
1071 1135
1071 1199
1071 1263
1072 318
1072 572
1072 831
1072 939
1072 944
1072 1008
1072 1136
1072 1200
1072 1264
1073 49
1073 223
1073 881
1073 945
1073 1009
1073 1137
1073 1201
1073 1265
1074 293
1074 386
1074 514
1074 640
1074 741
1074 882
1074 946
1074 1010
1074 1138
1074 1202
1074 1266
1075 243
1075 364
1075 371
1075 492
1075 757
1075 883
1075 947
1075 1011
1075 1139
1075 1203
1075 1264
1075 1267
1076 146
1076 173
1076 884
1076 948
1076 1012
1076 1140
1076 1141
1076 1204
1076 1268
1077 94
1077 537
1077 885
1077 949
1077 1013
1077 1141
1077 1205
1077 1269
1078 886
1078 950
1078 1014
1078 1142
1078 1206
1078 1270
1079 887
1079 951
1079 1015
1079 1143
1079 1207
1079 1271
1080 888
1080 952
1080 1016
1080 1049
1080 1144
1080 1192
1080 1208
1080 1272
1081 953
1081 1017
1081 1145
1081 1209
1082 444
1082 620
1082 622
1082 627
1082 954
1082 1018
1082 1146
1083 304
1083 891
1083 955
1083 1009
1083 1019
1083 1147
1083 1209
1083 1211
1083 1275
1084 558
1084 755
1084 817
1084 892
1084 956
1084 1020
1084 1148
1084 1212
1085 468
1085 487
1085 671
1085 724
1085 893
1085 946
1085 957
1085 1021
1085 1149
1085 1213
1085 1277
1086 958
1086 1022
1086 1087
1086 1150
1086 1214
1086 1278
1087 959
1087 1023
1087 1086
1087 1151
1087 1215
1088 164
1088 322
1088 676
1088 896
1088 960
1088 1024
1088 1152
1088 1154
1088 1216
1089 481
1089 897
1089 961
1089 1025
1089 1052
1089 1153
1089 1217
1090 56
1090 485
1090 548
1090 549
1090 898
1090 962
1090 1024
1090 1026
1090 1154
1090 1218
1091 899
1091 963
1091 1027
1091 1155
1091 1219
1092 55
1092 192
1092 290
1092 418
1092 576
1092 740
1092 900
1092 964
1092 1028
1092 1156
1092 1220
1093 709
1093 864
1093 901
1093 965
1093 1029
1093 1157
1093 1194
1093 1221
1094 6
1094 70
1094 134
1094 198
1094 262
1094 326
1094 390
1094 454
1094 518
1094 582
1094 646
1094 710
1094 774
1094 838
1094 902
1094 966
1094 1030
1094 1099
1094 1158
1094 1163
1094 1222
1094 1227
1095 903
1095 967
1095 1031
1095 1159
1095 1223
1096 11
1096 75
1096 139
1096 205
1096 267
1096 269
1096 331
1096 333
1096 395
1096 397
1096 459
1096 461
1096 520
1096 525
1096 584
1096 589
1096 653
1096 712
1096 717
1096 776
1096 781
1096 840
1096 845
1096 904
1096 907
1096 909
1096 968
1096 971
1096 973
1096 1032
1096 1035
1096 1037
1096 1099
1096 1101
1096 1160
1096 1165
1096 1224
1096 1227
1096 1229
1097 8
1097 72
1097 136
1097 200
1097 265
1097 329
1097 392
1097 457
1097 521
1097 585
1097 649
1097 713
1097 777
1097 841
1097 905
1097 969
1097 1033
1097 1161
1097 1225
1098 535
1098 906
1098 970
1098 1034
1098 1162
1098 1226
1099 13
1099 77
1099 141
1099 262
1099 269
1099 333
1099 390
1099 397
1099 454
1099 461
1099 518
1099 525
1099 582
1099 589
1099 646
1099 653
1099 710
1099 717
1099 774
1099 838
1099 845
1099 904
1099 907
1099 909
1099 966
1099 971
1099 973
1099 1030
1099 1032
1099 1035
1099 1094
1099 1096
1099 1101
1099 1158
1099 1160
1099 1163
1099 1165
1099 1222
1099 1227
1099 1229
1100 908
1100 972
1100 1036
1100 1164
1100 1228
1101 9
1101 11
1101 75
1101 139
1101 205
1101 267
1101 269
1101 331
1101 333
1101 395
1101 397
1101 459
1101 461
1101 520
1101 525
1101 584
1101 587
1101 589
1101 653
1101 712
1101 717
1101 776
1101 781
1101 840
1101 845
1101 904
1101 907
1101 909
1101 968
1101 971
1101 973
1101 1032
1101 1035
1101 1037
1101 1096
1101 1099
1101 1160
1101 1165
1101 1224
1101 1227
1101 1229
1102 910
1102 974
1102 1038
1102 1166
1102 1230
1103 162
1103 354
1103 911
1103 975
1103 1039
1103 1167
1103 1231
1103 1239
1104 48
1104 227
1104 280
1104 410
1104 412
1104 912
1104 976
1104 1040
1104 1168
1104 1232
1105 913
1105 977
1105 1041
1105 1169
1105 1233
1106 515
1106 914
1106 978
1106 1042
1106 1170
1106 1234
1107 281
1107 509
1107 898
1107 915
1107 979
1107 1043
1107 1171
1107 1235
1108 185
1108 231
1108 348
1108 556
1108 685
1108 916
1108 980
1108 1044
1108 1172
1108 1198
1108 1236
1109 222
1109 361
1109 917
1109 981
1109 1010
1109 1045
1109 1069
1109 1173
1109 1237
1110 918
1110 982
1110 1046
1110 1174
1110 1238
1111 919
1111 983
1111 1047
1111 1175
1111 1239
1112 163
1112 169
1112 276
1112 344
1112 789
1112 875
1112 920
1112 949
1112 984
1112 1005
1112 1048
1112 1176
1112 1191
1112 1240
1113 26
1113 253
1113 921
1113 985
1113 1049
1113 1118
1113 1124
1113 1177
1113 1240
1113 1241
1114 922
1114 986
1114 1050
1114 1178
1114 1242
1115 923
1115 987
1115 1051
1115 1179
1115 1243
1116 339
1116 677
1116 798
1116 924
1116 988
1116 1052
1116 1059
1116 1180
1116 1244
1117 207
1117 471
1117 925
1117 989
1117 1053
1117 1181
1117 1245
1118 26
1118 253
1118 921
1118 926
1118 990
1118 1054
1118 1113
1118 1124
1118 1182
1118 1240
1118 1246
1119 493
1119 604
1119 927
1119 991
1119 1055
1119 1183
1119 1247
1120 928
1120 992
1120 1056
1120 1184
1120 1248
1121 929
1121 993
1121 1057
1121 1185
1121 1249
1122 930
1122 994
1122 1058
1122 1186
1122 1250
1123 528
1123 730
1123 765
1123 807
1123 888
1123 931
1123 995
1123 1059
1123 1187
1123 1251
1124 26
1124 253
1124 921
1124 932
1124 996
1124 1060
1124 1113
1124 1118
1124 1188
1124 1240
1124 1252
1125 704
1125 933
1125 997
1125 1013
1125 1061
1125 1189
1125 1253
1126 934
1126 998
1126 1062
1126 1071
1126 1190
1126 1254
1127 739
1127 935
1127 999
1127 1063
1127 1065
1127 1191
1127 1255
1128 39
1128 286
1128 607
1128 696
1128 936
1128 1000
1128 1064
1128 1192
1128 1256
1129 855
1129 937
1129 1001
1129 1065
1129 1193
1129 1257
1130 938
1130 1002
1130 1066
1130 1194
1130 1258
1131 1067
1131 1195
1132 108
1132 440
1132 940
1132 1004
1132 1068
1132 1196
1132 1260
1133 16
1133 167
1133 297
1133 476
1133 681
1133 857
1133 912
1133 941
1133 986
1133 1005
1133 1069
1133 1197
1133 1261
1134 184
1134 300
1134 305
1134 624
1134 942
1134 1006
1134 1070
1134 1137
1134 1198
1134 1232
1134 1262
1135 10
1135 36
1135 140
1135 230
1135 943
1135 1007
1135 1071
1135 1162
1135 1199
1135 1263
1136 59
1136 346
1136 496
1136 547
1136 944
1136 1008
1136 1072
1136 1200
1136 1264
1137 184
1137 300
1137 305
1137 624
1137 945
1137 1009
1137 1073
1137 1134
1137 1201
1137 1232
1137 1265
1138 553
1138 706
1138 802
1138 946
1138 1010
1138 1026
1138 1074
1138 1202
1138 1266
1139 947
1139 1011
1139 1075
1139 1203
1139 1267
1140 255
1140 316
1140 499
1140 753
1140 812
1140 948
1140 1012
1140 1076
1140 1204
1140 1268
1141 146
1141 173
1141 949
1141 1013
1141 1076
1141 1077
1141 1205
1141 1269
1142 197
1142 950
1142 1014
1142 1078
1142 1206
1142 1270
1143 479
1143 524
1143 531
1143 930
1143 951
1143 960
1143 994
1143 1007
1143 1015
1143 1079
1143 1207
1143 1271
1144 174
1144 238
1144 355
1144 423
1144 816
1144 848
1144 952
1144 1016
1144 1019
1144 1080
1144 1208
1144 1272
1145 404
1145 920
1145 953
1145 1017
1145 1081
1145 1209
1145 1273
1146 1018
1146 1082
1146 1210
1146 1274
1147 180
1147 615
1147 871
1147 955
1147 1019
1147 1061
1147 1083
1147 1211
1147 1271
1147 1275
1148 176
1148 1020
1148 1068
1148 1084
1148 1200
1148 1212
1148 1276
1149 384
1149 532
1149 937
1149 957
1149 1021
1149 1085
1149 1213
1149 1277
1150 240
1150 958
1150 1022
1150 1070
1150 1086
1150 1214
1150 1278
1151 891
1151 954
1151 1023
1151 1087
1151 1215
1151 1279
1152 420
1152 495
1152 503
1152 960
1152 1024
1152 1088
1152 1216
1153 961
1153 1025
1153 1089
1153 1217
1154 164
1154 322
1154 676
1154 962
1154 1026
1154 1088
1154 1090
1154 1218
1155 963
1155 1027
1155 1057
1155 1091
1155 1219
1156 247
1156 943
1156 964
1156 1028
1156 1092
1156 1220
1157 965
1157 1029
1157 1093
1157 1221
1158 6
1158 70
1158 134
1158 198
1158 262
1158 326
1158 390
1158 454
1158 518
1158 582
1158 646
1158 710
1158 774
1158 838
1158 902
1158 966
1158 1030
1158 1094
1158 1099
1158 1163
1158 1222
1158 1227
1159 374
1159 967
1159 1031
1159 1095
1159 1223
1160 11
1160 75
1160 139
1160 205
1160 269
1160 331
1160 333
1160 397
1160 459
1160 461
1160 520
1160 525
1160 584
1160 589
1160 653
1160 712
1160 717
1160 781
1160 840
1160 845
1160 904
1160 907
1160 909
1160 968
1160 971
1160 973
1160 1032
1160 1035
1160 1037
1160 1096
1160 1099
1160 1101
1160 1163
1160 1165
1160 1224
1160 1227
1160 1229
1161 8
1161 72
1161 136
1161 200
1161 265
1161 329
1161 392
1161 457
1161 521
1161 585
1161 649
1161 713
1161 777
1161 841
1161 905
1161 969
1161 1033
1161 1097
1161 1225
1162 10
1162 36
1162 140
1162 230
1162 970
1162 1034
1162 1098
1162 1135
1162 1226
1163 326
1163 333
1163 390
1163 454
1163 461
1163 518
1163 582
1163 646
1163 710
1163 774
1163 838
1163 845
1163 902
1163 966
1163 971
1163 1030
1163 1035
1163 1094
1163 1099
1163 1158
1163 1160
1163 1165
1163 1222
1163 1227
1164 972
1164 1036
1164 1100
1164 1228
1165 11
1165 13
1165 75
1165 77
1165 141
1165 269
1165 331
1165 333
1165 397
1165 461
1165 520
1165 525
1165 589
1165 653
1165 717
1165 840
1165 845
1165 904
1165 909
1165 968
1165 971
1165 973
1165 1032
1165 1035
1165 1037
1165 1096
1165 1099
1165 1101
1165 1160
1165 1163
1165 1224
1165 1227
1165 1229
1166 974
1166 1038
1166 1102
1166 1230
1167 975
1167 1039
1167 1103
1167 1231
1168 295
1168 538
1168 567
1168 976
1168 1040
1168 1104
1168 1232
1169 977
1169 1041
1169 1105
1169 1233
1170 978
1170 993
1170 1042
1170 1106
1170 1234
1171 979
1171 1043
1171 1107
1171 1235
1172 274
1172 306
1172 951
1172 980
1172 1044
1172 1108
1172 1236
1173 489
1173 981
1173 1045
1173 1109
1173 1237
1174 982
1174 1046
1174 1110
1174 1238
1175 29
1175 150
1175 983
1175 1047
1175 1111
1175 1180
1175 1239
1176 125
1176 315
1176 464
1176 484
1176 984
1176 1048
1176 1064
1176 1112
1176 1211
1176 1240
1177 24
1177 260
1177 542
1177 596
1177 985
1177 1049
1177 1113
1177 1241
1178 44
1178 543
1178 565
1178 986
1178 1050
1178 1114
1178 1188
1178 1212
1178 1242
1179 987
1179 1051
1179 1115
1179 1243
1180 29
1180 150
1180 988
1180 1052
1180 1116
1180 1175
1180 1244
1181 989
1181 1053
1181 1117
1181 1245
1182 18
1182 990
1182 1054
1182 1118
1182 1246
1183 991
1183 1055
1183 1119
1183 1247
1184 22
1184 967
1184 992
1184 1056
1184 1120
1184 1248
1185 289
1185 643
1185 993
1185 1057
1185 1121
1185 1249
1186 431
1186 994
1186 1058
1186 1122
1186 1250
1187 414
1187 995
1187 1059
1187 1123
1187 1251
1188 44
1188 543
1188 565
1188 996
1188 1060
1188 1124
1188 1178
1188 1212
1188 1252
1189 287
1189 933
1189 997
1189 1061
1189 1125
1189 1250
1189 1253
1190 106
1190 234
1190 998
1190 1062
1190 1126
1190 1254
1191 163
1191 169
1191 276
1191 344
1191 789
1191 875
1191 949
1191 999
1191 1005
1191 1063
1191 1112
1191 1127
1191 1255
1192 1000
1192 1049
1192 1064
1192 1080
1192 1128
1192 1256
1193 1001
1193 1065
1193 1129
1193 1257
1194 709
1194 864
1194 1002
1194 1066
1194 1093
1194 1130
1194 1258
1195 377
1195 1067
1195 1131
1195 1259
1196 40
1196 242
1196 1004
1196 1068
1196 1132
1196 1260
1197 1005
1197 1069
1197 1133
1197 1261
1198 185
1198 231
1198 348
1198 556
1198 685
1198 1006
1198 1070
1198 1108
1198 1134
1198 1262
1199 1007
1199 1071
1199 1135
1199 1263
1200 176
1200 1008
1200 1068
1200 1072
1200 1136
1200 1148
1200 1264
1201 638
1201 1004
1201 1009
1201 1067
1201 1073
1201 1137
1201 1265
1202 732
1202 884
1202 1001
1202 1010
1202 1074
1202 1138
1202 1266
1203 312
1203 379
1203 563
1203 1075
1203 1139
1203 1267
1204 612
1204 834
1204 1012
1204 1076
1204 1140
1204 1268
1205 666
1205 693
1205 695
1205 1013
1205 1048
1205 1077
1205 1141
1205 1255
1205 1269
1206 1014
1206 1078
1206 1142
1206 1270
1207 983
1207 1015
1207 1079
1207 1143
1207 1271
1208 122
1208 171
1208 611
1208 763
1208 876
1208 1080
1208 1144
1208 1272
1209 304
1209 1009
1209 1017
1209 1081
1209 1083
1209 1145
1209 1273
1210 1146
1210 1274
1211 125
1211 315
1211 464
1211 484
1211 1019
1211 1064
1211 1083
1211 1147
1211 1176
1211 1275
1212 44
1212 543
1212 565
1212 1020
1212 1084
1212 1148
1212 1178
1212 1188
1212 1276
1213 467
1213 1021
1213 1085
1213 1149
1213 1277
1214 1086
1214 1150
1214 1278
1215 892
1215 955
1215 1023
1215 1087
1215 1151
1215 1279
1216 194
1216 375
1216 409
1216 996
1216 1024
1216 1088
1216 1152
1217 1025
1217 1089
1217 1153
1218 350
1218 1026
1218 1090
1218 1154
1219 284
1219 1027
1219 1091
1219 1155
1220 1028
1220 1047
1220 1092
1220 1156
1221 1029
1221 1093
1221 1157
1222 6
1222 70
1222 134
1222 198
1222 262
1222 326
1222 390
1222 454
1222 518
1222 582
1222 646
1222 710
1222 774
1222 838
1222 902
1222 966
1222 1030
1222 1094
1222 1099
1222 1158
1222 1163
1222 1227
1223 79
1223 285
1223 1031
1223 1095
1223 1159
1224 9
1224 139
1224 267
1224 331
1224 395
1224 397
1224 459
1224 461
1224 520
1224 525
1224 584
1224 587
1224 589
1224 653
1224 712
1224 717
1224 776
1224 781
1224 840
1224 845
1224 904
1224 907
1224 909
1224 968
1224 971
1224 973
1224 1032
1224 1035
1224 1037
1224 1096
1224 1101
1224 1160
1224 1165
1224 1229
1225 8
1225 72
1225 136
1225 200
1225 265
1225 329
1225 392
1225 457
1225 521
1225 585
1225 649
1225 713
1225 777
1225 841
1225 905
1225 969
1225 1033
1225 1097
1225 1161
1226 161
1226 1034
1226 1098
1226 1162
1227 13
1227 77
1227 141
1227 390
1227 397
1227 454
1227 461
1227 518
1227 525
1227 582
1227 589
1227 646
1227 653
1227 710
1227 717
1227 774
1227 838
1227 845
1227 902
1227 904
1227 909
1227 966
1227 971
1227 973
1227 1030
1227 1035
1227 1094
1227 1096
1227 1099
1227 1101
1227 1158
1227 1160
1227 1163
1227 1165
1227 1222
1227 1229
1228 540
1228 1036
1228 1062
1228 1100
1228 1164
1229 9
1229 139
1229 205
1229 331
1229 395
1229 397
1229 459
1229 461
1229 520
1229 525
1229 584
1229 587
1229 589
1229 653
1229 712
1229 717
1229 776
1229 781
1229 840
1229 845
1229 904
1229 907
1229 909
1229 968
1229 971
1229 973
1229 1032
1229 1035
1229 1037
1229 1096
1229 1099
1229 1101
1229 1160
1229 1165
1229 1224
1229 1227
1230 1038
1230 1102
1230 1166
1231 647
1231 1039
1231 1103
1231 1167
1232 184
1232 300
1232 305
1232 624
1232 1040
1232 1104
1232 1134
1232 1137
1232 1168
1233 1041
1233 1105
1233 1169
1234 832
1234 1000
1234 1042
1234 1106
1234 1170
1235 722
1235 1043
1235 1107
1235 1171
1236 64
1236 445
1236 1044
1236 1108
1236 1172
1236 1261
1237 237
1237 829
1237 1045
1237 1109
1237 1173
1238 199
1238 1046
1238 1110
1238 1174
1239 162
1239 354
1239 1047
1239 1103
1239 1111
1239 1175
1240 26
1240 253
1240 921
1240 1048
1240 1112
1240 1113
1240 1118
1240 1124
1240 1176
1241 89
1241 99
1241 211
1241 873
1241 1049
1241 1055
1241 1113
1241 1177
1242 217
1242 729
1242 852
1242 887
1242 1050
1242 1114
1242 1178
1243 271
1243 801
1243 961
1243 1051
1243 1115
1243 1179
1243 1244
1244 271
1244 801
1244 961
1244 1052
1244 1116
1244 1180
1244 1243
1245 87
1245 490
1245 1053
1245 1117
1245 1181
1246 388
1246 1054
1246 1118
1246 1182
1247 116
1247 183
1247 1055
1247 1119
1247 1183
1248 1056
1248 1120
1248 1184
1249 687
1249 1057
1249 1121
1249 1185
1250 287
1250 933
1250 1058
1250 1122
1250 1186
1250 1189
1251 430
1251 437
1251 1059
1251 1123
1251 1187
1252 152
1252 1060
1252 1124
1252 1188
1253 744
1253 1012
1253 1061
1253 1125
1253 1189
1254 1062
1254 1126
1254 1190
1255 666
1255 693
1255 695
1255 1048
1255 1063
1255 1127
1255 1191
1255 1205
1256 835
1256 1015
1256 1064
1256 1128
1256 1192
1257 25
1257 101
1257 869
1257 927
1257 1065
1257 1129
1257 1193
1258 1066
1258 1130
1258 1194
1259 369
1259 684
1259 808
1259 1195
1260 302
1260 313
1260 504
1260 507
1260 748
1260 792
1260 1068
1260 1132
1260 1196
1261 64
1261 445
1261 1069
1261 1133
1261 1197
1261 1236
1262 770
1262 932
1262 1070
1262 1134
1262 1198
1263 1031
1263 1071
1263 1135
1263 1199
1264 243
1264 364
1264 371
1264 492
1264 757
1264 1072
1264 1075
1264 1136
1264 1200
1265 144
1265 345
1265 1073
1265 1137
1265 1201
1266 213
1266 360
1266 403
1266 768
1266 947
1266 1074
1266 1138
1266 1202
1267 124
1267 1075
1267 1139
1267 1203
1268 473
1268 551
1268 796
1268 976
1268 1076
1268 1140
1268 1204
1269 387
1269 842
1269 872
1269 1077
1269 1141
1269 1205
1270 206
1270 1078
1270 1142
1270 1206
1271 180
1271 615
1271 871
1271 1061
1271 1079
1271 1143
1271 1147
1271 1207
1272 435
1272 637
1272 664
1272 784
1272 948
1272 1080
1272 1144
1272 1208
1273 506
1273 940
1273 1145
1273 1209
1274 1146
1274 1210
1275 372
1275 688
1275 692
1275 1083
1275 1147
1275 1211
1276 112
1276 1148
1276 1212
1277 148
1277 320
1277 621
1277 804
1277 896
1277 1085
1277 1149
1277 1213
1278 601
1278 1086
1278 1150
1278 1214
1279 299
1279 570
1279 1151
1279 1215
