0 64
0 128
0 192
0 412
0 661
0 884
1 65
1 129
1 193
2 66
2 130
2 194
2 1243
3 67
3 131
3 195
3 715
3 1163
4 68
4 132
4 196
4 315
4 489
4 679
4 1207
5 69
5 79
5 133
5 197
5 207
5 261
5 271
5 325
5 335
5 392
5 397
5 453
5 461
5 517
5 581
5 589
5 645
5 653
5 717
5 770
5 773
5 781
5 834
5 845
5 1029
5 1093
5 1218
6 70
6 134
6 198
6 262
6 326
6 390
6 454
6 463
6 518
6 525
6 527
6 582
6 591
6 646
6 655
6 710
6 719
6 774
6 783
6 838
6 847
6 902
6 911
6 966
6 1030
6 1094
6 1158
6 1222
7 71
7 135
7 199
7 237
8 72
8 133
8 136
8 197
8 200
8 264
8 328
8 389
8 456
8 520
8 584
8 648
8 709
8 776
8 840
8 904
8 968
8 1032
8 1096
8 1160
8 1224
9 73
9 137
9 201
9 385
10 74
10 138
10 202
10 989
11 75
11 139
11 203
12 71
12 76
12 140
12 204
13 77
13 141
13 205
13 1225
14 78
14 142
14 206
14 288
15 79
15 143
15 207
16 25
16 80
16 144
16 208
16 951
16 1111
17 81
17 145
17 209
18 82
18 146
18 210
18 1124
19 83
19 147
19 211
20 84
20 148
20 175
20 212
20 688
20 826
20 894
20 957
21 85
21 149
21 213
21 1070
21 1112
22 86
22 150
22 214
22 1000
23 87
23 151
23 215
23 409
23 808
23 1130
24 88
24 122
24 152
24 216
24 227
25 16
25 89
25 153
25 217
25 951
25 1111
26 46
26 60
26 90
26 154
26 218
26 573
26 1081
27 51
27 91
27 140
27 155
27 219
28 92
28 156
28 220
28 1042
29 93
29 157
29 221
29 428
29 516
29 1077
30 94
30 158
30 222
30 1181
31 95
31 159
31 223
31 607
32 96
32 160
32 224
32 585
32 1233
33 97
33 161
33 225
33 292
34 98
34 162
34 226
34 754
34 1256
35 99
35 163
35 227
35 281
35 1140
36 100
36 164
36 228
36 351
36 980
36 1271
37 101
37 165
37 229
38 102
38 166
38 230
39 103
39 167
39 231
39 471
39 549
39 730
39 1114
39 1273
40 104
40 168
40 232
40 496
40 574
41 105
41 169
41 233
42 106
42 170
42 234
42 276
42 505
42 638
42 752
43 107
43 171
43 381
43 561
43 1259
44 108
44 172
44 236
44 438
44 668
45 109
45 173
45 237
46 26
46 60
46 110
46 174
46 573
46 1081
47 111
47 128
47 175
47 239
47 1148
48 112
48 176
48 240
48 760
48 765
48 1146
49 113
49 177
49 215
49 241
50 114
50 178
50 242
50 660
50 999
50 1050
51 27
51 115
51 140
51 179
51 243
52 116
52 180
52 244
52 379
52 479
52 863
53 117
53 181
53 245
54 118
54 182
54 246
55 119
55 183
55 247
55 1063
56 120
56 184
56 248
56 599
57 121
57 185
57 304
58 122
58 250
59 123
59 187
59 251
59 306
59 1007
60 26
60 46
60 124
60 188
60 573
60 1081
61 125
61 189
61 825
62 126
62 163
62 190
62 254
62 346
62 423
62 735
62 958
63 127
63 191
64 0
64 128
64 192
64 256
65 1
65 129
65 193
65 257
66 2
66 130
66 194
66 258
67 3
67 131
67 195
67 259
67 329
68 4
68 132
68 196
68 260
68 990
68 1117
69 5
69 79
69 133
69 197
69 207
69 261
69 271
69 335
69 392
69 399
69 453
69 461
69 463
69 517
69 525
69 581
69 589
69 645
69 653
69 655
69 717
69 719
69 770
69 773
69 781
69 783
69 845
69 898
69 901
69 909
69 965
69 1026
69 1157
69 1221
69 1229
70 6
70 134
70 198
70 262
70 326
70 390
70 454
70 463
70 518
70 525
70 527
70 582
70 591
70 646
70 655
70 710
70 719
70 774
70 783
70 838
70 847
70 902
70 911
70 966
70 1030
70 1094
70 1158
70 1222
71 7
71 12
71 135
71 199
71 263
72 8
72 133
72 136
72 197
72 200
72 264
72 328
72 389
72 456
72 520
72 584
72 648
72 709
72 776
72 840
72 904
72 968
72 1032
72 1096
72 1160
72 1224
73 9
73 137
73 201
73 265
74 10
74 138
74 202
74 266
74 843
75 11
75 139
75 203
75 267
76 12
76 140
76 204
76 268
77 13
77 141
77 205
77 269
78 14
78 142
78 206
78 270
79 5
79 15
79 69
79 143
79 207
79 261
79 271
79 325
79 335
79 392
79 397
79 453
79 461
79 517
79 645
79 706
79 712
79 717
79 770
79 773
79 781
79 834
79 845
79 898
79 901
79 1029
79 1093
79 1218
80 16
80 144
80 208
80 272
81 17
81 145
81 209
81 273
81 771
81 928
82 18
82 146
82 210
82 274
82 813
83 19
83 147
83 211
83 275
84 20
84 148
84 212
84 276
84 308
84 624
84 686
85 21
85 149
85 213
85 277
85 297
85 487
85 592
85 615
86 22
86 150
86 214
86 278
86 684
87 23
87 151
87 215
87 279
87 874
88 24
88 152
88 216
88 280
88 299
88 616
88 618
88 1262
89 25
89 153
89 159
89 217
89 281
89 354
89 498
89 564
89 743
89 1268
90 26
90 154
90 218
90 282
90 919
90 1066
90 1108
90 1178
91 27
91 155
91 219
91 283
91 386
92 28
92 146
92 156
92 214
92 220
92 284
92 476
92 674
93 29
93 157
93 221
93 285
94 30
94 158
94 222
94 286
94 876
95 31
95 159
95 223
95 287
95 290
95 1232
96 32
96 160
96 224
96 288
96 1179
97 33
97 161
97 225
97 289
97 793
97 796
98 34
98 162
98 226
98 290
98 1174
99 35
99 163
99 227
99 291
99 1151
100 36
100 164
100 228
100 292
100 930
100 1250
101 37
101 165
101 229
101 293
101 677
101 725
102 38
102 166
102 230
102 258
102 294
102 672
103 39
103 167
103 231
103 287
103 295
103 938
104 40
104 168
104 232
104 296
104 362
104 382
104 504
104 510
104 767
105 41
105 169
105 233
105 277
105 297
105 1123
106 42
106 120
106 170
106 234
106 298
106 559
106 728
107 43
107 171
108 44
108 172
108 236
108 300
109 45
109 173
109 237
109 301
110 46
110 174
110 238
110 272
110 302
110 759
110 983
110 1104
110 1176
110 1208
111 47
111 175
111 239
111 303
111 533
111 893
111 1080
112 48
112 152
112 176
112 240
112 304
112 810
113 49
113 177
113 241
113 959
114 50
114 178
114 242
114 306
115 51
115 179
115 243
115 307
116 52
116 168
116 180
116 244
116 308
116 547
116 756
116 1006
116 1134
117 53
117 181
117 245
117 309
118 54
118 182
118 246
118 310
118 396
119 55
119 183
119 247
119 311
119 596
119 994
120 56
120 106
120 184
120 248
120 312
120 559
120 728
121 57
121 185
121 249
121 313
121 511
122 24
122 58
122 186
122 227
122 250
122 314
123 59
123 187
123 251
123 315
123 373
123 448
123 658
123 692
123 921
124 60
124 188
124 252
124 316
124 1084
125 61
125 189
125 253
125 317
125 495
125 1144
126 62
126 190
126 254
127 63
127 191
127 241
127 255
127 319
127 383
128 0
128 47
128 64
128 192
128 256
128 320
128 1148
129 1
129 65
129 193
129 257
129 321
129 1041
130 2
130 66
130 194
130 258
130 322
131 3
131 67
131 195
131 259
131 323
132 4
132 68
132 196
132 260
132 324
133 5
133 8
133 69
133 72
133 197
133 261
133 264
133 325
133 328
133 389
133 456
133 520
133 584
133 648
133 709
133 776
133 840
133 904
133 968
133 1032
133 1096
133 1160
133 1224
134 6
134 70
134 198
134 262
134 326
134 390
134 399
134 454
134 463
134 518
134 525
134 527
134 582
134 591
134 646
134 655
134 710
134 719
134 774
134 783
134 838
134 847
134 902
134 909
134 911
134 966
134 973
134 975
134 1030
134 1039
134 1094
134 1103
134 1158
134 1167
134 1222
134 1231
135 7
135 71
135 199
135 263
135 327
135 733
136 8
136 72
136 200
136 261
136 264
136 325
136 328
136 397
136 706
136 712
136 770
136 834
136 837
137 9
137 73
137 201
137 265
137 329
138 10
138 74
138 202
138 266
138 330
138 480
138 1035
138 1275
139 11
139 75
139 203
139 267
139 331
140 12
140 27
140 51
140 76
140 204
140 268
140 332
141 13
141 77
141 205
141 269
141 333
141 903
142 14
142 78
142 206
142 270
142 334
142 657
142 963
143 15
143 79
143 207
143 271
143 335
144 16
144 80
144 149
144 208
144 272
144 336
144 357
144 400
144 750
144 1193
145 17
145 81
145 209
145 273
145 337
145 859
145 1057
145 1164
146 18
146 82
146 92
146 210
146 214
146 274
146 338
146 476
146 674
147 19
147 83
147 211
147 275
147 339
147 523
148 20
148 84
148 184
148 212
148 276
148 340
148 811
148 1277
149 21
149 85
149 144
149 213
149 277
149 341
149 357
149 400
149 750
149 1193
150 22
150 86
150 214
150 278
150 342
150 374
150 860
151 23
151 87
151 215
151 279
151 343
151 1265
152 24
152 88
152 112
152 216
152 280
152 344
152 810
153 25
153 89
153 217
153 281
153 345
153 536
153 626
154 26
154 90
154 218
154 280
154 282
154 346
154 689
154 1200
155 27
155 91
155 219
155 283
155 347
156 28
156 92
156 220
156 284
156 348
156 1182
157 29
157 93
157 221
157 285
157 349
157 422
158 30
158 94
158 222
158 278
158 286
158 350
158 435
159 31
159 89
159 95
159 223
159 287
159 351
159 354
159 498
159 564
159 743
159 1268
160 32
160 96
160 224
160 288
160 352
161 33
161 97
161 225
161 289
161 345
161 353
161 425
161 631
161 821
161 945
161 1138
162 34
162 98
162 226
162 290
162 354
163 35
163 62
163 99
163 227
163 291
163 346
163 355
163 423
163 735
163 958
164 36
164 100
164 228
164 292
164 356
164 388
164 1013
165 37
165 101
165 229
165 293
165 357
165 483
165 491
165 532
166 38
166 102
166 230
166 294
166 358
166 429
167 39
167 103
167 231
167 295
167 359
167 471
167 549
167 730
167 1114
167 1273
168 40
168 104
168 116
168 232
168 296
168 360
168 547
168 756
168 1006
168 1134
169 41
169 105
169 233
169 297
169 361
169 681
169 942
169 984
170 42
170 106
170 234
170 298
170 362
170 366
170 633
170 1018
171 43
171 107
171 235
171 299
171 312
171 363
172 44
172 108
172 236
172 300
172 364
173 45
173 109
173 237
173 301
173 365
174 46
174 110
174 238
174 302
175 20
175 47
175 111
175 239
175 303
175 367
175 688
175 826
175 894
175 957
176 48
176 112
176 240
176 298
176 304
176 368
176 697
176 880
176 1082
176 1136
177 49
177 113
177 241
177 305
177 369
177 568
177 663
177 881
178 50
178 114
178 242
178 306
178 370
179 51
179 115
179 243
179 307
179 371
180 52
180 116
180 244
180 308
180 372
181 53
181 117
181 245
181 309
181 373
181 1253
182 54
182 118
182 246
182 310
182 374
182 406
183 55
183 119
183 247
183 311
183 375
184 56
184 120
184 148
184 248
184 312
184 376
184 811
184 1277
185 57
185 121
185 249
185 313
185 511
186 122
186 250
186 314
187 59
187 123
187 251
187 315
187 379
187 405
187 567
187 1113
188 60
188 124
188 252
188 316
188 380
188 446
188 702
188 1258
189 61
189 125
189 253
189 317
189 381
189 625
189 791
189 1175
190 62
190 126
190 254
190 318
190 382
191 63
191 127
191 255
191 319
191 383
191 575
192 0
192 64
192 128
192 256
192 320
192 384
192 485
193 1
193 65
193 129
193 257
193 321
193 385
194 2
194 66
194 130
194 258
194 322
194 386
195 3
195 67
195 131
195 259
195 323
195 387
195 450
196 4
196 68
196 132
196 260
196 324
196 388
197 5
197 8
197 69
197 72
197 133
197 261
197 264
197 325
197 328
197 389
197 456
197 520
197 584
197 648
197 709
197 776
197 840
197 904
197 968
197 1032
197 1096
197 1160
197 1224
198 6
198 70
198 134
198 262
198 326
198 390
198 454
198 463
198 518
198 525
198 527
198 582
198 591
198 646
198 655
198 710
198 719
198 774
198 783
198 838
198 847
198 902
198 911
198 966
198 975
198 1030
198 1039
198 1094
198 1158
198 1167
198 1222
199 7
199 71
199 135
199 263
199 327
199 391
199 782
199 1142
200 8
200 72
200 136
200 264
200 325
200 328
200 392
200 397
200 706
200 712
200 834
200 837
201 9
201 73
201 137
201 265
201 329
201 393
202 10
202 74
202 138
202 266
202 268
202 330
202 394
202 603
202 1211
203 11
203 75
203 139
203 267
203 331
203 395
203 411
203 1115
204 12
204 76
204 140
204 268
204 332
204 396
204 1132
205 13
205 77
205 141
205 269
205 333
205 397
205 705
206 14
206 78
206 142
206 270
206 334
206 398
207 5
207 15
207 69
207 79
207 143
207 261
207 271
207 325
207 335
207 392
207 397
207 399
207 453
207 461
207 517
207 581
207 589
207 645
207 653
207 717
207 770
207 773
207 781
207 845
207 898
207 901
207 909
207 965
207 1026
207 1029
207 1037
207 1093
207 1157
207 1218
207 1221
208 16
208 80
208 144
208 244
208 272
208 336
208 369
208 400
208 1274
209 17
209 81
209 145
209 273
209 337
209 401
210 18
210 82
210 146
210 274
210 338
210 402
211 19
211 83
211 147
211 275
211 339
211 403
212 20
212 84
212 148
212 276
212 340
212 404
212 472
212 817
213 21
213 85
213 149
213 277
213 341
213 405
213 745
214 22
214 86
214 92
214 146
214 150
214 278
214 342
214 406
214 476
214 674
215 23
215 49
215 87
215 151
215 279
215 343
215 407
216 24
216 88
216 152
216 280
216 340
216 344
216 363
216 408
216 560
216 1003
216 1213
216 1215
217 25
217 89
217 153
217 281
217 345
217 409
217 415
217 792
217 892
217 1009
217 1048
217 1199
218 26
218 90
218 154
218 282
218 346
218 410
218 696
218 747
218 1017
219 27
219 91
219 155
219 283
219 347
219 352
219 411
219 711
220 28
220 92
220 156
220 284
220 348
220 350
220 412
221 29
221 93
221 157
221 285
221 349
221 413
222 30
222 94
222 158
222 286
222 350
222 414
222 550
222 694
223 31
223 95
223 159
223 287
223 316
223 351
223 415
223 442
224 32
224 96
224 160
224 288
224 352
224 416
224 1169
225 33
225 97
225 161
225 289
225 353
225 417
225 617
225 917
225 932
225 1251
226 34
226 98
226 162
226 290
226 354
226 418
226 431
226 944
226 1021
226 1064
227 24
227 35
227 99
227 122
227 163
227 291
227 355
227 419
228 36
228 100
228 164
228 292
228 356
228 420
228 683
228 1209
229 37
229 101
229 165
229 293
229 357
229 419
229 421
229 1085
230 38
230 102
230 166
230 294
230 358
230 422
231 39
231 103
231 167
231 291
231 295
231 355
231 359
231 360
231 420
231 423
231 434
232 40
232 104
232 168
232 296
232 336
232 360
232 424
232 664
232 727
233 41
233 105
233 169
233 297
233 361
233 425
233 597
233 820
234 42
234 106
234 170
234 298
234 362
234 426
234 856
234 916
235 171
235 299
235 363
236 44
236 108
236 172
236 300
236 364
236 428
236 499
236 644
237 7
237 45
237 109
237 173
237 301
237 365
237 429
238 110
238 174
238 302
238 318
238 366
238 427
239 47
239 111
239 175
239 303
239 367
239 380
239 431
239 572
240 48
240 112
240 176
240 304
240 368
241 49
241 113
241 127
241 177
241 305
241 369
241 383
241 433
242 50
242 114
242 178
242 306
242 353
242 370
242 434
242 933
242 996
243 51
243 115
243 179
243 307
243 371
243 435
243 1036
244 52
244 116
244 180
244 208
244 308
244 369
244 372
244 436
244 1274
245 53
245 117
245 181
245 309
245 373
245 437
245 803
246 54
246 118
246 182
246 296
246 310
246 374
246 438
247 55
247 119
247 183
247 311
247 375
247 439
247 1109
248 56
248 120
248 184
248 312
248 376
248 440
248 506
248 995
249 121
249 185
249 313
249 377
249 433
249 441
249 943
250 58
250 122
250 186
250 314
250 378
250 442
250 888
251 59
251 123
251 187
251 315
251 379
251 443
251 887
252 124
252 188
252 255
252 316
252 380
253 125
253 189
253 317
253 381
253 895
254 62
254 126
254 190
254 318
254 377
254 382
254 446
254 762
255 127
255 191
255 252
255 319
255 383
256 64
256 128
256 192
256 320
256 384
256 437
256 448
256 502
256 1060
257 65
257 129
257 193
257 321
257 385
257 449
258 66
258 102
258 130
258 194
258 322
258 386
258 450
258 672
259 67
259 131
259 195
259 323
259 387
259 451
259 587
260 68
260 132
260 196
260 324
260 384
260 388
260 452
260 726
261 5
261 69
261 79
261 133
261 136
261 197
261 207
261 271
261 325
261 389
261 392
261 397
261 453
261 461
261 517
261 645
261 706
261 712
261 717
261 770
261 773
261 781
261 834
261 837
261 845
261 1026
261 1029
261 1093
262 6
262 70
262 134
262 198
262 326
262 390
262 454
262 463
262 518
262 527
262 582
262 591
262 646
262 655
262 710
262 719
262 774
262 783
262 838
262 847
262 902
262 911
262 966
262 975
262 1030
262 1039
262 1094
262 1103
262 1158
262 1222
263 71
263 135
263 199
263 327
263 391
263 455
263 1031
264 8
264 72
264 133
264 136
264 197
264 200
264 328
264 389
264 392
264 456
264 520
264 584
264 648
264 709
264 776
264 840
264 904
264 968
264 1032
264 1096
264 1160
264 1224
265 73
265 137
265 201
265 329
265 393
265 457
265 1095
266 74
266 138
266 202
266 330
266 394
266 458
266 979
266 1162
267 75
267 139
267 203
267 331
267 395
267 459
268 76
268 140
268 202
268 204
268 332
268 396
268 460
268 603
268 1211
269 77
269 141
269 205
269 333
269 397
269 461
270 78
270 142
270 206
270 334
270 398
270 462
271 5
271 69
271 79
271 143
271 207
271 261
271 325
271 335
271 392
271 399
271 453
271 461
271 463
271 517
271 525
271 581
271 589
271 645
271 653
271 717
271 719
271 770
271 773
271 781
271 783
271 845
271 898
271 901
271 909
271 965
271 973
271 1026
271 1029
271 1037
271 1093
271 1101
271 1157
271 1221
271 1229
272 80
272 110
272 144
272 208
272 336
272 400
272 464
272 759
272 983
272 1104
272 1176
272 1208
273 81
273 145
273 209
273 337
273 401
273 465
274 82
274 146
274 210
274 338
274 402
274 466
274 900
275 83
275 147
275 211
275 339
275 403
275 467
276 42
276 84
276 148
276 212
276 340
276 404
276 468
276 505
276 638
276 752
277 85
277 105
277 149
277 213
277 341
277 405
277 469
277 1123
278 86
278 150
278 158
278 214
278 342
278 406
278 435
278 470
279 87
279 151
279 215
279 343
279 407
279 471
279 698
280 88
280 152
280 154
280 216
280 344
280 408
280 472
280 689
280 1200
281 35
281 89
281 153
281 217
281 345
281 409
281 473
281 1140
282 90
282 154
282 218
282 346
282 410
282 474
282 1263
283 91
283 155
283 219
283 347
283 411
283 475
283 1014
284 92
284 156
284 220
284 348
284 412
284 476
284 538
285 93
285 157
285 221
285 349
285 413
285 477
285 846
286 94
286 158
286 222
286 350
286 414
286 478
287 95
287 103
287 159
287 223
287 351
287 415
287 479
287 938
288 14
288 96
288 160
288 224
288 352
288 416
288 480
289 97
289 161
289 225
289 353
289 417
289 481
289 484
289 576
289 935
289 1074
290 95
290 98
290 162
290 226
290 354
290 418
290 482
290 1232
291 99
291 163
291 227
291 231
291 355
291 360
291 419
291 420
291 434
291 483
292 33
292 100
292 164
292 228
292 356
292 420
292 484
293 101
293 165
293 229
293 309
293 357
293 421
293 485
293 695
293 807
293 986
294 102
294 166
294 230
294 358
294 422
294 486
294 763
295 103
295 167
295 231
295 359
295 423
295 487
295 562
296 104
296 168
296 232
296 246
296 360
296 424
296 488
297 85
297 105
297 169
297 233
297 361
297 425
297 487
297 489
297 592
297 615
298 106
298 170
298 176
298 234
298 362
298 426
298 490
298 697
298 880
298 1082
298 1136
299 88
299 171
299 235
299 363
299 427
299 491
299 616
299 618
299 1262
300 108
300 172
300 236
300 364
300 428
300 492
301 109
301 173
301 237
301 365
301 429
301 493
301 563
301 827
302 110
302 174
302 238
302 366
302 430
302 494
302 1016
302 1278
303 111
303 175
303 239
303 367
303 431
303 495
303 824
304 57
304 112
304 176
304 240
304 368
304 432
304 496
305 177
305 241
305 369
305 433
305 497
306 59
306 114
306 178
306 242
306 370
306 434
306 498
306 1007
307 115
307 179
307 243
307 371
307 435
307 499
308 84
308 116
308 180
308 244
308 372
308 436
308 500
308 624
308 686
309 117
309 181
309 245
309 293
309 373
309 437
309 501
309 695
309 807
309 986
310 118
310 182
310 246
310 374
310 438
310 473
310 502
310 1143
310 1186
310 1241
311 119
311 183
311 247
311 375
311 439
311 503
311 540
311 1071
312 120
312 171
312 184
312 248
312 376
312 440
312 504
313 121
313 185
313 249
313 377
313 441
313 505
313 675
313 764
314 122
314 186
314 250
314 378
314 410
314 442
314 490
314 506
314 867
315 4
315 123
315 187
315 251
315 379
315 443
315 489
315 507
315 679
315 1207
316 124
316 188
316 223
316 252
316 380
316 442
316 444
316 508
317 125
317 189
317 253
317 381
317 445
317 495
317 509
317 1144
318 190
318 238
318 254
318 382
318 427
318 446
318 510
319 127
319 191
319 255
319 383
319 447
319 508
319 511
319 555
319 1150
320 128
320 192
320 256
320 384
320 448
320 512
320 571
321 129
321 193
321 257
321 385
321 449
321 513
321 769
322 130
322 194
322 258
322 386
322 450
322 514
322 650
322 1034
323 131
323 195
323 259
323 387
323 451
323 515
324 132
324 196
324 260
324 388
324 452
324 516
324 836
324 868
324 1244
325 5
325 79
325 133
325 136
325 197
325 200
325 207
325 261
325 271
325 389
325 392
325 397
325 453
325 461
325 517
325 645
325 706
325 712
325 770
325 773
325 781
325 834
325 837
325 845
325 1029
325 1093
326 6
326 70
326 134
326 198
326 262
326 390
326 454
326 463
326 518
326 525
326 527
326 582
326 591
326 646
326 655
326 710
326 719
326 774
326 783
326 838
326 847
326 902
326 911
326 966
326 973
326 975
326 1030
326 1039
326 1094
326 1103
326 1158
326 1167
326 1222
327 135
327 199
327 263
327 391
327 455
327 519
327 795
327 1091
327 1246
328 8
328 72
328 133
328 136
328 197
328 200
328 264
328 389
328 392
328 456
328 520
328 584
328 648
328 709
328 776
328 840
328 904
328 968
328 1032
328 1096
328 1160
328 1224
329 67
329 137
329 201
329 265
329 393
329 457
329 521
330 138
330 202
330 266
330 394
330 458
330 460
330 522
331 139
331 203
331 267
331 395
331 459
331 515
331 523
331 649
332 140
332 204
332 268
332 396
332 460
332 524
332 1152
333 141
333 205
333 269
333 397
333 461
333 525
334 142
334 206
334 270
334 398
334 462
334 526
334 955
335 5
335 69
335 79
335 143
335 207
335 271
335 392
335 399
335 453
335 461
335 463
335 517
335 525
335 527
335 581
335 589
335 645
335 653
335 655
335 717
335 719
335 773
335 781
335 783
335 845
335 847
335 898
335 901
335 909
335 965
335 973
335 1026
335 1029
335 1037
335 1093
335 1101
335 1157
335 1165
335 1221
335 1229
336 144
336 208
336 232
336 272
336 400
336 464
336 528
336 664
336 727
337 145
337 209
337 273
337 401
337 465
337 529
337 779
338 146
338 210
338 274
338 402
338 466
338 530
339 147
339 211
339 275
339 403
339 459
339 467
339 531
340 148
340 212
340 216
340 276
340 363
340 404
340 468
340 532
340 560
340 1003
340 1213
340 1215
341 149
341 213
341 277
341 405
341 469
341 533
341 745
342 150
342 214
342 278
342 406
342 470
342 534
342 594
343 151
343 215
343 279
343 407
343 471
343 497
343 535
343 554
343 1044
343 1264
344 152
344 216
344 280
344 408
344 472
344 488
344 536
344 829
344 1145
345 153
345 161
345 217
345 281
345 409
345 425
345 473
345 537
345 631
345 821
345 945
345 1138
346 62
346 154
346 163
346 218
346 282
346 410
346 423
346 474
346 538
346 735
346 958
347 155
347 219
347 283
347 411
347 475
347 539
347 1126
348 156
348 220
348 284
348 412
348 476
348 540
348 1194
349 157
349 221
349 285
349 413
349 477
349 541
350 158
350 220
350 222
350 286
350 414
350 478
350 542
351 36
351 159
351 223
351 287
351 415
351 479
351 543
351 980
351 1271
352 160
352 219
352 224
352 288
352 416
352 480
352 544
352 711
353 161
353 225
353 242
353 289
353 417
353 481
353 545
353 933
353 996
354 89
354 159
354 162
354 226
354 290
354 418
354 482
354 498
354 546
354 564
354 743
354 1268
355 163
355 227
355 231
355 291
355 360
355 419
355 420
355 434
355 483
355 547
356 164
356 228
356 292
356 364
356 414
356 420
356 484
356 548
357 144
357 149
357 165
357 229
357 293
357 400
357 421
357 485
357 549
357 750
357 1193
358 166
358 230
358 294
358 422
358 486
358 550
359 167
359 231
359 295
359 423
359 482
359 487
359 551
359 1073
359 1076
359 1168
360 168
360 231
360 232
360 291
360 296
360 355
360 420
360 424
360 434
360 488
360 552
361 169
361 233
361 297
361 425
361 489
361 543
361 553
361 857
361 981
362 104
362 170
362 234
362 298
362 382
362 426
362 490
362 504
362 510
362 554
362 767
363 171
363 216
363 235
363 299
363 340
363 427
363 491
363 555
363 560
363 1003
363 1213
363 1215
364 172
364 236
364 300
364 356
364 414
364 428
364 492
364 556
365 173
365 237
365 301
365 429
365 493
365 557
366 170
366 238
366 302
366 430
366 494
366 633
366 1018
367 175
367 239
367 303
367 376
367 431
367 495
367 559
368 176
368 240
368 304
368 432
368 496
368 560
368 619
368 816
369 177
369 208
369 241
369 244
369 305
369 433
369 497
369 561
369 1274
370 178
370 242
370 306
370 434
370 498
370 562
370 1204
371 179
371 243
371 307
371 435
371 499
371 563
371 1004
372 180
372 244
372 308
372 436
372 500
372 564
372 1008
373 123
373 181
373 245
373 309
373 437
373 448
373 501
373 565
373 658
373 692
373 921
374 150
374 182
374 246
374 310
374 438
374 502
374 566
374 860
375 183
375 247
375 311
375 439
375 503
375 567
375 666
375 1047
375 1239
376 184
376 248
376 312
376 367
376 440
376 504
376 568
377 249
377 254
377 313
377 441
377 505
377 569
377 762
378 250
378 314
378 442
378 506
378 622
378 703
378 1002
379 52
379 187
379 251
379 315
379 443
379 479
379 507
379 571
379 863
380 188
380 239
380 252
380 316
380 444
380 508
380 572
381 43
381 189
381 253
381 317
381 445
381 509
381 561
381 573
381 1259
382 104
382 190
382 254
382 318
382 362
382 446
382 504
382 510
382 574
382 767
383 127
383 191
383 241
383 255
383 319
383 447
383 511
383 575
384 192
384 256
384 260
384 320
384 448
384 512
384 576
384 726
385 9
385 193
385 257
385 321
385 449
385 513
385 577
386 91
386 194
386 258
386 322
386 450
386 514
386 578
387 195
387 259
387 323
387 451
387 515
387 579
388 164
388 196
388 260
388 324
388 452
388 516
388 580
388 1013
389 8
389 72
389 133
389 197
389 261
389 264
389 325
389 328
389 453
389 456
389 517
389 520
389 581
389 584
389 648
389 709
389 776
389 840
389 904
389 968
389 1032
389 1096
389 1160
389 1224
390 6
390 70
390 134
390 198
390 262
390 326
390 454
390 463
390 518
390 525
390 527
390 582
390 591
390 646
390 655
390 710
390 719
390 774
390 783
390 838
390 847
390 902
390 911
390 966
390 975
390 1030
390 1039
390 1094
390 1103
390 1158
390 1167
390 1222
390 1231
391 199
391 263
391 327
391 455
391 519
391 583
392 5
392 69
392 79
392 200
392 207
392 261
392 264
392 271
392 325
392 328
392 335
392 397
392 399
392 453
392 456
392 461
392 517
392 520
392 581
392 584
392 589
392 645
392 653
392 717
392 770
392 773
392 781
392 845
392 898
392 901
392 965
392 1026
392 1029
392 1093
392 1101
392 1157
392 1165
392 1218
392 1221
392 1229
393 201
393 265
393 329
393 457
393 521
393 542
393 585
393 590
393 835
393 862
394 202
394 266
394 330
394 458
394 522
394 586
394 819
395 203
395 267
395 331
395 459
395 523
395 587
395 714
395 721
396 118
396 204
396 268
396 332
396 460
396 524
396 588
397 5
397 79
397 136
397 200
397 205
397 207
397 261
397 269
397 325
397 333
397 392
397 453
397 461
397 517
397 525
397 589
397 645
397 706
397 712
397 770
397 773
397 781
397 834
397 837
397 845
397 1029
397 1093
397 1218
398 206
398 270
398 334
398 462
398 526
398 590
399 69
399 134
399 207
399 271
399 335
399 392
399 453
399 463
399 525
399 527
399 581
399 589
399 591
399 653
399 655
399 717
399 719
399 773
399 781
399 783
399 845
399 847
399 898
399 901
399 909
399 911
399 965
399 973
399 975
399 1026
399 1037
399 1039
399 1101
399 1103
399 1157
399 1165
399 1167
399 1221
399 1229
399 1231
400 144
400 149
400 208
400 272
400 336
400 357
400 464
400 528
400 592
400 750
400 1193
401 209
401 273
401 337
401 465
401 529
401 593
401 800
402 210
402 274
402 338
402 466
402 530
402 594
403 211
403 275
403 339
403 467
403 531
403 595
404 212
404 276
404 340
404 468
404 532
404 596
404 855
404 1023
404 1272
405 187
405 213
405 277
405 341
405 469
405 533
405 567
405 597
405 1113
406 182
406 214
406 278
406 342
406 470
406 534
406 598
407 215
407 279
407 343
407 471
407 501
407 535
407 599
408 216
408 280
408 344
408 472
408 536
408 600
408 724
408 815
409 23
409 217
409 281
409 345
409 473
409 537
409 601
409 808
409 1130
410 218
410 282
410 314
410 346
410 474
410 490
410 538
410 602
410 867
411 203
411 219
411 283
411 347
411 475
411 539
411 603
411 1115
412 0
412 220
412 284
412 348
412 476
412 540
412 604
412 661
412 884
413 221
413 285
413 349
413 477
413 541
413 605
413 1249
414 222
414 286
414 350
414 356
414 364
414 478
414 542
414 606
415 217
415 223
415 287
415 351
415 479
415 543
415 607
415 792
415 892
415 1009
415 1048
415 1199
416 224
416 288
416 352
416 480
416 544
416 608
416 669
416 806
417 225
417 289
417 353
417 481
417 545
417 609
418 226
418 290
418 354
418 482
418 546
418 610
418 964
418 1206
419 227
419 229
419 291
419 355
419 483
419 547
419 611
419 1085
420 228
420 231
420 291
420 292
420 355
420 356
420 360
420 434
420 484
420 548
420 612
421 229
421 293
421 357
421 485
421 549
421 613
421 809
422 157
422 230
422 294
422 358
422 486
422 550
422 614
423 62
423 163
423 231
423 295
423 346
423 359
423 487
423 551
423 615
423 735
423 958
424 232
424 296
424 360
424 439
424 488
424 552
424 616
424 991
425 161
425 233
425 297
425 345
425 361
425 489
425 553
425 617
425 631
425 821
425 945
425 1138
426 234
426 298
426 362
426 490
426 528
426 554
426 618
427 238
427 299
427 318
427 363
427 491
427 555
427 619
428 29
428 236
428 300
428 364
428 492
428 516
428 556
428 620
428 1077
429 166
429 237
429 301
429 365
429 493
429 557
429 621
430 302
430 366
430 494
430 558
430 622
431 226
431 239
431 303
431 367
431 495
431 559
431 623
431 944
431 1021
431 1064
432 304
432 368
432 496
432 560
432 624
433 241
433 249
433 305
433 369
433 497
433 561
433 625
433 943
434 231
434 242
434 291
434 306
434 355
434 360
434 370
434 420
434 498
434 562
434 626
435 158
435 243
435 278
435 307
435 371
435 499
435 563
435 627
436 244
436 308
436 372
436 500
436 564
436 628
436 720
437 245
437 256
437 309
437 373
437 501
437 502
437 565
437 629
437 1060
438 44
438 246
438 310
438 374
438 502
438 566
438 630
438 668
439 247
439 311
439 375
439 424
439 503
439 567
439 631
439 991
440 248
440 312
440 376
440 504
440 558
440 568
440 632
440 831
440 1067
441 249
441 313
441 377
441 494
441 505
441 569
441 633
441 875
442 223
442 250
442 314
442 316
442 378
442 506
442 570
442 634
443 251
443 315
443 379
443 507
443 571
443 635
443 673
444 316
444 380
444 508
444 572
444 636
444 1087
445 317
445 381
445 509
445 573
445 637
446 188
446 254
446 318
446 382
446 510
446 574
446 638
446 702
446 1258
447 319
447 383
447 511
447 575
448 123
448 256
448 320
448 373
448 384
448 512
448 576
448 640
448 658
448 692
448 921
449 257
449 321
449 385
449 513
449 577
449 641
450 195
450 258
450 322
450 386
450 514
450 578
450 642
451 259
451 323
451 387
451 515
451 579
451 643
452 260
452 324
452 388
452 516
452 557
452 580
452 644
453 5
453 69
453 79
453 207
453 261
453 271
453 325
453 335
453 389
453 392
453 397
453 399
453 461
453 517
453 581
453 589
453 645
453 653
453 717
453 770
453 773
453 781
453 845
453 898
453 901
453 965
453 1026
453 1029
453 1037
453 1093
453 1101
453 1157
453 1165
453 1218
453 1221
453 1229
454 6
454 70
454 134
454 198
454 262
454 326
454 390
454 463
454 518
454 525
454 527
454 582
454 591
454 646
454 655
454 710
454 719
454 774
454 783
454 838
454 847
454 902
454 909
454 911
454 966
454 973
454 975
454 1030
454 1037
454 1039
454 1094
454 1103
454 1158
454 1167
454 1222
454 1231
455 263
455 327
455 391
455 519
455 583
455 647
456 8
456 72
456 133
456 197
456 264
456 328
456 389
456 392
456 520
456 584
456 648
456 709
456 776
456 840
456 904
456 968
456 1032
456 1096
456 1160
456 1224
457 265
457 329
457 393
457 521
457 585
457 649
457 923
457 1097
457 1227
458 266
458 330
458 394
458 522
458 586
458 650
459 267
459 331
459 339
459 395
459 523
459 587
459 651
460 268
460 330
460 332
460 396
460 524
460 588
460 652
461 5
461 69
461 79
461 207
461 261
461 269
461 271
461 325
461 333
461 335
461 392
461 397
461 453
461 517
461 525
461 589
461 645
461 653
461 706
461 712
461 717
461 770
461 773
461 781
461 834
461 845
461 898
461 901
461 965
461 1026
461 1029
461 1093
461 1157
461 1218
461 1221
462 270
462 334
462 398
462 526
462 590
462 654
462 967
463 6
463 69
463 70
463 134
463 198
463 262
463 271
463 326
463 335
463 390
463 399
463 454
463 518
463 525
463 527
463 581
463 582
463 589
463 591
463 646
463 653
463 655
463 710
463 717
463 719
463 774
463 783
463 838
463 847
463 898
463 901
463 902
463 909
463 911
463 965
463 966
463 973
463 975
463 1026
463 1030
463 1037
463 1039
463 1094
463 1101
463 1103
463 1157
463 1158
463 1165
463 1167
463 1221
463 1222
463 1229
463 1231
464 272
464 336
464 400
464 528
464 592
464 656
464 869
465 273
465 337
465 401
465 529
465 593
465 657
466 274
466 338
466 402
466 530
466 594
466 658
466 685
467 275
467 339
467 403
467 531
467 595
467 659
468 276
468 340
468 404
468 532
468 596
468 660
469 277
469 341
469 405
469 533
469 597
469 661
469 1055
470 278
470 342
470 406
470 534
470 598
470 662
470 1122
471 39
471 167
471 279
471 343
471 407
471 535
471 549
471 599
471 663
471 730
471 1114
471 1273
472 212
472 280
472 344
472 408
472 536
472 600
472 664
472 817
473 281
473 310
473 345
473 409
473 537
473 601
473 665
473 1143
473 1186
473 1241
474 282
474 346
474 410
474 538
474 602
474 666
474 828
474 1240
475 283
475 347
475 411
475 539
475 603
475 667
475 1098
476 92
476 146
476 214
476 284
476 348
476 412
476 540
476 604
476 668
476 674
477 285
477 349
477 413
477 541
477 605
477 669
477 896
477 982
478 286
478 350
478 414
478 542
478 606
478 670
479 52
479 287
479 351
479 379
479 415
479 543
479 607
479 671
479 863
480 138
480 288
480 352
480 416
480 544
480 608
480 672
480 1035
480 1275
481 289
481 353
481 417
481 545
481 609
481 673
481 866
482 290
482 354
482 359
482 418
482 546
482 551
482 610
482 674
482 1073
482 1076
482 1168
483 165
483 291
483 355
483 419
483 491
483 532
483 547
483 611
483 675
484 289
484 292
484 356
484 420
484 548
484 576
484 612
484 676
484 935
484 1074
485 192
485 293
485 357
485 421
485 549
485 613
485 677
486 294
486 358
486 422
486 550
486 614
486 678
487 85
487 295
487 297
487 359
487 423
487 551
487 592
487 615
487 679
488 296
488 344
488 360
488 424
488 552
488 616
488 680
488 829
488 1145
489 4
489 297
489 315
489 361
489 425
489 553
489 617
489 679
489 681
489 1207
490 298
490 314
490 362
490 410
490 426
490 554
490 618
490 682
490 867
491 165
491 299
491 363
491 427
491 483
491 532
491 555
491 619
491 683
492 300
492 364
492 428
492 556
492 620
492 684
493 301
493 365
493 429
493 557
493 621
493 685
494 302
494 366
494 430
494 441
494 558
494 622
494 686
494 875
495 125
495 303
495 317
495 367
495 431
495 559
495 623
495 687
495 1144
496 40
496 304
496 368
496 432
496 560
496 574
496 624
496 688
497 305
497 343
497 369
497 433
497 554
497 561
497 625
497 689
497 1044
497 1264
498 89
498 159
498 306
498 354
498 370
498 434
498 562
498 564
498 626
498 690
498 743
498 1268
499 236
499 307
499 371
499 435
499 563
499 627
499 644
499 691
500 308
500 372
500 436
500 564
500 628
500 692
500 1172
500 1205
501 309
501 373
501 407
501 437
501 565
501 629
501 693
502 256
502 310
502 374
502 437
502 438
502 566
502 630
502 694
502 1060
503 311
503 375
503 439
503 567
503 631
503 695
504 104
504 312
504 362
504 376
504 382
504 440
504 510
504 568
504 632
504 696
504 767
505 42
505 276
505 313
505 377
505 441
505 569
505 633
505 638
505 697
505 752
506 248
506 314
506 378
506 442
506 570
506 634
506 698
506 995
507 315
507 379
507 443
507 571
507 635
507 699
508 316
508 319
508 380
508 444
508 555
508 572
508 636
508 700
508 1150
509 317
509 381
509 445
509 573
509 637
509 680
509 701
509 939
509 956
510 104
510 318
510 362
510 382
510 446
510 504
510 574
510 638
510 702
510 767
511 121
511 185
511 319
511 383
511 447
511 575
511 639
511 703
512 320
512 384
512 448
512 576
512 640
512 704
513 321
513 385
513 449
513 577
513 641
513 705
514 322
514 386
514 450
514 578
514 642
514 706
515 323
515 331
515 387
515 451
515 579
515 643
515 649
515 707
516 29
516 324
516 388
516 428
516 452
516 580
516 644
516 708
516 1077
517 5
517 69
517 79
517 207
517 261
517 271
517 325
517 335
517 389
517 392
517 397
517 453
517 461
517 581
517 589
517 645
517 709
517 717
517 770
517 773
517 781
517 834
517 845
517 898
517 901
517 965
517 1026
517 1029
517 1093
517 1101
517 1157
517 1218
517 1221
517 1229
518 6
518 70
518 134
518 198
518 262
518 326
518 390
518 454
518 463
518 525
518 527
518 582
518 591
518 646
518 655
518 710
518 719
518 774
518 783
518 838
518 847
518 902
518 911
518 966
518 975
518 1030
518 1039
518 1094
518 1103
518 1158
518 1167
518 1222
518 1231
519 327
519 391
519 455
519 583
519 647
519 711
520 8
520 72
520 133
520 197
520 264
520 328
520 389
520 392
520 456
520 584
520 648
520 709
520 712
520 776
520 840
520 904
520 968
520 1032
520 1096
520 1160
520 1224
521 329
521 393
521 457
521 585
521 593
521 649
521 713
522 330
522 394
522 458
522 586
522 650
522 714
523 147
523 331
523 395
523 459
523 587
523 651
523 715
524 332
524 396
524 460
524 588
524 652
524 716
525 6
525 69
525 70
525 134
525 198
525 271
525 326
525 333
525 335
525 390
525 397
525 399
525 454
525 461
525 463
525 518
525 527
525 581
525 582
525 589
525 591
525 646
525 653
525 655
525 710
525 717
525 719
525 773
525 774
525 783
525 838
525 847
525 898
525 901
525 909
525 911
525 965
525 973
525 975
525 1026
525 1030
525 1037
525 1039
525 1101
525 1103
525 1157
525 1158
525 1165
525 1167
525 1221
525 1222
525 1229
525 1231
526 334
526 398
526 462
526 590
526 654
526 718
527 6
527 70
527 134
527 198
527 262
527 326
527 335
527 390
527 399
527 454
527 463
527 518
527 525
527 581
527 582
527 589
527 591
527 646
527 653
527 655
527 710
527 719
527 774
527 783
527 838
527 847
527 898
527 901
527 902
527 909
527 911
527 966
527 973
527 975
527 1030
527 1037
527 1039
527 1094
527 1101
527 1103
527 1158
527 1165
527 1167
527 1222
527 1229
527 1231
528 336
528 400
528 426
528 464
528 592
528 656
528 720
529 337
529 401
529 465
529 593
529 657
529 721
529 977
530 338
530 402
530 466
530 594
530 658
530 722
531 339
531 403
531 467
531 595
531 659
531 723
532 165
532 340
532 404
532 468
532 483
532 491
532 596
532 660
532 724
533 111
533 341
533 405
533 469
533 597
533 661
533 725
533 893
533 1080
534 342
534 406
534 470
534 598
534 662
534 726
534 1147
535 343
535 407
535 471
535 599
535 663
535 727
535 954
536 153
536 344
536 408
536 472
536 600
536 626
536 664
536 728
537 345
537 409
537 473
537 601
537 665
537 729
537 946
538 284
538 346
538 410
538 474
538 602
538 666
538 730
539 347
539 411
539 475
539 603
539 667
539 731
540 311
540 348
540 412
540 476
540 604
540 668
540 732
540 1071
541 349
541 413
541 477
541 586
541 605
541 669
541 733
541 987
541 1099
542 350
542 393
542 414
542 478
542 590
542 606
542 670
542 734
542 835
542 862
543 351
543 361
543 415
543 479
543 607
543 671
543 735
543 857
543 981
544 352
544 416
544 480
544 608
544 672
544 691
544 736
544 1019
545 353
545 417
545 481
545 609
545 671
545 673
545 737
545 798
545 1088
545 1173
546 354
546 418
546 482
546 610
546 674
546 738
546 1015
547 116
547 168
547 355
547 419
547 483
547 611
547 675
547 739
547 756
547 1006
547 1134
548 356
548 420
548 484
548 612
548 676
548 740
548 1106
549 39
549 167
549 357
549 421
549 471
549 485
549 613
549 677
549 730
549 741
549 1114
549 1273
550 222
550 358
550 422
550 486
550 614
550 678
550 694
550 742
551 359
551 423
551 482
551 487
551 615
551 679
551 743
551 1073
551 1076
551 1168
552 360
552 424
552 488
552 616
552 680
552 744
553 361
553 425
553 489
553 617
553 681
553 745
553 1156
554 343
554 362
554 426
554 490
554 497
554 618
554 682
554 746
554 1044
554 1264
555 319
555 363
555 427
555 491
555 508
555 619
555 683
555 747
555 1150
556 364
556 428
556 492
556 620
556 684
556 748
557 365
557 429
557 452
557 493
557 621
557 685
557 749
558 430
558 440
558 494
558 622
558 686
558 750
558 831
558 1067
559 106
559 120
559 367
559 431
559 495
559 623
559 687
559 728
559 751
560 216
560 340
560 363
560 368
560 432
560 496
560 624
560 688
560 752
560 1003
560 1213
560 1215
561 43
561 369
561 381
561 433
561 497
561 625
561 689
561 753
561 1259
562 295
562 370
562 434
562 498
562 626
562 690
562 754
563 301
563 371
563 435
563 499
563 627
563 691
563 755
563 827
564 89
564 159
564 354
564 372
564 436
564 498
564 500
564 628
564 692
564 743
564 756
564 1268
565 373
565 437
565 501
565 629
565 693
565 757
565 784
566 374
566 438
566 502
566 630
566 694
566 758
566 1058
566 1065
567 187
567 375
567 405
567 439
567 503
567 631
567 695
567 759
567 1113
568 177
568 376
568 440
568 504
568 632
568 663
568 696
568 760
568 881
569 377
569 441
569 505
569 633
569 697
569 761
570 442
570 506
570 634
570 698
571 320
571 379
571 443
571 507
571 635
571 699
571 763
572 239
572 380
572 444
572 508
572 636
572 700
572 764
573 26
573 46
573 60
573 381
573 445
573 509
573 637
573 701
573 765
573 1081
574 40
574 382
574 446
574 496
574 510
574 638
574 702
574 766
575 191
575 383
575 447
575 511
575 639
575 703
575 767
576 289
576 384
576 448
576 484
576 512
576 640
576 704
576 768
576 935
576 1074
577 385
577 449
577 513
577 641
577 705
577 769
578 386
578 450
578 514
578 642
578 706
578 770
579 387
579 451
579 515
579 643
579 707
579 771
580 388
580 452
580 516
580 644
580 652
580 708
580 772
580 914
581 5
581 69
581 207
581 271
581 335
581 389
581 392
581 399
581 453
581 463
581 517
581 525
581 527
581 589
581 645
581 653
581 655
581 709
581 717
581 719
581 773
581 781
581 783
581 845
581 847
581 898
581 901
581 909
581 965
581 973
581 1026
581 1029
581 1037
581 1039
581 1093
581 1101
581 1103
581 1157
581 1165
581 1167
581 1218
581 1221
581 1229
581 1231
582 6
582 70
582 134
582 198
582 262
582 326
582 390
582 454
582 463
582 518
582 525
582 527
582 591
582 646
582 655
582 710
582 719
582 774
582 783
582 838
582 847
582 902
582 911
582 966
582 975
582 1030
582 1039
582 1094
582 1103
582 1158
582 1167
582 1222
582 1231
583 391
583 455
583 519
583 647
583 711
583 736
583 775
584 8
584 72
584 133
584 197
584 264
584 328
584 389
584 392
584 456
584 520
584 648
584 709
584 712
584 776
584 840
584 904
584 968
584 1032
584 1096
584 1160
584 1224
585 32
585 393
585 457
585 521
585 649
585 713
585 777
585 1233
586 394
586 458
586 522
586 541
586 650
586 714
586 778
586 987
586 1099
587 259
587 395
587 459
587 523
587 651
587 715
587 779
588 396
588 460
588 524
588 652
588 716
588 780
588 870
589 5
589 69
589 207
589 271
589 335
589 392
589 397
589 399
589 453
589 461
589 463
589 517
589 525
589 527
589 581
589 653
589 655
589 717
589 719
589 773
589 781
589 783
589 845
589 847
589 898
589 901
589 909
589 965
589 973
589 1026
589 1029
589 1037
589 1093
589 1101
589 1103
589 1157
589 1165
589 1218
589 1221
589 1229
589 1231
590 393
590 398
590 462
590 526
590 542
590 654
590 718
590 782
590 835
590 862
591 6
591 70
591 134
591 198
591 262
591 326
591 390
591 399
591 454
591 463
591 518
591 525
591 527
591 582
591 646
591 653
591 655
591 710
591 719
591 774
591 783
591 838
591 847
591 902
591 909
591 911
591 966
591 973
591 975
591 1030
591 1037
591 1039
591 1094
591 1101
591 1103
591 1158
591 1165
591 1167
591 1222
591 1231
592 85
592 297
592 400
592 464
592 487
592 528
592 615
592 656
592 720
592 784
593 401
593 465
593 521
593 529
593 657
593 721
593 785
594 342
594 402
594 466
594 530
594 658
594 722
594 786
595 403
595 467
595 531
595 659
595 723
595 787
596 119
596 404
596 468
596 532
596 660
596 724
596 788
596 994
597 233
597 405
597 469
597 533
597 661
597 725
597 789
597 820
598 406
598 470
598 534
598 662
598 726
598 790
599 56
599 407
599 471
599 535
599 663
599 727
599 791
600 408
600 472
600 536
600 664
600 728
600 792
600 889
600 1072
600 1198
601 409
601 473
601 537
601 665
601 729
601 793
601 799
601 912
602 410
602 474
602 538
602 632
602 666
602 730
602 794
602 1201
603 202
603 268
603 411
603 475
603 539
603 667
603 731
603 795
603 1211
604 412
604 476
604 540
604 668
604 732
604 796
605 413
605 477
605 541
605 669
605 733
605 797
605 842
605 925
606 414
606 478
606 542
606 670
606 734
606 738
606 798
607 31
607 415
607 479
607 543
607 671
607 735
607 799
608 416
608 480
608 544
608 672
608 736
608 800
609 417
609 481
609 545
609 673
609 737
609 801
609 993
610 418
610 482
610 546
610 674
610 738
610 802
611 419
611 483
611 547
611 665
611 675
611 739
611 741
611 803
611 1059
612 420
612 484
612 548
612 676
612 740
612 804
613 421
613 485
613 549
613 677
613 704
613 741
613 805
613 1127
614 422
614 486
614 550
614 678
614 742
614 806
615 85
615 297
615 423
615 487
615 551
615 592
615 679
615 743
615 807
616 88
616 299
616 424
616 488
616 552
616 618
616 680
616 744
616 808
616 1262
617 225
617 425
617 489
617 553
617 681
617 745
617 809
617 917
617 932
617 1251
618 88
618 299
618 426
618 490
618 554
618 616
618 682
618 746
618 810
618 1262
619 368
619 427
619 491
619 555
619 683
619 747
619 811
619 816
620 428
620 492
620 556
620 684
620 748
620 812
621 429
621 493
621 557
621 685
621 749
621 813
622 378
622 430
622 494
622 558
622 686
622 703
622 750
622 814
622 1002
623 431
623 495
623 559
623 687
623 751
623 815
623 848
624 84
624 308
624 432
624 496
624 560
624 686
624 688
624 752
624 816
625 189
625 433
625 497
625 561
625 689
625 753
625 791
625 817
625 1175
626 153
626 434
626 498
626 536
626 562
626 690
626 754
626 818
627 435
627 499
627 563
627 691
627 755
627 819
628 436
628 500
628 564
628 692
628 756
628 820
628 1131
629 437
629 501
629 565
629 693
629 757
629 821
630 438
630 502
630 566
630 694
630 758
630 822
630 940
631 161
631 345
631 425
631 439
631 503
631 567
631 695
631 759
631 821
631 823
631 945
631 1138
632 440
632 504
632 568
632 602
632 696
632 760
632 824
632 1201
633 170
633 366
633 441
633 505
633 569
633 697
633 761
633 825
633 1018
634 442
634 506
634 570
634 682
634 698
634 700
634 762
634 826
634 1276
635 443
635 507
635 571
635 699
635 763
635 827
635 972
635 1068
636 444
636 508
636 572
636 700
636 764
636 828
636 1087
637 445
637 509
637 573
637 701
637 765
637 829
637 858
637 1137
638 42
638 276
638 446
638 505
638 510
638 574
638 702
638 752
638 766
638 830
639 511
639 575
639 703
639 767
640 448
640 512
640 576
640 704
640 768
640 832
640 1079
641 449
641 513
641 577
641 705
641 769
641 833
642 450
642 514
642 578
642 706
642 770
642 834
643 451
643 515
643 579
643 707
643 771
643 835
644 236
644 452
644 499
644 516
644 580
644 708
644 772
644 836
645 5
645 69
645 79
645 207
645 261
645 271
645 325
645 335
645 392
645 397
645 453
645 461
645 517
645 581
645 706
645 709
645 712
645 717
645 770
645 773
645 781
645 834
645 837
645 845
645 898
645 901
645 965
645 1026
645 1029
645 1093
645 1157
645 1218
645 1221
646 6
646 70
646 134
646 198
646 262
646 326
646 390
646 454
646 463
646 518
646 525
646 527
646 582
646 591
646 655
646 710
646 719
646 774
646 783
646 838
646 847
646 902
646 909
646 911
646 966
646 973
646 975
646 1030
646 1037
646 1039
646 1094
646 1103
646 1158
646 1167
646 1222
646 1231
647 455
647 519
647 583
647 711
647 775
647 839
648 8
648 72
648 133
648 197
648 264
648 328
648 389
648 456
648 520
648 584
648 709
648 712
648 776
648 840
648 904
648 968
648 1032
648 1096
648 1160
648 1224
649 331
649 457
649 515
649 521
649 585
649 713
649 777
649 841
650 322
650 458
650 522
650 586
650 714
650 778
650 842
650 1034
651 459
651 523
651 587
651 715
651 779
651 843
652 460
652 524
652 580
652 588
652 716
652 780
652 844
652 914
653 5
653 69
653 207
653 271
653 335
653 392
653 399
653 453
653 461
653 463
653 525
653 527
653 581
653 589
653 591
653 655
653 717
653 719
653 773
653 781
653 783
653 845
653 847
653 898
653 901
653 909
653 911
653 965
653 973
653 975
653 1026
653 1037
653 1039
653 1101
653 1103
653 1157
653 1165
653 1167
653 1221
653 1229
653 1231
654 462
654 526
654 590
654 718
654 782
654 846
655 6
655 69
655 70
655 134
655 198
655 262
655 326
655 335
655 390
655 399
655 454
655 463
655 518
655 525
655 527
655 581
655 582
655 589
655 591
655 646
655 653
655 710
655 717
655 719
655 774
655 783
655 838
655 847
655 898
655 901
655 902
655 909
655 911
655 965
655 966
655 973
655 975
655 1026
655 1030
655 1037
655 1039
655 1094
655 1101
655 1103
655 1157
655 1158
655 1165
655 1167
655 1221
655 1222
655 1229
655 1231
656 464
656 528
656 592
656 720
656 729
656 784
656 848
656 997
656 1242
657 142
657 465
657 529
657 593
657 721
657 785
657 849
657 963
658 123
658 373
658 448
658 466
658 530
658 594
658 692
658 722
658 786
658 850
658 921
659 467
659 531
659 595
659 723
659 787
659 851
660 50
660 468
660 532
660 596
660 724
660 788
660 852
660 999
660 1050
661 0
661 412
661 469
661 533
661 597
661 725
661 789
661 853
661 884
662 470
662 534
662 598
662 726
662 790
662 854
663 177
663 471
663 535
663 568
663 599
663 727
663 791
663 855
663 881
664 232
664 336
664 472
664 536
664 600
664 727
664 728
664 792
664 856
665 473
665 537
665 601
665 611
665 729
665 741
665 793
665 857
665 1059
666 375
666 474
666 538
666 602
666 730
666 794
666 858
666 1047
666 1239
667 475
667 539
667 603
667 731
667 795
667 859
667 1166
668 44
668 438
668 476
668 540
668 604
668 732
668 796
668 860
669 416
669 477
669 541
669 605
669 733
669 797
669 806
669 861
670 478
670 542
670 606
670 734
670 798
670 862
671 479
671 543
671 545
671 607
671 735
671 798
671 799
671 863
671 1088
671 1173
672 102
672 258
672 480
672 544
672 608
672 736
672 800
672 864
673 443
673 481
673 545
673 609
673 737
673 801
673 865
674 92
674 146
674 214
674 476
674 482
674 546
674 610
674 738
674 802
674 866
675 313
675 483
675 547
675 611
675 739
675 764
675 803
675 867
676 484
676 548
676 612
676 740
676 804
676 868
676 1028
676 1180
676 1216
677 101
677 485
677 549
677 613
677 725
677 741
677 805
677 869
678 486
678 550
678 614
678 742
678 806
678 870
679 4
679 315
679 487
679 489
679 551
679 615
679 743
679 807
679 871
679 1207
680 488
680 509
680 552
680 616
680 744
680 808
680 872
680 939
680 956
681 169
681 489
681 553
681 617
681 745
681 809
681 873
681 942
681 984
682 490
682 554
682 618
682 634
682 700
682 746
682 810
682 874
682 1276
683 228
683 491
683 555
683 619
683 747
683 811
683 875
683 1209
684 86
684 492
684 556
684 620
684 748
684 812
684 876
685 466
685 493
685 557
685 621
685 749
685 813
685 877
686 84
686 308
686 494
686 558
686 622
686 624
686 750
686 814
686 878
687 495
687 559
687 623
687 751
687 815
687 879
687 1279
688 20
688 175
688 496
688 560
688 624
688 752
688 816
688 826
688 880
688 894
688 957
689 154
689 280
689 497
689 561
689 625
689 753
689 817
689 881
689 1200
690 498
690 562
690 626
690 754
690 818
690 882
691 499
691 544
691 563
691 627
691 755
691 819
691 883
691 1019
692 123
692 373
692 448
692 500
692 564
692 628
692 658
692 756
692 820
692 884
692 921
693 501
693 565
693 629
693 757
693 821
693 873
693 885
693 1197
694 222
694 502
694 550
694 566
694 630
694 758
694 822
694 886
695 293
695 309
695 503
695 567
695 631
695 759
695 807
695 823
695 887
695 986
696 218
696 504
696 568
696 632
696 747
696 760
696 824
696 888
696 1017
697 176
697 298
697 505
697 569
697 633
697 761
697 825
697 880
697 889
697 1082
697 1136
698 279
698 506
698 570
698 634
698 762
698 826
698 890
699 507
699 571
699 635
699 763
699 827
699 891
699 1125
700 508
700 572
700 634
700 636
700 682
700 764
700 828
700 892
700 1276
701 509
701 573
701 637
701 765
701 829
701 858
701 893
701 1137
702 188
702 446
702 510
702 574
702 638
702 766
702 830
702 894
702 1258
703 378
703 511
703 575
703 622
703 639
703 767
703 831
703 1002
704 512
704 576
704 613
704 640
704 768
704 832
704 896
704 1127
705 205
705 513
705 577
705 641
705 769
705 833
705 897
706 79
706 136
706 200
706 261
706 325
706 397
706 461
706 514
706 578
706 642
706 645
706 712
706 770
706 834
706 837
706 898
706 1093
707 515
707 579
707 643
707 771
707 835
707 899
707 1230
708 516
708 580
708 644
708 772
708 836
708 900
708 1024
709 8
709 72
709 133
709 197
709 264
709 328
709 389
709 456
709 517
709 520
709 581
709 584
709 645
709 648
709 773
709 776
709 837
709 840
709 901
709 904
709 968
709 1032
709 1096
709 1160
709 1224
710 6
710 70
710 134
710 198
710 262
710 326
710 390
710 454
710 463
710 518
710 525
710 527
710 582
710 591
710 646
710 655
710 719
710 774
710 783
710 838
710 847
710 902
710 911
710 966
710 975
710 1030
710 1039
710 1094
710 1103
710 1158
710 1167
710 1222
710 1231
711 219
711 352
711 519
711 583
711 647
711 775
711 839
711 903
712 79
712 136
712 200
712 261
712 325
712 397
712 461
712 520
712 584
712 645
712 648
712 706
712 770
712 776
712 834
712 837
712 840
712 904
713 521
713 585
713 649
713 777
713 841
713 905
714 395
714 522
714 586
714 650
714 721
714 778
714 842
714 906
715 3
715 523
715 587
715 651
715 779
715 843
715 907
715 1163
716 524
716 588
716 652
716 780
716 844
716 908
717 5
717 69
717 79
717 207
717 261
717 271
717 335
717 392
717 399
717 453
717 461
717 463
717 517
717 525
717 581
717 589
717 645
717 653
717 655
717 719
717 770
717 773
717 781
717 783
717 845
717 898
717 901
717 909
717 965
717 973
717 1026
717 1029
717 1037
717 1093
717 1101
717 1157
717 1165
717 1218
717 1221
717 1229
718 526
718 590
718 654
718 782
718 846
718 910
719 6
719 69
719 70
719 134
719 198
719 262
719 271
719 326
719 335
719 390
719 399
719 454
719 463
719 518
719 525
719 527
719 581
719 582
719 589
719 591
719 646
719 653
719 655
719 710
719 717
719 773
719 774
719 783
719 838
719 847
719 898
719 901
719 902
719 909
719 911
719 965
719 966
719 973
719 975
719 1026
719 1030
719 1037
719 1039
719 1094
719 1101
719 1103
719 1157
719 1158
719 1165
719 1167
719 1221
719 1222
719 1229
719 1231
720 436
720 528
720 592
720 656
720 784
720 848
720 912
721 395
721 529
721 593
721 657
721 714
721 785
721 849
721 913
722 530
722 594
722 658
722 768
722 786
722 850
722 914
723 531
723 595
723 659
723 787
723 851
723 915
724 408
724 532
724 596
724 660
724 788
724 815
724 852
724 916
725 101
725 533
725 597
725 661
725 677
725 789
725 853
725 917
726 260
726 384
726 534
726 598
726 662
726 790
726 854
726 918
727 232
727 336
727 535
727 599
727 663
727 664
727 791
727 855
727 919
728 106
728 120
728 536
728 559
728 600
728 664
728 792
728 856
728 920
729 537
729 601
729 656
729 665
729 793
729 857
729 921
729 997
729 1242
730 39
730 167
730 471
730 538
730 549
730 602
730 666
730 794
730 858
730 922
730 1114
730 1273
731 539
731 603
731 667
731 795
731 859
731 923
732 540
732 604
732 668
732 796
732 860
732 924
733 135
733 541
733 605
733 669
733 797
733 861
733 925
734 542
734 606
734 670
734 798
734 862
734 926
735 62
735 163
735 346
735 423
735 543
735 607
735 671
735 799
735 863
735 927
735 958
736 544
736 583
736 608
736 672
736 800
736 864
736 928
737 545
737 609
737 673
737 801
737 832
737 865
737 929
737 1247
738 546
738 606
738 610
738 674
738 802
738 866
738 930
739 547
739 611
739 675
739 753
739 803
739 867
739 931
740 548
740 612
740 676
740 804
740 868
740 932
740 1220
741 549
741 611
741 613
741 665
741 677
741 805
741 869
741 933
741 1059
742 550
742 614
742 678
742 806
742 870
742 934
742 1238
743 89
743 159
743 354
743 498
743 551
743 564
743 615
743 679
743 807
743 871
743 935
743 1268
744 552
744 616
744 680
744 808
744 872
744 936
744 952
745 213
745 341
745 553
745 617
745 681
745 809
745 873
745 937
746 554
746 618
746 682
746 766
746 810
746 874
746 938
747 218
747 555
747 619
747 683
747 696
747 811
747 875
747 939
747 1017
748 556
748 620
748 684
748 749
748 812
748 876
748 940
748 1118
748 1228
749 557
749 621
749 685
749 748
749 813
749 877
749 941
749 1118
749 1228
750 144
750 149
750 357
750 400
750 558
750 622
750 686
750 814
750 878
750 942
750 1193
751 559
751 623
751 687
751 815
751 879
751 943
751 1020
751 1214
752 42
752 276
752 505
752 560
752 624
752 638
752 688
752 816
752 880
752 944
753 561
753 625
753 689
753 739
753 817
753 881
753 945
754 34
754 562
754 626
754 690
754 818
754 882
754 946
754 1256
755 563
755 627
755 691
755 819
755 883
755 947
756 116
756 168
756 547
756 564
756 628
756 692
756 820
756 884
756 948
756 1006
756 1134
757 565
757 629
757 693
757 821
757 885
757 931
757 949
757 960
758 566
758 630
758 694
758 822
758 877
758 886
758 950
759 110
759 272
759 567
759 631
759 695
759 823
759 887
759 951
759 983
759 1104
759 1176
759 1208
760 48
760 568
760 632
760 696
760 765
760 824
760 888
760 952
760 1146
761 569
761 633
761 697
761 825
761 889
761 953
762 254
762 377
762 634
762 698
762 826
762 890
762 954
763 294
763 571
763 635
763 699
763 827
763 891
763 955
764 313
764 572
764 636
764 675
764 700
764 828
764 892
764 956
765 48
765 573
765 637
765 701
765 760
765 829
765 893
765 957
765 1146
766 574
766 638
766 702
766 746
766 830
766 894
766 958
767 104
767 362
767 382
767 504
767 510
767 575
767 639
767 703
767 831
767 895
767 959
768 576
768 640
768 704
768 722
768 832
768 896
768 960
769 321
769 577
769 641
769 705
769 833
769 897
769 961
770 5
770 69
770 79
770 136
770 207
770 261
770 271
770 325
770 392
770 397
770 453
770 461
770 517
770 578
770 642
770 645
770 706
770 712
770 717
770 773
770 781
770 834
770 837
770 845
770 898
770 962
770 965
770 1026
770 1029
770 1093
770 1157
770 1218
770 1221
771 81
771 579
771 643
771 707
771 835
771 899
771 928
771 963
772 580
772 644
772 708
772 836
772 900
772 924
772 964
773 5
773 69
773 79
773 207
773 261
773 271
773 325
773 335
773 392
773 397
773 399
773 453
773 461
773 517
773 525
773 581
773 589
773 645
773 653
773 709
773 717
773 719
773 770
773 781
773 837
773 845
773 898
773 901
773 909
773 965
773 973
773 1026
773 1029
773 1037
773 1093
773 1101
773 1157
773 1165
773 1218
773 1221
773 1229
774 6
774 70
774 134
774 198
774 262
774 326
774 390
774 454
774 463
774 518
774 525
774 527
774 582
774 591
774 646
774 655
774 710
774 719
774 783
774 838
774 847
774 902
774 911
774 966
774 973
774 975
774 1030
774 1039
774 1094
774 1103
774 1158
774 1167
774 1222
774 1231
775 583
775 647
775 711
775 839
775 903
775 967
776 8
776 72
776 133
776 197
776 264
776 328
776 389
776 456
776 520
776 584
776 648
776 709
776 712
776 840
776 904
776 968
776 1032
776 1096
776 1160
776 1224
777 585
777 649
777 713
777 841
777 905
777 969
778 586
778 650
778 714
778 842
778 906
778 970
779 337
779 587
779 651
779 715
779 843
779 907
779 971
780 588
780 652
780 716
780 844
780 908
780 972
781 5
781 69
781 79
781 207
781 261
781 271
781 325
781 335
781 392
781 397
781 399
781 453
781 461
781 517
781 581
781 589
781 645
781 653
781 717
781 770
781 773
781 845
781 898
781 901
781 909
781 965
781 973
781 1026
781 1029
781 1093
781 1101
781 1157
781 1165
781 1218
781 1221
781 1229
782 199
782 590
782 654
782 718
782 846
782 910
782 974
782 1142
783 6
783 69
783 70
783 134
783 198
783 262
783 271
783 326
783 335
783 390
783 399
783 454
783 463
783 518
783 525
783 527
783 581
783 582
783 589
783 591
783 646
783 653
783 655
783 710
783 717
783 719
783 774
783 838
783 847
783 898
783 901
783 902
783 909
783 911
783 965
783 966
783 973
783 975
783 1026
783 1030
783 1037
783 1039
783 1094
783 1101
783 1103
783 1157
783 1158
783 1165
783 1167
783 1221
783 1222
783 1229
783 1231
784 565
784 592
784 656
784 720
784 848
784 912
784 976
785 593
785 657
785 721
785 849
785 913
785 977
786 594
786 658
786 722
786 850
786 914
786 978
786 1270
787 595
787 659
787 723
787 851
787 915
787 979
787 1027
787 1051
788 596
788 660
788 724
788 852
788 916
788 980
788 1236
789 597
789 661
789 725
789 818
789 853
789 872
789 917
789 949
789 981
790 598
790 662
790 726
790 854
790 918
790 982
790 1121
791 189
791 599
791 625
791 663
791 727
791 855
791 919
791 983
791 1175
792 217
792 415
792 600
792 664
792 728
792 856
792 892
792 920
792 984
792 1009
792 1048
792 1199
793 97
793 601
793 665
793 729
793 796
793 857
793 921
793 985
794 602
794 666
794 730
794 858
794 922
794 986
795 327
795 603
795 667
795 731
795 859
795 923
795 987
795 1091
795 1246
796 97
796 604
796 668
796 732
796 793
796 860
796 924
796 988
797 605
797 669
797 733
797 861
797 925
797 989
798 545
798 606
798 670
798 671
798 734
798 862
798 926
798 990
798 1088
798 1173
799 601
799 607
799 671
799 735
799 863
799 912
799 927
799 991
800 401
800 608
800 672
800 736
800 864
800 928
800 992
801 609
801 673
801 737
801 865
801 929
801 993
802 610
802 674
802 738
802 866
802 930
802 994
803 245
803 611
803 675
803 739
803 867
803 931
803 995
804 612
804 676
804 740
804 868
804 932
804 996
805 613
805 677
805 741
805 852
805 869
805 933
805 997
806 416
806 614
806 669
806 678
806 742
806 870
806 934
806 998
807 293
807 309
807 615
807 679
807 695
807 743
807 871
807 935
807 986
807 999
808 23
808 409
808 616
808 680
808 744
808 872
808 936
808 1000
808 1130
809 421
809 617
809 681
809 745
809 873
809 937
809 1001
810 112
810 152
810 618
810 682
810 746
810 874
810 938
810 1002
811 148
811 184
811 619
811 683
811 747
811 875
811 939
811 1003
811 1277
812 620
812 684
812 748
812 876
812 940
812 1004
813 82
813 621
813 685
813 749
813 877
813 941
813 1005
814 622
814 686
814 750
814 878
814 942
814 988
814 1006
814 1012
815 408
815 623
815 687
815 724
815 751
815 879
815 943
815 1007
816 368
816 619
816 624
816 688
816 752
816 880
816 944
816 1008
817 212
817 472
817 625
817 689
817 753
817 881
817 945
817 1009
818 626
818 690
818 754
818 789
818 872
818 882
818 946
818 949
818 1010
819 394
819 627
819 691
819 755
819 883
819 947
819 1011
820 233
820 597
820 628
820 692
820 756
820 884
820 948
820 1012
821 161
821 345
821 425
821 629
821 631
821 693
821 757
821 885
821 945
821 949
821 1013
821 1138
822 630
822 694
822 758
822 886
822 950
822 985
822 1014
823 631
823 695
823 759
823 887
823 951
823 1015
823 1141
824 303
824 632
824 696
824 760
824 888
824 952
824 1016
825 61
825 633
825 697
825 761
825 889
825 953
825 1017
826 20
826 175
826 634
826 688
826 698
826 762
826 890
826 894
826 954
826 957
826 1018
827 301
827 563
827 635
827 699
827 763
827 891
827 955
827 1019
828 474
828 636
828 700
828 764
828 892
828 956
828 1020
828 1240
829 344
829 488
829 637
829 701
829 765
829 893
829 957
829 1021
829 1145
830 638
830 702
830 766
830 894
830 958
830 1022
831 440
831 558
831 703
831 767
831 895
831 959
831 1067
832 640
832 704
832 737
832 768
832 896
832 960
832 1024
832 1247
833 641
833 705
833 769
833 897
833 961
833 1025
834 5
834 79
834 136
834 200
834 261
834 325
834 397
834 461
834 517
834 642
834 645
834 706
834 712
834 770
834 837
834 898
834 962
834 1026
834 1029
834 1093
834 1218
835 393
835 542
835 590
835 643
835 707
835 771
835 862
835 899
835 963
835 1027
836 324
836 644
836 708
836 772
836 868
836 900
836 964
836 1028
836 1244
837 136
837 200
837 261
837 325
837 397
837 645
837 706
837 709
837 712
837 770
837 773
837 834
837 901
837 965
837 1029
838 6
838 70
838 134
838 198
838 262
838 326
838 390
838 454
838 463
838 518
838 525
838 527
838 582
838 591
838 646
838 655
838 710
838 719
838 774
838 783
838 847
838 902
838 911
838 966
838 975
838 1030
838 1039
838 1094
838 1103
838 1158
838 1167
838 1222
838 1231
839 647
839 711
839 775
839 903
839 967
839 1031
840 8
840 72
840 133
840 197
840 264
840 328
840 389
840 456
840 520
840 584
840 648
840 709
840 712
840 776
840 904
840 968
840 1032
840 1096
840 1160
840 1224
841 649
841 713
841 777
841 905
841 969
841 1033
842 605
842 650
842 714
842 778
842 906
842 925
842 970
842 1034
843 74
843 651
843 715
843 779
843 907
843 971
843 1035
844 652
844 716
844 780
844 908
844 972
844 1036
844 1260
845 5
845 69
845 79
845 207
845 261
845 271
845 325
845 335
845 392
845 397
845 399
845 453
845 461
845 517
845 581
845 589
845 645
845 653
845 717
845 770
845 773
845 781
845 898
845 901
845 909
845 965
845 973
845 1026
845 1029
845 1037
845 1093
845 1101
845 1157
845 1165
845 1218
845 1221
845 1229
846 285
846 654
846 718
846 782
846 910
846 974
846 1038
847 6
847 70
847 134
847 198
847 262
847 326
847 335
847 390
847 399
847 454
847 463
847 518
847 525
847 527
847 581
847 582
847 589
847 591
847 646
847 653
847 655
847 710
847 719
847 774
847 783
847 838
847 898
847 901
847 902
847 909
847 911
847 965
847 966
847 973
847 975
847 1030
847 1037
847 1039
847 1094
847 1101
847 1103
847 1158
847 1165
847 1167
847 1222
847 1229
847 1231
848 623
848 656
848 720
848 784
848 912
848 976
848 1040
849 657
849 721
849 785
849 913
849 977
849 1041
849 1219
850 658
850 722
850 786
850 914
850 978
850 1042
851 659
851 723
851 787
851 915
851 979
851 1043
852 660
852 724
852 788
852 805
852 916
852 980
852 1044
853 661
853 725
853 789
853 917
853 981
853 1045
854 662
854 726
854 790
854 918
854 982
854 1046
855 404
855 663
855 727
855 791
855 919
855 983
855 1023
855 1047
855 1272
856 234
856 664
856 728
856 792
856 916
856 920
856 984
856 1048
857 361
857 543
857 665
857 729
857 793
857 921
857 981
857 985
857 1049
858 637
858 666
858 701
858 730
858 794
858 922
858 986
858 1050
858 1137
859 145
859 667
859 731
859 795
859 923
859 987
859 1051
859 1057
859 1164
860 150
860 374
860 668
860 732
860 796
860 924
860 988
860 1052
861 669
861 733
861 797
861 925
861 989
861 1053
862 393
862 542
862 590
862 670
862 734
862 798
862 835
862 926
862 990
862 1054
863 52
863 379
863 479
863 671
863 735
863 799
863 927
863 991
863 1055
864 672
864 736
864 800
864 928
864 992
864 1056
864 1184
864 1254
865 673
865 737
865 801
865 929
865 993
865 1057
865 1255
866 481
866 674
866 738
866 802
866 930
866 994
866 1058
867 314
867 410
867 490
867 675
867 739
867 803
867 931
867 995
867 1059
868 324
868 676
868 740
868 804
868 836
868 932
868 996
868 1060
868 1244
869 464
869 677
869 741
869 805
869 933
869 997
869 1061
870 588
870 678
870 742
870 806
870 934
870 998
870 1062
871 679
871 743
871 807
871 935
871 999
871 1063
872 680
872 744
872 789
872 808
872 818
872 936
872 949
872 1000
872 1064
873 681
873 693
873 745
873 809
873 937
873 1001
873 1065
873 1197
874 87
874 682
874 746
874 810
874 938
874 1002
874 1066
875 441
875 494
875 683
875 747
875 811
875 939
875 1003
875 1067
876 94
876 684
876 748
876 812
876 940
876 1004
876 1068
877 685
877 749
877 758
877 813
877 941
877 1005
877 1069
878 686
878 750
878 814
878 942
878 988
878 1006
878 1012
878 1070
879 687
879 751
879 815
879 943
879 1007
879 1071
880 176
880 298
880 688
880 697
880 752
880 816
880 944
880 1008
880 1072
880 1082
880 1136
881 177
881 568
881 663
881 689
881 753
881 817
881 945
881 1009
881 1073
882 690
882 754
882 818
882 946
882 1010
882 1074
883 691
883 755
883 819
883 906
883 947
883 1011
883 1075
884 0
884 412
884 661
884 692
884 756
884 820
884 948
884 1012
884 1076
885 693
885 757
885 821
885 949
885 1013
885 1061
885 1077
886 694
886 758
886 822
886 950
886 1014
886 1078
887 251
887 695
887 759
887 823
887 951
887 1015
887 1079
888 250
888 696
888 760
888 824
888 952
888 1016
888 1080
889 600
889 697
889 761
889 825
889 953
889 1017
889 1072
889 1081
889 1198
890 698
890 762
890 826
890 954
890 1018
891 699
891 763
891 827
891 955
891 1019
891 1052
891 1083
892 217
892 415
892 700
892 764
892 792
892 828
892 956
892 1009
892 1020
892 1048
892 1084
892 1199
893 111
893 533
893 701
893 765
893 829
893 957
893 1021
893 1080
893 1085
894 20
894 175
894 688
894 702
894 766
894 826
894 830
894 957
894 958
894 1022
894 1086
895 253
895 767
895 831
895 959
895 1023
896 477
896 704
896 768
896 832
896 960
896 982
896 1024
896 1088
897 705
897 769
897 833
897 961
897 1025
897 1089
898 69
898 79
898 207
898 271
898 335
898 392
898 399
898 453
898 461
898 463
898 517
898 525
898 527
898 581
898 589
898 645
898 653
898 655
898 706
898 717
898 719
898 770
898 773
898 781
898 783
898 834
898 845
898 847
898 901
898 909
898 962
898 965
898 973
898 1026
898 1029
898 1037
898 1090
898 1093
898 1101
898 1157
898 1165
898 1218
898 1221
898 1229
899 707
899 771
899 835
899 963
899 1027
899 1091
900 274
900 708
900 772
900 836
900 964
900 1028
900 1092
901 69
901 79
901 207
901 271
901 335
901 392
901 399
901 453
901 461
901 463
901 517
901 525
901 527
901 581
901 589
901 645
901 653
901 655
901 709
901 717
901 719
901 773
901 781
901 783
901 837
901 845
901 847
901 898
901 909
901 965
901 973
901 1026
901 1029
901 1037
901 1093
901 1101
901 1157
901 1165
901 1218
901 1221
901 1229
902 6
902 70
902 134
902 198
902 262
902 326
902 390
902 454
902 463
902 518
902 527
902 582
902 591
902 646
902 655
902 710
902 719
902 774
902 783
902 838
902 847
902 911
902 966
902 975
902 1030
902 1039
902 1094
902 1103
902 1158
902 1167
902 1222
902 1231
903 141
903 711
903 775
903 839
903 967
903 1031
903 1095
904 8
904 72
904 133
904 197
904 264
904 328
904 389
904 456
904 520
904 584
904 648
904 709
904 712
904 776
904 840
904 968
904 1032
904 1096
904 1160
904 1224
905 713
905 777
905 841
905 969
905 1033
905 1097
906 714
906 778
906 842
906 883
906 970
906 1034
906 1098
907 715
907 779
907 843
907 971
907 1035
907 1099
907 1105
908 716
908 780
908 844
908 972
908 1036
908 1100
909 69
909 134
909 207
909 271
909 335
909 399
909 454
909 463
909 525
909 527
909 581
909 589
909 591
909 646
909 653
909 655
909 717
909 719
909 773
909 781
909 783
909 845
909 847
909 898
909 901
909 911
909 965
909 973
909 975
909 1026
909 1037
909 1039
909 1101
909 1103
909 1157
909 1165
909 1167
909 1221
909 1229
909 1231
910 718
910 782
910 846
910 974
910 1038
910 1102
911 6
911 70
911 134
911 198
911 262
911 326
911 390
911 399
911 454
911 463
911 518
911 525
911 527
911 582
911 591
911 646
911 653
911 655
911 710
911 719
911 774
911 783
911 838
911 847
911 902
911 909
911 966
911 973
911 975
911 1030
911 1037
911 1039
911 1094
911 1101
911 1103
911 1158
911 1165
911 1167
911 1222
911 1231
912 601
912 720
912 784
912 799
912 848
912 976
912 1040
912 1104
913 721
913 785
913 849
913 977
913 1041
913 1105
914 580
914 652
914 722
914 786
914 850
914 978
914 1042
914 1106
915 723
915 787
915 851
915 979
915 1043
915 1107
916 234
916 724
916 788
916 852
916 856
916 980
916 1044
916 1108
917 225
917 617
917 725
917 789
917 853
917 932
917 981
917 1045
917 1109
917 1251
918 726
918 790
918 854
918 982
918 1046
918 1110
918 1116
919 90
919 727
919 791
919 855
919 983
919 1047
919 1066
919 1108
919 1111
919 1178
920 728
920 792
920 856
920 984
920 1040
920 1048
920 1112
921 123
921 373
921 448
921 658
921 692
921 729
921 793
921 857
921 985
921 1049
921 1113
922 730
922 794
922 858
922 950
922 986
922 1050
922 1114
923 457
923 731
923 795
923 859
923 987
923 1051
923 1097
923 1115
923 1227
924 732
924 772
924 796
924 860
924 988
924 1052
924 1116
925 605
925 733
925 797
925 842
925 861
925 989
925 1053
925 1117
926 734
926 798
926 862
926 990
926 1054
926 1118
927 735
927 799
927 863
927 991
927 1055
927 1119
928 81
928 736
928 771
928 800
928 864
928 992
928 1056
928 1120
929 737
929 801
929 865
929 993
929 1057
929 1121
930 100
930 738
930 802
930 866
930 994
930 1058
930 1122
930 1250
931 739
931 757
931 803
931 867
931 960
931 995
931 1059
931 1123
932 225
932 617
932 740
932 804
932 868
932 917
932 996
932 1060
932 1124
932 1251
933 242
933 353
933 741
933 805
933 869
933 996
933 997
933 1061
933 1125
934 742
934 806
934 870
934 998
934 1062
934 1126
934 1226
935 289
935 484
935 576
935 743
935 807
935 871
935 999
935 1063
935 1074
935 1127
936 744
936 808
936 872
936 1000
936 1064
936 1128
937 745
937 809
937 873
937 1001
937 1065
937 1129
938 103
938 287
938 746
938 810
938 874
938 1002
938 1066
938 1130
939 509
939 680
939 747
939 811
939 875
939 956
939 1003
939 1067
939 1131
940 630
940 748
940 812
940 876
940 1004
940 1068
940 1132
941 749
941 813
941 877
941 1005
941 1069
941 1133
942 169
942 681
942 750
942 814
942 878
942 984
942 1006
942 1070
942 1134
943 249
943 433
943 751
943 815
943 879
943 1007
943 1071
943 1135
944 226
944 431
944 752
944 816
944 880
944 1008
944 1021
944 1064
944 1072
944 1136
945 161
945 345
945 425
945 631
945 753
945 817
945 821
945 881
945 1009
945 1073
945 1137
945 1138
946 537
946 754
946 818
946 882
946 1010
946 1074
946 1138
947 755
947 819
947 883
947 1011
947 1075
947 1139
948 756
948 820
948 884
948 1012
948 1076
948 1140
948 1266
949 757
949 789
949 818
949 821
949 872
949 885
949 1013
949 1077
949 1141
950 758
950 822
950 886
950 922
950 1014
950 1078
950 1142
951 16
951 25
951 759
951 823
951 887
951 1015
951 1079
951 1111
951 1143
952 744
952 760
952 824
952 888
952 1016
952 1080
952 1144
953 761
953 825
953 889
953 1017
953 1081
953 1119
953 1145
954 535
954 762
954 826
954 890
954 1018
954 1082
954 1146
955 334
955 763
955 827
955 891
955 1019
955 1083
955 1147
956 509
956 680
956 764
956 828
956 892
956 939
956 1020
956 1084
956 1148
957 20
957 175
957 688
957 765
957 826
957 829
957 893
957 894
957 1021
957 1085
957 1149
958 62
958 163
958 346
958 423
958 735
958 766
958 830
958 894
958 1022
958 1086
958 1150
959 113
959 767
959 831
959 895
959 1023
959 1087
960 757
960 768
960 832
960 896
960 931
960 1024
960 1088
960 1152
961 769
961 833
961 897
961 1025
961 1089
961 1153
962 770
962 834
962 898
962 1025
962 1026
962 1090
962 1154
963 142
963 657
963 771
963 835
963 899
963 1027
963 1091
963 1155
964 418
964 772
964 836
964 900
964 1028
964 1092
964 1156
964 1206
965 69
965 207
965 271
965 335
965 392
965 399
965 453
965 461
965 463
965 517
965 525
965 581
965 589
965 645
965 653
965 655
965 717
965 719
965 770
965 773
965 781
965 783
965 837
965 845
965 847
965 898
965 901
965 909
965 973
965 1026
965 1029
965 1037
965 1093
965 1101
965 1157
965 1165
965 1218
965 1221
965 1229
966 6
966 70
966 134
966 198
966 262
966 326
966 390
966 454
966 463
966 518
966 527
966 582
966 591
966 646
966 655
966 710
966 719
966 774
966 783
966 838
966 847
966 902
966 911
966 975
966 1030
966 1039
966 1094
966 1103
966 1158
966 1167
966 1222
966 1231
967 462
967 775
967 839
967 903
967 1031
967 1095
967 1159
968 8
968 72
968 133
968 197
968 264
968 328
968 389
968 456
968 520
968 584
968 648
968 709
968 776
968 840
968 904
968 1032
968 1096
968 1160
968 1224
969 777
969 841
969 905
969 1033
969 1097
969 1161
970 778
970 842
970 906
970 1034
970 1098
970 1162
971 779
971 843
971 907
971 1035
971 1099
971 1163
972 635
972 780
972 844
972 908
972 1036
972 1068
972 1100
972 1164
973 134
973 271
973 326
973 335
973 399
973 454
973 463
973 525
973 527
973 581
973 589
973 591
973 646
973 653
973 655
973 717
973 719
973 773
973 774
973 781
973 783
973 845
973 847
973 898
973 901
973 909
973 911
973 965
973 975
973 1026
973 1037
973 1039
973 1101
973 1103
973 1157
973 1165
973 1167
973 1221
973 1229
973 1231
974 782
974 846
974 910
974 1038
974 1102
974 1166
974 1203
975 134
975 198
975 262
975 326
975 390
975 399
975 454
975 463
975 518
975 525
975 527
975 582
975 591
975 646
975 653
975 655
975 710
975 719
975 774
975 783
975 838
975 847
975 902
975 909
975 911
975 966
975 973
975 1030
975 1037
975 1039
975 1094
975 1101
975 1103
975 1158
975 1165
975 1167
975 1222
975 1231
976 784
976 848
976 912
976 1010
976 1040
976 1104
976 1168
977 529
977 785
977 849
977 913
977 1041
977 1105
977 1169
978 786
978 850
978 914
978 1042
978 1106
978 1170
979 266
979 787
979 851
979 915
979 1043
979 1107
979 1162
979 1171
980 36
980 351
980 788
980 852
980 916
980 1044
980 1108
980 1172
980 1271
981 361
981 543
981 789
981 853
981 857
981 917
981 1045
981 1109
981 1173
982 477
982 790
982 854
982 896
982 918
982 1046
982 1110
982 1174
983 110
983 272
983 759
983 791
983 855
983 919
983 1047
983 1104
983 1111
983 1175
983 1176
983 1208
984 169
984 681
984 792
984 856
984 920
984 942
984 1048
984 1112
984 1176
985 793
985 822
985 857
985 921
985 1049
985 1113
985 1177
986 293
986 309
986 695
986 794
986 807
986 858
986 922
986 1050
986 1114
986 1178
987 541
987 586
987 795
987 859
987 923
987 1051
987 1099
987 1115
987 1179
988 796
988 814
988 860
988 878
988 924
988 1012
988 1052
988 1116
988 1180
989 10
989 797
989 861
989 925
989 1053
989 1117
989 1181
990 68
990 798
990 862
990 926
990 1054
990 1117
990 1118
990 1182
991 424
991 439
991 799
991 863
991 927
991 1055
991 1119
991 1183
992 800
992 864
992 928
992 1056
992 1120
992 1184
993 609
993 801
993 865
993 929
993 1057
993 1121
993 1185
994 119
994 596
994 802
994 866
994 930
994 1058
994 1122
994 1186
995 248
995 506
995 803
995 867
995 931
995 1059
995 1123
995 1187
996 242
996 353
996 804
996 868
996 932
996 933
996 1060
996 1124
996 1188
997 656
997 729
997 805
997 869
997 933
997 1061
997 1125
997 1189
997 1242
998 806
998 870
998 934
998 1046
998 1062
998 1126
998 1190
999 50
999 660
999 807
999 871
999 935
999 1050
999 1063
999 1127
999 1191
1000 22
1000 808
1000 872
1000 936
1000 1064
1000 1128
1000 1192
1001 809
1001 873
1001 937
1001 1065
1001 1129
1001 1183
1001 1193
1002 378
1002 622
1002 703
1002 810
1002 874
1002 938
1002 1066
1002 1130
1002 1194
1003 216
1003 340
1003 363
1003 560
1003 811
1003 875
1003 939
1003 1067
1003 1131
1003 1195
1003 1213
1003 1215
1004 371
1004 812
1004 876
1004 940
1004 1068
1004 1132
1004 1196
1005 813
1005 877
1005 941
1005 1069
1005 1133
1005 1197
1006 116
1006 168
1006 547
1006 756
1006 814
1006 878
1006 942
1006 1070
1006 1134
1006 1198
1007 59
1007 306
1007 815
1007 879
1007 943
1007 1071
1007 1135
1007 1199
1008 372
1008 816
1008 880
1008 944
1008 1072
1008 1136
1008 1200
1009 217
1009 415
1009 792
1009 817
1009 881
1009 892
1009 945
1009 1048
1009 1073
1009 1137
1009 1199
1009 1201
1010 818
1010 882
1010 946
1010 976
1010 1074
1010 1138
1010 1202
1011 819
1011 883
1011 947
1011 1075
1011 1139
1011 1203
1012 814
1012 820
1012 878
1012 884
1012 948
1012 988
1012 1076
1012 1140
1012 1204
1013 164
1013 388
1013 821
1013 885
1013 949
1013 1077
1013 1141
1013 1205
1014 283
1014 822
1014 886
1014 950
1014 1078
1014 1142
1014 1206
1015 546
1015 823
1015 887
1015 951
1015 1079
1015 1143
1015 1207
1016 302
1016 824
1016 888
1016 952
1016 1080
1016 1144
1016 1208
1016 1278
1017 218
1017 696
1017 747
1017 825
1017 889
1017 953
1017 1081
1017 1145
1017 1209
1018 170
1018 366
1018 633
1018 826
1018 890
1018 954
1018 1082
1018 1146
1019 544
1019 691
1019 827
1019 891
1019 955
1019 1083
1019 1147
1019 1211
1020 751
1020 828
1020 892
1020 956
1020 1084
1020 1148
1020 1212
1020 1214
1021 226
1021 431
1021 829
1021 893
1021 944
1021 957
1021 1064
1021 1085
1021 1149
1021 1213
1022 830
1022 894
1022 958
1022 1086
1022 1150
1022 1192
1022 1214
1023 404
1023 855
1023 895
1023 959
1023 1087
1023 1151
1023 1215
1023 1272
1024 708
1024 832
1024 896
1024 960
1024 1088
1024 1152
1024 1216
1025 833
1025 897
1025 961
1025 962
1025 1089
1025 1153
1025 1217
1026 69
1026 207
1026 261
1026 271
1026 335
1026 392
1026 399
1026 453
1026 461
1026 463
1026 517
1026 525
1026 581
1026 589
1026 645
1026 653
1026 655
1026 717
1026 719
1026 770
1026 773
1026 781
1026 783
1026 834
1026 845
1026 898
1026 901
1026 909
1026 962
1026 965
1026 973
1026 1029
1026 1037
1026 1090
1026 1093
1026 1101
1026 1154
1026 1157
1026 1165
1026 1218
1026 1221
1026 1229
1027 787
1027 835
1027 899
1027 963
1027 1051
1027 1091
1027 1155
1027 1219
1028 676
1028 836
1028 900
1028 964
1028 1092
1028 1156
1028 1180
1028 1216
1028 1220
1029 5
1029 79
1029 207
1029 261
1029 271
1029 325
1029 335
1029 392
1029 397
1029 453
1029 461
1029 517
1029 581
1029 589
1029 645
1029 717
1029 770
1029 773
1029 781
1029 834
1029 837
1029 845
1029 898
1029 901
1029 965
1029 1026
1029 1093
1029 1101
1029 1157
1029 1218
1029 1221
1029 1229
1030 6
1030 70
1030 134
1030 198
1030 262
1030 326
1030 390
1030 454
1030 463
1030 518
1030 525
1030 527
1030 582
1030 591
1030 646
1030 655
1030 710
1030 719
1030 774
1030 783
1030 838
1030 847
1030 902
1030 911
1030 966
1030 975
1030 1039
1030 1094
1030 1103
1030 1158
1030 1167
1030 1222
1030 1231
1031 263
1031 839
1031 903
1031 967
1031 1095
1031 1159
1031 1223
1032 8
1032 72
1032 133
1032 197
1032 264
1032 328
1032 389
1032 456
1032 520
1032 584
1032 648
1032 709
1032 776
1032 840
1032 904
1032 968
1032 1096
1032 1160
1032 1224
1033 841
1033 905
1033 969
1033 1097
1033 1161
1033 1225
1034 322
1034 650
1034 842
1034 906
1034 970
1034 1098
1034 1162
1034 1226
1035 138
1035 480
1035 843
1035 907
1035 971
1035 1099
1035 1163
1035 1227
1035 1275
1036 243
1036 844
1036 908
1036 972
1036 1100
1036 1164
1036 1228
1037 207
1037 271
1037 335
1037 399
1037 453
1037 454
1037 463
1037 525
1037 527
1037 581
1037 589
1037 591
1037 646
1037 653
1037 655
1037 717
1037 719
1037 773
1037 783
1037 845
1037 847
1037 898
1037 901
1037 909
1037 911
1037 965
1037 973
1037 975
1037 1026
1037 1039
1037 1101
1037 1103
1037 1157
1037 1165
1037 1167
1037 1221
1037 1229
1037 1231
1038 846
1038 910
1038 974
1038 1102
1038 1166
1038 1230
1039 134
1039 198
1039 262
1039 326
1039 390
1039 399
1039 454
1039 463
1039 518
1039 525
1039 527
1039 581
1039 582
1039 591
1039 646
1039 653
1039 655
1039 710
1039 719
1039 774
1039 783
1039 838
1039 847
1039 902
1039 909
1039 911
1039 966
1039 973
1039 975
1039 1030
1039 1037
1039 1094
1039 1101
1039 1103
1039 1158
1039 1165
1039 1167
1039 1222
1039 1229
1039 1231
1040 848
1040 912
1040 920
1040 976
1040 1104
1040 1168
1040 1232
1041 129
1041 849
1041 913
1041 977
1041 1105
1041 1169
1041 1233
1042 28
1042 850
1042 914
1042 978
1042 1106
1042 1170
1042 1234
1043 851
1043 915
1043 979
1043 1107
1043 1171
1043 1235
1044 343
1044 497
1044 554
1044 852
1044 916
1044 980
1044 1108
1044 1172
1044 1236
1044 1264
1045 853
1045 917
1045 981
1045 1109
1045 1173
1045 1237
1046 854
1046 918
1046 982
1046 998
1046 1110
1046 1174
1046 1238
1047 375
1047 666
1047 855
1047 919
1047 983
1047 1111
1047 1175
1047 1239
1048 217
1048 415
1048 792
1048 856
1048 892
1048 920
1048 984
1048 1009
1048 1112
1048 1176
1048 1199
1048 1240
1049 857
1049 921
1049 985
1049 1113
1049 1177
1049 1241
1050 50
1050 660
1050 858
1050 922
1050 986
1050 999
1050 1114
1050 1178
1050 1242
1051 787
1051 859
1051 923
1051 987
1051 1027
1051 1115
1051 1179
1051 1243
1052 860
1052 891
1052 924
1052 988
1052 1116
1052 1180
1052 1244
1053 861
1053 925
1053 989
1053 1117
1053 1181
1053 1245
1054 862
1054 926
1054 990
1054 1118
1054 1182
1054 1246
1055 469
1055 863
1055 927
1055 991
1055 1119
1055 1183
1055 1247
1056 864
1056 928
1056 992
1056 1120
1056 1184
1056 1248
1057 145
1057 859
1057 865
1057 929
1057 993
1057 1121
1057 1164
1057 1185
1057 1249
1058 566
1058 866
1058 930
1058 994
1058 1065
1058 1122
1058 1186
1058 1250
1059 611
1059 665
1059 741
1059 867
1059 931
1059 995
1059 1123
1059 1187
1059 1251
1060 256
1060 437
1060 502
1060 868
1060 932
1060 996
1060 1124
1060 1188
1060 1252
1061 869
1061 885
1061 933
1061 997
1061 1125
1061 1189
1061 1253
1062 870
1062 934
1062 998
1062 1126
1062 1190
1062 1254
1063 55
1063 871
1063 935
1063 999
1063 1127
1063 1191
1063 1255
1064 226
1064 431
1064 872
1064 936
1064 944
1064 1000
1064 1021
1064 1128
1064 1192
1064 1256
1065 566
1065 873
1065 937
1065 1001
1065 1058
1065 1129
1065 1193
1065 1257
1066 90
1066 874
1066 919
1066 938
1066 1002
1066 1108
1066 1130
1066 1178
1066 1194
1066 1258
1067 440
1067 558
1067 831
1067 875
1067 939
1067 1003
1067 1131
1067 1195
1068 635
1068 876
1068 940
1068 972
1068 1004
1068 1132
1068 1196
1068 1260
1069 877
1069 941
1069 1005
1069 1133
1069 1197
1069 1261
1070 21
1070 878
1070 942
1070 1006
1070 1112
1070 1134
1070 1198
1070 1262
1071 311
1071 540
1071 879
1071 943
1071 1007
1071 1135
1071 1199
1071 1263
1072 600
1072 880
1072 889
1072 944
1072 1008
1072 1136
1072 1198
1072 1200
1072 1264
1073 359
1073 482
1073 551
1073 881
1073 945
1073 1009
1073 1076
1073 1137
1073 1168
1073 1201
1073 1265
1074 289
1074 484
1074 576
1074 882
1074 935
1074 946
1074 1010
1074 1138
1074 1202
1074 1266
1075 883
1075 947
1075 1011
1075 1133
1075 1139
1075 1203
1075 1267
1076 359
1076 482
1076 551
1076 884
1076 948
1076 1012
1076 1073
1076 1140
1076 1168
1076 1204
1076 1268
1077 29
1077 428
1077 516
1077 885
1077 949
1077 1013
1077 1141
1077 1205
1077 1269
1078 886
1078 950
1078 1014
1078 1142
1078 1206
1078 1270
1079 640
1079 887
1079 951
1079 1015
1079 1143
1079 1207
1079 1271
1080 111
1080 533
1080 888
1080 893
1080 952
1080 1016
1080 1144
1080 1208
1080 1272
1081 26
1081 46
1081 60
1081 573
1081 889
1081 953
1081 1017
1081 1145
1081 1209
1081 1273
1082 176
1082 298
1082 697
1082 880
1082 954
1082 1018
1082 1136
1082 1146
1082 1210
1082 1274
1083 891
1083 955
1083 1019
1083 1147
1083 1211
1083 1275
1084 124
1084 892
1084 956
1084 1020
1084 1148
1084 1212
1084 1276
1085 229
1085 419
1085 893
1085 957
1085 1021
1085 1149
1085 1213
1085 1277
1086 894
1086 958
1086 1022
1086 1150
1086 1214
1086 1278
1087 444
1087 636
1087 959
1087 1023
1087 1151
1087 1215
1087 1279
1088 545
1088 671
1088 798
1088 896
1088 960
1088 1024
1088 1152
1088 1173
1088 1216
1089 897
1089 961
1089 1025
1089 1153
1089 1217
1090 898
1090 962
1090 1026
1090 1154
1090 1218
1091 327
1091 795
1091 899
1091 963
1091 1027
1091 1155
1091 1219
1091 1246
1092 900
1092 964
1092 1028
1092 1156
1092 1220
1093 5
1093 79
1093 207
1093 261
1093 271
1093 325
1093 335
1093 392
1093 397
1093 453
1093 461
1093 517
1093 581
1093 589
1093 645
1093 706
1093 717
1093 770
1093 773
1093 781
1093 834
1093 845
1093 898
1093 901
1093 965
1093 1026
1093 1029
1093 1157
1093 1218
1093 1221
1093 1229
1094 6
1094 70
1094 134
1094 198
1094 262
1094 326
1094 390
1094 454
1094 463
1094 518
1094 527
1094 582
1094 591
1094 646
1094 655
1094 710
1094 719
1094 774
1094 783
1094 838
1094 847
1094 902
1094 911
1094 966
1094 975
1094 1030
1094 1039
1094 1103
1094 1158
1094 1167
1094 1222
1094 1231
1095 265
1095 903
1095 967
1095 1031
1095 1159
1095 1223
1096 8
1096 72
1096 133
1096 197
1096 264
1096 328
1096 389
1096 456
1096 520
1096 584
1096 648
1096 709
1096 776
1096 840
1096 904
1096 968
1096 1032
1096 1160
1096 1224
1097 457
1097 905
1097 923
1097 969
1097 1033
1097 1161
1097 1225
1097 1227
1098 475
1098 906
1098 970
1098 1034
1098 1162
1098 1226
1099 541
1099 586
1099 907
1099 971
1099 987
1099 1035
1099 1163
1099 1227
1100 908
1100 972
1100 1036
1100 1164
1100 1228
1101 271
1101 335
1101 392
1101 399
1101 453
1101 463
1101 517
1101 525
1101 527
1101 581
1101 589
1101 591
1101 653
1101 655
1101 717
1101 719
1101 773
1101 781
1101 783
1101 845
1101 847
1101 898
1101 901
1101 909
1101 911
1101 965
1101 973
1101 975
1101 1026
1101 1029
1101 1037
1101 1039
1101 1103
1101 1157
1101 1165
1101 1167
1101 1218
1101 1221
1101 1229
1101 1231
1102 910
1102 974
1102 1038
1102 1166
1102 1230
1103 134
1103 262
1103 326
1103 390
1103 399
1103 454
1103 463
1103 518
1103 525
1103 527
1103 581
1103 582
1103 589
1103 591
1103 646
1103 653
1103 655
1103 710
1103 719
1103 774
1103 783
1103 838
1103 847
1103 902
1103 909
1103 911
1103 966
1103 973
1103 975
1103 1030
1103 1037
1103 1039
1103 1094
1103 1101
1103 1158
1103 1165
1103 1167
1103 1222
1103 1229
1103 1231
1104 110
1104 272
1104 759
1104 912
1104 976
1104 983
1104 1040
1104 1168
1104 1176
1104 1208
1104 1232
1105 907
1105 913
1105 977
1105 1041
1105 1169
1105 1233
1106 548
1106 914
1106 978
1106 1042
1106 1170
1106 1234
1107 915
1107 979
1107 1043
1107 1171
1107 1235
1108 90
1108 916
1108 919
1108 980
1108 1044
1108 1066
1108 1172
1108 1178
1108 1236
1109 247
1109 917
1109 981
1109 1045
1109 1173
1109 1237
1110 918
1110 982
1110 1046
1110 1174
1110 1238
1111 16
1111 25
1111 919
1111 951
1111 983
1111 1047
1111 1175
1111 1239
1112 21
1112 920
1112 984
1112 1048
1112 1070
1112 1176
1112 1240
1113 187
1113 405
1113 567
1113 921
1113 985
1113 1049
1113 1177
1113 1241
1114 39
1114 167
1114 471
1114 549
1114 730
1114 922
1114 986
1114 1050
1114 1178
1114 1242
1114 1273
1115 203
1115 411
1115 923
1115 987
1115 1051
1115 1179
1115 1243
1116 918
1116 924
1116 988
1116 1052
1116 1180
1116 1244
1117 68
1117 925
1117 989
1117 990
1117 1053
1117 1181
1117 1245
1118 748
1118 749
1118 926
1118 990
1118 1054
1118 1182
1118 1228
1118 1246
1119 927
1119 953
1119 991
1119 1055
1119 1183
1119 1247
1120 928
1120 992
1120 1056
1120 1184
1120 1248
1121 790
1121 929
1121 993
1121 1057
1121 1185
1121 1249
1122 470
1122 930
1122 994
1122 1058
1122 1186
1122 1250
1123 105
1123 277
1123 931
1123 995
1123 1059
1123 1187
1123 1251
1124 18
1124 932
1124 996
1124 1060
1124 1188
1124 1252
1125 699
1125 933
1125 997
1125 1061
1125 1189
1125 1253
1126 347
1126 934
1126 998
1126 1062
1126 1190
1126 1254
1127 613
1127 704
1127 935
1127 999
1127 1063
1127 1191
1127 1255
1128 936
1128 1000
1128 1064
1128 1192
1128 1256
1129 937
1129 1001
1129 1065
1129 1193
1129 1257
1130 23
1130 409
1130 808
1130 938
1130 1002
1130 1066
1130 1194
1130 1258
1131 628
1131 939
1131 1003
1131 1067
1131 1195
1131 1259
1132 204
1132 940
1132 1004
1132 1068
1132 1196
1132 1260
1133 941
1133 1005
1133 1069
1133 1075
1133 1197
1133 1261
1134 116
1134 168
1134 547
1134 756
1134 942
1134 1006
1134 1070
1134 1198
1134 1262
1135 943
1135 1007
1135 1071
1135 1199
1135 1263
1136 176
1136 298
1136 697
1136 880
1136 944
1136 1008
1136 1072
1136 1082
1136 1200
1136 1264
1137 637
1137 701
1137 858
1137 945
1137 1009
1137 1073
1137 1201
1137 1265
1138 161
1138 345
1138 425
1138 631
1138 821
1138 945
1138 946
1138 1010
1138 1074
1138 1202
1138 1266
1139 947
1139 1011
1139 1075
1139 1203
1139 1267
1140 35
1140 281
1140 948
1140 1012
1140 1076
1140 1204
1140 1268
1141 823
1141 949
1141 1013
1141 1077
1141 1205
1141 1269
1142 199
1142 782
1142 950
1142 1014
1142 1078
1142 1206
1142 1270
1143 310
1143 473
1143 951
1143 1015
1143 1079
1143 1186
1143 1207
1143 1241
1143 1271
1144 125
1144 317
1144 495
1144 952
1144 1016
1144 1080
1144 1208
1144 1272
1145 344
1145 488
1145 829
1145 953
1145 1017
1145 1081
1145 1209
1145 1273
1146 48
1146 760
1146 765
1146 954
1146 1018
1146 1082
1146 1210
1146 1274
1147 534
1147 955
1147 1019
1147 1083
1147 1211
1147 1275
1148 47
1148 128
1148 956
1148 1020
1148 1084
1148 1212
1148 1276
1149 957
1149 1021
1149 1085
1149 1213
1149 1277
1150 319
1150 508
1150 555
1150 958
1150 1022
1150 1086
1150 1214
1150 1278
1151 99
1151 1023
1151 1087
1151 1215
1151 1279
1152 332
1152 960
1152 1024
1152 1088
1152 1216
1153 961
1153 1025
1153 1089
1153 1217
1154 962
1154 1026
1154 1090
1154 1218
1155 963
1155 1027
1155 1091
1155 1219
1156 553
1156 964
1156 1028
1156 1092
1156 1220
1157 69
1157 207
1157 271
1157 335
1157 392
1157 399
1157 453
1157 461
1157 463
1157 517
1157 525
1157 581
1157 589
1157 645
1157 653
1157 655
1157 717
1157 719
1157 770
1157 773
1157 781
1157 783
1157 845
1157 898
1157 901
1157 909
1157 965
1157 973
1157 1026
1157 1029
1157 1037
1157 1093
1157 1101
1157 1165
1157 1218
1157 1221
1157 1229
1158 6
1158 70
1158 134
1158 198
1158 262
1158 326
1158 390
1158 454
1158 463
1158 518
1158 525
1158 527
1158 582
1158 591
1158 646
1158 655
1158 710
1158 719
1158 774
1158 783
1158 838
1158 847
1158 902
1158 911
1158 966
1158 975
1158 1030
1158 1039
1158 1094
1158 1103
1158 1167
1158 1222
1158 1231
1159 967
1159 1031
1159 1095
1159 1223
1160 8
1160 72
1160 133
1160 197
1160 264
1160 328
1160 389
1160 456
1160 520
1160 584
1160 648
1160 709
1160 776
1160 840
1160 904
1160 968
1160 1032
1160 1096
1160 1224
1161 969
1161 1033
1161 1097
1161 1225
1162 266
1162 970
1162 979
1162 1034
1162 1098
1162 1226
1163 3
1163 715
1163 971
1163 1035
1163 1099
1163 1227
1164 145
1164 859
1164 972
1164 1036
1164 1057
1164 1100
1164 1228
1165 335
1165 392
1165 399
1165 453
1165 463
1165 525
1165 527
1165 581
1165 589
1165 591
1165 653
1165 655
1165 717
1165 719
1165 773
1165 781
1165 783
1165 845
1165 847
1165 898
1165 901
1165 909
1165 911
1165 965
1165 973
1165 975
1165 1026
1165 1037
1165 1039
1165 1101
1165 1103
1165 1157
1165 1167
1165 1221
1165 1229
1165 1231
1166 667
1166 974
1166 1038
1166 1102
1166 1230
1167 134
1167 198
1167 326
1167 390
1167 399
1167 454
1167 463
1167 518
1167 525
1167 527
1167 581
1167 582
1167 591
1167 646
1167 653
1167 655
1167 710
1167 719
1167 774
1167 783
1167 838
1167 847
1167 902
1167 909
1167 911
1167 966
1167 973
1167 975
1167 1030
1167 1037
1167 1039
1167 1094
1167 1101
1167 1103
1167 1158
1167 1165
1167 1222
1167 1229
1167 1231
1168 359
1168 482
1168 551
1168 976
1168 1040
1168 1073
1168 1076
1168 1104
1168 1232
1169 224
1169 977
1169 1041
1169 1105
1169 1233
1170 978
1170 1042
1170 1106
1170 1234
1171 979
1171 1043
1171 1107
1171 1235
1172 500
1172 980
1172 1044
1172 1108
1172 1205
1172 1236
1173 545
1173 671
1173 798
1173 981
1173 1045
1173 1088
1173 1109
1173 1237
1174 98
1174 982
1174 1046
1174 1110
1174 1238
1175 189
1175 625
1175 791
1175 983
1175 1047
1175 1111
1175 1239
1176 110
1176 272
1176 759
1176 983
1176 984
1176 1048
1176 1104
1176 1112
1176 1208
1176 1240
1177 985
1177 1049
1177 1113
1177 1241
1178 90
1178 919
1178 986
1178 1050
1178 1066
1178 1108
1178 1114
1178 1242
1179 96
1179 987
1179 1051
1179 1115
1179 1243
1180 676
1180 988
1180 1028
1180 1052
1180 1116
1180 1216
1180 1244
1181 30
1181 989
1181 1053
1181 1117
1181 1245
1182 156
1182 990
1182 1054
1182 1118
1182 1246
1183 991
1183 1001
1183 1055
1183 1119
1183 1247
1184 864
1184 992
1184 1056
1184 1120
1184 1248
1184 1254
1185 993
1185 1057
1185 1121
1185 1249
1186 310
1186 473
1186 994
1186 1058
1186 1122
1186 1143
1186 1241
1186 1250
1187 995
1187 1059
1187 1123
1187 1251
1188 996
1188 1060
1188 1124
1188 1252
1189 997
1189 1061
1189 1125
1189 1253
1190 998
1190 1062
1190 1126
1190 1254
1191 999
1191 1063
1191 1127
1191 1255
1192 1000
1192 1022
1192 1064
1192 1128
1192 1256
1193 144
1193 149
1193 357
1193 400
1193 750
1193 1001
1193 1065
1193 1129
1193 1257
1194 348
1194 1002
1194 1066
1194 1130
1194 1258
1195 1003
1195 1067
1195 1131
1195 1259
1196 1004
1196 1068
1196 1132
1196 1260
1197 693
1197 873
1197 1005
1197 1069
1197 1133
1197 1261
1198 600
1198 889
1198 1006
1198 1070
1198 1072
1198 1134
1198 1262
1199 217
1199 415
1199 792
1199 892
1199 1007
1199 1009
1199 1048
1199 1071
1199 1135
1199 1263
1200 154
1200 280
1200 689
1200 1008
1200 1072
1200 1136
1200 1264
1201 602
1201 632
1201 1009
1201 1073
1201 1137
1201 1265
1202 1010
1202 1074
1202 1138
1202 1257
1202 1266
1203 974
1203 1011
1203 1075
1203 1139
1203 1267
1204 370
1204 1012
1204 1076
1204 1140
1204 1268
1205 500
1205 1013
1205 1077
1205 1141
1205 1172
1205 1269
1206 418
1206 964
1206 1014
1206 1078
1206 1142
1206 1270
1207 4
1207 315
1207 489
1207 679
1207 1015
1207 1079
1207 1143
1207 1271
1208 110
1208 272
1208 759
1208 983
1208 1016
1208 1080
1208 1104
1208 1144
1208 1176
1208 1272
1209 228
1209 683
1209 1017
1209 1081
1209 1145
1209 1273
1210 1082
1210 1146
1210 1274
1211 202
1211 268
1211 603
1211 1019
1211 1083
1211 1147
1211 1275
1212 1020
1212 1084
1212 1148
1212 1276
1213 216
1213 340
1213 363
1213 560
1213 1003
1213 1021
1213 1085
1213 1149
1213 1215
1213 1277
1214 751
1214 1020
1214 1022
1214 1086
1214 1150
1214 1278
1215 216
1215 340
1215 363
1215 560
1215 1003
1215 1023
1215 1087
1215 1151
1215 1213
1215 1279
1216 676
1216 1024
1216 1028
1216 1088
1216 1152
1216 1180
1217 1025
1217 1089
1217 1153
1218 5
1218 79
1218 207
1218 392
1218 397
1218 453
1218 461
1218 517
1218 581
1218 589
1218 645
1218 717
1218 770
1218 773
1218 781
1218 834
1218 845
1218 898
1218 901
1218 965
1218 1026
1218 1029
1218 1090
1218 1093
1218 1101
1218 1154
1218 1157
1218 1221
1218 1229
1219 849
1219 1027
1219 1091
1219 1155
1220 740
1220 1028
1220 1092
1220 1156
1221 69
1221 207
1221 271
1221 335
1221 392
1221 399
1221 453
1221 461
1221 463
1221 517
1221 525
1221 581
1221 589
1221 645
1221 653
1221 655
1221 717
1221 719
1221 770
1221 773
1221 781
1221 783
1221 845
1221 898
1221 901
1221 909
1221 965
1221 973
1221 1026
1221 1029
1221 1037
1221 1093
1221 1101
1221 1157
1221 1165
1221 1218
1221 1229
1222 6
1222 70
1222 134
1222 198
1222 262
1222 326
1222 390
1222 454
1222 463
1222 518
1222 525
1222 527
1222 582
1222 591
1222 646
1222 655
1222 710
1222 719
1222 774
1222 783
1222 838
1222 847
1222 902
1222 911
1222 966
1222 975
1222 1030
1222 1039
1222 1094
1222 1103
1222 1158
1222 1167
1222 1231
1223 1031
1223 1095
1223 1159
1224 8
1224 72
1224 133
1224 197
1224 264
1224 328
1224 389
1224 456
1224 520
1224 584
1224 648
1224 709
1224 776
1224 840
1224 904
1224 968
1224 1032
1224 1096
1224 1160
1225 13
1225 1033
1225 1097
1225 1161
1226 934
1226 1034
1226 1098
1226 1162
1227 457
1227 923
1227 1035
1227 1097
1227 1099
1227 1163
1228 748
1228 749
1228 1036
1228 1100
1228 1118
1228 1164
1229 69
1229 271
1229 335
1229 392
1229 399
1229 453
1229 463
1229 517
1229 525
1229 527
1229 581
1229 589
1229 653
1229 655
1229 717
1229 719
1229 773
1229 781
1229 783
1229 845
1229 847
1229 898
1229 901
1229 909
1229 965
1229 973
1229 1026
1229 1029
1229 1037
1229 1039
1229 1093
1229 1101
1229 1103
1229 1157
1229 1165
1229 1167
1229 1218
1229 1221
1229 1231
1230 707
1230 1038
1230 1102
1230 1166
1231 134
1231 390
1231 399
1231 454
1231 463
1231 518
1231 525
1231 527
1231 581
1231 582
1231 589
1231 591
1231 646
1231 653
1231 655
1231 710
1231 719
1231 774
1231 783
1231 838
1231 847
1231 902
1231 909
1231 911
1231 966
1231 973
1231 975
1231 1030
1231 1037
1231 1039
1231 1094
1231 1101
1231 1103
1231 1158
1231 1165
1231 1167
1231 1222
1231 1229
1232 95
1232 290
1232 1040
1232 1104
1232 1168
1233 32
1233 585
1233 1041
1233 1105
1233 1169
1234 1042
1234 1106
1234 1170
1235 1043
1235 1107
1235 1171
1236 788
1236 1044
1236 1108
1236 1172
1237 1045
1237 1109
1237 1173
1238 742
1238 1046
1238 1110
1238 1174
1239 375
1239 666
1239 1047
1239 1111
1239 1175
1240 474
1240 828
1240 1048
1240 1112
1240 1176
1241 310
1241 473
1241 1049
1241 1113
1241 1143
1241 1177
1241 1186
1242 656
1242 729
1242 997
1242 1050
1242 1114
1242 1178
1243 2
1243 1051
1243 1115
1243 1179
1244 324
1244 836
1244 868
1244 1052
1244 1116
1244 1180
1245 1053
1245 1117
1245 1181
1246 327
1246 795
1246 1054
1246 1091
1246 1118
1246 1182
1247 737
1247 832
1247 1055
1247 1119
1247 1183
1248 1056
1248 1120
1248 1184
1249 413
1249 1057
1249 1121
1249 1185
1250 100
1250 930
1250 1058
1250 1122
1250 1186
1251 225
1251 617
1251 917
1251 932
1251 1059
1251 1123
1251 1187
1252 1060
1252 1124
1252 1188
1253 181
1253 1061
1253 1125
1253 1189
1254 864
1254 1062
1254 1126
1254 1184
1254 1190
1255 865
1255 1063
1255 1127
1255 1191
1256 34
1256 754
1256 1064
1256 1128
1256 1192
1257 1065
1257 1129
1257 1193
1257 1202
1258 188
1258 446
1258 702
1258 1066
1258 1130
1258 1194
1259 43
1259 381
1259 561
1259 1131
1259 1195
1260 844
1260 1068
1260 1132
1260 1196
1261 1069
1261 1133
1261 1197
1262 88
1262 299
1262 616
1262 618
1262 1070
1262 1134
1262 1198
1263 282
1263 1071
1263 1135
1263 1199
1264 343
1264 497
1264 554
1264 1044
1264 1072
1264 1136
1264 1200
1265 151
1265 1073
1265 1137
1265 1201
1266 948
1266 1074
1266 1138
1266 1202
1267 1075
1267 1139
1267 1203
1268 89
1268 159
1268 354
1268 498
1268 564
1268 743
1268 1076
1268 1140
1268 1204
1269 1077
1269 1141
1269 1205
1270 786
1270 1078
1270 1142
1270 1206
1271 36
1271 351
1271 980
1271 1079
1271 1143
1271 1207
1272 404
1272 855
1272 1023
1272 1080
1272 1144
1272 1208
1273 39
1273 167
1273 471
1273 549
1273 730
1273 1081
1273 1114
1273 1145
1273 1209
1274 208
1274 244
1274 369
1274 1082
1274 1146
1274 1210
1275 138
1275 480
1275 1035
1275 1083
1275 1147
1275 1211
1276 634
1276 682
1276 700
1276 1084
1276 1148
1276 1212
1277 148
1277 184
1277 811
1277 1085
1277 1149
1277 1213
1278 302
1278 1016
1278 1086
1278 1150
1278 1214
1279 687
1279 1087
1279 1151
1279 1215
