0 22
0 64
0 128
0 192
0 1036
1 19
1 65
1 83
1 129
1 143
1 193
1 197
1 207
1 261
1 325
1 335
1 463
1 517
1 527
1 581
1 591
1 648
1 653
1 709
1 717
1 773
1 837
1 845
1 901
1 1029
1 1037
1 1101
2 66
2 130
2 194
3 67
3 131
3 195
4 68
4 132
4 196
4 726
5 15
5 19
5 69
5 79
5 133
5 134
5 197
5 207
5 262
5 325
5 326
5 390
5 454
5 518
5 527
5 582
5 591
5 646
5 655
5 710
5 719
5 774
5 781
5 783
5 837
5 838
5 845
5 847
5 911
5 975
5 1039
5 1103
5 1165
5 1229
6 70
6 134
6 198
6 262
6 326
6 390
6 454
6 518
6 582
6 646
6 710
6 774
6 838
6 847
6 1222
7 71
7 135
7 199
8 72
8 136
8 200
8 264
8 328
8 389
8 453
8 520
8 584
8 645
8 712
8 776
8 840
8 904
8 965
8 1032
8 1096
8 1160
8 1224
9 73
9 137
9 201
10 27
10 74
10 138
10 202
11 75
11 139
11 203
12 76
12 140
12 204
12 907
13 77
13 141
13 205
14 78
14 142
14 206
15 5
15 19
15 69
15 79
15 133
15 134
15 143
15 197
15 207
15 262
15 325
15 326
15 390
15 454
15 518
15 527
15 582
15 591
15 646
15 655
15 710
15 719
15 774
15 781
15 783
15 837
15 838
15 845
15 847
15 909
15 911
15 975
15 1039
15 1103
15 1165
15 1229
16 80
16 144
16 208
16 439
17 81
17 145
17 209
18 82
18 146
18 210
19 1
19 5
19 15
19 65
19 69
19 79
19 83
19 133
19 143
19 147
19 197
19 207
19 211
19 261
19 325
19 463
19 527
19 591
19 648
19 655
19 709
19 719
19 773
19 781
19 783
19 837
19 845
19 909
19 973
19 1154
19 1157
19 1165
19 1221
19 1229
20 84
20 106
20 148
20 212
20 756
21 85
21 149
21 213
22 0
22 86
22 150
22 214
22 1036
23 87
23 151
23 215
23 228
23 409
23 792
23 882
24 87
24 88
24 152
24 216
24 279
24 665
24 1064
25 89
25 153
25 217
25 566
25 729
26 90
26 125
26 154
26 181
26 218
26 490
26 1112
26 1172
27 10
27 91
27 155
27 219
28 92
28 156
28 178
28 220
29 93
29 157
29 221
30 94
30 158
30 222
31 95
31 159
31 223
31 492
31 755
31 900
32 96
32 160
32 224
33 97
33 161
33 225
33 1046
34 98
34 114
34 162
34 226
34 324
34 1246
35 99
35 163
35 227
35 366
35 528
35 1015
35 1239
36 100
36 164
36 228
36 804
37 92
37 101
37 165
37 229
37 1045
37 1074
37 1128
37 1205
38 102
38 166
38 230
38 659
39 103
39 167
39 231
39 438
39 662
40 104
40 107
40 168
40 232
40 558
40 1272
41 105
41 169
41 233
41 590
41 1211
42 106
42 170
42 184
42 234
42 551
42 818
43 107
43 171
43 235
43 559
43 1080
44 108
44 172
44 236
44 411
45 109
45 173
45 237
45 278
45 1256
46 110
46 174
46 238
46 421
46 739
46 747
46 788
47 111
47 175
47 239
47 375
47 852
47 1250
48 56
48 63
48 112
48 154
48 176
48 240
48 472
48 596
48 619
48 816
48 1259
49 113
49 177
49 241
50 114
50 178
50 223
50 242
51 115
51 179
51 243
52 116
52 180
52 244
52 1204
53 117
53 169
53 181
53 245
53 351
53 546
54 118
54 182
54 246
55 119
55 183
55 247
55 1078
55 1241
56 48
56 63
56 120
56 154
56 184
56 248
56 472
56 596
56 619
56 816
56 1259
57 121
57 185
57 249
57 474
57 952
57 1003
57 1273
58 122
58 186
58 235
58 250
58 1002
58 1022
59 123
59 187
59 251
60 124
60 188
60 252
60 368
60 408
60 1066
61 99
61 125
61 189
61 253
61 631
61 922
62 126
62 190
62 232
62 241
62 254
63 48
63 56
63 127
63 154
63 191
63 255
63 472
63 596
63 619
63 816
63 1259
64 0
64 128
64 192
64 256
64 364
65 1
65 19
65 83
65 129
65 133
65 143
65 193
65 197
65 207
65 257
65 261
65 325
65 335
65 463
65 517
65 527
65 581
65 591
65 648
65 653
65 709
65 717
65 773
65 837
65 845
65 901
65 1029
65 1037
65 1101
66 2
66 130
66 194
66 258
66 1225
67 3
67 131
67 195
67 259
68 4
68 132
68 196
68 260
68 1057
69 5
69 15
69 19
69 79
69 133
69 134
69 197
69 207
69 261
69 262
69 325
69 326
69 390
69 454
69 518
69 527
69 582
69 591
69 646
69 655
69 710
69 719
69 774
69 781
69 783
69 837
69 838
69 845
69 847
69 902
69 909
69 911
69 975
69 1039
69 1103
69 1165
69 1229
70 6
70 134
70 198
70 262
70 326
70 390
70 454
70 518
70 582
70 646
70 710
70 774
70 783
70 838
70 847
70 902
70 966
70 1094
70 1158
70 1222
71 7
71 135
71 199
71 263
71 586
71 716
72 8
72 136
72 200
72 264
72 328
72 389
72 453
72 520
72 584
72 645
72 712
72 776
72 840
72 904
72 965
72 1032
72 1096
72 1160
72 1224
73 9
73 137
73 201
73 265
74 10
74 138
74 202
74 266
75 11
75 139
75 203
75 267
76 12
76 140
76 204
76 268
76 1164
77 13
77 141
77 205
77 269
77 335
77 392
77 456
77 517
77 581
77 653
77 717
77 901
77 962
77 968
77 1090
77 1093
78 14
78 142
78 206
78 257
78 270
79 5
79 15
79 19
79 69
79 83
79 133
79 143
79 197
79 207
79 262
79 271
79 325
79 326
79 390
79 454
79 527
79 582
79 591
79 646
79 655
79 710
79 719
79 774
79 781
79 783
79 837
79 838
79 845
79 847
79 902
79 909
79 911
79 975
79 1039
79 1103
79 1165
79 1229
80 16
80 144
80 208
80 272
80 481
80 873
80 1173
80 1188
81 17
81 145
81 209
81 273
82 18
82 146
82 210
82 274
82 1095
83 1
83 19
83 65
83 79
83 133
83 143
83 147
83 197
83 207
83 211
83 261
83 275
83 325
83 335
83 463
83 517
83 527
83 581
83 591
83 648
83 653
83 655
83 709
83 717
83 773
83 781
83 837
83 845
83 901
83 909
83 973
83 1029
83 1037
83 1101
83 1221
84 20
84 148
84 212
84 276
84 469
84 597
84 1001
85 21
85 149
85 213
85 277
85 388
86 22
86 150
86 210
86 214
86 278
87 23
87 24
87 151
87 215
87 279
87 665
87 1064
88 24
88 152
88 216
88 280
88 418
89 25
89 153
89 162
89 175
89 217
89 281
89 692
89 976
90 26
90 154
90 218
90 282
90 290
90 1010
91 27
91 155
91 219
91 258
91 283
92 28
92 37
92 156
92 220
92 284
92 1045
92 1074
92 1128
92 1205
93 29
93 157
93 221
93 285
93 337
93 1027
93 1184
94 30
94 158
94 222
94 286
94 332
95 31
95 159
95 223
95 287
95 765
95 936
95 1195
95 1212
96 32
96 160
96 224
96 288
97 33
97 161
97 225
97 289
97 605
98 34
98 162
98 226
98 290
99 35
99 61
99 163
99 227
99 291
99 631
99 922
100 36
100 164
100 228
100 292
101 37
101 165
101 229
101 293
102 38
102 166
102 230
102 294
102 918
103 39
103 167
103 231
103 295
104 40
104 168
104 232
104 296
104 320
105 41
105 169
105 233
105 297
105 422
105 685
106 20
106 42
106 170
106 234
106 298
106 756
107 40
107 43
107 171
107 235
107 299
107 558
107 1272
108 44
108 172
108 236
108 300
109 45
109 173
109 237
109 301
110 46
110 152
110 174
110 238
110 302
111 47
111 175
111 239
111 303
111 384
112 48
112 176
112 240
112 304
112 370
113 49
113 176
113 177
113 241
113 252
113 634
113 878
113 959
113 1258
114 34
114 50
114 178
114 242
114 306
114 324
114 1246
115 51
115 179
115 243
115 307
116 52
116 180
116 244
116 308
116 340
116 564
116 880
116 942
117 53
117 181
117 245
117 291
117 309
117 537
118 54
118 182
118 246
118 310
119 55
119 183
119 247
119 311
119 542
120 56
120 184
120 218
120 248
120 312
120 628
120 1264
121 57
121 185
121 249
121 313
121 360
121 618
121 638
121 760
121 766
121 1023
122 58
122 186
122 250
122 314
123 59
123 187
123 251
123 315
123 617
123 799
123 1113
123 1237
124 60
124 183
124 188
124 252
124 316
124 697
124 750
124 1131
125 26
125 61
125 181
125 189
125 253
125 317
125 490
125 1112
125 1172
126 62
126 190
126 254
126 318
126 825
127 63
127 191
127 238
127 255
127 319
127 890
127 938
127 956
128 0
128 64
128 192
128 256
128 320
128 993
128 1088
129 1
129 65
129 193
129 257
129 321
129 834
130 2
130 66
130 194
130 258
130 322
130 1031
131 3
131 67
131 195
131 259
131 323
132 4
132 68
132 196
132 260
132 324
132 1193
133 5
133 15
133 19
133 65
133 69
133 79
133 83
133 143
133 197
133 207
133 261
133 325
133 463
133 527
133 591
133 648
133 655
133 709
133 719
133 773
133 781
133 783
133 837
133 845
133 847
133 909
133 911
133 973
133 975
133 1154
133 1157
133 1165
133 1229
134 5
134 6
134 15
134 69
134 70
134 198
134 262
134 326
134 390
134 454
134 518
134 582
134 646
134 710
134 719
134 774
134 783
134 838
134 847
134 902
134 911
134 966
134 975
134 1030
134 1094
134 1158
134 1222
135 7
135 71
135 199
135 263
135 268
135 327
136 8
136 72
136 200
136 264
136 328
136 389
136 453
136 520
136 584
136 645
136 712
136 776
136 840
136 904
136 965
136 1032
136 1096
136 1160
136 1224
137 9
137 73
137 201
137 265
137 329
138 10
138 74
138 202
138 266
138 330
138 649
138 798
138 846
138 1091
138 1118
139 11
139 75
139 203
139 267
139 331
140 12
140 76
140 204
140 268
140 332
141 13
141 77
141 205
141 269
141 333
142 14
142 78
142 206
142 270
142 334
143 1
143 15
143 19
143 65
143 79
143 83
143 133
143 197
143 207
143 261
143 271
143 325
143 335
143 463
143 517
143 527
143 581
143 591
143 648
143 653
143 655
143 709
143 717
143 773
143 837
143 845
143 901
143 909
143 973
143 1029
143 1037
143 1101
144 16
144 80
144 208
144 272
144 336
144 664
144 980
144 1071
145 17
145 81
145 209
145 273
145 337
145 647
146 18
146 82
146 210
146 274
146 338
146 673
147 19
147 83
147 211
147 275
147 339
147 833
148 20
148 84
148 212
148 276
148 340
148 464
148 500
148 625
149 21
149 85
149 165
149 213
149 277
149 341
149 604
150 22
150 86
150 214
150 278
150 342
151 23
151 87
151 215
151 253
151 279
151 343
151 367
151 789
151 1149
152 24
152 88
152 110
152 216
152 280
152 344
153 25
153 89
153 217
153 239
153 240
153 281
153 345
153 995
153 1009
154 26
154 48
154 56
154 63
154 90
154 218
154 282
154 346
154 472
154 596
154 619
154 816
154 1259
155 27
155 91
155 219
155 283
155 347
155 934
156 28
156 92
156 220
156 284
156 348
157 29
157 93
157 221
157 285
157 349
157 358
157 514
157 928
158 30
158 94
158 222
158 286
158 350
159 31
159 95
159 168
159 223
159 287
159 309
159 351
160 32
160 96
160 224
160 288
160 352
161 33
161 97
161 225
161 289
161 353
161 720
161 1125
162 34
162 89
162 98
162 175
162 226
162 290
162 354
162 692
162 976
163 35
163 99
163 227
163 291
163 355
163 599
163 753
163 810
164 36
164 100
164 228
164 292
164 356
165 37
165 101
165 149
165 229
165 293
165 357
165 604
166 38
166 102
166 230
166 294
166 358
167 39
167 103
167 231
167 295
167 345
167 359
167 415
167 610
167 754
167 820
167 999
168 40
168 104
168 159
168 232
168 296
168 309
168 360
169 41
169 53
169 105
169 233
169 297
169 351
169 361
169 546
170 42
170 106
170 234
170 298
170 346
170 362
170 1175
171 43
171 107
171 235
171 299
171 688
172 44
172 108
172 236
172 300
172 364
172 1058
173 45
173 109
173 237
173 301
173 365
173 379
173 629
173 704
173 914
173 948
173 1177
174 46
174 110
174 238
174 302
174 366
174 383
174 497
174 639
175 47
175 89
175 111
175 162
175 239
175 303
175 367
175 692
175 976
176 48
176 112
176 113
176 240
176 252
176 304
176 368
176 634
176 878
176 959
176 1258
177 49
177 113
177 241
177 305
177 369
177 724
178 28
178 50
178 114
178 242
178 306
178 370
179 51
179 115
179 243
179 307
179 371
180 52
180 116
180 244
180 308
180 372
180 567
180 796
181 26
181 53
181 117
181 125
181 245
181 309
181 373
181 490
181 1112
181 1172
182 54
182 118
182 246
182 310
182 374
182 1197
183 55
183 119
183 124
183 247
183 311
183 375
183 697
183 750
183 1131
184 42
184 56
184 120
184 248
184 312
184 376
184 551
184 818
185 57
185 121
185 249
185 312
185 313
185 377
185 855
186 58
186 122
186 250
186 314
186 378
187 59
187 123
187 251
187 315
187 379
187 1109
188 60
188 124
188 252
188 276
188 316
188 380
188 431
188 944
188 1082
188 1150
188 1213
189 61
189 125
189 253
189 317
189 381
189 663
189 757
190 62
190 126
190 247
190 254
190 318
190 404
190 440
190 1067
191 63
191 127
191 255
191 282
191 302
191 316
191 319
191 383
191 829
192 0
192 64
192 128
192 256
192 320
192 384
192 1060
193 1
193 65
193 129
193 257
193 321
193 385
194 2
194 66
194 130
194 258
194 322
194 386
194 1163
195 3
195 67
195 131
195 259
195 323
195 387
196 4
196 68
196 132
196 260
196 324
196 348
196 388
196 402
196 470
196 732
196 930
197 1
197 5
197 15
197 19
197 65
197 69
197 79
197 83
197 133
197 143
197 207
197 261
197 325
197 389
197 463
197 527
197 591
197 648
197 655
197 709
197 719
197 773
197 781
197 783
197 837
197 845
197 847
197 909
197 911
197 973
197 975
197 1029
197 1037
197 1039
197 1154
197 1157
197 1165
197 1221
197 1229
198 6
198 70
198 134
198 262
198 326
198 390
198 454
198 518
198 582
198 646
198 710
198 774
198 783
198 838
198 847
198 902
198 966
198 1030
198 1094
198 1158
198 1222
199 7
199 71
199 135
199 263
199 327
199 391
199 974
200 8
200 72
200 136
200 264
200 328
200 389
200 392
200 453
200 520
200 584
200 645
200 712
200 776
200 840
200 904
200 965
200 1032
200 1096
200 1160
200 1224
201 9
201 73
201 137
201 265
201 329
201 393
201 915
202 10
202 74
202 138
202 266
202 330
202 394
203 11
203 75
203 139
203 267
203 331
203 395
204 12
204 76
204 140
204 268
204 332
204 396
204 556
205 13
205 77
205 141
205 269
205 333
205 397
206 14
206 78
206 142
206 270
206 334
206 398
207 1
207 5
207 15
207 19
207 65
207 69
207 79
207 83
207 133
207 143
207 197
207 261
207 271
207 325
207 335
207 399
207 463
207 527
207 591
207 648
207 655
207 709
207 719
207 773
207 781
207 783
207 837
207 845
207 909
207 911
207 973
207 975
207 1029
207 1037
207 1039
207 1154
207 1157
207 1221
208 16
208 80
208 144
208 272
208 336
208 400
209 17
209 81
209 145
209 273
209 337
209 401
209 963
210 18
210 82
210 86
210 146
210 274
210 338
210 402
211 19
211 83
211 147
211 275
211 339
211 403
212 20
212 84
212 148
212 276
212 340
212 404
212 856
212 1145
213 21
213 85
213 149
213 277
213 289
213 341
213 405
213 548
214 22
214 86
214 150
214 278
214 342
214 406
214 780
215 23
215 87
215 151
215 279
215 343
215 407
215 700
215 892
216 24
216 88
216 152
216 280
216 344
216 408
216 468
216 728
216 1073
217 25
217 89
217 153
217 281
217 345
217 409
217 677
217 1065
218 26
218 90
218 120
218 154
218 282
218 346
218 410
218 628
218 1264
219 27
219 91
219 155
219 283
219 347
219 411
220 28
220 92
220 156
220 260
220 284
220 348
220 412
220 571
220 745
220 935
221 29
221 93
221 157
221 285
221 349
221 413
222 30
222 94
222 158
222 286
222 350
222 391
222 414
222 989
223 31
223 50
223 95
223 159
223 287
223 351
223 415
224 32
224 96
224 160
224 288
224 352
224 416
224 465
225 33
225 97
225 161
225 242
225 289
225 353
225 417
226 34
226 98
226 162
226 290
226 354
226 418
226 502
226 552
227 35
227 99
227 163
227 291
227 355
227 419
227 791
227 1210
228 23
228 36
228 100
228 164
228 292
228 356
228 409
228 420
228 792
228 882
229 37
229 101
229 165
229 293
229 357
229 421
230 38
230 102
230 166
230 294
230 358
230 422
230 541
230 1102
231 39
231 103
231 167
231 295
231 359
231 361
231 423
231 533
232 40
232 62
232 104
232 168
232 241
232 296
232 360
232 424
233 41
233 105
233 169
233 297
233 361
233 425
233 869
233 960
234 42
234 106
234 170
234 298
234 362
234 426
234 535
234 954
235 43
235 58
235 107
235 171
235 299
235 363
235 427
235 1002
235 1022
236 44
236 108
236 172
236 300
236 364
236 428
236 868
237 45
237 109
237 173
237 301
237 365
237 429
237 545
237 740
237 832
237 1191
238 46
238 110
238 127
238 174
238 302
238 366
238 430
238 890
238 938
238 956
239 47
239 111
239 153
239 175
239 240
239 303
239 367
239 431
239 995
239 1009
240 48
240 112
240 153
240 176
240 239
240 304
240 368
240 432
240 995
240 1009
241 49
241 62
241 113
241 177
241 232
241 305
241 369
241 433
242 50
242 114
242 178
242 225
242 306
242 370
242 434
243 51
243 115
243 179
243 307
243 371
243 435
244 52
244 116
244 180
244 308
244 372
244 436
245 53
245 117
245 181
245 292
245 309
245 373
245 437
245 607
245 1236
246 54
246 118
246 182
246 310
246 374
246 438
246 549
246 565
246 951
246 1063
246 1242
247 55
247 119
247 183
247 190
247 311
247 375
247 404
247 439
247 440
247 1067
248 56
248 120
248 184
248 312
248 376
248 380
248 440
249 57
249 121
249 185
249 313
249 377
249 441
249 506
249 1144
250 58
250 122
250 186
250 314
250 378
250 509
250 1151
251 59
251 123
251 187
251 315
251 379
251 443
252 60
252 113
252 124
252 176
252 188
252 316
252 380
252 444
252 634
252 878
252 959
252 1258
253 61
253 125
253 151
253 189
253 317
253 367
253 381
253 445
253 789
253 1149
254 62
254 126
254 190
254 318
254 382
254 884
255 63
255 127
255 191
255 319
255 383
255 427
255 447
255 568
256 64
256 128
256 192
256 320
256 384
256 448
256 668
256 917
256 1140
257 65
257 78
257 129
257 193
257 321
257 385
257 449
258 66
258 91
258 130
258 194
258 322
258 386
258 450
259 67
259 131
259 195
259 323
259 387
259 451
259 971
260 68
260 132
260 196
260 220
260 324
260 388
260 452
260 571
260 745
260 935
261 1
261 19
261 65
261 69
261 83
261 133
261 143
261 197
261 207
261 325
261 335
261 389
261 453
261 463
261 517
261 527
261 581
261 591
261 648
261 653
261 709
261 717
261 773
261 837
261 845
261 901
261 909
261 973
261 1026
261 1029
261 1037
261 1090
261 1101
262 5
262 6
262 15
262 69
262 70
262 79
262 134
262 198
262 326
262 390
262 454
262 518
262 582
262 646
262 710
262 719
262 774
262 781
262 783
262 838
262 847
262 902
262 911
262 966
262 975
262 1030
262 1039
262 1094
262 1103
262 1158
262 1167
262 1222
263 71
263 135
263 199
263 327
263 391
263 455
263 493
264 8
264 72
264 136
264 200
264 328
264 389
264 392
264 453
264 456
264 520
264 584
264 645
264 712
264 776
264 840
264 904
264 965
264 1032
264 1096
264 1160
264 1224
265 73
265 137
265 201
265 329
265 393
265 457
265 641
266 74
266 138
266 202
266 330
266 394
266 458
266 1245
267 75
267 139
267 203
267 331
267 395
267 459
268 76
268 135
268 140
268 204
268 327
268 332
268 396
268 460
269 77
269 141
269 205
269 333
269 397
269 461
270 78
270 142
270 206
270 334
270 398
270 462
270 544
271 79
271 143
271 207
271 335
271 399
271 463
272 80
272 144
272 208
272 281
272 336
272 400
272 464
272 1207
273 81
273 145
273 209
273 337
273 401
273 465
274 82
274 146
274 210
274 338
274 402
274 466
275 83
275 147
275 211
275 339
275 403
275 467
276 84
276 148
276 188
276 212
276 340
276 404
276 431
276 468
276 944
276 1082
276 1150
276 1213
277 85
277 149
277 213
277 341
277 405
277 469
278 45
278 86
278 150
278 214
278 342
278 406
278 470
278 1256
279 24
279 87
279 151
279 215
279 343
279 407
279 471
279 665
279 1064
280 88
280 152
280 216
280 344
280 378
280 408
280 472
280 483
281 89
281 153
281 217
281 272
281 345
281 409
281 473
281 1207
282 90
282 154
282 191
282 218
282 302
282 316
282 346
282 410
282 474
282 829
283 91
283 155
283 219
283 307
283 347
283 396
283 411
283 475
284 92
284 156
284 220
284 348
284 412
284 476
285 93
285 157
285 221
285 349
285 413
285 477
285 684
285 772
286 94
286 158
286 222
286 350
286 414
286 478
287 95
287 159
287 223
287 351
287 415
287 479
287 863
288 96
288 160
288 224
288 352
288 416
288 480
288 841
289 97
289 161
289 213
289 225
289 353
289 417
289 481
289 548
290 90
290 98
290 162
290 226
290 354
290 418
290 482
290 1010
291 99
291 117
291 163
291 227
291 355
291 419
291 483
291 537
292 100
292 164
292 228
292 245
292 356
292 420
292 484
292 607
292 1236
293 101
293 165
293 229
293 357
293 421
293 485
294 102
294 166
294 230
294 358
294 422
294 486
295 103
295 167
295 231
295 359
295 423
295 487
295 727
295 805
295 986
296 104
296 168
296 232
296 360
296 424
296 488
296 752
296 830
297 105
297 169
297 233
297 361
297 425
297 489
298 106
298 170
298 234
298 362
298 426
298 490
298 532
298 761
298 894
298 1008
299 107
299 171
299 235
299 363
299 427
299 637
299 817
300 108
300 172
300 236
300 364
300 428
300 492
300 694
300 924
301 109
301 173
301 237
301 365
301 429
301 493
302 110
302 174
302 191
302 238
302 282
302 316
302 366
302 430
302 829
303 111
303 175
303 239
303 367
303 384
303 431
303 495
304 112
304 176
304 240
304 368
304 432
304 496
304 1016
304 1021
305 177
305 241
305 369
305 433
305 471
305 497
306 114
306 178
306 242
306 370
306 434
306 498
306 916
306 1255
307 115
307 179
307 243
307 283
307 371
307 396
307 435
307 499
308 116
308 180
308 244
308 372
308 436
308 500
308 635
308 735
308 1119
309 117
309 159
309 168
309 181
309 245
309 373
309 437
309 501
310 118
310 182
310 246
310 374
310 438
310 502
311 119
311 183
311 247
311 375
311 439
311 503
312 120
312 184
312 185
312 248
312 376
312 440
312 504
312 855
313 121
313 185
313 249
313 377
313 441
313 560
314 122
314 186
314 250
314 378
314 506
315 123
315 187
315 251
315 379
315 443
315 507
315 562
315 1263
316 124
316 188
316 191
316 252
316 282
316 302
316 380
316 444
316 829
317 125
317 189
317 253
317 381
317 445
317 1081
318 126
318 190
318 254
318 382
318 419
318 446
318 510
318 602
318 679
318 991
318 1214
319 127
319 191
319 255
319 383
319 447
320 104
320 128
320 192
320 256
320 384
320 448
320 512
321 129
321 193
321 257
321 385
321 449
321 513
322 130
322 194
322 258
322 386
322 450
322 514
323 131
323 195
323 259
323 387
323 451
323 515
323 585
324 34
324 114
324 132
324 196
324 260
324 388
324 452
324 516
324 1246
325 1
325 5
325 15
325 19
325 65
325 69
325 79
325 83
325 133
325 143
325 197
325 207
325 261
325 335
325 389
325 453
325 463
325 517
325 527
325 591
325 648
325 655
325 709
325 717
325 719
325 773
325 781
325 837
325 845
325 901
325 909
325 911
325 973
325 975
325 1026
325 1029
325 1037
325 1039
325 1101
325 1154
325 1157
325 1165
325 1221
326 5
326 6
326 15
326 69
326 70
326 79
326 134
326 198
326 262
326 390
326 454
326 518
326 582
326 646
326 710
326 719
326 774
326 781
326 783
326 838
326 847
326 902
326 911
326 966
326 975
326 1030
326 1039
326 1094
326 1103
326 1158
326 1167
326 1222
327 135
327 199
327 263
327 268
327 391
327 455
327 519
328 8
328 72
328 136
328 200
328 264
328 389
328 392
328 453
328 456
328 520
328 584
328 645
328 712
328 776
328 840
328 904
328 965
328 1032
328 1096
328 1160
328 1224
329 137
329 201
329 265
329 393
329 457
329 521
330 138
330 202
330 266
330 394
330 458
330 522
330 1099
331 139
331 203
331 267
331 395
331 459
331 523
332 94
332 140
332 204
332 268
332 396
332 460
332 524
333 141
333 205
333 269
333 397
333 461
333 525
334 142
334 206
334 270
334 398
334 462
334 526
335 1
335 65
335 77
335 83
335 143
335 207
335 261
335 271
335 325
335 399
335 463
335 517
335 527
335 581
335 591
335 648
335 653
335 709
335 717
335 773
335 901
335 962
335 968
335 973
335 1026
335 1029
335 1037
335 1090
335 1101
335 1154
335 1157
336 144
336 208
336 272
336 400
336 464
336 528
337 93
337 145
337 209
337 273
337 401
337 465
337 529
337 1027
337 1184
338 146
338 210
338 274
338 402
338 466
338 530
338 1069
339 147
339 211
339 275
339 403
339 467
339 531
340 116
340 148
340 212
340 276
340 404
340 468
340 532
340 564
340 880
340 942
341 149
341 213
341 277
341 405
341 469
341 533
341 553
341 743
341 848
341 871
342 150
342 214
342 278
342 406
342 470
342 534
342 940
343 151
343 215
343 279
343 407
343 471
343 535
343 1130
344 152
344 216
344 280
344 408
344 472
344 536
344 555
344 872
344 874
345 153
345 167
345 217
345 281
345 409
345 415
345 473
345 537
345 610
345 754
345 820
345 999
346 154
346 170
346 218
346 282
346 410
346 474
346 538
346 1175
347 155
347 219
347 283
347 411
347 475
347 539
347 642
348 156
348 196
348 220
348 284
348 402
348 412
348 470
348 476
348 540
348 732
348 930
349 157
349 221
349 285
349 413
349 477
349 541
350 158
350 222
350 286
350 414
350 478
350 542
350 1132
351 53
351 159
351 169
351 223
351 287
351 415
351 479
351 543
351 546
352 160
352 224
352 288
352 416
352 480
352 544
353 161
353 225
353 289
353 417
353 481
353 545
353 1049
353 1052
354 162
354 226
354 290
354 418
354 482
354 546
355 163
355 227
355 291
355 419
355 483
355 547
356 164
356 228
356 292
356 420
356 484
356 548
356 1186
357 165
357 229
357 293
357 421
357 485
357 549
357 933
357 981
358 157
358 166
358 230
358 294
358 422
358 486
358 514
358 550
358 928
359 167
359 231
359 295
359 423
359 487
359 543
359 551
359 1194
360 121
360 168
360 232
360 296
360 424
360 488
360 552
360 618
360 638
360 760
360 766
360 1023
361 169
361 231
361 233
361 297
361 425
361 489
361 533
361 553
362 170
362 234
362 298
362 376
362 426
362 490
362 554
362 815
362 984
363 235
363 299
363 427
364 64
364 172
364 236
364 300
364 428
364 492
364 556
365 173
365 237
365 301
365 429
365 493
365 557
366 35
366 174
366 238
366 302
366 430
366 494
366 528
366 558
366 1015
366 1239
367 151
367 175
367 239
367 253
367 303
367 431
367 495
367 559
367 789
367 1149
368 60
368 176
368 240
368 304
368 408
368 432
368 496
368 560
368 1066
369 177
369 241
369 305
369 433
369 497
369 1215
370 112
370 178
370 242
370 306
370 434
370 498
370 562
371 179
371 243
371 307
371 435
371 499
371 563
372 180
372 244
372 308
372 424
372 436
372 500
372 564
372 803
372 1012
372 1262
373 181
373 245
373 309
373 437
373 501
373 565
374 182
374 246
374 310
374 438
374 502
374 566
374 652
375 47
375 183
375 247
375 311
375 439
375 503
375 567
375 852
375 1250
376 184
376 248
376 312
376 362
376 440
376 504
376 568
376 815
376 984
377 185
377 249
377 313
377 441
377 505
377 569
377 767
378 186
378 250
378 280
378 314
378 442
378 483
378 506
378 570
379 173
379 187
379 251
379 315
379 443
379 507
379 571
379 629
379 704
379 914
379 948
379 1177
380 188
380 248
380 252
380 316
380 444
380 508
380 572
381 189
381 253
381 317
381 445
381 509
381 573
381 751
382 254
382 318
382 446
382 510
383 174
383 191
383 255
383 319
383 447
383 497
383 511
383 575
383 639
384 111
384 192
384 256
384 303
384 320
384 448
384 512
384 576
385 193
385 257
385 321
385 449
385 513
385 577
386 194
386 258
386 322
386 450
386 514
386 578
387 195
387 259
387 323
387 451
387 515
387 579
388 85
388 196
388 260
388 324
388 452
388 516
388 580
389 8
389 72
389 136
389 197
389 200
389 261
389 264
389 325
389 328
389 453
389 517
389 520
389 581
389 584
389 645
389 712
389 776
389 840
389 904
389 965
389 1032
389 1096
389 1160
389 1224
390 5
390 6
390 15
390 69
390 70
390 79
390 134
390 198
390 262
390 326
390 454
390 518
390 582
390 646
390 655
390 710
390 719
390 774
390 781
390 783
390 838
390 847
390 902
390 911
390 966
390 975
390 1030
390 1039
390 1094
390 1103
390 1158
390 1165
390 1167
390 1222
390 1229
390 1231
391 199
391 222
391 263
391 327
391 455
391 519
391 583
391 989
392 77
392 200
392 264
392 328
392 456
392 517
392 520
392 581
392 584
392 653
392 962
392 968
392 1026
392 1090
392 1093
393 201
393 265
393 329
393 457
393 521
393 585
394 202
394 266
394 330
394 458
394 522
394 586
394 736
395 203
395 267
395 331
395 459
395 523
395 587
396 204
396 268
396 283
396 307
396 332
396 460
396 524
396 588
397 205
397 269
397 333
397 461
397 525
397 589
397 1159
398 206
398 270
398 334
398 462
398 526
398 590
398 913
398 1219
399 207
399 271
399 335
399 463
399 527
399 591
400 208
400 272
400 336
400 405
400 464
400 528
400 592
400 613
400 656
400 1006
401 209
401 273
401 337
401 465
401 529
401 593
401 1115
402 196
402 210
402 274
402 338
402 348
402 466
402 470
402 530
402 594
402 732
402 930
403 211
403 275
403 339
403 467
403 531
403 595
403 779
404 190
404 212
404 247
404 276
404 340
404 440
404 468
404 532
404 596
404 1067
405 213
405 277
405 341
405 400
405 469
405 533
405 597
405 613
405 656
405 1006
406 214
406 278
406 342
406 470
406 534
406 598
406 630
406 1116
407 215
407 279
407 343
407 471
407 535
407 599
408 60
408 216
408 280
408 344
408 368
408 472
408 536
408 600
408 1066
409 23
409 217
409 228
409 281
409 345
409 473
409 537
409 601
409 792
409 882
410 218
410 282
410 346
410 474
410 536
410 538
410 602
410 945
411 44
411 219
411 283
411 347
411 475
411 539
411 603
412 220
412 284
412 348
412 476
412 540
412 604
413 221
413 285
413 349
413 477
413 541
413 605
413 678
414 222
414 286
414 350
414 478
414 534
414 542
414 606
414 691
415 167
415 223
415 287
415 345
415 351
415 479
415 543
415 607
415 610
415 754
415 820
415 999
416 224
416 288
416 352
416 480
416 544
416 608
417 225
417 289
417 353
417 481
417 545
417 601
417 609
417 681
417 887
417 1077
417 1201
418 88
418 226
418 290
418 354
418 482
418 546
418 610
419 227
419 291
419 318
419 355
419 483
419 547
419 602
419 611
419 679
419 991
419 1214
420 228
420 292
420 356
420 484
420 548
420 612
420 644
420 1269
421 46
421 229
421 293
421 357
421 485
421 549
421 613
421 739
421 747
421 788
422 105
422 230
422 294
422 358
422 486
422 550
422 614
422 685
423 231
423 295
423 359
423 487
423 551
423 615
423 727
423 805
423 986
424 232
424 296
424 360
424 372
424 488
424 552
424 616
424 803
424 1012
424 1262
425 233
425 297
425 361
425 489
425 553
425 617
425 937
425 1198
425 1240
426 234
426 298
426 362
426 490
426 554
426 618
426 622
426 889
426 1274
427 235
427 255
427 299
427 363
427 491
427 555
427 568
427 619
428 236
428 300
428 364
428 492
428 556
428 620
429 237
429 301
429 365
429 493
429 557
429 621
430 238
430 302
430 366
430 494
430 558
431 188
431 239
431 276
431 303
431 367
431 495
431 559
431 623
431 944
431 1082
431 1150
431 1213
432 240
432 304
432 368
432 496
432 554
432 560
432 624
432 953
432 1136
433 241
433 305
433 369
433 497
433 561
433 625
433 824
433 919
433 1137
434 242
434 306
434 370
434 498
434 562
434 626
435 243
435 307
435 371
435 499
435 563
435 627
436 244
436 308
436 372
436 500
436 564
436 628
437 245
437 309
437 373
437 501
437 565
437 629
438 39
438 246
438 310
438 374
438 502
438 566
438 630
438 662
439 16
439 247
439 311
439 375
439 503
439 567
439 631
440 190
440 247
440 248
440 312
440 376
440 404
440 504
440 568
440 632
440 1067
441 249
441 313
441 377
441 505
441 569
441 767
442 378
442 506
442 570
443 251
443 315
443 379
443 507
443 571
443 635
443 661
443 823
444 252
444 316
444 380
444 508
444 572
444 636
444 702
444 958
445 253
445 317
445 381
445 509
445 573
445 637
445 881
445 1047
446 318
446 382
446 510
446 574
446 638
447 255
447 319
447 383
447 511
447 575
447 639
447 831
448 256
448 320
448 384
448 512
448 576
448 640
448 741
449 257
449 321
449 385
449 513
449 577
449 641
450 258
450 322
450 386
450 514
450 578
450 642
451 259
451 323
451 387
451 515
451 579
451 643
451 706
452 260
452 324
452 388
452 516
452 580
452 644
453 8
453 72
453 136
453 200
453 261
453 264
453 325
453 328
453 389
453 517
453 520
453 581
453 584
453 645
453 712
453 776
453 840
453 904
453 965
453 1032
453 1096
453 1160
453 1224
454 5
454 6
454 15
454 69
454 70
454 79
454 134
454 198
454 262
454 326
454 390
454 518
454 582
454 646
454 710
454 719
454 774
454 781
454 783
454 838
454 847
454 902
454 911
454 966
454 975
454 1030
454 1039
454 1094
454 1103
454 1158
454 1167
454 1222
454 1231
455 263
455 327
455 391
455 519
455 583
455 647
455 1038
456 77
456 264
456 328
456 392
456 520
456 581
456 584
456 648
456 653
456 962
456 968
456 1090
456 1093
457 265
457 329
457 393
457 521
457 585
457 649
458 266
458 330
458 394
458 522
458 524
458 586
458 650
458 859
459 267
459 331
459 395
459 523
459 587
459 651
459 667
460 268
460 332
460 396
460 524
460 588
460 652
461 269
461 333
461 397
461 525
461 589
461 653
461 961
462 270
462 334
462 398
462 526
462 590
462 654
463 1
463 19
463 65
463 83
463 133
463 143
463 197
463 207
463 261
463 271
463 325
463 335
463 399
463 517
463 527
463 581
463 591
463 648
463 653
463 655
463 709
463 717
463 773
463 837
463 845
463 901
463 909
463 973
463 1026
463 1029
463 1037
463 1101
463 1154
463 1157
463 1165
463 1221
464 148
464 272
464 336
464 400
464 500
464 528
464 592
464 625
464 656
465 224
465 273
465 337
465 401
465 529
465 593
465 657
466 274
466 338
466 402
466 530
466 594
466 658
467 275
467 339
467 403
467 531
467 595
467 659
468 216
468 276
468 340
468 404
468 532
468 596
468 660
468 728
468 1073
469 84
469 277
469 341
469 405
469 533
469 597
469 661
469 1001
470 196
470 278
470 342
470 348
470 402
470 406
470 534
470 598
470 662
470 732
470 930
471 279
471 305
471 343
471 407
471 535
471 599
471 663
472 48
472 56
472 63
472 154
472 280
472 344
472 408
472 536
472 596
472 600
472 619
472 664
472 816
472 1259
473 281
473 345
473 409
473 537
473 601
473 665
473 671
473 1048
473 1148
473 1265
474 57
474 282
474 346
474 410
474 538
474 602
474 666
474 952
474 1003
474 1273
475 283
475 347
475 411
475 539
475 603
475 608
475 667
475 967
476 284
476 348
476 412
476 540
476 604
476 606
476 668
477 285
477 349
477 413
477 541
477 605
477 669
478 286
478 350
478 414
478 542
478 606
478 670
478 806
478 950
479 287
479 351
479 415
479 543
479 572
479 607
479 671
479 698
480 288
480 352
480 416
480 544
480 608
480 672
481 80
481 289
481 353
481 417
481 545
481 609
481 673
481 873
481 1173
481 1188
482 290
482 354
482 418
482 546
482 610
482 674
482 687
482 1200
482 1277
483 280
483 291
483 355
483 378
483 419
483 547
483 611
483 675
484 292
484 356
484 420
484 548
484 612
484 676
484 939
485 293
485 357
485 421
485 549
485 613
485 675
485 677
486 294
486 358
486 422
486 550
486 614
486 678
487 295
487 359
487 423
487 547
487 551
487 611
487 615
487 616
487 676
487 679
487 690
488 296
488 360
488 424
488 552
488 592
488 616
488 680
488 920
488 983
489 297
489 361
489 425
489 553
489 617
489 681
489 853
489 1076
490 26
490 125
490 181
490 298
490 362
490 426
490 554
490 618
490 682
490 1112
490 1172
491 427
491 555
491 619
492 31
492 300
492 364
492 428
492 556
492 620
492 684
492 755
492 900
493 263
493 301
493 365
493 429
493 557
493 621
493 685
494 366
494 430
494 558
494 574
494 622
494 683
495 303
495 367
495 431
495 559
495 623
495 636
495 687
495 828
496 304
496 368
496 432
496 560
496 624
497 174
497 305
497 369
497 383
497 433
497 561
497 625
497 639
497 689
498 306
498 370
498 434
498 562
498 609
498 626
498 690
498 1189
498 1252
499 307
499 371
499 435
499 563
499 627
499 691
500 148
500 308
500 372
500 436
500 464
500 564
500 625
500 628
500 692
501 309
501 373
501 437
501 565
501 629
501 693
501 1059
502 226
502 310
502 374
502 438
502 552
502 566
502 630
502 694
503 311
503 375
503 439
503 567
503 631
503 695
504 312
504 376
504 440
504 568
504 632
504 696
504 762
504 1251
505 377
505 441
505 569
505 633
505 689
505 697
505 1199
506 249
506 314
506 378
506 442
506 570
506 634
506 698
506 1144
507 315
507 379
507 443
507 571
507 635
507 699
507 1143
508 380
508 444
508 511
508 572
508 636
509 250
509 381
509 445
509 573
509 637
509 1151
510 318
510 382
510 446
510 574
510 633
510 638
510 702
510 1018
511 383
511 447
511 508
511 575
511 639
512 320
512 384
512 448
512 576
512 640
512 693
512 704
512 758
513 321
513 385
513 449
513 577
513 641
513 705
514 157
514 322
514 358
514 386
514 450
514 578
514 642
514 706
514 928
515 323
515 387
515 451
515 579
515 643
515 707
515 843
516 324
516 388
516 452
516 580
516 640
516 644
516 708
516 982
517 1
517 65
517 77
517 83
517 143
517 261
517 325
517 335
517 389
517 392
517 453
517 463
517 527
517 581
517 645
517 648
517 653
517 709
517 717
517 773
517 901
517 962
517 968
517 973
517 1026
517 1029
517 1037
517 1090
517 1093
517 1101
518 5
518 6
518 15
518 69
518 70
518 134
518 198
518 262
518 326
518 390
518 454
518 582
518 646
518 710
518 719
518 774
518 783
518 838
518 847
518 902
518 911
518 966
518 975
518 1030
518 1039
518 1094
518 1103
518 1158
518 1167
518 1222
518 1231
519 327
519 391
519 455
519 583
519 647
519 711
520 8
520 72
520 136
520 200
520 264
520 328
520 389
520 392
520 453
520 456
520 584
520 645
520 648
520 712
520 776
520 840
520 904
520 965
520 1032
520 1096
520 1160
520 1224
521 329
521 393
521 457
521 585
521 649
521 713
522 330
522 394
522 458
522 586
522 650
522 714
522 1235
523 331
523 395
523 459
523 587
523 651
523 715
524 332
524 396
524 458
524 460
524 588
524 652
524 716
524 859
525 333
525 397
525 461
525 589
525 653
525 717
526 334
526 398
526 462
526 590
526 654
526 718
527 1
527 5
527 15
527 19
527 65
527 69
527 79
527 83
527 133
527 143
527 197
527 207
527 261
527 325
527 335
527 399
527 463
527 517
527 581
527 591
527 648
527 655
527 709
527 717
527 719
527 773
527 781
527 837
527 845
527 901
527 909
527 973
527 975
527 1026
527 1029
527 1037
527 1039
527 1101
527 1154
527 1157
527 1165
527 1221
527 1229
528 35
528 336
528 366
528 400
528 464
528 592
528 656
528 720
528 1015
528 1239
529 337
529 401
529 465
529 593
529 657
529 721
530 338
530 402
530 466
530 594
530 658
530 722
530 1156
531 339
531 403
531 467
531 595
531 659
531 723
532 298
532 340
532 404
532 468
532 596
532 660
532 724
532 761
532 894
532 1008
533 231
533 341
533 361
533 405
533 469
533 597
533 661
533 725
534 342
534 406
534 414
534 470
534 598
534 662
534 691
534 726
535 234
535 343
535 407
535 471
535 599
535 663
535 727
535 954
536 344
536 408
536 410
536 472
536 600
536 664
536 728
536 945
537 117
537 291
537 345
537 409
537 473
537 601
537 665
537 729
538 346
538 410
538 474
538 602
538 666
538 730
539 347
539 411
539 475
539 603
539 667
539 731
539 1270
540 348
540 412
540 476
540 604
540 668
540 732
540 794
541 230
541 349
541 413
541 477
541 605
541 669
541 733
541 1102
542 119
542 350
542 414
542 478
542 606
542 670
542 734
543 351
543 359
543 415
543 479
543 607
543 671
543 735
543 1194
544 270
544 352
544 416
544 480
544 608
544 672
544 736
545 237
545 353
545 417
545 481
545 609
545 673
545 737
545 740
545 832
545 1191
546 53
546 169
546 351
546 354
546 418
546 482
546 610
546 674
546 738
547 355
547 419
547 483
547 487
547 611
547 616
547 675
547 676
547 690
547 739
548 213
548 289
548 356
548 420
548 484
548 612
548 676
548 740
549 246
549 357
549 421
549 485
549 565
549 613
549 677
549 741
549 951
549 1063
549 1242
550 358
550 422
550 486
550 614
550 678
550 742
550 1019
551 42
551 184
551 359
551 423
551 487
551 615
551 679
551 743
551 818
552 226
552 360
552 424
552 488
552 502
552 616
552 680
552 744
553 341
553 361
553 425
553 489
553 617
553 681
553 743
553 745
553 848
553 871
554 362
554 426
554 432
554 490
554 618
554 682
554 746
554 953
554 1136
555 344
555 427
555 491
555 619
555 683
555 747
555 872
555 874
556 204
556 364
556 428
556 492
556 620
556 684
556 748
557 365
557 429
557 493
557 621
557 685
557 749
557 819
557 1083
558 40
558 107
558 366
558 430
558 494
558 622
558 686
558 750
558 1272
559 43
559 367
559 431
559 495
559 623
559 687
559 751
559 1080
560 313
560 368
560 432
560 496
560 624
560 688
560 752
561 433
561 497
561 625
561 689
561 753
562 315
562 370
562 434
562 498
562 626
562 690
562 754
562 1263
563 371
563 435
563 499
563 627
563 691
563 755
564 116
564 340
564 372
564 436
564 500
564 628
564 692
564 756
564 880
564 942
565 246
565 373
565 437
565 501
565 549
565 629
565 693
565 757
565 951
565 1063
565 1242
566 25
566 374
566 438
566 502
566 630
566 694
566 729
566 758
567 180
567 375
567 439
567 503
567 631
567 695
567 759
567 796
568 255
568 376
568 427
568 440
568 504
568 632
568 696
568 760
569 377
569 441
569 505
569 633
569 697
569 761
569 931
569 1020
570 378
570 442
570 506
570 634
570 666
570 698
570 746
570 762
570 1123
571 220
571 260
571 379
571 443
571 507
571 635
571 699
571 745
571 763
571 935
572 380
572 444
572 479
572 508
572 636
572 698
572 700
572 764
573 381
573 445
573 509
573 637
573 701
573 751
573 765
574 446
574 494
574 510
574 638
574 683
574 702
574 766
575 383
575 447
575 511
575 639
575 703
575 764
575 767
575 811
576 384
576 448
576 512
576 640
576 704
576 768
576 827
577 385
577 449
577 513
577 641
577 705
577 769
577 1025
578 386
578 450
578 514
578 642
578 706
578 770
578 906
579 387
579 451
579 515
579 643
579 707
579 771
580 388
580 452
580 516
580 644
580 708
580 772
580 1092
580 1124
581 1
581 65
581 77
581 83
581 143
581 261
581 335
581 389
581 392
581 453
581 456
581 463
581 517
581 527
581 645
581 648
581 653
581 709
581 717
581 773
581 901
581 962
581 968
581 1026
581 1029
581 1037
581 1090
581 1093
581 1101
582 5
582 6
582 15
582 69
582 70
582 79
582 134
582 198
582 262
582 326
582 390
582 454
582 518
582 646
582 710
582 719
582 774
582 781
582 783
582 838
582 847
582 902
582 911
582 966
582 975
582 1030
582 1039
582 1094
582 1103
582 1158
582 1167
582 1222
582 1229
582 1231
583 391
583 455
583 519
583 647
583 711
583 775
583 1051
584 8
584 72
584 136
584 200
584 264
584 328
584 389
584 392
584 453
584 456
584 520
584 645
584 648
584 712
584 776
584 840
584 904
584 965
584 1032
584 1096
584 1160
584 1224
585 323
585 393
585 457
585 521
585 649
585 713
585 777
586 71
586 394
586 458
586 522
586 650
586 714
586 716
586 778
587 395
587 459
587 523
587 651
587 715
587 771
587 779
587 905
588 396
588 460
588 524
588 652
588 716
588 780
589 397
589 461
589 525
589 653
589 717
589 781
590 41
590 398
590 462
590 526
590 654
590 718
590 782
590 1211
591 1
591 5
591 15
591 19
591 65
591 69
591 79
591 83
591 133
591 143
591 197
591 207
591 261
591 325
591 335
591 399
591 463
591 527
591 648
591 655
591 709
591 717
591 719
591 773
591 781
591 783
591 837
591 845
591 901
591 909
591 911
591 973
591 975
591 1029
591 1037
591 1039
591 1101
591 1103
591 1154
591 1157
591 1165
591 1221
591 1229
592 400
592 464
592 488
592 528
592 656
592 720
592 784
592 920
592 983
593 401
593 465
593 529
593 657
593 721
593 785
593 1035
594 402
594 466
594 530
594 658
594 722
594 786
595 403
595 467
595 531
595 659
595 715
595 723
595 787
596 48
596 56
596 63
596 154
596 404
596 468
596 472
596 532
596 619
596 660
596 724
596 788
596 816
596 1259
597 84
597 405
597 469
597 533
597 661
597 725
597 789
597 1001
598 406
598 470
598 534
598 662
598 726
598 790
598 850
599 163
599 407
599 471
599 535
599 663
599 727
599 753
599 791
599 810
600 408
600 472
600 536
600 664
600 728
600 744
600 792
600 1085
601 409
601 417
601 473
601 537
601 665
601 681
601 729
601 793
601 887
601 1077
601 1201
602 318
602 410
602 419
602 474
602 538
602 666
602 679
602 730
602 794
602 991
602 1214
603 411
603 475
603 539
603 667
603 731
603 795
604 149
604 165
604 412
604 476
604 540
604 668
604 732
604 796
605 97
605 413
605 477
605 541
605 669
605 733
605 797
606 414
606 476
606 478
606 542
606 670
606 734
606 798
607 245
607 292
607 415
607 479
607 543
607 671
607 735
607 799
607 1236
608 416
608 475
608 480
608 544
608 672
608 736
608 800
608 967
609 417
609 481
609 498
609 545
609 673
609 737
609 801
609 1189
609 1252
610 167
610 345
610 415
610 418
610 482
610 546
610 674
610 738
610 754
610 802
610 820
610 999
611 419
611 483
611 487
611 547
611 616
611 675
611 676
611 690
611 739
611 803
612 420
612 484
612 548
612 620
612 670
612 676
612 740
612 804
613 400
613 405
613 421
613 485
613 549
613 656
613 677
613 741
613 805
613 1006
614 422
614 486
614 550
614 678
614 742
614 806
615 423
615 487
615 551
615 679
615 738
615 743
615 807
616 424
616 487
616 488
616 547
616 552
616 611
616 676
616 680
616 690
616 744
616 808
617 123
617 425
617 489
617 553
617 681
617 745
617 799
617 809
617 1113
617 1237
618 121
618 360
618 426
618 490
618 554
618 638
618 682
618 746
618 760
618 766
618 810
618 1023
619 48
619 56
619 63
619 154
619 427
619 472
619 491
619 555
619 596
619 683
619 747
619 811
619 816
619 1259
620 428
620 492
620 556
620 612
620 670
620 684
620 748
620 812
621 429
621 493
621 557
621 685
621 749
621 813
622 426
622 494
622 558
622 686
622 750
622 889
622 1274
623 431
623 495
623 559
623 632
623 687
623 751
623 815
624 432
624 496
624 560
624 688
624 752
624 816
624 875
624 1072
625 148
625 433
625 464
625 497
625 500
625 561
625 689
625 753
625 817
626 434
626 498
626 562
626 690
626 754
626 818
627 435
627 499
627 563
627 691
627 755
627 819
627 1260
628 120
628 218
628 436
628 500
628 564
628 692
628 756
628 820
628 1264
629 173
629 379
629 437
629 501
629 565
629 693
629 704
629 757
629 821
629 914
629 948
629 1177
630 406
630 438
630 502
630 566
630 694
630 758
630 822
630 1116
631 61
631 99
631 439
631 503
631 567
631 695
631 759
631 823
631 922
632 440
632 504
632 568
632 623
632 696
632 760
632 824
633 505
633 510
633 569
633 697
633 761
633 825
633 1018
634 113
634 176
634 252
634 506
634 570
634 698
634 762
634 878
634 959
634 1258
635 308
635 443
635 507
635 571
635 699
635 735
635 763
635 827
635 1119
636 444
636 495
636 508
636 572
636 700
636 764
636 828
637 299
637 445
637 509
637 573
637 701
637 765
637 817
637 829
638 121
638 360
638 446
638 510
638 574
638 618
638 702
638 760
638 766
638 830
638 1023
639 174
639 383
639 447
639 497
639 511
639 575
639 703
639 767
639 831
640 448
640 512
640 516
640 576
640 704
640 768
640 832
640 982
641 265
641 449
641 513
641 577
641 705
641 769
641 833
642 347
642 450
642 514
642 578
642 706
642 770
642 834
643 451
643 515
643 579
643 707
643 771
643 835
644 420
644 452
644 516
644 580
644 708
644 772
644 836
644 1269
645 8
645 72
645 136
645 200
645 264
645 328
645 389
645 453
645 517
645 520
645 581
645 584
645 709
645 712
645 773
645 776
645 837
645 840
645 904
645 965
645 1032
645 1096
645 1160
645 1224
646 5
646 6
646 15
646 69
646 70
646 79
646 134
646 198
646 262
646 326
646 390
646 454
646 518
646 582
646 710
646 719
646 774
646 781
646 783
646 838
646 847
646 902
646 911
646 966
646 975
646 1030
646 1039
646 1094
646 1103
646 1158
646 1167
646 1222
646 1231
647 145
647 455
647 519
647 583
647 711
647 775
647 839
648 1
648 19
648 65
648 83
648 133
648 143
648 197
648 207
648 261
648 325
648 335
648 456
648 463
648 517
648 520
648 527
648 581
648 584
648 591
648 653
648 655
648 709
648 712
648 717
648 773
648 776
648 837
648 840
648 845
648 901
648 909
648 973
648 1026
648 1029
648 1037
648 1101
648 1154
648 1157
648 1221
649 138
649 457
649 521
649 585
649 713
649 777
649 798
649 841
649 846
649 1091
649 1118
650 458
650 522
650 586
650 714
650 778
650 842
650 1075
651 459
651 523
651 587
651 715
651 779
651 843
651 970
651 977
652 374
652 460
652 524
652 588
652 716
652 780
652 844
653 1
653 65
653 77
653 83
653 143
653 261
653 335
653 392
653 456
653 461
653 463
653 517
653 525
653 581
653 589
653 648
653 709
653 717
653 773
653 781
653 845
653 901
653 962
653 968
653 1026
653 1029
653 1037
653 1090
653 1093
653 1101
654 462
654 526
654 590
654 718
654 782
654 846
655 5
655 15
655 19
655 69
655 79
655 83
655 133
655 143
655 197
655 207
655 325
655 390
655 463
655 527
655 591
655 648
655 709
655 719
655 781
655 783
655 837
655 845
655 847
655 909
655 911
655 973
655 975
655 1029
655 1037
655 1039
655 1101
655 1103
655 1154
655 1157
655 1165
655 1167
655 1221
655 1229
655 1231
656 400
656 405
656 464
656 528
656 592
656 613
656 720
656 784
656 848
656 1006
657 465
657 529
657 593
657 721
657 785
657 849
657 1056
658 466
658 530
658 594
658 722
658 786
658 850
659 38
659 467
659 531
659 595
659 723
659 787
659 851
660 468
660 532
660 596
660 724
660 788
660 852
660 1111
660 1279
661 443
661 469
661 533
661 597
661 725
661 789
661 823
661 853
662 39
662 438
662 470
662 534
662 598
662 726
662 790
662 854
663 189
663 471
663 535
663 599
663 727
663 757
663 791
663 855
664 144
664 472
664 536
664 600
664 728
664 792
664 856
664 980
664 1071
665 24
665 87
665 279
665 473
665 537
665 601
665 729
665 793
665 857
665 1064
666 474
666 538
666 570
666 602
666 730
666 746
666 794
666 858
666 1123
667 459
667 475
667 539
667 603
667 731
667 795
667 859
668 256
668 476
668 540
668 604
668 732
668 796
668 860
668 917
668 1140
669 477
669 541
669 605
669 733
669 797
669 861
670 478
670 542
670 606
670 612
670 620
670 734
670 798
670 862
671 473
671 479
671 543
671 607
671 735
671 799
671 863
671 1048
671 1148
671 1265
672 480
672 544
672 608
672 736
672 800
672 864
672 925
672 1062
673 146
673 481
673 545
673 609
673 737
673 801
673 865
674 482
674 546
674 610
674 738
674 802
674 866
674 1220
675 483
675 485
675 547
675 611
675 739
675 803
675 867
676 484
676 487
676 547
676 548
676 611
676 612
676 616
676 690
676 740
676 804
676 868
677 217
677 485
677 549
677 613
677 741
677 805
677 869
677 1065
678 413
678 486
678 550
678 614
678 742
678 806
678 870
679 318
679 419
679 487
679 551
679 602
679 615
679 743
679 807
679 871
679 991
679 1214
680 488
680 552
680 616
680 695
680 744
680 808
680 872
680 1247
681 417
681 489
681 553
681 601
681 617
681 745
681 809
681 873
681 887
681 1077
681 1201
682 490
682 554
682 618
682 746
682 784
682 810
682 874
683 494
683 555
683 574
683 619
683 747
683 811
683 875
684 285
684 492
684 556
684 620
684 748
684 772
684 812
684 876
685 105
685 422
685 493
685 557
685 621
685 749
685 813
685 877
686 558
686 622
686 750
686 814
686 878
687 482
687 495
687 559
687 623
687 751
687 815
687 879
687 1200
687 1277
688 171
688 560
688 624
688 752
688 816
688 880
689 497
689 505
689 561
689 625
689 753
689 817
689 881
689 1199
690 487
690 498
690 547
690 562
690 611
690 616
690 626
690 676
690 754
690 818
690 882
691 414
691 499
691 534
691 563
691 627
691 755
691 819
691 883
692 89
692 162
692 175
692 500
692 564
692 628
692 756
692 820
692 884
692 976
693 501
693 512
693 565
693 629
693 757
693 758
693 821
693 885
694 300
694 502
694 566
694 630
694 758
694 822
694 886
694 924
695 503
695 567
695 631
695 680
695 759
695 823
695 887
695 1247
696 504
696 568
696 632
696 760
696 814
696 824
696 888
696 1087
697 124
697 183
697 505
697 569
697 633
697 750
697 761
697 825
697 889
697 1131
698 479
698 506
698 570
698 572
698 634
698 762
698 826
698 890
699 507
699 571
699 635
699 763
699 827
699 891
699 929
700 215
700 572
700 636
700 764
700 828
700 892
701 573
701 637
701 765
701 829
701 893
702 444
702 510
702 574
702 638
702 766
702 830
702 894
702 958
703 575
703 639
703 767
703 831
704 173
704 379
704 512
704 576
704 629
704 640
704 768
704 832
704 896
704 914
704 948
704 1177
705 513
705 577
705 641
705 769
705 833
705 897
706 451
706 514
706 578
706 642
706 770
706 834
706 898
707 515
707 579
707 643
707 771
707 835
707 899
708 516
708 580
708 644
708 772
708 813
708 836
708 900
709 1
709 19
709 65
709 83
709 133
709 143
709 197
709 207
709 261
709 325
709 335
709 463
709 517
709 527
709 581
709 591
709 645
709 648
709 653
709 655
709 717
709 773
709 837
709 845
709 901
709 909
709 973
709 1026
709 1029
709 1037
709 1101
709 1154
709 1157
709 1221
710 5
710 6
710 15
710 69
710 70
710 79
710 134
710 198
710 262
710 326
710 390
710 454
710 518
710 582
710 646
710 719
710 774
710 781
710 783
710 838
710 847
710 902
710 911
710 966
710 975
710 1030
710 1039
710 1094
710 1103
710 1158
710 1165
710 1167
710 1222
710 1229
710 1231
711 519
711 583
711 647
711 775
711 839
711 903
712 8
712 72
712 136
712 200
712 264
712 328
712 389
712 453
712 520
712 584
712 645
712 648
712 776
712 840
712 904
712 965
712 1032
712 1096
712 1160
712 1224
713 521
713 585
713 649
713 777
713 841
713 905
713 1179
714 522
714 586
714 650
714 778
714 842
714 906
715 523
715 587
715 595
715 651
715 779
715 843
715 907
716 71
716 524
716 586
716 588
716 652
716 780
716 844
716 908
717 1
717 65
717 77
717 83
717 143
717 261
717 325
717 335
717 463
717 517
717 525
717 527
717 581
717 589
717 591
717 648
717 653
717 709
717 773
717 781
717 845
717 901
717 909
717 962
717 968
717 973
717 1026
717 1029
717 1037
717 1090
717 1101
717 1154
717 1157
717 1221
718 526
718 590
718 654
718 782
718 846
718 910
718 1223
719 5
719 15
719 19
719 69
719 79
719 133
719 134
719 197
719 207
719 262
719 325
719 326
719 390
719 454
719 518
719 527
719 582
719 591
719 646
719 655
719 710
719 774
719 781
719 783
719 837
719 838
719 845
719 847
719 902
719 909
719 911
719 966
719 973
719 975
719 1030
719 1039
719 1094
719 1103
719 1154
719 1157
719 1158
719 1165
719 1167
719 1221
719 1222
719 1229
719 1231
720 161
720 528
720 592
720 656
720 784
720 848
720 912
720 1125
721 529
721 593
721 657
721 785
721 849
721 913
722 530
722 594
722 658
722 786
722 850
722 914
722 941
723 531
723 595
723 659
723 787
723 851
723 915
724 177
724 532
724 596
724 660
724 788
724 852
724 916
725 533
725 597
725 661
725 789
725 853
725 917
726 4
726 534
726 598
726 662
726 790
726 854
726 918
727 295
727 423
727 535
727 599
727 663
727 791
727 805
727 855
727 919
727 986
728 216
728 468
728 536
728 600
728 664
728 792
728 856
728 920
728 1073
729 25
729 537
729 566
729 601
729 665
729 793
729 857
729 921
730 538
730 602
730 666
730 794
730 858
730 922
730 1084
731 539
731 603
731 667
731 795
731 859
731 923
732 196
732 348
732 402
732 470
732 540
732 604
732 668
732 796
732 860
732 924
732 930
733 541
733 605
733 669
733 797
733 861
733 925
733 1152
733 1238
734 542
734 606
734 670
734 798
734 862
734 926
735 308
735 543
735 607
735 635
735 671
735 799
735 863
735 927
735 1119
736 394
736 544
736 608
736 672
736 800
736 864
736 928
737 545
737 609
737 673
737 801
737 865
737 929
737 1122
738 546
738 610
738 615
738 674
738 802
738 807
738 866
738 930
739 46
739 421
739 547
739 611
739 675
739 747
739 788
739 803
739 867
739 931
740 237
740 545
740 548
740 612
740 676
740 804
740 832
740 868
740 932
740 1191
741 448
741 549
741 613
741 677
741 805
741 869
741 933
742 550
742 614
742 678
742 806
742 870
742 934
743 341
743 551
743 553
743 615
743 679
743 807
743 848
743 871
743 935
744 552
744 600
744 616
744 680
744 808
744 872
744 936
744 1085
745 220
745 260
745 553
745 571
745 617
745 681
745 809
745 873
745 935
745 937
746 554
746 570
746 618
746 666
746 682
746 810
746 874
746 938
746 1123
747 46
747 421
747 555
747 619
747 683
747 739
747 788
747 811
747 875
747 939
748 556
748 620
748 684
748 812
748 876
748 940
749 557
749 621
749 685
749 813
749 877
749 941
750 124
750 183
750 558
750 622
750 686
750 697
750 814
750 878
750 942
750 1131
751 381
751 559
751 573
751 623
751 687
751 815
751 879
751 943
752 296
752 560
752 624
752 688
752 816
752 830
752 880
752 944
753 163
753 561
753 599
753 625
753 689
753 810
753 817
753 881
753 945
754 167
754 345
754 415
754 562
754 610
754 626
754 690
754 818
754 820
754 882
754 946
754 999
755 31
755 492
755 563
755 627
755 691
755 819
755 883
755 900
755 947
756 20
756 106
756 564
756 628
756 692
756 820
756 884
756 948
757 189
757 565
757 629
757 663
757 693
757 821
757 885
757 949
758 512
758 566
758 630
758 693
758 694
758 822
758 886
758 950
759 567
759 631
759 695
759 823
759 887
759 951
760 121
760 360
760 568
760 618
760 632
760 638
760 696
760 766
760 824
760 888
760 952
760 1023
761 298
761 532
761 569
761 633
761 697
761 825
761 889
761 894
761 953
761 1008
762 504
762 570
762 634
762 698
762 826
762 890
762 954
762 1251
763 571
763 635
763 699
763 827
763 891
763 955
764 572
764 575
764 636
764 700
764 811
764 828
764 892
764 956
765 95
765 573
765 637
765 701
765 829
765 893
765 936
765 957
765 1195
765 1212
766 121
766 360
766 574
766 618
766 638
766 702
766 760
766 830
766 894
766 958
766 1023
767 377
767 441
767 575
767 639
767 703
767 831
767 895
767 959
768 576
768 640
768 704
768 832
768 896
768 960
769 577
769 641
769 705
769 833
769 897
769 961
770 578
770 642
770 706
770 834
770 898
770 962
771 579
771 587
771 643
771 707
771 835
771 899
771 905
771 963
772 285
772 580
772 644
772 684
772 708
772 836
772 900
772 964
773 1
773 19
773 65
773 83
773 133
773 143
773 197
773 207
773 261
773 325
773 335
773 463
773 517
773 527
773 581
773 591
773 645
773 648
773 653
773 709
773 717
773 837
773 845
773 901
773 965
773 973
773 1026
773 1029
773 1037
773 1090
773 1101
773 1154
773 1157
773 1221
774 5
774 6
774 15
774 69
774 70
774 79
774 134
774 198
774 262
774 326
774 390
774 454
774 518
774 582
774 646
774 710
774 719
774 781
774 783
774 838
774 847
774 902
774 911
774 966
774 975
774 1030
774 1039
774 1094
774 1103
774 1158
774 1167
774 1222
774 1231
775 583
775 647
775 711
775 839
775 903
775 967
776 8
776 72
776 136
776 200
776 264
776 328
776 389
776 453
776 520
776 584
776 645
776 648
776 712
776 840
776 904
776 965
776 968
776 1032
776 1096
776 1160
776 1224
777 585
777 649
777 713
777 841
777 849
777 905
777 969
778 586
778 650
778 714
778 842
778 906
778 970
779 403
779 587
779 651
779 715
779 843
779 907
779 971
780 214
780 588
780 652
780 716
780 844
780 908
780 972
781 5
781 15
781 19
781 69
781 79
781 83
781 133
781 197
781 207
781 262
781 325
781 326
781 390
781 454
781 527
781 582
781 589
781 591
781 646
781 653
781 655
781 710
781 717
781 719
781 774
781 783
781 837
781 838
781 845
781 847
781 902
781 909
781 911
781 966
781 973
781 975
781 1029
781 1030
781 1039
781 1094
781 1103
781 1154
781 1157
781 1165
781 1167
781 1221
781 1229
781 1231
782 590
782 654
782 718
782 846
782 910
782 974
783 5
783 15
783 19
783 69
783 70
783 79
783 133
783 134
783 197
783 198
783 207
783 262
783 326
783 390
783 454
783 518
783 582
783 591
783 646
783 655
783 710
783 719
783 774
783 781
783 837
783 838
783 845
783 847
783 902
783 909
783 911
783 966
783 975
783 1030
783 1039
783 1094
783 1103
783 1154
783 1157
783 1158
783 1165
783 1167
783 1222
783 1229
783 1231
784 592
784 656
784 682
784 720
784 848
784 912
784 976
785 593
785 657
785 721
785 849
785 913
785 977
785 1233
786 594
786 658
786 722
786 850
786 914
786 978
787 595
787 659
787 723
787 851
787 915
787 979
788 46
788 421
788 596
788 660
788 724
788 739
788 747
788 852
788 916
788 980
789 151
789 253
789 367
789 597
789 661
789 725
789 853
789 917
789 981
789 1149
790 598
790 662
790 726
790 854
790 918
790 982
791 227
791 599
791 663
791 727
791 855
791 919
791 983
791 1210
792 23
792 228
792 409
792 600
792 664
792 728
792 856
792 882
792 920
792 984
793 601
793 665
793 729
793 857
793 921
793 985
793 1202
794 540
794 602
794 666
794 730
794 858
794 922
794 986
795 603
795 667
795 731
795 859
795 923
795 987
796 180
796 567
796 604
796 668
796 732
796 860
796 924
796 988
797 605
797 669
797 733
797 842
797 861
797 925
797 989
797 1243
798 138
798 606
798 649
798 670
798 734
798 846
798 862
798 926
798 990
798 1091
798 1118
799 123
799 607
799 617
799 671
799 735
799 863
799 927
799 991
799 1113
799 1237
800 608
800 672
800 736
800 864
800 928
800 947
800 992
800 1275
801 609
801 673
801 737
801 865
801 927
801 929
801 993
801 1054
802 610
802 674
802 738
802 866
802 930
802 994
802 1271
803 372
803 424
803 611
803 675
803 739
803 867
803 931
803 995
803 1012
803 1262
804 36
804 612
804 676
804 740
804 868
804 932
804 996
805 295
805 423
805 613
805 677
805 727
805 741
805 869
805 933
805 986
805 997
806 478
806 614
806 678
806 742
806 870
806 934
806 950
806 998
807 615
807 679
807 738
807 743
807 871
807 935
807 999
808 616
808 680
808 744
808 872
808 936
808 1000
809 617
809 681
809 745
809 873
809 937
809 1001
810 163
810 599
810 618
810 682
810 746
810 753
810 874
810 938
810 1002
811 575
811 619
811 683
811 747
811 764
811 875
811 939
811 1003
812 620
812 684
812 748
812 876
812 940
812 1004
813 621
813 685
813 708
813 749
813 877
813 941
813 1005
814 686
814 696
814 750
814 878
814 942
814 1006
814 1087
815 362
815 376
815 623
815 687
815 751
815 879
815 943
815 984
815 1007
816 48
816 56
816 63
816 154
816 472
816 596
816 619
816 624
816 688
816 752
816 880
816 944
816 1008
816 1259
817 299
817 625
817 637
817 689
817 753
817 881
817 945
817 1009
818 42
818 184
818 551
818 626
818 690
818 754
818 882
818 946
818 1010
819 557
819 627
819 691
819 755
819 883
819 947
819 1011
819 1083
820 167
820 345
820 415
820 610
820 628
820 692
820 754
820 756
820 884
820 948
820 999
820 1012
821 629
821 693
821 757
821 885
821 949
821 1013
821 1040
822 630
822 694
822 758
822 886
822 950
822 1014
823 443
823 631
823 661
823 695
823 759
823 887
823 951
823 1015
824 433
824 632
824 696
824 760
824 888
824 919
824 952
824 1016
824 1137
825 126
825 633
825 697
825 761
825 889
825 953
825 1017
826 698
826 762
826 890
826 954
827 576
827 635
827 699
827 763
827 891
827 955
827 1019
828 495
828 636
828 700
828 764
828 892
828 956
828 1020
829 191
829 282
829 302
829 316
829 637
829 701
829 765
829 893
829 957
829 1021
830 296
830 638
830 702
830 752
830 766
830 894
830 958
830 1022
831 447
831 639
831 703
831 767
831 895
831 959
831 1023
832 237
832 545
832 640
832 704
832 740
832 768
832 896
832 960
832 1024
832 1191
833 147
833 641
833 705
833 769
833 897
833 961
833 1025
834 129
834 642
834 706
834 770
834 898
834 962
834 1026
835 643
835 707
835 771
835 899
835 963
835 1027
836 644
836 708
836 772
836 900
836 908
836 964
836 1028
836 1170
837 1
837 5
837 15
837 19
837 65
837 69
837 79
837 83
837 133
837 143
837 197
837 207
837 261
837 325
837 463
837 527
837 591
837 645
837 648
837 655
837 709
837 719
837 773
837 781
837 783
837 845
837 901
837 909
837 911
837 965
837 973
837 975
837 1029
837 1037
837 1039
837 1101
837 1103
837 1154
837 1157
837 1165
837 1221
837 1229
838 5
838 6
838 15
838 69
838 70
838 79
838 134
838 198
838 262
838 326
838 390
838 454
838 518
838 582
838 646
838 710
838 719
838 774
838 781
838 783
838 847
838 902
838 911
838 966
838 975
838 1030
838 1039
838 1094
838 1103
838 1158
838 1167
838 1222
838 1231
839 647
839 711
839 775
839 903
839 967
839 992
839 1031
840 8
840 72
840 136
840 200
840 264
840 328
840 389
840 453
840 520
840 584
840 645
840 648
840 712
840 776
840 904
840 965
840 968
840 1032
840 1096
840 1160
840 1224
841 288
841 649
841 713
841 777
841 905
841 969
841 1033
842 650
842 714
842 778
842 797
842 906
842 970
842 1034
842 1243
843 515
843 651
843 715
843 779
843 907
843 971
843 1035
844 652
844 716
844 780
844 908
844 972
844 1036
844 1126
845 1
845 5
845 15
845 19
845 65
845 69
845 79
845 83
845 133
845 143
845 197
845 207
845 261
845 325
845 463
845 527
845 591
845 648
845 653
845 655
845 709
845 717
845 719
845 773
845 781
845 783
845 837
845 909
845 911
845 973
845 975
845 1029
845 1037
845 1039
845 1101
845 1103
845 1154
845 1157
845 1165
845 1221
845 1229
846 138
846 649
846 654
846 718
846 782
846 798
846 910
846 974
846 1038
846 1091
846 1118
847 5
847 6
847 15
847 69
847 70
847 79
847 133
847 134
847 197
847 198
847 262
847 326
847 390
847 454
847 518
847 582
847 646
847 655
847 710
847 719
847 774
847 781
847 783
847 838
847 902
847 909
847 911
847 966
847 975
847 1030
847 1039
847 1094
847 1103
847 1158
847 1165
847 1167
847 1222
847 1229
847 1231
848 341
848 553
848 656
848 720
848 743
848 784
848 871
848 912
848 976
848 1040
849 657
849 721
849 777
849 785
849 913
849 977
849 1041
850 598
850 658
850 722
850 786
850 914
850 978
850 1042
851 659
851 723
851 787
851 915
851 979
851 1043
852 47
852 375
852 660
852 724
852 788
852 916
852 980
852 1044
852 1250
853 489
853 661
853 725
853 789
853 917
853 981
853 1045
853 1076
854 662
854 726
854 790
854 918
854 982
854 1046
855 185
855 312
855 663
855 727
855 791
855 919
855 983
855 1047
856 212
856 664
856 728
856 792
856 920
856 984
856 1048
856 1145
857 665
857 729
857 793
857 921
857 985
857 1049
857 1055
857 1168
858 666
858 730
858 794
858 888
858 922
858 986
858 1050
859 458
859 524
859 667
859 731
859 795
859 923
859 987
859 1051
860 668
860 732
860 796
860 924
860 988
860 1052
861 669
861 733
861 797
861 925
861 989
861 1053
861 1098
861 1181
862 670
862 734
862 798
862 926
862 990
862 994
862 1054
863 287
863 671
863 735
863 799
863 927
863 991
863 1055
864 672
864 736
864 800
864 928
864 992
864 1056
865 673
865 737
865 801
865 929
865 993
865 1057
865 1249
866 674
866 738
866 802
866 930
866 994
866 1058
867 675
867 739
867 803
867 921
867 931
867 995
867 997
867 1059
868 236
868 676
868 740
868 804
868 932
868 996
868 1060
869 233
869 677
869 741
869 805
869 933
869 960
869 997
869 1061
870 678
870 742
870 806
870 934
870 998
870 1062
871 341
871 553
871 679
871 743
871 807
871 848
871 935
871 999
871 1063
872 344
872 555
872 680
872 744
872 808
872 874
872 936
872 1000
872 1064
873 80
873 481
873 681
873 745
873 809
873 937
873 1001
873 1065
873 1173
873 1188
874 344
874 555
874 682
874 746
874 810
874 872
874 938
874 1002
874 1066
875 624
875 683
875 747
875 811
875 939
875 1003
875 1067
875 1072
876 684
876 748
876 812
876 940
876 1004
876 1068
877 685
877 749
877 813
877 941
877 1005
877 1069
878 113
878 176
878 252
878 634
878 686
878 750
878 814
878 942
878 959
878 1006
878 1070
878 1258
879 687
879 751
879 815
879 943
879 1007
879 1071
879 1104
880 116
880 340
880 564
880 688
880 752
880 816
880 942
880 944
880 1008
880 1072
881 445
881 689
881 753
881 817
881 945
881 1009
881 1047
881 1073
882 23
882 228
882 409
882 690
882 754
882 792
882 818
882 946
882 1010
882 1074
883 691
883 755
883 819
883 947
883 1011
883 1075
884 254
884 692
884 756
884 820
884 948
884 1012
884 1076
885 693
885 757
885 821
885 949
885 1013
885 1077
886 694
886 758
886 822
886 950
886 1014
886 1078
886 1196
887 417
887 601
887 681
887 695
887 759
887 823
887 951
887 1015
887 1077
887 1079
887 1201
888 696
888 760
888 824
888 858
888 952
888 1016
888 1080
889 426
889 622
889 697
889 761
889 825
889 953
889 1017
889 1081
889 1274
890 127
890 238
890 698
890 762
890 826
890 938
890 954
890 956
890 1018
890 1082
891 699
891 763
891 827
891 955
891 1019
891 1083
891 1228
892 215
892 700
892 764
892 828
892 956
892 1020
892 1084
893 701
893 765
893 829
893 957
893 1021
893 1085
893 1114
894 298
894 532
894 702
894 761
894 766
894 830
894 958
894 1008
894 1022
894 1086
895 767
895 831
895 959
895 1023
896 704
896 768
896 832
896 960
896 1024
896 1088
897 705
897 769
897 833
897 961
897 1025
897 1089
898 706
898 770
898 834
898 962
898 1026
898 1090
899 707
899 771
899 835
899 963
899 1027
899 1091
900 31
900 492
900 708
900 755
900 772
900 836
900 964
900 1028
900 1092
901 1
901 65
901 77
901 83
901 143
901 261
901 325
901 335
901 463
901 517
901 527
901 581
901 591
901 648
901 653
901 709
901 717
901 773
901 837
901 962
901 965
901 968
901 973
901 1026
901 1029
901 1037
901 1090
901 1093
901 1101
901 1154
901 1157
901 1221
902 69
902 70
902 79
902 134
902 198
902 262
902 326
902 390
902 454
902 518
902 582
902 646
902 710
902 719
902 774
902 781
902 783
902 838
902 847
902 911
902 966
902 975
902 1030
902 1039
902 1094
902 1103
902 1158
902 1165
902 1167
902 1222
902 1229
902 1231
903 711
903 775
903 839
903 967
903 1031
903 1095
904 8
904 72
904 136
904 200
904 264
904 328
904 389
904 453
904 520
904 584
904 645
904 712
904 776
904 840
904 965
904 968
904 1032
904 1096
904 1160
904 1224
905 587
905 713
905 771
905 777
905 841
905 969
905 1033
905 1097
906 578
906 714
906 778
906 842
906 970
906 1034
906 1098
907 12
907 715
907 779
907 843
907 971
907 1035
907 1099
908 716
908 780
908 836
908 844
908 972
908 1036
908 1100
908 1170
909 15
909 19
909 69
909 79
909 83
909 133
909 143
909 197
909 207
909 261
909 325
909 463
909 527
909 591
909 648
909 655
909 709
909 717
909 719
909 781
909 783
909 837
909 845
909 847
909 911
909 973
909 975
909 1029
909 1037
909 1039
909 1101
909 1103
909 1154
909 1157
909 1165
909 1167
909 1221
909 1229
909 1231
910 718
910 782
910 846
910 974
910 1038
910 1102
911 5
911 15
911 69
911 79
911 133
911 134
911 197
911 207
911 262
911 325
911 326
911 390
911 454
911 518
911 582
911 591
911 646
911 655
911 710
911 719
911 774
911 781
911 783
911 837
911 838
911 845
911 847
911 902
911 909
911 966
911 973
911 975
911 1030
911 1039
911 1094
911 1103
911 1154
911 1157
911 1158
911 1165
911 1167
911 1221
911 1222
911 1229
911 1231
912 720
912 784
912 848
912 976
912 985
912 1040
912 1104
912 1253
913 398
913 721
913 785
913 849
913 977
913 1041
913 1105
913 1219
914 173
914 379
914 629
914 704
914 722
914 786
914 850
914 948
914 978
914 1042
914 1106
914 1177
915 201
915 723
915 787
915 851
915 979
915 1043
915 1107
916 306
916 724
916 788
916 852
916 980
916 1044
916 1108
916 1255
917 256
917 668
917 725
917 789
917 853
917 981
917 1045
917 1109
917 1140
918 102
918 726
918 790
918 854
918 982
918 1046
918 1110
919 433
919 727
919 791
919 824
919 855
919 983
919 1047
919 1111
919 1137
920 488
920 592
920 728
920 792
920 856
920 983
920 984
920 1048
920 1112
921 729
921 793
921 857
921 867
921 985
921 997
921 1049
921 1113
922 61
922 99
922 631
922 730
922 794
922 858
922 986
922 1050
922 1114
923 731
923 795
923 859
923 987
923 1051
923 1115
924 300
924 694
924 732
924 796
924 860
924 988
924 1052
924 1116
925 672
925 733
925 797
925 861
925 989
925 1053
925 1062
925 1117
926 734
926 798
926 862
926 990
926 1054
926 1118
927 735
927 799
927 801
927 863
927 991
927 1054
927 1055
927 1119
928 157
928 358
928 514
928 736
928 800
928 864
928 992
928 1056
928 1120
929 699
929 737
929 801
929 865
929 993
929 1057
929 1121
930 196
930 348
930 402
930 470
930 732
930 738
930 802
930 866
930 994
930 1058
930 1122
931 569
931 739
931 803
931 867
931 995
931 1020
931 1059
931 1123
932 740
932 804
932 868
932 996
932 1060
932 1124
933 357
933 741
933 805
933 869
933 981
933 997
933 1061
933 1125
934 155
934 742
934 806
934 870
934 998
934 1062
934 1126
935 220
935 260
935 571
935 743
935 745
935 807
935 871
935 999
935 1063
935 1127
936 95
936 744
936 765
936 808
936 872
936 1000
936 1064
936 1128
936 1195
936 1212
937 425
937 745
937 809
937 873
937 1001
937 1065
937 1129
937 1198
937 1240
938 127
938 238
938 746
938 810
938 874
938 890
938 956
938 1002
938 1066
938 1130
939 484
939 747
939 811
939 875
939 1003
939 1067
939 1131
940 342
940 748
940 812
940 876
940 1004
940 1068
940 1132
941 722
941 749
941 813
941 877
941 1005
941 1069
941 1133
942 116
942 340
942 564
942 750
942 814
942 878
942 880
942 1006
942 1070
942 1134
943 751
943 815
943 879
943 1007
943 1071
943 1135
944 188
944 276
944 431
944 752
944 816
944 880
944 1008
944 1072
944 1082
944 1136
944 1150
944 1213
945 410
945 536
945 753
945 817
945 881
945 1009
945 1073
945 1137
946 754
946 818
946 882
946 1010
946 1074
946 1138
947 755
947 800
947 819
947 883
947 1011
947 1075
947 1139
947 1275
948 173
948 379
948 629
948 704
948 756
948 820
948 884
948 914
948 1012
948 1076
948 1140
948 1177
949 757
949 821
949 885
949 1013
949 1077
949 1129
949 1141
950 478
950 758
950 806
950 822
950 886
950 1014
950 1078
950 1142
951 246
951 549
951 565
951 759
951 823
951 887
951 1015
951 1063
951 1079
951 1143
951 1242
952 57
952 474
952 760
952 824
952 888
952 1003
952 1016
952 1080
952 1144
952 1273
953 432
953 554
953 761
953 825
953 889
953 1017
953 1081
953 1136
953 1145
954 234
954 535
954 762
954 826
954 890
954 1018
954 1082
954 1146
955 763
955 827
955 891
955 1019
955 1083
955 1147
956 127
956 238
956 764
956 828
956 890
956 892
956 938
956 1020
956 1084
956 1148
957 765
957 829
957 893
957 1021
957 1085
957 1114
957 1149
958 444
958 702
958 766
958 830
958 894
958 1022
958 1086
958 1150
959 113
959 176
959 252
959 634
959 767
959 831
959 878
959 895
959 1023
959 1087
959 1258
960 233
960 768
960 832
960 869
960 896
960 1024
960 1088
960 1152
961 461
961 769
961 833
961 897
961 1025
961 1089
961 1153
962 77
962 335
962 392
962 456
962 517
962 581
962 653
962 717
962 770
962 834
962 898
962 901
962 968
962 1026
962 1090
962 1093
962 1154
963 209
963 771
963 835
963 899
963 1027
963 1091
963 1155
964 772
964 836
964 900
964 1028
964 1092
964 1156
965 8
965 72
965 136
965 200
965 264
965 328
965 389
965 453
965 520
965 584
965 645
965 712
965 773
965 776
965 837
965 840
965 901
965 904
965 1029
965 1032
965 1093
965 1096
965 1157
965 1160
965 1224
966 70
966 134
966 198
966 262
966 326
966 390
966 454
966 518
966 582
966 646
966 710
966 719
966 774
966 781
966 783
966 838
966 847
966 902
966 911
966 975
966 1030
966 1039
966 1094
966 1103
966 1158
966 1167
966 1222
966 1231
967 475
967 608
967 775
967 839
967 903
967 1031
967 1095
967 1159
968 77
968 335
968 392
968 456
968 517
968 581
968 653
968 717
968 776
968 840
968 901
968 904
968 962
968 1026
968 1032
968 1090
968 1093
968 1096
968 1160
969 777
969 841
969 905
969 1033
969 1097
969 1161
970 651
970 778
970 842
970 906
970 977
970 1034
970 1098
970 1162
971 259
971 779
971 843
971 907
971 1035
971 1099
971 1163
972 780
972 844
972 908
972 1036
972 1100
972 1164
973 19
973 83
973 133
973 143
973 197
973 207
973 261
973 325
973 335
973 463
973 517
973 527
973 591
973 648
973 655
973 709
973 717
973 719
973 773
973 781
973 837
973 845
973 901
973 909
973 911
973 975
973 1026
973 1029
973 1037
973 1039
973 1101
973 1154
973 1157
973 1165
973 1221
973 1229
974 199
974 782
974 846
974 910
974 1038
974 1102
974 1166
975 5
975 15
975 69
975 79
975 133
975 134
975 197
975 207
975 262
975 325
975 326
975 390
975 454
975 518
975 527
975 582
975 591
975 646
975 655
975 710
975 719
975 774
975 781
975 783
975 837
975 838
975 845
975 847
975 902
975 909
975 911
975 966
975 973
975 1029
975 1030
975 1039
975 1094
975 1103
975 1154
975 1157
975 1158
975 1165
975 1167
975 1221
975 1222
975 1229
975 1231
976 89
976 162
976 175
976 692
976 784
976 848
976 912
976 1040
976 1104
976 1168
977 651
977 785
977 849
977 913
977 970
977 1041
977 1105
977 1169
978 786
978 850
978 914
978 1024
978 1042
978 1106
978 1170
979 787
979 851
979 915
979 1043
979 1107
979 1171
980 144
980 664
980 788
980 852
980 916
980 1044
980 1071
980 1108
980 1172
981 357
981 789
981 853
981 917
981 933
981 1045
981 1109
981 1173
982 516
982 640
982 790
982 854
982 918
982 1046
982 1110
982 1174
983 488
983 592
983 791
983 855
983 919
983 920
983 1047
983 1111
983 1175
984 362
984 376
984 792
984 815
984 856
984 920
984 1048
984 1112
984 1176
985 793
985 857
985 912
985 921
985 1049
985 1113
985 1177
985 1253
986 295
986 423
986 727
986 794
986 805
986 858
986 922
986 1050
986 1114
986 1178
987 795
987 859
987 923
987 1051
987 1115
987 1179
988 796
988 860
988 924
988 1052
988 1116
988 1180
989 222
989 391
989 797
989 861
989 925
989 1053
989 1117
989 1181
990 798
990 862
990 926
990 1054
990 1118
990 1182
991 318
991 419
991 602
991 679
991 799
991 863
991 927
991 1055
991 1119
991 1183
991 1214
992 800
992 839
992 864
992 928
992 1056
992 1120
992 1184
993 128
993 801
993 865
993 929
993 1057
993 1088
993 1121
993 1185
994 802
994 862
994 866
994 930
994 1058
994 1122
994 1186
995 153
995 239
995 240
995 803
995 867
995 931
995 1009
995 1059
995 1123
995 1187
996 804
996 868
996 932
996 1060
996 1124
996 1188
997 805
997 867
997 869
997 921
997 933
997 1061
997 1125
997 1189
998 806
998 870
998 934
998 1062
998 1126
998 1190
999 167
999 345
999 415
999 610
999 754
999 807
999 820
999 871
999 935
999 1063
999 1127
999 1191
1000 808
1000 872
1000 936
1000 1064
1000 1128
1000 1192
1000 1208
1001 84
1001 469
1001 597
1001 809
1001 873
1001 937
1001 1065
1001 1129
1001 1193
1002 58
1002 235
1002 810
1002 874
1002 938
1002 1022
1002 1066
1002 1130
1002 1194
1003 57
1003 474
1003 811
1003 875
1003 939
1003 952
1003 1067
1003 1131
1003 1195
1003 1273
1004 812
1004 876
1004 940
1004 1005
1004 1068
1004 1132
1004 1196
1005 813
1005 877
1005 941
1005 1004
1005 1069
1005 1133
1005 1197
1006 400
1006 405
1006 613
1006 656
1006 814
1006 878
1006 942
1006 1070
1006 1134
1006 1198
1007 815
1007 879
1007 943
1007 1071
1007 1135
1007 1199
1007 1276
1008 298
1008 532
1008 761
1008 816
1008 880
1008 894
1008 944
1008 1072
1008 1136
1008 1200
1009 153
1009 239
1009 240
1009 817
1009 881
1009 945
1009 995
1009 1073
1009 1137
1009 1201
1010 90
1010 290
1010 818
1010 882
1010 946
1010 1074
1010 1138
1010 1202
1011 819
1011 883
1011 947
1011 1075
1011 1139
1011 1203
1012 372
1012 424
1012 803
1012 820
1012 884
1012 948
1012 1076
1012 1140
1012 1204
1012 1262
1013 821
1013 885
1013 949
1013 1077
1013 1141
1013 1187
1013 1205
1013 1216
1014 822
1014 886
1014 950
1014 1078
1014 1133
1014 1142
1014 1206
1015 35
1015 366
1015 528
1015 823
1015 887
1015 951
1015 1079
1015 1143
1015 1207
1015 1239
1016 304
1016 824
1016 888
1016 952
1016 1021
1016 1080
1016 1144
1016 1208
1017 825
1017 889
1017 953
1017 1081
1017 1145
1017 1209
1018 510
1018 633
1018 890
1018 954
1018 1082
1018 1146
1018 1210
1019 550
1019 827
1019 891
1019 955
1019 1083
1019 1147
1019 1211
1020 569
1020 828
1020 892
1020 931
1020 956
1020 1084
1020 1148
1020 1212
1021 304
1021 829
1021 893
1021 957
1021 1016
1021 1085
1021 1149
1021 1213
1022 58
1022 235
1022 830
1022 894
1022 958
1022 1002
1022 1086
1022 1150
1022 1214
1023 121
1023 360
1023 618
1023 638
1023 760
1023 766
1023 831
1023 895
1023 959
1023 1087
1023 1151
1023 1215
1024 832
1024 896
1024 960
1024 978
1024 1088
1024 1152
1024 1216
1025 577
1025 833
1025 897
1025 961
1025 1089
1025 1153
1025 1217
1026 261
1026 325
1026 335
1026 392
1026 463
1026 517
1026 527
1026 581
1026 648
1026 653
1026 709
1026 717
1026 773
1026 834
1026 898
1026 901
1026 962
1026 968
1026 973
1026 1029
1026 1037
1026 1090
1026 1093
1026 1101
1026 1154
1026 1218
1026 1221
1027 93
1027 337
1027 835
1027 899
1027 963
1027 1091
1027 1155
1027 1184
1027 1219
1028 836
1028 900
1028 964
1028 1092
1028 1156
1028 1180
1028 1220
1029 1
1029 65
1029 83
1029 143
1029 197
1029 207
1029 261
1029 325
1029 335
1029 463
1029 517
1029 527
1029 581
1029 591
1029 648
1029 653
1029 655
1029 709
1029 717
1029 773
1029 781
1029 837
1029 845
1029 901
1029 909
1029 965
1029 973
1029 975
1029 1026
1029 1037
1029 1093
1029 1101
1029 1154
1029 1157
1029 1165
1029 1221
1029 1229
1030 134
1030 198
1030 262
1030 326
1030 390
1030 454
1030 518
1030 582
1030 646
1030 710
1030 719
1030 774
1030 781
1030 783
1030 838
1030 847
1030 902
1030 911
1030 966
1030 975
1030 1039
1030 1094
1030 1103
1030 1158
1030 1167
1030 1222
1030 1229
1030 1231
1031 130
1031 839
1031 903
1031 967
1031 1095
1031 1159
1031 1223
1032 8
1032 72
1032 136
1032 200
1032 264
1032 328
1032 389
1032 453
1032 520
1032 584
1032 645
1032 712
1032 776
1032 840
1032 904
1032 965
1032 968
1032 1096
1032 1160
1032 1224
1033 841
1033 905
1033 969
1033 1097
1033 1161
1033 1225
1034 842
1034 906
1034 970
1034 1098
1034 1162
1034 1226
1035 593
1035 843
1035 907
1035 971
1035 1099
1035 1163
1035 1227
1036 0
1036 22
1036 844
1036 908
1036 972
1036 1100
1036 1164
1036 1228
1037 1
1037 65
1037 83
1037 143
1037 197
1037 207
1037 261
1037 325
1037 335
1037 463
1037 517
1037 527
1037 581
1037 591
1037 648
1037 653
1037 655
1037 709
1037 717
1037 773
1037 837
1037 845
1037 901
1037 909
1037 973
1037 1026
1037 1029
1037 1101
1037 1154
1037 1157
1037 1165
1037 1221
1037 1229
1038 455
1038 846
1038 910
1038 974
1038 1102
1038 1166
1038 1230
1039 5
1039 15
1039 69
1039 79
1039 197
1039 207
1039 262
1039 325
1039 326
1039 390
1039 454
1039 518
1039 527
1039 582
1039 591
1039 646
1039 655
1039 710
1039 719
1039 774
1039 781
1039 783
1039 837
1039 838
1039 845
1039 847
1039 902
1039 909
1039 911
1039 966
1039 973
1039 975
1039 1030
1039 1094
1039 1103
1039 1154
1039 1157
1039 1158
1039 1165
1039 1167
1039 1221
1039 1222
1039 1229
1039 1231
1040 821
1040 848
1040 912
1040 976
1040 1104
1040 1168
1040 1232
1041 849
1041 913
1041 977
1041 1105
1041 1169
1041 1233
1042 850
1042 914
1042 978
1042 1106
1042 1170
1042 1234
1043 851
1043 915
1043 979
1043 1107
1043 1171
1043 1235
1044 852
1044 916
1044 980
1044 1108
1044 1172
1044 1236
1045 37
1045 92
1045 853
1045 917
1045 981
1045 1074
1045 1109
1045 1128
1045 1173
1045 1205
1045 1237
1046 33
1046 854
1046 918
1046 982
1046 1110
1046 1174
1046 1238
1047 445
1047 855
1047 881
1047 919
1047 983
1047 1111
1047 1175
1047 1239
1048 473
1048 671
1048 856
1048 920
1048 984
1048 1112
1048 1148
1048 1176
1048 1240
1048 1265
1049 353
1049 857
1049 921
1049 985
1049 1052
1049 1113
1049 1177
1049 1241
1050 858
1050 922
1050 986
1050 1114
1050 1178
1050 1242
1051 583
1051 859
1051 923
1051 987
1051 1115
1051 1179
1051 1243
1052 353
1052 860
1052 924
1052 988
1052 1049
1052 1116
1052 1180
1052 1244
1053 861
1053 925
1053 989
1053 1117
1053 1181
1053 1245
1054 801
1054 862
1054 926
1054 927
1054 990
1054 1118
1054 1182
1054 1246
1055 857
1055 863
1055 927
1055 991
1055 1119
1055 1168
1055 1183
1055 1247
1056 657
1056 864
1056 928
1056 992
1056 1120
1056 1184
1056 1248
1057 68
1057 865
1057 929
1057 993
1057 1121
1057 1185
1057 1249
1058 172
1058 866
1058 930
1058 994
1058 1122
1058 1186
1058 1250
1059 501
1059 867
1059 931
1059 995
1059 1123
1059 1187
1059 1251
1060 192
1060 868
1060 932
1060 996
1060 1124
1060 1188
1060 1252
1061 869
1061 933
1061 997
1061 1108
1061 1125
1061 1189
1061 1253
1062 672
1062 870
1062 925
1062 934
1062 998
1062 1126
1062 1190
1062 1254
1063 246
1063 549
1063 565
1063 871
1063 935
1063 951
1063 999
1063 1127
1063 1191
1063 1242
1063 1255
1064 24
1064 87
1064 279
1064 665
1064 872
1064 936
1064 1000
1064 1128
1064 1192
1064 1256
1065 217
1065 677
1065 873
1065 937
1065 1001
1065 1129
1065 1193
1065 1257
1066 60
1066 368
1066 408
1066 874
1066 938
1066 1002
1066 1130
1066 1194
1066 1258
1067 190
1067 247
1067 404
1067 440
1067 875
1067 939
1067 1003
1067 1131
1067 1195
1067 1259
1068 876
1068 940
1068 1004
1068 1132
1068 1196
1068 1260
1069 338
1069 877
1069 941
1069 1005
1069 1133
1069 1197
1069 1261
1070 878
1070 942
1070 1006
1070 1134
1070 1198
1070 1244
1070 1262
1070 1268
1071 144
1071 664
1071 879
1071 943
1071 980
1071 1007
1071 1135
1071 1199
1071 1263
1072 624
1072 875
1072 880
1072 944
1072 1008
1072 1136
1072 1200
1072 1264
1073 216
1073 468
1073 728
1073 881
1073 945
1073 1009
1073 1137
1073 1201
1073 1265
1074 37
1074 92
1074 882
1074 946
1074 1010
1074 1045
1074 1128
1074 1138
1074 1202
1074 1205
1074 1266
1075 650
1075 883
1075 947
1075 1011
1075 1139
1075 1203
1075 1267
1076 489
1076 853
1076 884
1076 948
1076 1012
1076 1140
1076 1204
1076 1268
1077 417
1077 601
1077 681
1077 885
1077 887
1077 949
1077 1013
1077 1141
1077 1201
1077 1205
1077 1269
1078 55
1078 886
1078 950
1078 1014
1078 1142
1078 1206
1078 1241
1078 1270
1079 887
1079 951
1079 1015
1079 1143
1079 1207
1079 1271
1080 43
1080 559
1080 888
1080 952
1080 1016
1080 1144
1080 1208
1080 1272
1081 317
1081 889
1081 953
1081 1017
1081 1145
1081 1209
1081 1273
1082 188
1082 276
1082 431
1082 890
1082 944
1082 954
1082 1018
1082 1146
1082 1150
1082 1210
1082 1213
1082 1274
1083 557
1083 819
1083 891
1083 955
1083 1019
1083 1147
1083 1211
1083 1275
1084 730
1084 892
1084 956
1084 1020
1084 1148
1084 1212
1084 1276
1085 600
1085 744
1085 893
1085 957
1085 1021
1085 1149
1085 1213
1085 1277
1086 894
1086 958
1086 1022
1086 1150
1086 1214
1086 1278
1087 696
1087 814
1087 959
1087 1023
1087 1151
1087 1215
1088 128
1088 896
1088 960
1088 993
1088 1024
1088 1152
1088 1216
1089 897
1089 961
1089 1025
1089 1153
1089 1217
1090 77
1090 261
1090 335
1090 392
1090 456
1090 517
1090 581
1090 653
1090 717
1090 773
1090 898
1090 901
1090 962
1090 968
1090 1026
1090 1093
1090 1154
1090 1218
1091 138
1091 649
1091 798
1091 846
1091 899
1091 963
1091 1027
1091 1118
1091 1155
1091 1219
1092 580
1092 900
1092 964
1092 1028
1092 1124
1092 1156
1092 1220
1093 77
1093 392
1093 456
1093 517
1093 581
1093 653
1093 901
1093 962
1093 965
1093 968
1093 1026
1093 1029
1093 1090
1093 1157
1093 1221
1094 70
1094 134
1094 198
1094 262
1094 326
1094 390
1094 454
1094 518
1094 582
1094 646
1094 710
1094 719
1094 774
1094 781
1094 783
1094 838
1094 847
1094 902
1094 911
1094 966
1094 975
1094 1030
1094 1039
1094 1103
1094 1158
1094 1167
1094 1222
1094 1231
1095 82
1095 903
1095 967
1095 1031
1095 1159
1095 1223
1096 8
1096 72
1096 136
1096 200
1096 264
1096 328
1096 389
1096 453
1096 520
1096 584
1096 645
1096 712
1096 776
1096 840
1096 904
1096 965
1096 968
1096 1032
1096 1160
1096 1224
1097 905
1097 969
1097 1033
1097 1161
1097 1225
1098 861
1098 906
1098 970
1098 1034
1098 1162
1098 1181
1098 1226
1099 330
1099 907
1099 971
1099 1035
1099 1163
1099 1227
1100 908
1100 972
1100 1036
1100 1164
1100 1228
1101 1
1101 65
1101 83
1101 143
1101 261
1101 325
1101 335
1101 463
1101 517
1101 527
1101 581
1101 591
1101 648
1101 653
1101 655
1101 709
1101 717
1101 773
1101 837
1101 845
1101 901
1101 909
1101 973
1101 1026
1101 1029
1101 1037
1101 1154
1101 1157
1101 1165
1101 1221
1101 1229
1102 230
1102 541
1102 910
1102 974
1102 1038
1102 1166
1102 1230
1103 5
1103 15
1103 69
1103 79
1103 262
1103 326
1103 390
1103 454
1103 518
1103 582
1103 591
1103 646
1103 655
1103 710
1103 719
1103 774
1103 781
1103 783
1103 837
1103 838
1103 845
1103 847
1103 902
1103 909
1103 911
1103 966
1103 975
1103 1030
1103 1039
1103 1094
1103 1154
1103 1157
1103 1158
1103 1165
1103 1167
1103 1221
1103 1222
1103 1229
1103 1231
1104 879
1104 912
1104 976
1104 1040
1104 1168
1104 1232
1105 913
1105 977
1105 1041
1105 1169
1105 1233
1106 914
1106 978
1106 1042
1106 1170
1106 1234
1107 915
1107 979
1107 1043
1107 1171
1107 1235
1108 916
1108 980
1108 1044
1108 1061
1108 1172
1108 1236
1109 187
1109 917
1109 981
1109 1045
1109 1173
1109 1237
1110 918
1110 982
1110 1046
1110 1174
1110 1238
1111 660
1111 919
1111 983
1111 1047
1111 1175
1111 1239
1111 1279
1112 26
1112 125
1112 181
1112 490
1112 920
1112 984
1112 1048
1112 1172
1112 1176
1112 1240
1113 123
1113 617
1113 799
1113 921
1113 985
1113 1049
1113 1177
1113 1237
1113 1241
1114 893
1114 922
1114 957
1114 986
1114 1050
1114 1178
1114 1242
1115 401
1115 923
1115 987
1115 1051
1115 1179
1115 1243
1116 406
1116 630
1116 924
1116 988
1116 1052
1116 1180
1116 1244
1117 925
1117 989
1117 1053
1117 1181
1117 1245
1118 138
1118 649
1118 798
1118 846
1118 926
1118 990
1118 1054
1118 1091
1118 1182
1118 1246
1119 308
1119 635
1119 735
1119 927
1119 991
1119 1055
1119 1183
1119 1247
1120 928
1120 992
1120 1056
1120 1184
1120 1248
1121 929
1121 993
1121 1057
1121 1185
1121 1249
1122 737
1122 930
1122 994
1122 1058
1122 1186
1122 1250
1123 570
1123 666
1123 746
1123 931
1123 995
1123 1059
1123 1187
1123 1251
1124 580
1124 932
1124 996
1124 1060
1124 1092
1124 1188
1124 1252
1125 161
1125 720
1125 933
1125 997
1125 1061
1125 1189
1125 1253
1126 844
1126 934
1126 998
1126 1062
1126 1190
1126 1254
1127 935
1127 999
1127 1063
1127 1191
1127 1255
1128 37
1128 92
1128 936
1128 1000
1128 1045
1128 1064
1128 1074
1128 1192
1128 1205
1128 1256
1129 937
1129 949
1129 1001
1129 1065
1129 1193
1129 1257
1130 343
1130 938
1130 1002
1130 1066
1130 1194
1130 1258
1131 124
1131 183
1131 697
1131 750
1131 939
1131 1003
1131 1067
1131 1195
1131 1259
1132 350
1132 940
1132 1004
1132 1068
1132 1196
1132 1260
1133 941
1133 1005
1133 1014
1133 1069
1133 1197
1133 1261
1134 942
1134 1006
1134 1070
1134 1198
1134 1244
1134 1262
1134 1268
1135 943
1135 1007
1135 1071
1135 1199
1135 1263
1136 432
1136 554
1136 944
1136 953
1136 1008
1136 1072
1136 1200
1136 1264
1137 433
1137 824
1137 919
1137 945
1137 1009
1137 1073
1137 1201
1137 1265
1138 946
1138 1010
1138 1074
1138 1202
1138 1266
1139 947
1139 1011
1139 1075
1139 1162
1139 1203
1139 1267
1140 256
1140 668
1140 917
1140 948
1140 1012
1140 1076
1140 1204
1140 1268
1141 949
1141 1013
1141 1077
1141 1205
1141 1269
1142 950
1142 1014
1142 1078
1142 1206
1142 1270
1143 507
1143 951
1143 1015
1143 1079
1143 1207
1143 1271
1144 249
1144 506
1144 952
1144 1016
1144 1080
1144 1208
1144 1272
1145 212
1145 856
1145 953
1145 1017
1145 1081
1145 1209
1145 1273
1146 954
1146 1018
1146 1082
1146 1210
1146 1274
1147 955
1147 1019
1147 1083
1147 1211
1147 1275
1148 473
1148 671
1148 956
1148 1020
1148 1048
1148 1084
1148 1212
1148 1265
1148 1276
1149 151
1149 253
1149 367
1149 789
1149 957
1149 1021
1149 1085
1149 1213
1149 1277
1150 188
1150 276
1150 431
1150 944
1150 958
1150 1022
1150 1082
1150 1086
1150 1213
1150 1214
1150 1278
1151 250
1151 509
1151 1023
1151 1087
1151 1215
1151 1279
1152 733
1152 960
1152 1024
1152 1088
1152 1216
1152 1238
1153 961
1153 1025
1153 1089
1153 1217
1154 19
1154 133
1154 197
1154 207
1154 325
1154 335
1154 463
1154 527
1154 591
1154 648
1154 655
1154 709
1154 717
1154 719
1154 773
1154 781
1154 783
1154 837
1154 845
1154 901
1154 909
1154 911
1154 962
1154 973
1154 975
1154 1026
1154 1029
1154 1037
1154 1039
1154 1090
1154 1101
1154 1103
1154 1157
1154 1165
1154 1218
1154 1221
1154 1229
1155 963
1155 1027
1155 1091
1155 1219
1156 530
1156 964
1156 1028
1156 1092
1156 1220
1157 19
1157 133
1157 197
1157 207
1157 325
1157 335
1157 463
1157 527
1157 591
1157 648
1157 655
1157 709
1157 717
1157 719
1157 773
1157 781
1157 783
1157 837
1157 845
1157 901
1157 909
1157 911
1157 965
1157 973
1157 975
1157 1029
1157 1037
1157 1039
1157 1093
1157 1101
1157 1103
1157 1154
1157 1165
1157 1221
1157 1229
1158 70
1158 134
1158 198
1158 262
1158 326
1158 390
1158 454
1158 518
1158 582
1158 646
1158 710
1158 719
1158 774
1158 783
1158 838
1158 847
1158 902
1158 911
1158 966
1158 975
1158 1030
1158 1039
1158 1094
1158 1103
1158 1167
1158 1222
1158 1231
1159 397
1159 967
1159 1031
1159 1095
1159 1223
1160 8
1160 72
1160 136
1160 200
1160 264
1160 328
1160 389
1160 453
1160 520
1160 584
1160 645
1160 712
1160 776
1160 840
1160 904
1160 965
1160 968
1160 1032
1160 1096
1160 1224
1161 969
1161 1033
1161 1097
1161 1225
1162 970
1162 1034
1162 1098
1162 1139
1162 1226
1163 194
1163 971
1163 1035
1163 1099
1163 1227
1164 76
1164 972
1164 1036
1164 1100
1164 1228
1165 5
1165 15
1165 19
1165 69
1165 79
1165 133
1165 197
1165 325
1165 390
1165 463
1165 527
1165 591
1165 655
1165 710
1165 719
1165 781
1165 783
1165 837
1165 845
1165 847
1165 902
1165 909
1165 911
1165 973
1165 975
1165 1029
1165 1037
1165 1039
1165 1101
1165 1103
1165 1154
1165 1157
1165 1167
1165 1221
1165 1229
1165 1231
1166 974
1166 1038
1166 1102
1166 1230
1167 262
1167 326
1167 390
1167 454
1167 518
1167 582
1167 646
1167 655
1167 710
1167 719
1167 774
1167 781
1167 783
1167 838
1167 847
1167 902
1167 909
1167 911
1167 966
1167 975
1167 1030
1167 1039
1167 1094
1167 1103
1167 1158
1167 1165
1167 1222
1167 1229
1167 1231
1168 857
1168 976
1168 1040
1168 1055
1168 1104
1168 1232
1169 977
1169 1041
1169 1105
1169 1233
1170 836
1170 908
1170 978
1170 1042
1170 1106
1170 1234
1171 979
1171 1043
1171 1107
1171 1235
1172 26
1172 125
1172 181
1172 490
1172 980
1172 1044
1172 1108
1172 1112
1172 1236
1173 80
1173 481
1173 873
1173 981
1173 1045
1173 1109
1173 1188
1173 1237
1174 982
1174 1046
1174 1110
1174 1238
1175 170
1175 346
1175 983
1175 1047
1175 1111
1175 1239
1176 984
1176 1048
1176 1112
1176 1240
1177 173
1177 379
1177 629
1177 704
1177 914
1177 948
1177 985
1177 1049
1177 1113
1177 1241
1178 986
1178 1050
1178 1114
1178 1206
1178 1242
1179 713
1179 987
1179 1051
1179 1115
1179 1243
1180 988
1180 1028
1180 1052
1180 1116
1180 1244
1181 861
1181 989
1181 1053
1181 1098
1181 1117
1181 1245
1182 990
1182 1054
1182 1118
1182 1246
1183 991
1183 1055
1183 1119
1183 1247
1184 93
1184 337
1184 992
1184 1027
1184 1056
1184 1120
1184 1248
1185 993
1185 1057
1185 1121
1185 1249
1186 356
1186 994
1186 1058
1186 1122
1186 1250
1187 995
1187 1013
1187 1059
1187 1123
1187 1216
1187 1251
1188 80
1188 481
1188 873
1188 996
1188 1060
1188 1124
1188 1173
1188 1252
1189 498
1189 609
1189 997
1189 1061
1189 1125
1189 1252
1189 1253
1190 998
1190 1062
1190 1126
1190 1254
1191 237
1191 545
1191 740
1191 832
1191 999
1191 1063
1191 1127
1191 1255
1192 1000
1192 1064
1192 1128
1192 1256
1193 132
1193 1001
1193 1065
1193 1129
1193 1257
1194 359
1194 543
1194 1002
1194 1066
1194 1130
1194 1258
1195 95
1195 765
1195 936
1195 1003
1195 1067
1195 1131
1195 1212
1195 1259
1196 886
1196 1004
1196 1068
1196 1132
1196 1260
1197 182
1197 1005
1197 1069
1197 1133
1197 1261
1198 425
1198 937
1198 1006
1198 1070
1198 1134
1198 1240
1198 1262
1199 505
1199 689
1199 1007
1199 1071
1199 1135
1199 1263
1200 482
1200 687
1200 1008
1200 1072
1200 1136
1200 1264
1200 1277
1201 417
1201 601
1201 681
1201 887
1201 1009
1201 1073
1201 1077
1201 1137
1201 1265
1202 793
1202 1010
1202 1074
1202 1138
1202 1266
1203 1011
1203 1075
1203 1139
1203 1267
1204 52
1204 1012
1204 1076
1204 1140
1204 1268
1205 37
1205 92
1205 1013
1205 1045
1205 1074
1205 1077
1205 1128
1205 1141
1205 1269
1206 1014
1206 1078
1206 1142
1206 1178
1206 1270
1207 272
1207 281
1207 1015
1207 1079
1207 1143
1207 1271
1208 1000
1208 1016
1208 1080
1208 1144
1208 1272
1209 1017
1209 1081
1209 1145
1209 1273
1210 227
1210 791
1210 1018
1210 1082
1210 1146
1210 1274
1211 41
1211 590
1211 1019
1211 1083
1211 1147
1211 1275
1212 95
1212 765
1212 936
1212 1020
1212 1084
1212 1148
1212 1195
1212 1276
1213 188
1213 276
1213 431
1213 944
1213 1021
1213 1082
1213 1085
1213 1149
1213 1150
1213 1277
1214 318
1214 419
1214 602
1214 679
1214 991
1214 1022
1214 1086
1214 1150
1214 1278
1215 369
1215 1023
1215 1087
1215 1151
1215 1279
1216 1013
1216 1024
1216 1088
1216 1152
1216 1187
1217 1025
1217 1089
1217 1153
1218 1026
1218 1090
1218 1154
1219 398
1219 913
1219 1027
1219 1091
1219 1155
1220 674
1220 1028
1220 1092
1220 1156
1221 19
1221 83
1221 197
1221 207
1221 325
1221 463
1221 527
1221 591
1221 648
1221 655
1221 709
1221 717
1221 719
1221 773
1221 781
1221 837
1221 845
1221 901
1221 909
1221 911
1221 973
1221 975
1221 1026
1221 1029
1221 1037
1221 1039
1221 1093
1221 1101
1221 1103
1221 1154
1221 1157
1221 1165
1221 1229
1222 6
1222 70
1222 134
1222 198
1222 262
1222 326
1222 390
1222 454
1222 518
1222 582
1222 646
1222 710
1222 719
1222 774
1222 783
1222 838
1222 847
1222 902
1222 911
1222 966
1222 975
1222 1030
1222 1039
1222 1094
1222 1103
1222 1158
1222 1167
1222 1231
1223 718
1223 1031
1223 1095
1223 1159
1224 8
1224 72
1224 136
1224 200
1224 264
1224 328
1224 389
1224 453
1224 520
1224 584
1224 645
1224 712
1224 776
1224 840
1224 904
1224 965
1224 1032
1224 1096
1224 1160
1225 66
1225 1033
1225 1097
1225 1161
1226 1034
1226 1098
1226 1162
1227 1035
1227 1099
1227 1163
1228 891
1228 1036
1228 1100
1228 1164
1229 5
1229 15
1229 19
1229 69
1229 79
1229 133
1229 197
1229 390
1229 527
1229 582
1229 591
1229 655
1229 710
1229 719
1229 781
1229 783
1229 837
1229 845
1229 847
1229 902
1229 909
1229 911
1229 973
1229 975
1229 1029
1229 1030
1229 1037
1229 1039
1229 1101
1229 1103
1229 1154
1229 1157
1229 1165
1229 1167
1229 1221
1229 1231
1230 1038
1230 1102
1230 1166
1231 390
1231 454
1231 518
1231 582
1231 646
1231 655
1231 710
1231 719
1231 774
1231 781
1231 783
1231 838
1231 847
1231 902
1231 909
1231 911
1231 966
1231 975
1231 1030
1231 1039
1231 1094
1231 1103
1231 1158
1231 1165
1231 1167
1231 1222
1231 1229
1232 1040
1232 1104
1232 1168
1232 1266
1233 785
1233 1041
1233 1105
1233 1169
1234 1042
1234 1106
1234 1170
1235 522
1235 1043
1235 1107
1235 1171
1236 245
1236 292
1236 607
1236 1044
1236 1108
1236 1172
1237 123
1237 617
1237 799
1237 1045
1237 1109
1237 1113
1237 1173
1238 733
1238 1046
1238 1110
1238 1152
1238 1174
1239 35
1239 366
1239 528
1239 1015
1239 1047
1239 1111
1239 1175
1240 425
1240 937
1240 1048
1240 1112
1240 1176
1240 1198
1241 55
1241 1049
1241 1078
1241 1113
1241 1177
1242 246
1242 549
1242 565
1242 951
1242 1050
1242 1063
1242 1114
1242 1178
1243 797
1243 842
1243 1051
1243 1115
1243 1179
1244 1052
1244 1070
1244 1116
1244 1134
1244 1180
1244 1268
1245 266
1245 1053
1245 1117
1245 1181
1246 34
1246 114
1246 324
1246 1054
1246 1118
1246 1182
1247 680
1247 695
1247 1055
1247 1119
1247 1183
1248 1056
1248 1120
1248 1184
1249 865
1249 1057
1249 1121
1249 1185
1250 47
1250 375
1250 852
1250 1058
1250 1122
1250 1186
1251 504
1251 762
1251 1059
1251 1123
1251 1187
1252 498
1252 609
1252 1060
1252 1124
1252 1188
1252 1189
1253 912
1253 985
1253 1061
1253 1125
1253 1189
1254 1062
1254 1126
1254 1190
1255 306
1255 916
1255 1063
1255 1127
1255 1191
1256 45
1256 278
1256 1064
1256 1128
1256 1192
1257 1065
1257 1129
1257 1193
1258 113
1258 176
1258 252
1258 634
1258 878
1258 959
1258 1066
1258 1130
1258 1194
1259 48
1259 56
1259 63
1259 154
1259 472
1259 596
1259 619
1259 816
1259 1067
1259 1131
1259 1195
1260 627
1260 1068
1260 1132
1260 1196
1261 1069
1261 1133
1261 1197
1262 372
1262 424
1262 803
1262 1012
1262 1070
1262 1134
1262 1198
1263 315
1263 562
1263 1071
1263 1135
1263 1199
1264 120
1264 218
1264 628
1264 1072
1264 1136
1264 1200
1265 473
1265 671
1265 1048
1265 1073
1265 1137
1265 1148
1265 1201
1266 1074
1266 1138
1266 1202
1266 1232
1267 1075
1267 1139
1267 1203
1268 1070
1268 1076
1268 1134
1268 1140
1268 1204
1268 1244
1269 420
1269 644
1269 1077
1269 1141
1269 1205
1270 539
1270 1078
1270 1142
1270 1206
1271 802
1271 1079
1271 1143
1271 1207
1272 40
1272 107
1272 558
1272 1080
1272 1144
1272 1208
1273 57
1273 474
1273 952
1273 1003
1273 1081
1273 1145
1273 1209
1274 426
1274 622
1274 889
1274 1082
1274 1146
1274 1210
1275 800
1275 947
1275 1083
1275 1147
1275 1211
1276 1007
1276 1084
1276 1148
1276 1212
1277 482
1277 687
1277 1085
1277 1149
1277 1200
1277 1213
1278 1086
1278 1150
1278 1214
1279 660
1279 1111
1279 1151
1279 1215
