0 9
0 10
0 14
0 15
0 19
0 54
0 64
0 71
0 73
0 78
0 128
0 138
0 142
0 143
0 144
0 147
0 158
0 192
0 201
0 246
0 256
0 265
0 266
0 271
0 310
0 327
0 329
0 334
0 391
0 455
0 462
0 502
0 518
0 519
0 582
0 583
0 647
0 711
0 969
0 974
0 982
0 1159
0 1166
1 65
1 129
1 193
1 916
2 66
2 130
2 194
3 67
3 130
3 131
3 195
3 366
4 68
4 132
4 196
5 69
5 133
5 197
5 622
5 708
5 802
5 973
6 70
6 134
6 198
6 262
6 326
6 390
6 454
6 521
6 585
6 646
6 713
6 774
6 838
6 905
6 966
6 1033
6 1094
6 1161
6 1225
7 71
7 73
7 78
7 135
7 137
7 138
7 142
7 199
7 263
7 265
7 271
7 327
7 334
7 391
7 455
7 518
7 519
7 775
7 839
7 1031
8 72
8 136
8 200
8 581
8 721
8 1203
9 0
9 10
9 14
9 15
9 19
9 54
9 71
9 73
9 78
9 128
9 135
9 137
9 138
9 142
9 143
9 144
9 147
9 158
9 199
9 201
9 246
9 265
9 266
9 271
9 310
9 327
9 329
9 334
9 391
9 455
9 462
9 502
9 518
9 519
9 582
9 583
9 647
9 711
9 775
9 839
9 974
9 982
9 1159
9 1166
10 0
10 9
10 14
10 15
10 16
10 19
10 54
10 64
10 74
10 79
10 128
10 138
10 143
10 144
10 147
10 158
10 201
10 202
10 246
10 256
10 266
10 275
10 310
10 393
10 458
10 462
10 502
10 582
10 583
10 630
10 647
10 649
10 710
10 711
10 777
10 841
10 902
10 970
10 1030
10 1222
11 75
11 139
11 203
11 279
12 36
12 76
12 140
12 189
12 204
12 1160
13 77
13 141
13 205
14 0
14 9
14 10
14 15
14 19
14 54
14 71
14 73
14 78
14 128
14 138
14 142
14 143
14 144
14 147
14 158
14 201
14 206
14 246
14 256
14 265
14 266
14 271
14 275
14 310
14 327
14 329
14 334
14 391
14 462
14 502
14 518
14 582
14 583
14 647
14 649
14 711
14 969
14 974
14 982
14 1097
14 1158
14 1166
15 0
15 9
15 10
15 14
15 16
15 19
15 54
15 64
15 78
15 79
15 128
15 138
15 143
15 144
15 147
15 158
15 201
15 207
15 246
15 256
15 266
15 271
15 275
15 310
15 329
15 393
15 458
15 462
15 502
15 518
15 582
15 583
15 647
15 649
15 711
15 841
15 902
15 969
15 1030
15 1097
15 1158
15 1222
16 10
16 15
16 19
16 64
16 79
16 80
16 143
16 144
16 158
16 201
16 208
16 256
16 275
16 393
16 457
16 458
16 502
16 582
16 630
16 649
16 710
16 777
16 841
16 918
16 970
16 1238
17 81
17 145
17 209
17 1193
18 82
18 146
18 210
18 258
18 420
19 0
19 9
19 10
19 14
19 15
19 16
19 54
19 64
19 78
19 79
19 83
19 128
19 138
19 143
19 144
19 147
19 158
19 201
19 211
19 246
19 256
19 265
19 266
19 271
19 275
19 310
19 329
19 334
19 393
19 458
19 462
19 502
19 518
19 582
19 583
19 647
19 649
19 711
19 902
19 969
19 974
19 982
19 1030
19 1097
19 1158
19 1166
19 1222
20 84
20 148
20 212
21 85
21 149
21 213
22 86
22 150
22 170
22 214
22 356
22 1056
23 87
23 151
23 215
23 269
23 417
23 605
24 88
24 152
24 216
24 284
24 805
24 1163
25 89
25 153
25 187
25 217
25 770
25 869
25 936
26 90
26 154
26 218
26 490
26 741
26 1178
27 91
27 155
27 219
27 906
28 92
28 156
28 220
28 796
28 865
28 929
29 93
29 157
29 168
29 221
30 94
30 158
30 222
30 652
30 1016
31 95
31 159
31 223
31 1069
32 34
32 72
32 96
32 160
32 224
32 526
32 750
33 97
33 161
33 225
33 575
33 920
34 32
34 72
34 98
34 162
34 226
34 526
34 750
35 99
35 163
35 227
35 231
36 12
36 100
36 164
36 189
36 228
36 1160
37 101
37 165
37 229
37 828
37 921
37 927
38 102
38 166
38 230
38 301
39 103
39 167
39 231
39 1100
39 1219
40 104
40 168
40 232
40 1180
41 105
41 169
41 233
42 106
42 170
42 234
43 47
43 107
43 171
43 235
43 664
44 108
44 172
44 236
44 451
44 682
44 1233
45 109
45 173
45 237
46 110
46 174
46 238
47 43
47 111
47 175
47 239
47 664
48 112
48 176
48 240
48 355
48 431
48 1052
49 113
49 177
49 241
49 1010
49 1047
49 1253
50 114
50 178
50 242
50 557
51 115
51 179
51 243
51 424
51 608
51 1019
51 1271
52 116
52 180
52 244
52 261
52 907
53 117
53 177
53 181
53 245
54 0
54 9
54 10
54 14
54 15
54 19
54 78
54 79
54 118
54 128
54 138
54 143
54 144
54 147
54 158
54 182
54 201
54 246
54 256
54 265
54 266
54 271
54 275
54 310
54 327
54 329
54 334
54 391
54 393
54 462
54 502
54 518
54 582
54 583
54 647
54 649
54 711
54 902
54 969
54 974
54 982
54 1030
54 1097
54 1158
54 1166
55 119
55 183
55 247
55 425
55 570
55 849
55 925
55 1082
56 120
56 184
56 248
56 619
56 859
56 875
56 939
56 1008
57 121
57 185
57 249
57 917
58 122
58 186
58 250
58 449
58 551
59 123
59 176
59 187
59 251
59 574
59 1125
60 124
60 188
60 252
60 340
61 125
61 189
61 253
61 300
61 434
61 628
61 1275
62 126
62 190
62 254
62 503
62 506
62 1111
63 127
63 191
63 255
63 488
63 922
63 1273
64 0
64 10
64 15
64 16
64 19
64 79
64 128
64 143
64 158
64 192
64 256
64 275
64 393
64 457
64 458
64 502
64 582
64 630
64 649
64 710
64 777
64 841
64 902
64 918
64 970
64 1238
65 1
65 105
65 129
65 193
65 257
65 293
66 2
66 130
66 194
66 250
66 258
66 643
66 779
67 3
67 131
67 195
67 259
67 681
67 734
67 946
68 4
68 132
68 196
68 260
68 338
69 5
69 133
69 197
69 261
69 520
69 709
69 715
69 1249
70 6
70 134
70 198
70 262
70 326
70 390
70 454
70 521
70 585
70 646
70 713
70 774
70 838
70 905
70 966
70 1033
70 1094
70 1161
70 1225
71 0
71 7
71 9
71 14
71 73
71 78
71 128
71 135
71 137
71 138
71 142
71 147
71 199
71 263
71 265
71 266
71 271
71 310
71 327
71 329
71 334
71 391
71 455
71 462
71 518
71 519
71 583
71 647
71 711
71 775
71 839
71 903
71 967
71 1031
71 1095
71 1223
72 8
72 32
72 34
72 136
72 200
72 264
72 526
72 750
73 0
73 7
73 9
73 14
73 71
73 78
73 128
73 135
73 137
73 138
73 142
73 147
73 199
73 201
73 263
73 265
73 266
73 271
73 310
73 327
73 329
73 334
73 391
73 455
73 462
73 518
73 519
73 583
73 647
73 711
73 775
73 839
73 903
73 967
73 1031
73 1095
73 1223
74 10
74 138
74 202
74 266
74 1046
75 11
75 136
75 139
75 203
75 267
75 1192
76 12
76 96
76 140
76 204
76 240
76 268
77 13
77 141
77 205
77 269
78 0
78 7
78 9
78 14
78 15
78 19
78 54
78 71
78 73
78 128
78 135
78 137
78 138
78 142
78 143
78 144
78 147
78 158
78 199
78 201
78 206
78 246
78 265
78 266
78 270
78 271
78 310
78 327
78 329
78 334
78 391
78 455
78 462
78 502
78 518
78 519
78 582
78 583
78 647
78 711
78 775
78 839
78 902
78 903
78 1159
78 1223
79 10
79 15
79 16
79 19
79 54
79 64
79 143
79 144
79 158
79 201
79 207
79 246
79 256
79 271
79 275
79 393
79 457
79 458
79 502
79 582
79 630
79 649
79 710
79 777
79 841
79 902
79 918
79 970
79 1238
80 16
80 144
80 208
80 272
81 17
81 145
81 209
81 273
82 18
82 146
82 210
82 274
82 351
83 19
83 147
83 211
83 275
84 20
84 148
84 212
84 276
85 21
85 149
85 213
85 277
85 661
86 22
86 150
86 214
86 278
86 525
86 1220
87 23
87 151
87 215
87 279
87 423
87 440
87 818
87 928
88 24
88 152
88 216
88 280
88 968
89 25
89 153
89 217
89 230
89 281
89 360
89 629
90 26
90 154
90 218
90 282
90 426
90 1059
90 1202
90 1244
91 27
91 155
91 219
91 283
91 1083
92 28
92 97
92 156
92 185
92 220
92 284
92 554
92 1093
93 29
93 157
93 221
93 285
94 30
94 158
94 222
94 286
94 442
94 990
94 1235
95 31
95 159
95 223
95 287
95 568
96 32
96 76
96 160
96 224
96 240
96 288
97 33
97 92
97 161
97 185
97 225
97 289
97 554
97 1093
98 34
98 162
98 226
98 290
99 35
99 163
99 227
99 259
99 281
99 291
99 312
99 727
100 36
100 164
100 228
100 292
101 37
101 165
101 229
101 293
101 517
101 593
102 38
102 166
102 230
102 294
103 39
103 167
103 231
103 295
103 1009
103 1029
104 40
104 168
104 232
104 296
104 378
104 961
104 1185
105 41
105 65
105 169
105 233
105 293
105 297
106 42
106 170
106 234
106 298
106 352
106 556
106 679
106 1165
107 43
107 127
107 171
107 235
107 299
107 564
107 701
108 44
108 172
108 236
108 300
108 584
108 1077
109 45
109 173
109 237
109 301
109 1064
110 46
110 174
110 238
110 302
111 47
111 175
111 239
111 303
111 621
111 825
111 880
112 48
112 176
112 240
112 304
112 380
112 409
112 735
112 863
112 1169
113 49
113 152
113 177
113 241
113 305
113 537
113 1228
114 50
114 178
114 242
114 306
114 413
114 749
115 51
115 179
115 235
115 243
115 295
115 307
115 411
115 935
116 52
116 180
116 244
116 308
117 53
117 181
117 245
117 309
117 706
117 977
117 1091
118 54
118 182
118 246
118 310
118 782
119 55
119 183
119 229
119 247
119 311
120 56
120 184
120 248
120 312
120 443
120 1086
121 57
121 185
121 249
121 313
122 58
122 180
122 186
122 250
122 314
122 1103
123 59
123 187
123 251
123 315
123 1195
124 60
124 188
124 252
124 316
124 707
125 61
125 189
125 236
125 253
125 317
125 371
125 603
125 762
125 819
125 958
125 1087
126 62
126 190
126 254
126 318
126 559
126 691
127 63
127 107
127 191
127 255
127 319
127 564
127 701
128 0
128 9
128 10
128 14
128 15
128 19
128 54
128 64
128 71
128 73
128 78
128 138
128 142
128 143
128 144
128 147
128 158
128 192
128 201
128 246
128 256
128 265
128 266
128 271
128 275
128 310
128 320
128 327
128 329
128 334
128 391
128 462
128 502
128 518
128 582
128 583
128 647
128 649
128 711
128 902
128 903
128 969
128 970
128 974
128 982
128 1097
128 1158
128 1166
129 1
129 65
129 193
129 257
129 268
129 321
129 403
130 2
130 3
130 66
130 194
130 258
130 322
130 366
131 3
131 67
131 195
131 259
131 323
131 546
132 4
132 68
132 196
132 260
132 324
133 5
133 69
133 197
133 261
133 325
134 6
134 70
134 198
134 262
134 326
134 390
134 454
134 521
134 585
134 646
134 713
134 774
134 838
134 905
134 966
134 1033
134 1094
134 1161
134 1225
135 7
135 9
135 71
135 73
135 78
135 137
135 138
135 142
135 199
135 263
135 265
135 271
135 327
135 329
135 334
135 391
135 455
135 518
135 519
135 775
135 839
135 903
135 967
135 1031
135 1095
136 8
136 72
136 75
136 200
136 264
136 328
136 1192
137 7
137 9
137 71
137 73
137 78
137 135
137 138
137 142
137 199
137 201
137 263
137 265
137 271
137 327
137 329
137 334
137 391
137 455
137 518
137 519
137 775
137 839
137 903
137 967
137 1031
137 1095
138 0
138 7
138 9
138 10
138 14
138 15
138 19
138 54
138 71
138 73
138 74
138 78
138 128
138 135
138 137
138 142
138 143
138 144
138 147
138 158
138 199
138 201
138 202
138 246
138 265
138 266
138 271
138 310
138 327
138 329
138 330
138 334
138 391
138 455
138 462
138 502
138 518
138 519
138 582
138 583
138 647
138 711
138 775
138 839
138 902
138 903
138 967
138 969
138 974
138 982
138 1159
138 1223
139 11
139 75
139 174
139 203
139 267
139 331
140 12
140 76
140 204
140 268
140 309
140 332
140 539
140 785
141 13
141 77
141 205
141 269
141 333
142 0
142 7
142 9
142 14
142 71
142 73
142 78
142 128
142 135
142 137
142 138
142 147
142 199
142 206
142 263
142 265
142 266
142 270
142 271
142 310
142 327
142 329
142 334
142 391
142 455
142 462
142 518
142 519
142 583
142 647
142 711
142 775
142 839
142 903
142 967
142 974
142 982
142 1031
142 1095
142 1223
143 0
143 9
143 10
143 14
143 15
143 16
143 19
143 54
143 64
143 78
143 79
143 128
143 138
143 144
143 147
143 158
143 201
143 207
143 246
143 256
143 266
143 271
143 275
143 310
143 329
143 334
143 335
143 393
143 458
143 462
143 502
143 518
143 582
143 583
143 647
143 649
143 711
143 841
143 902
143 969
143 970
143 974
143 982
143 1030
143 1097
143 1158
143 1166
143 1222
144 0
144 9
144 10
144 14
144 15
144 16
144 19
144 54
144 78
144 79
144 80
144 128
144 138
144 143
144 147
144 158
144 201
144 208
144 246
144 256
144 265
144 266
144 271
144 272
144 275
144 310
144 327
144 329
144 334
144 336
144 391
144 393
144 462
144 502
144 518
144 582
144 583
144 647
144 649
144 711
144 902
144 969
144 970
144 974
144 982
144 1030
144 1097
144 1158
144 1166
145 17
145 81
145 209
145 273
145 337
145 942
146 18
146 82
146 210
146 274
146 338
146 852
146 1205
147 0
147 9
147 10
147 14
147 15
147 19
147 54
147 71
147 73
147 78
147 83
147 128
147 138
147 142
147 143
147 144
147 158
147 201
147 211
147 246
147 256
147 265
147 266
147 271
147 275
147 310
147 327
147 329
147 334
147 339
147 391
147 462
147 502
147 518
147 519
147 582
147 583
147 647
147 649
147 711
147 902
147 903
147 967
147 969
147 974
147 982
147 1097
147 1158
147 1159
147 1166
148 20
148 84
148 212
148 276
148 340
149 21
149 85
149 213
149 277
149 341
149 600
149 884
149 1255
150 22
150 86
150 214
150 278
150 342
151 23
151 87
151 214
151 215
151 279
151 343
151 384
152 24
152 88
152 113
152 216
152 280
152 344
152 537
152 1228
153 25
153 89
153 154
153 217
153 281
153 345
154 26
154 90
154 153
154 218
154 282
154 346
155 27
155 91
155 219
155 283
155 347
155 806
155 1123
156 28
156 92
156 220
156 284
156 348
156 1126
157 29
157 93
157 221
157 285
157 349
158 0
158 9
158 10
158 14
158 15
158 16
158 19
158 30
158 54
158 64
158 78
158 79
158 94
158 128
158 138
158 143
158 144
158 147
158 201
158 222
158 246
158 256
158 266
158 271
158 275
158 286
158 310
158 329
158 334
158 350
158 393
158 458
158 462
158 502
158 518
158 582
158 583
158 647
158 649
158 711
158 841
158 902
158 969
158 970
158 974
158 982
158 1030
158 1097
158 1158
158 1166
158 1222
159 31
159 95
159 223
159 287
159 351
159 673
159 1218
160 32
160 96
160 224
160 288
160 352
160 445
160 766
161 33
161 97
161 225
161 289
161 353
161 610
161 989
162 34
162 98
162 226
162 290
162 354
163 35
163 99
163 227
163 291
163 355
163 1209
164 36
164 100
164 228
164 292
164 356
165 37
165 101
165 229
165 293
165 357
165 532
165 686
165 855
165 1096
166 38
166 102
166 230
166 294
166 358
167 39
167 103
167 231
167 295
167 359
168 29
168 40
168 104
168 232
168 296
168 360
169 41
169 105
169 233
169 297
169 361
170 22
170 42
170 106
170 234
170 298
170 356
170 362
170 1056
171 43
171 107
171 235
171 299
171 323
171 363
172 44
172 108
172 173
172 236
172 300
172 364
172 489
172 494
173 45
173 109
173 172
173 237
173 301
173 365
173 489
173 494
174 46
174 110
174 139
174 238
174 302
174 366
175 47
175 111
175 239
175 303
175 367
175 897
175 1026
175 1061
176 48
176 59
176 112
176 240
176 304
176 368
176 574
176 1125
177 49
177 53
177 113
177 241
177 305
177 369
178 50
178 114
178 242
178 306
178 370
179 51
179 115
179 243
179 307
179 371
179 1133
180 52
180 116
180 122
180 244
180 308
180 372
180 1103
181 53
181 117
181 245
181 309
181 373
181 394
182 54
182 118
182 246
182 310
182 374
183 55
183 119
183 247
183 311
183 375
184 56
184 120
184 194
184 248
184 312
184 376
184 659
184 871
185 57
185 92
185 97
185 121
185 249
185 313
185 377
185 554
185 1093
186 58
186 122
186 250
186 297
186 314
186 378
187 25
187 59
187 123
187 251
187 315
187 379
187 770
187 869
187 936
188 60
188 124
188 252
188 316
188 380
188 435
188 613
188 1075
189 12
189 36
189 61
189 125
189 253
189 317
189 381
189 1160
190 62
190 126
190 197
190 254
190 318
190 382
190 1108
191 63
191 127
191 249
191 255
191 319
191 383
191 412
191 817
192 0
192 64
192 128
192 256
192 320
192 384
192 714
193 1
193 65
193 129
193 257
193 321
193 385
194 2
194 66
194 130
194 184
194 258
194 322
194 386
194 659
194 871
195 3
195 67
195 131
195 259
195 323
195 387
196 4
196 68
196 132
196 260
196 324
196 388
197 5
197 69
197 133
197 190
197 261
197 325
197 389
197 1108
198 6
198 70
198 134
198 262
198 326
198 390
198 454
198 521
198 585
198 646
198 713
198 774
198 838
198 905
198 966
198 1033
198 1094
198 1161
198 1225
199 7
199 9
199 71
199 73
199 78
199 135
199 137
199 138
199 142
199 263
199 265
199 271
199 327
199 329
199 334
199 391
199 455
199 518
199 519
199 775
199 839
199 903
199 967
199 1031
199 1095
200 8
200 72
200 136
200 264
200 328
200 392
200 809
200 1121
201 0
201 9
201 10
201 14
201 15
201 16
201 19
201 54
201 73
201 78
201 79
201 128
201 137
201 138
201 143
201 144
201 147
201 158
201 246
201 256
201 265
201 266
201 271
201 275
201 310
201 327
201 329
201 334
201 393
201 458
201 462
201 502
201 518
201 582
201 583
201 647
201 649
201 711
201 902
201 969
201 970
201 974
201 982
201 1030
201 1097
201 1158
201 1166
202 10
202 74
202 138
202 266
202 330
202 394
203 11
203 75
203 139
203 267
203 331
203 395
203 768
203 848
204 12
204 76
204 140
204 268
204 332
204 396
204 642
205 13
205 77
205 141
205 269
205 333
205 397
206 14
206 78
206 142
206 270
206 334
206 398
207 15
207 79
207 143
207 271
207 335
207 399
208 16
208 80
208 144
208 272
208 336
208 400
208 694
209 17
209 81
209 145
209 273
209 337
209 401
210 18
210 82
210 146
210 274
210 338
210 402
210 1005
211 19
211 83
211 147
211 275
211 339
211 403
211 726
212 20
212 84
212 148
212 276
212 340
212 404
213 21
213 85
213 149
213 277
213 341
213 405
213 1278
214 22
214 86
214 150
214 151
214 278
214 342
214 384
214 406
215 23
215 87
215 151
215 279
215 343
215 407
215 604
215 873
215 887
216 24
216 88
216 152
216 280
216 344
216 408
216 746
216 948
216 1071
216 1201
217 25
217 89
217 153
217 281
217 345
217 409
217 541
217 794
217 1243
218 26
218 90
218 154
218 282
218 283
218 346
218 410
218 737
219 27
219 91
219 155
219 283
219 347
219 411
219 450
219 1153
220 28
220 92
220 156
220 284
220 348
220 402
220 412
221 29
221 93
221 157
221 285
221 349
221 413
221 587
221 1217
222 30
222 94
222 158
222 286
222 350
222 414
223 31
223 95
223 159
223 287
223 351
223 415
223 983
224 32
224 96
224 160
224 288
224 352
224 392
224 416
224 693
225 33
225 97
225 161
225 289
225 353
225 417
225 1122
226 34
226 98
226 162
226 290
226 354
226 418
226 843
227 35
227 99
227 163
227 291
227 355
227 419
228 36
228 100
228 164
228 292
228 356
228 420
229 37
229 101
229 119
229 165
229 293
229 357
229 421
230 38
230 89
230 102
230 166
230 294
230 358
230 360
230 422
230 629
231 35
231 39
231 103
231 167
231 295
231 359
231 423
232 40
232 104
232 168
232 296
232 360
232 424
233 41
233 105
233 169
233 297
233 361
233 425
233 477
234 42
234 106
234 170
234 298
234 362
234 426
234 1027
235 43
235 107
235 115
235 171
235 295
235 299
235 363
235 411
235 427
235 935
236 44
236 108
236 125
236 172
236 300
236 364
236 371
236 428
236 603
236 762
236 819
236 958
236 1087
237 45
237 109
237 173
237 301
237 365
237 429
238 46
238 110
238 174
238 302
238 366
238 430
238 1028
238 1156
239 47
239 111
239 175
239 303
239 367
239 431
239 780
240 48
240 76
240 96
240 112
240 176
240 304
240 368
240 432
241 49
241 113
241 177
241 305
241 369
241 433
241 547
241 702
242 50
242 114
242 178
242 306
242 370
242 434
243 51
243 115
243 179
243 307
243 371
243 435
243 620
243 690
243 947
243 1101
244 52
244 116
244 180
244 308
244 372
244 436
245 53
245 117
245 181
245 309
245 373
245 437
246 0
246 9
246 10
246 14
246 15
246 19
246 54
246 78
246 79
246 118
246 128
246 138
246 143
246 144
246 147
246 158
246 182
246 201
246 256
246 265
246 266
246 271
246 275
246 310
246 327
246 329
246 334
246 374
246 391
246 393
246 438
246 462
246 502
246 518
246 582
246 583
246 647
246 649
246 711
246 902
246 969
246 970
246 974
246 982
246 1030
246 1097
246 1158
246 1166
247 55
247 119
247 183
247 311
247 341
247 344
247 375
247 439
247 456
247 567
247 611
247 808
247 876
248 56
248 120
248 184
248 312
248 345
248 376
248 415
248 440
248 491
248 639
249 57
249 121
249 185
249 191
249 313
249 377
249 412
249 441
249 817
250 58
250 66
250 122
250 186
250 314
250 378
250 442
250 643
250 779
251 59
251 123
251 187
251 315
251 379
251 443
251 756
251 1173
251 1263
252 60
252 124
252 188
252 316
252 380
252 444
252 1117
253 61
253 125
253 189
253 317
253 381
253 445
254 62
254 126
254 190
254 318
254 382
254 446
254 924
255 63
255 127
255 191
255 319
255 383
255 408
255 447
255 755
256 0
256 10
256 14
256 15
256 16
256 19
256 54
256 64
256 79
256 128
256 143
256 144
256 147
256 158
256 192
256 201
256 246
256 266
256 275
256 310
256 320
256 384
256 393
256 448
256 458
256 462
256 502
256 582
256 583
256 630
256 647
256 649
256 710
256 711
256 777
256 841
256 902
256 918
256 969
256 970
256 974
256 982
256 1030
256 1097
256 1222
257 65
257 129
257 193
257 321
257 385
257 449
257 589
258 18
258 66
258 130
258 194
258 322
258 386
258 420
258 450
259 67
259 99
259 131
259 195
259 281
259 312
259 323
259 387
259 451
259 727
260 68
260 132
260 196
260 324
260 388
260 452
261 52
261 69
261 133
261 197
261 325
261 389
261 453
261 907
262 6
262 70
262 134
262 198
262 326
262 390
262 454
262 521
262 585
262 646
262 713
262 774
262 838
262 905
262 966
262 1033
262 1094
262 1161
262 1225
263 7
263 71
263 73
263 135
263 137
263 142
263 199
263 265
263 327
263 334
263 391
263 455
263 519
263 775
263 839
263 903
263 967
263 1031
263 1095
264 72
264 136
264 200
264 328
264 385
264 392
264 456
264 1062
265 0
265 7
265 9
265 14
265 19
265 54
265 71
265 73
265 78
265 128
265 135
265 137
265 138
265 142
265 144
265 147
265 199
265 201
265 246
265 263
265 266
265 271
265 310
265 327
265 329
265 334
265 391
265 393
265 455
265 457
265 462
265 518
265 519
265 583
265 647
265 711
265 775
265 839
265 903
265 967
265 969
265 974
265 982
265 1031
265 1095
265 1097
265 1159
265 1223
266 0
266 9
266 10
266 14
266 15
266 19
266 54
266 71
266 73
266 74
266 78
266 128
266 138
266 142
266 143
266 144
266 147
266 158
266 201
266 202
266 246
266 256
266 265
266 271
266 310
266 327
266 329
266 330
266 334
266 391
266 394
266 458
266 462
266 502
266 518
266 582
266 583
266 647
266 649
266 711
266 902
266 903
266 967
266 969
266 974
266 982
266 1030
266 1095
266 1097
266 1158
266 1159
266 1166
267 75
267 139
267 203
267 331
267 395
267 459
268 76
268 129
268 140
268 204
268 332
268 396
268 403
268 460
269 23
269 77
269 141
269 205
269 333
269 397
269 417
269 461
269 605
270 78
270 142
270 206
270 334
270 398
270 462
271 0
271 7
271 9
271 14
271 15
271 19
271 54
271 71
271 73
271 78
271 79
271 128
271 135
271 137
271 138
271 142
271 143
271 144
271 147
271 158
271 199
271 201
271 207
271 246
271 265
271 266
271 310
271 327
271 329
271 334
271 335
271 391
271 399
271 455
271 462
271 463
271 502
271 518
271 519
271 582
271 583
271 647
271 711
271 775
271 839
271 902
271 903
271 967
271 969
271 974
271 982
271 1030
271 1031
271 1095
271 1097
271 1159
271 1223
272 80
272 144
272 208
272 336
272 400
272 464
273 81
273 145
273 209
273 311
273 337
273 401
273 465
274 82
274 146
274 210
274 338
274 402
274 466
274 641
274 1036
275 10
275 14
275 15
275 16
275 19
275 54
275 64
275 79
275 83
275 128
275 143
275 144
275 147
275 158
275 201
275 211
275 246
275 256
275 339
275 393
275 403
275 458
275 467
275 502
275 582
275 583
275 630
275 649
275 710
275 777
275 841
275 902
275 918
275 969
275 970
275 1030
275 1097
275 1222
276 84
276 148
276 212
276 340
276 404
276 468
277 85
277 149
277 213
277 341
277 405
277 469
277 795
277 1050
278 86
278 150
278 214
278 342
278 406
278 470
279 11
279 87
279 151
279 215
279 343
279 407
279 471
280 88
280 152
280 216
280 344
280 408
280 472
280 480
280 560
280 986
280 1130
281 89
281 99
281 153
281 217
281 259
281 312
281 345
281 409
281 473
281 727
282 90
282 154
282 218
282 346
282 410
282 474
282 821
282 1025
282 1119
282 1197
283 91
283 155
283 218
283 219
283 347
283 411
283 475
283 737
284 24
284 92
284 156
284 220
284 348
284 412
284 476
284 805
284 1163
285 93
285 157
285 221
285 349
285 413
285 468
285 477
285 577
285 814
285 1179
286 94
286 158
286 222
286 350
286 414
286 478
287 95
287 159
287 223
287 351
287 415
287 479
287 561
287 626
287 830
287 1120
288 96
288 160
288 224
288 352
288 416
288 480
289 97
289 161
289 225
289 353
289 417
289 481
290 98
290 162
290 226
290 354
290 418
290 482
291 99
291 163
291 227
291 355
291 419
291 483
292 100
292 164
292 228
292 356
292 420
292 484
292 493
293 65
293 101
293 105
293 165
293 229
293 357
293 421
293 485
294 102
294 166
294 230
294 358
294 398
294 422
294 486
295 103
295 115
295 167
295 231
295 235
295 359
295 411
295 423
295 487
295 935
296 104
296 168
296 232
296 360
296 424
296 488
296 870
296 1262
297 105
297 169
297 186
297 233
297 361
297 425
297 489
298 106
298 170
298 234
298 352
298 362
298 426
298 490
298 556
298 679
298 1165
299 107
299 171
299 235
299 363
299 427
299 491
299 995
300 61
300 108
300 172
300 236
300 364
300 428
300 434
300 492
300 628
300 1275
301 38
301 109
301 173
301 237
301 365
301 429
301 493
302 110
302 174
302 238
302 366
302 430
302 494
302 1171
303 111
303 175
303 239
303 367
303 431
303 495
304 112
304 176
304 240
304 363
304 368
304 432
304 496
304 624
304 1020
305 113
305 177
305 241
305 369
305 421
305 433
305 497
305 965
306 114
306 178
306 242
306 370
306 434
306 498
307 115
307 179
307 243
307 371
307 435
307 499
307 618
307 665
308 116
308 180
308 244
308 372
308 436
308 500
308 1044
308 1128
308 1188
309 117
309 140
309 181
309 245
309 373
309 437
309 501
309 539
309 785
310 0
310 9
310 10
310 14
310 15
310 19
310 54
310 71
310 73
310 78
310 118
310 128
310 138
310 142
310 143
310 144
310 147
310 158
310 182
310 201
310 246
310 256
310 265
310 266
310 271
310 327
310 329
310 334
310 374
310 391
310 438
310 455
310 462
310 502
310 518
310 519
310 582
310 583
310 647
310 711
310 902
310 903
310 967
310 969
310 974
310 982
310 1030
310 1095
310 1097
310 1159
310 1166
311 119
311 183
311 247
311 273
311 375
311 439
311 503
312 99
312 120
312 184
312 248
312 259
312 281
312 376
312 440
312 504
312 727
313 121
313 185
313 249
313 377
313 441
313 505
314 122
314 186
314 250
314 378
314 442
314 506
314 930
314 1221
315 123
315 187
315 251
315 353
315 379
315 443
315 507
315 954
315 1257
316 124
316 188
316 252
316 380
316 444
316 508
316 799
317 125
317 189
317 253
317 381
317 445
317 509
317 689
317 1051
318 126
318 190
318 254
318 382
318 446
318 510
318 695
318 901
319 127
319 191
319 255
319 383
319 447
319 511
320 128
320 192
320 256
320 384
320 448
320 512
321 129
321 193
321 257
321 385
321 449
321 513
321 601
321 717
321 769
322 130
322 194
322 258
322 332
322 386
322 450
322 453
322 514
322 1129
323 131
323 171
323 195
323 259
323 387
323 451
323 515
324 132
324 196
324 260
324 388
324 452
324 516
324 1032
324 1172
325 133
325 197
325 261
325 389
325 453
325 517
326 6
326 70
326 134
326 198
326 262
326 390
326 454
326 518
326 521
326 585
326 646
326 713
326 774
326 838
326 905
326 966
326 1033
326 1094
326 1161
326 1225
327 0
327 7
327 9
327 14
327 54
327 71
327 73
327 78
327 128
327 135
327 137
327 138
327 142
327 144
327 147
327 199
327 201
327 246
327 263
327 265
327 266
327 271
327 310
327 329
327 334
327 391
327 455
327 462
327 518
327 519
327 583
327 647
327 711
327 775
327 839
327 903
327 967
327 969
327 974
327 982
327 1031
327 1095
327 1159
327 1166
327 1223
328 136
328 200
328 264
328 354
328 392
328 456
328 520
328 833
328 899
329 0
329 9
329 14
329 15
329 19
329 54
329 71
329 73
329 78
329 128
329 135
329 137
329 138
329 142
329 143
329 144
329 147
329 158
329 199
329 201
329 246
329 265
329 266
329 271
329 310
329 327
329 334
329 391
329 393
329 455
329 457
329 462
329 502
329 518
329 519
329 521
329 582
329 583
329 647
329 711
329 775
329 839
329 902
329 903
329 967
329 969
329 974
329 982
329 1030
329 1031
329 1095
329 1097
329 1158
329 1159
329 1166
329 1223
330 138
330 202
330 266
330 394
330 458
330 522
331 139
331 203
331 267
331 395
331 459
331 523
332 140
332 204
332 268
332 322
332 396
332 453
332 460
332 524
332 1129
333 141
333 205
333 269
333 386
333 397
333 461
333 525
334 0
334 7
334 9
334 14
334 19
334 54
334 71
334 73
334 78
334 128
334 135
334 137
334 138
334 142
334 143
334 144
334 147
334 158
334 199
334 201
334 206
334 246
334 263
334 265
334 266
334 270
334 271
334 310
334 327
334 329
334 391
334 398
334 455
334 462
334 518
334 519
334 526
334 582
334 583
334 647
334 711
334 775
334 839
334 903
334 967
334 969
334 974
334 982
334 1031
334 1095
334 1097
334 1158
334 1159
334 1166
334 1223
335 143
335 207
335 271
335 399
335 463
335 527
336 144
336 208
336 272
336 400
336 464
336 528
337 145
337 209
337 273
337 401
337 465
337 529
338 68
338 146
338 210
338 274
338 402
338 466
338 530
339 147
339 211
339 275
339 403
339 467
339 531
340 60
340 148
340 212
340 276
340 404
340 468
340 532
341 149
341 213
341 247
341 277
341 344
341 405
341 456
341 469
341 533
341 567
341 611
341 808
341 876
342 150
342 214
342 278
342 406
342 470
342 534
343 151
343 215
343 279
343 407
343 471
343 501
343 535
343 1058
344 152
344 216
344 247
344 280
344 341
344 408
344 456
344 472
344 536
344 567
344 611
344 808
344 876
345 153
345 217
345 248
345 281
345 409
345 415
345 473
345 491
345 537
345 639
346 154
346 218
346 282
346 410
346 474
346 538
346 895
347 155
347 219
347 283
347 411
347 475
347 539
348 156
348 220
348 284
348 412
348 476
348 540
348 987
349 157
349 221
349 285
349 413
349 477
349 508
349 541
349 637
349 674
350 158
350 222
350 286
350 414
350 478
350 542
351 82
351 159
351 223
351 287
351 415
351 479
351 543
352 106
352 160
352 224
352 288
352 298
352 416
352 480
352 544
352 556
352 679
352 1165
353 161
353 225
353 289
353 315
353 417
353 481
353 545
353 954
353 1257
354 162
354 226
354 290
354 328
354 418
354 482
354 546
354 833
354 899
355 48
355 163
355 227
355 291
355 419
355 431
355 483
355 547
355 1052
356 22
356 164
356 170
356 228
356 292
356 420
356 484
356 548
356 1056
357 165
357 229
357 293
357 373
357 421
357 485
357 549
357 994
357 1063
357 1210
358 166
358 230
358 294
358 422
358 486
358 550
359 167
359 231
359 295
359 423
359 487
359 549
359 551
359 834
360 89
360 168
360 230
360 232
360 296
360 424
360 488
360 552
360 629
361 169
361 233
361 297
361 425
361 489
361 553
362 170
362 234
362 298
362 426
362 436
362 490
362 554
362 571
362 1084
362 1214
363 171
363 235
363 299
363 304
363 427
363 491
363 555
363 624
363 1020
364 172
364 236
364 300
364 428
364 492
364 556
364 728
365 173
365 237
365 301
365 429
365 493
365 557
365 576
365 1043
366 3
366 130
366 174
366 238
366 302
366 430
366 494
366 558
367 175
367 239
367 303
367 431
367 495
367 559
368 176
368 240
368 304
368 432
368 496
368 560
368 692
368 1011
368 1012
369 177
369 241
369 305
369 433
369 497
369 561
370 178
370 242
370 306
370 434
370 471
370 492
370 498
370 562
370 810
371 125
371 179
371 236
371 243
371 307
371 435
371 499
371 563
371 603
371 762
371 819
371 958
371 1087
372 180
372 244
372 308
372 436
372 500
372 564
373 181
373 245
373 309
373 357
373 437
373 501
373 565
373 994
373 1063
373 1210
374 182
374 246
374 310
374 438
374 502
374 566
374 975
375 183
375 247
375 311
375 433
375 439
375 503
375 567
375 1015
375 1072
375 1074
375 1183
375 1211
376 184
376 248
376 312
376 440
376 461
376 504
376 568
377 185
377 249
377 313
377 441
377 505
377 569
378 104
378 186
378 250
378 314
378 442
378 506
378 570
378 961
378 1185
379 187
379 251
379 315
379 443
379 507
379 571
380 112
380 188
380 252
380 316
380 409
380 444
380 508
380 572
380 735
380 863
380 1169
381 189
381 253
381 317
381 445
381 509
381 573
381 856
381 860
382 190
382 254
382 318
382 446
382 510
382 574
383 191
383 255
383 319
383 447
383 511
383 575
384 151
384 192
384 214
384 256
384 320
384 448
384 512
384 576
385 193
385 257
385 264
385 321
385 449
385 513
385 577
385 1062
386 194
386 258
386 322
386 333
386 450
386 514
386 578
387 195
387 259
387 323
387 451
387 515
387 579
387 813
388 196
388 260
388 324
388 452
388 486
388 516
388 580
388 595
388 878
388 1155
389 197
389 261
389 325
389 453
389 499
389 517
389 530
389 581
390 6
390 70
390 134
390 198
390 262
390 326
390 454
390 518
390 521
390 582
390 585
390 646
390 713
390 774
390 838
390 905
390 966
390 1033
390 1094
390 1161
390 1225
391 0
391 7
391 9
391 14
391 54
391 71
391 73
391 78
391 128
391 135
391 137
391 138
391 142
391 144
391 147
391 199
391 246
391 263
391 265
391 266
391 271
391 310
391 327
391 329
391 334
391 455
391 462
391 518
391 519
391 583
391 647
391 711
391 775
391 839
391 903
391 967
391 969
391 974
391 982
391 1031
391 1095
391 1159
391 1166
391 1223
392 200
392 224
392 264
392 328
392 456
392 520
392 584
392 693
393 10
393 15
393 16
393 19
393 54
393 64
393 79
393 143
393 144
393 158
393 201
393 246
393 256
393 265
393 275
393 329
393 457
393 458
393 502
393 521
393 582
393 585
393 630
393 649
393 710
393 777
393 841
393 902
393 918
393 969
393 970
393 1030
393 1097
393 1158
393 1166
393 1222
393 1238
394 181
394 202
394 266
394 330
394 458
394 522
394 586
395 203
395 267
395 331
395 459
395 523
395 587
396 204
396 268
396 332
396 460
396 524
396 588
397 205
397 269
397 333
397 461
397 525
397 542
397 589
398 206
398 270
398 294
398 334
398 462
398 526
398 590
399 207
399 271
399 335
399 463
399 527
399 591
400 208
400 272
400 336
400 464
400 528
400 592
401 209
401 273
401 337
401 465
401 529
401 593
402 210
402 220
402 274
402 338
402 466
402 530
402 594
403 129
403 211
403 268
403 275
403 339
403 467
403 531
403 595
404 212
404 276
404 340
404 468
404 532
404 596
404 1154
405 213
405 277
405 341
405 469
405 533
405 555
405 597
405 666
405 1041
406 214
406 278
406 342
406 470
406 534
406 598
407 215
407 279
407 343
407 471
407 535
407 599
408 216
408 255
408 280
408 344
408 472
408 536
408 600
408 755
409 112
409 217
409 281
409 345
409 380
409 473
409 537
409 601
409 735
409 863
409 1169
410 218
410 282
410 346
410 474
410 538
410 602
410 688
410 957
410 1004
411 115
411 219
411 235
411 283
411 295
411 347
411 475
411 539
411 603
411 935
412 191
412 220
412 249
412 284
412 348
412 476
412 540
412 604
412 817
413 114
413 221
413 285
413 349
413 477
413 541
413 605
413 749
414 222
414 286
414 350
414 478
414 542
414 606
415 223
415 248
415 287
415 345
415 351
415 479
415 491
415 543
415 607
415 639
416 224
416 288
416 352
416 480
416 544
416 608
417 23
417 225
417 269
417 289
417 353
417 481
417 545
417 605
417 609
418 226
418 290
418 354
418 482
418 546
418 610
418 632
418 705
418 1261
419 227
419 291
419 355
419 483
419 547
419 611
420 18
420 228
420 258
420 292
420 356
420 484
420 548
420 612
421 229
421 293
421 305
421 357
421 485
421 549
421 613
421 965
422 230
422 294
422 358
422 486
422 550
422 614
422 1007
422 1190
423 87
423 231
423 295
423 359
423 440
423 487
423 551
423 615
423 818
423 928
424 51
424 232
424 296
424 360
424 488
424 552
424 608
424 616
424 1019
424 1271
425 55
425 233
425 297
425 361
425 489
425 553
425 570
425 617
425 849
425 925
425 1082
426 90
426 234
426 298
426 362
426 490
426 554
426 618
426 1059
426 1202
426 1244
427 235
427 299
427 363
427 491
427 555
427 619
428 236
428 300
428 364
428 492
428 556
428 620
428 698
429 237
429 301
429 365
429 493
429 557
429 621
430 238
430 302
430 366
430 494
430 558
430 622
430 1065
431 48
431 239
431 303
431 355
431 367
431 495
431 559
431 623
431 1052
432 240
432 304
432 368
432 496
432 509
432 560
432 624
432 697
432 943
433 241
433 305
433 369
433 375
433 497
433 561
433 625
433 1015
433 1072
433 1074
433 1183
433 1211
434 61
434 242
434 300
434 306
434 370
434 498
434 562
434 626
434 628
434 1275
435 188
435 243
435 307
435 371
435 499
435 563
435 613
435 627
435 1075
436 244
436 308
436 362
436 372
436 500
436 564
436 571
436 628
436 1084
436 1214
437 245
437 309
437 373
437 501
437 565
437 629
438 246
438 310
438 374
438 502
438 527
438 566
438 630
439 247
439 311
439 375
439 503
439 567
439 631
439 945
439 1113
440 87
440 248
440 312
440 376
440 423
440 504
440 568
440 632
440 818
440 928
441 249
441 313
441 377
441 505
441 569
441 633
441 1017
442 94
442 250
442 314
442 378
442 506
442 570
442 634
442 990
442 1235
443 120
443 251
443 315
443 379
443 507
443 571
443 635
443 1086
444 252
444 316
444 380
444 508
444 510
444 572
444 636
445 160
445 253
445 317
445 381
445 509
445 573
445 637
445 766
446 254
446 318
446 382
446 510
446 574
446 638
446 850
447 255
447 319
447 383
447 511
447 575
447 639
447 792
448 256
448 320
448 384
448 512
448 576
448 640
448 1038
449 58
449 257
449 321
449 385
449 513
449 551
449 577
449 641
450 219
450 258
450 322
450 386
450 514
450 578
450 642
450 1153
451 44
451 259
451 323
451 387
451 515
451 579
451 643
451 682
451 1233
452 260
452 324
452 388
452 516
452 580
452 644
453 261
453 322
453 325
453 332
453 389
453 517
453 581
453 645
453 1129
454 6
454 70
454 134
454 198
454 262
454 326
454 390
454 518
454 521
454 582
454 585
454 646
454 713
454 774
454 838
454 905
454 966
454 1033
454 1094
454 1161
454 1225
455 0
455 7
455 9
455 71
455 73
455 78
455 135
455 137
455 138
455 142
455 199
455 263
455 265
455 271
455 310
455 327
455 329
455 334
455 391
455 462
455 518
455 519
455 583
455 647
455 711
455 775
455 839
455 903
455 967
455 1031
455 1095
455 1159
455 1223
456 247
456 264
456 328
456 341
456 344
456 392
456 520
456 567
456 584
456 611
456 648
456 808
456 876
457 16
457 64
457 79
457 265
457 329
457 393
457 458
457 521
457 585
457 630
457 649
457 710
457 777
457 841
457 918
457 1238
458 10
458 15
458 16
458 19
458 64
458 79
458 143
458 158
458 201
458 256
458 266
458 275
458 330
458 393
458 394
458 457
458 502
458 522
458 582
458 586
458 630
458 649
458 650
458 710
458 777
458 841
458 902
458 918
458 970
458 1030
458 1097
458 1158
458 1222
458 1238
459 267
459 331
459 395
459 523
459 587
459 651
460 268
460 332
460 396
460 524
460 588
460 652
461 269
461 333
461 376
461 397
461 525
461 589
461 653
462 0
462 9
462 10
462 14
462 15
462 19
462 54
462 71
462 73
462 78
462 128
462 138
462 142
462 143
462 144
462 147
462 158
462 201
462 246
462 256
462 265
462 266
462 270
462 271
462 310
462 327
462 329
462 334
462 391
462 398
462 455
462 502
462 518
462 519
462 526
462 582
462 583
462 590
462 647
462 654
462 711
462 775
462 839
462 902
462 903
462 967
462 969
462 974
462 982
462 1030
462 1031
462 1095
462 1097
462 1158
462 1159
462 1166
462 1222
462 1223
463 271
463 335
463 399
463 527
463 528
463 591
463 655
464 272
464 336
464 400
464 528
464 592
464 656
464 836
465 273
465 337
465 401
465 529
465 593
465 657
465 1081
465 1145
466 274
466 338
466 402
466 530
466 594
466 658
466 881
467 275
467 339
467 403
467 531
467 595
467 659
468 276
468 285
468 340
468 404
468 532
468 577
468 596
468 660
468 814
468 1179
469 277
469 341
469 405
469 533
469 597
469 661
469 1177
470 278
470 342
470 406
470 534
470 598
470 662
471 279
471 343
471 370
471 407
471 492
471 535
471 599
471 663
471 810
472 280
472 344
472 408
472 536
472 600
472 664
472 938
473 281
473 345
473 409
473 537
473 601
473 665
474 282
474 346
474 410
474 476
474 538
474 602
474 666
475 283
475 347
475 411
475 539
475 603
475 667
476 284
476 348
476 412
476 474
476 540
476 604
476 668
477 233
477 285
477 349
477 413
477 541
477 605
477 669
478 286
478 350
478 414
478 542
478 606
478 670
479 287
479 351
479 415
479 543
479 607
479 671
480 280
480 288
480 352
480 416
480 544
480 560
480 608
480 672
480 986
480 1130
481 289
481 353
481 417
481 545
481 609
481 673
481 890
482 290
482 354
482 418
482 546
482 610
482 674
482 771
482 1141
482 1144
482 1191
483 291
483 355
483 419
483 547
483 611
483 675
484 292
484 356
484 420
484 548
484 612
484 676
485 293
485 357
485 421
485 549
485 613
485 677
486 294
486 358
486 388
486 422
486 550
486 595
486 614
486 678
486 878
486 1155
487 295
487 359
487 423
487 551
487 615
487 679
487 1224
488 63
488 296
488 360
488 424
488 552
488 616
488 680
488 922
488 1273
489 172
489 173
489 297
489 361
489 425
489 494
489 553
489 617
489 681
490 26
490 298
490 362
490 426
490 554
490 618
490 682
490 741
490 1178
491 248
491 299
491 345
491 363
491 415
491 427
491 555
491 619
491 639
491 683
492 300
492 364
492 370
492 428
492 471
492 556
492 620
492 684
492 810
493 292
493 301
493 365
493 429
493 557
493 621
493 685
494 172
494 173
494 302
494 366
494 430
494 489
494 558
494 622
494 686
495 303
495 367
495 431
495 559
495 623
495 653
495 687
495 696
495 984
495 1135
496 304
496 368
496 432
496 505
496 560
496 624
496 672
496 688
496 889
496 1023
496 1106
497 305
497 369
497 433
497 561
497 625
497 689
497 1237
498 306
498 370
498 434
498 562
498 609
498 626
498 690
499 307
499 371
499 389
499 435
499 530
499 563
499 627
499 691
500 308
500 372
500 436
500 564
500 628
500 692
501 309
501 343
501 373
501 437
501 565
501 629
501 693
501 1058
502 0
502 9
502 10
502 14
502 15
502 16
502 19
502 54
502 64
502 78
502 79
502 128
502 138
502 143
502 144
502 147
502 158
502 201
502 246
502 256
502 266
502 271
502 275
502 310
502 329
502 374
502 393
502 438
502 458
502 462
502 518
502 566
502 582
502 583
502 630
502 647
502 649
502 694
502 711
502 841
502 902
502 969
502 970
502 974
502 982
502 1030
502 1097
502 1158
502 1159
502 1166
502 1222
503 62
503 311
503 375
503 439
503 506
503 567
503 631
503 695
503 1111
504 312
504 376
504 440
504 568
504 632
504 696
505 313
505 377
505 441
505 496
505 569
505 633
505 672
505 697
505 889
505 1023
505 1106
506 62
506 314
506 378
506 442
506 503
506 570
506 634
506 698
506 1111
507 315
507 379
507 443
507 511
507 571
507 635
507 699
508 316
508 349
508 380
508 444
508 572
508 636
508 637
508 674
508 700
509 317
509 381
509 432
509 445
509 573
509 637
509 697
509 701
509 943
510 318
510 382
510 444
510 446
510 574
510 638
510 702
511 319
511 383
511 447
511 507
511 575
511 635
511 639
511 703
512 320
512 384
512 448
512 576
512 640
512 704
513 321
513 385
513 449
513 577
513 641
513 705
513 1269
514 322
514 386
514 450
514 578
514 642
514 706
514 824
515 323
515 387
515 451
515 563
515 579
515 643
515 707
515 719
516 324
516 388
516 452
516 580
516 644
516 708
517 101
517 325
517 389
517 453
517 581
517 593
517 645
517 709
518 0
518 7
518 9
518 14
518 15
518 19
518 54
518 71
518 73
518 78
518 128
518 135
518 137
518 138
518 142
518 143
518 144
518 147
518 158
518 199
518 201
518 246
518 265
518 266
518 271
518 310
518 326
518 327
518 329
518 334
518 390
518 391
518 454
518 455
518 462
518 502
518 519
518 582
518 583
518 646
518 647
518 710
518 711
518 775
518 839
518 902
518 903
518 967
518 969
518 974
518 982
518 1030
518 1031
518 1095
518 1097
518 1158
518 1159
518 1166
518 1223
519 0
519 7
519 9
519 71
519 73
519 78
519 135
519 137
519 138
519 142
519 147
519 199
519 263
519 265
519 271
519 310
519 327
519 329
519 334
519 391
519 455
519 462
519 518
519 583
519 647
519 711
519 775
519 839
519 903
519 967
519 1031
519 1095
519 1159
519 1223
520 69
520 328
520 392
520 456
520 584
520 648
520 709
520 712
520 715
520 1249
521 6
521 70
521 134
521 198
521 262
521 326
521 329
521 390
521 393
521 454
521 457
521 585
521 646
521 649
521 713
521 774
521 838
521 905
521 966
521 1033
521 1094
521 1161
521 1225
522 330
522 394
522 458
522 586
522 650
522 714
523 331
523 395
523 459
523 550
523 587
523 651
523 715
524 332
524 396
524 460
524 588
524 652
524 716
524 949
525 86
525 333
525 397
525 461
525 589
525 653
525 717
525 1220
526 32
526 34
526 72
526 334
526 398
526 462
526 590
526 654
526 718
526 750
527 335
527 399
527 438
527 463
527 591
527 655
527 719
528 336
528 400
528 463
528 464
528 592
528 656
528 720
529 337
529 401
529 465
529 593
529 657
529 721
529 1277
530 338
530 389
530 402
530 466
530 499
530 594
530 658
530 722
531 339
531 403
531 467
531 595
531 659
531 723
531 1018
532 165
532 340
532 404
532 468
532 596
532 660
532 686
532 724
532 855
532 1096
533 341
533 405
533 469
533 597
533 661
533 725
534 342
534 406
534 470
534 598
534 662
534 726
535 343
535 407
535 471
535 599
535 663
535 727
536 344
536 408
536 472
536 600
536 664
536 728
536 743
537 113
537 152
537 345
537 409
537 473
537 601
537 665
537 729
537 1228
538 346
538 410
538 474
538 602
538 666
538 730
539 140
539 309
539 347
539 411
539 475
539 603
539 667
539 731
539 785
540 348
540 412
540 476
540 599
540 604
540 660
540 668
540 732
540 1266
541 217
541 349
541 413
541 477
541 605
541 669
541 733
541 794
541 1243
542 350
542 397
542 414
542 478
542 606
542 670
542 734
543 351
543 415
543 479
543 607
543 671
543 735
543 823
543 998
544 352
544 416
544 480
544 608
544 672
544 736
545 353
545 417
545 481
545 609
545 673
545 737
546 131
546 354
546 418
546 482
546 610
546 674
546 738
547 241
547 355
547 419
547 483
547 611
547 675
547 702
547 739
548 356
548 420
548 484
548 612
548 676
548 740
548 1040
549 357
549 359
549 421
549 485
549 613
549 677
549 741
549 834
550 358
550 422
550 486
550 523
550 614
550 678
550 742
551 58
551 359
551 423
551 449
551 487
551 615
551 679
551 743
552 360
552 424
552 488
552 616
552 680
552 744
552 959
552 981
553 361
553 425
553 489
553 617
553 681
553 745
553 1182
554 92
554 97
554 185
554 362
554 426
554 490
554 618
554 682
554 746
554 1093
555 363
555 405
555 427
555 491
555 619
555 666
555 683
555 747
555 1041
556 106
556 298
556 352
556 364
556 428
556 492
556 620
556 679
556 684
556 748
556 1165
557 50
557 365
557 429
557 493
557 621
557 685
557 749
558 366
558 430
558 494
558 622
558 686
558 750
558 926
559 126
559 367
559 431
559 495
559 623
559 687
559 691
559 751
560 280
560 368
560 432
560 480
560 496
560 624
560 688
560 752
560 986
560 1130
561 287
561 369
561 433
561 497
561 625
561 626
561 689
561 753
561 830
561 1120
562 370
562 434
562 498
562 626
562 690
562 754
562 1189
563 371
563 435
563 499
563 515
563 627
563 691
563 719
563 755
564 107
564 127
564 372
564 436
564 500
564 628
564 692
564 701
564 756
565 373
565 437
565 501
565 629
565 693
565 757
566 374
566 438
566 502
566 630
566 694
566 758
567 247
567 341
567 344
567 375
567 439
567 456
567 503
567 611
567 631
567 695
567 759
567 808
567 876
568 95
568 376
568 440
568 504
568 632
568 696
568 760
569 377
569 441
569 505
569 633
569 697
569 761
569 963
569 1127
570 55
570 378
570 425
570 442
570 506
570 634
570 698
570 762
570 849
570 925
570 1082
571 362
571 379
571 436
571 443
571 507
571 635
571 699
571 763
571 1084
571 1214
572 380
572 444
572 508
572 636
572 700
572 764
572 837
572 1157
573 381
573 445
573 509
573 637
573 701
573 765
573 1066
573 1112
574 59
574 176
574 382
574 446
574 510
574 638
574 702
574 766
574 1125
575 33
575 383
575 447
575 511
575 639
575 703
575 767
575 920
576 365
576 384
576 448
576 512
576 640
576 704
576 768
576 1043
577 285
577 385
577 449
577 468
577 513
577 641
577 705
577 769
577 814
577 1179
578 386
578 450
578 514
578 642
578 706
578 770
579 387
579 451
579 515
579 607
579 627
579 643
579 707
579 771
579 816
580 388
580 452
580 516
580 644
580 708
580 772
580 1227
581 8
581 389
581 453
581 517
581 645
581 709
581 721
581 773
581 1203
582 0
582 9
582 10
582 14
582 15
582 16
582 19
582 54
582 64
582 78
582 79
582 128
582 138
582 143
582 144
582 147
582 158
582 201
582 246
582 256
582 266
582 271
582 275
582 310
582 329
582 334
582 390
582 393
582 454
582 458
582 462
582 502
582 518
582 583
582 646
582 647
582 649
582 710
582 711
582 774
582 841
582 902
582 969
582 970
582 974
582 982
582 1030
582 1097
582 1158
582 1159
582 1166
582 1222
583 0
583 9
583 10
583 14
583 15
583 19
583 54
583 71
583 73
583 78
583 128
583 138
583 142
583 143
583 144
583 147
583 158
583 201
583 246
583 256
583 265
583 266
583 271
583 275
583 310
583 327
583 329
583 334
583 391
583 455
583 462
583 502
583 518
583 519
583 582
583 647
583 649
583 711
583 775
583 902
583 903
583 969
583 970
583 974
583 982
583 1030
583 1097
583 1158
583 1159
583 1166
583 1222
583 1223
584 108
584 392
584 456
584 520
584 648
584 712
584 776
584 1077
585 6
585 70
585 134
585 198
585 262
585 326
585 390
585 393
585 454
585 457
585 521
585 646
585 649
585 713
585 774
585 777
585 838
585 905
585 966
585 1033
585 1094
585 1161
585 1225
586 394
586 458
586 522
586 650
586 714
586 778
586 846
587 221
587 395
587 459
587 523
587 651
587 715
587 779
587 1217
588 396
588 460
588 524
588 652
588 716
588 780
589 257
589 397
589 461
589 525
589 653
589 717
589 781
590 398
590 462
590 526
590 654
590 718
590 782
590 960
591 399
591 463
591 527
591 655
591 719
591 783
592 400
592 464
592 528
592 656
592 720
592 784
592 1034
593 101
593 401
593 465
593 517
593 529
593 657
593 721
593 785
594 402
594 466
594 530
594 658
594 722
594 786
595 388
595 403
595 467
595 486
595 531
595 659
595 723
595 787
595 878
595 1155
596 404
596 468
596 532
596 660
596 724
596 788
597 405
597 469
597 533
597 661
597 725
597 789
597 914
598 406
598 470
598 534
598 662
598 726
598 790
599 407
599 471
599 535
599 540
599 660
599 663
599 727
599 732
599 791
599 1266
600 149
600 408
600 472
600 536
600 664
600 728
600 792
600 884
600 1255
601 321
601 409
601 473
601 537
601 665
601 717
601 729
601 769
601 793
602 410
602 474
602 538
602 638
602 666
602 730
602 793
602 794
602 1259
603 125
603 236
603 371
603 411
603 475
603 539
603 667
603 731
603 762
603 795
603 819
603 958
603 1087
604 215
604 412
604 476
604 540
604 668
604 732
604 796
604 873
604 887
605 23
605 269
605 413
605 417
605 477
605 541
605 669
605 733
605 797
606 414
606 478
606 542
606 670
606 734
606 798
607 415
607 479
607 543
607 579
607 627
607 671
607 735
607 799
607 816
608 51
608 416
608 424
608 480
608 544
608 672
608 736
608 800
608 1019
608 1271
609 417
609 481
609 498
609 545
609 673
609 737
609 801
610 161
610 418
610 482
610 546
610 674
610 738
610 802
610 989
611 247
611 341
611 344
611 419
611 456
611 483
611 547
611 567
611 675
611 739
611 803
611 808
611 876
612 420
612 484
612 548
612 676
612 740
612 804
613 188
613 421
613 435
613 485
613 549
613 677
613 741
613 805
613 1075
614 422
614 486
614 550
614 678
614 742
614 806
615 423
615 487
615 551
615 679
615 712
615 743
615 807
615 840
615 1049
616 424
616 488
616 552
616 680
616 744
616 808
617 425
617 489
617 553
617 681
617 745
617 809
618 307
618 426
618 490
618 554
618 665
618 682
618 746
618 810
619 56
619 427
619 491
619 555
619 683
619 747
619 811
619 859
619 875
619 939
619 1008
620 243
620 428
620 492
620 556
620 684
620 690
620 748
620 812
620 947
620 1101
621 111
621 429
621 493
621 557
621 685
621 749
621 813
621 825
621 880
622 5
622 430
622 494
622 558
622 686
622 708
622 750
622 802
622 814
622 973
623 431
623 495
623 559
623 687
623 751
623 815
624 304
624 363
624 432
624 496
624 560
624 688
624 752
624 816
624 1020
625 433
625 497
625 561
625 689
625 753
625 817
625 1213
626 287
626 434
626 498
626 561
626 562
626 690
626 754
626 818
626 830
626 1120
627 435
627 499
627 563
627 579
627 607
627 691
627 755
627 816
627 819
628 61
628 300
628 434
628 436
628 500
628 564
628 692
628 756
628 820
628 1275
629 89
629 230
629 360
629 437
629 501
629 565
629 693
629 757
629 821
630 10
630 16
630 64
630 79
630 256
630 275
630 393
630 438
630 457
630 458
630 502
630 566
630 649
630 694
630 710
630 758
630 777
630 822
630 841
630 902
630 918
630 970
630 1030
630 1222
630 1238
631 439
631 503
631 567
631 695
631 753
631 759
631 823
632 418
632 440
632 504
632 568
632 696
632 705
632 760
632 824
632 1261
633 441
633 505
633 569
633 697
633 761
633 825
633 1132
633 1240
634 442
634 506
634 570
634 698
634 762
634 826
634 1229
635 443
635 507
635 511
635 571
635 699
635 763
635 827
636 444
636 508
636 572
636 700
636 764
636 828
636 1085
636 1105
636 1137
637 349
637 445
637 508
637 509
637 573
637 674
637 701
637 765
637 829
638 446
638 510
638 574
638 602
638 702
638 766
638 793
638 830
638 1259
639 248
639 345
639 415
639 447
639 491
639 511
639 575
639 703
639 767
639 831
640 448
640 512
640 576
640 704
640 768
640 832
641 274
641 449
641 513
641 577
641 705
641 769
641 833
641 1036
642 204
642 450
642 514
642 578
642 706
642 770
642 834
643 66
643 250
643 451
643 515
643 579
643 707
643 771
643 779
643 835
644 452
644 516
644 580
644 708
644 772
644 836
645 453
645 517
645 581
645 709
645 773
645 837
645 885
645 972
646 6
646 70
646 134
646 198
646 262
646 326
646 390
646 454
646 518
646 521
646 582
646 585
646 710
646 713
646 774
646 838
646 905
646 966
646 1033
646 1094
646 1161
646 1225
647 0
647 9
647 10
647 14
647 15
647 19
647 54
647 71
647 73
647 78
647 128
647 138
647 142
647 143
647 144
647 147
647 158
647 201
647 246
647 256
647 265
647 266
647 271
647 310
647 327
647 329
647 334
647 391
647 455
647 462
647 502
647 518
647 519
647 582
647 583
647 711
647 775
647 839
647 902
647 903
647 967
647 969
647 974
647 982
647 1030
647 1095
647 1097
647 1158
647 1159
647 1166
647 1222
647 1223
648 456
648 520
648 584
648 712
648 776
648 840
648 1199
649 10
649 14
649 15
649 16
649 19
649 54
649 64
649 79
649 128
649 143
649 144
649 147
649 158
649 201
649 246
649 256
649 266
649 275
649 393
649 457
649 458
649 502
649 521
649 582
649 583
649 585
649 630
649 710
649 713
649 777
649 841
649 902
649 918
649 969
649 970
649 974
649 982
649 1030
649 1097
649 1158
649 1166
649 1222
649 1238
650 458
650 522
650 586
650 714
650 778
650 842
651 459
651 523
651 587
651 715
651 779
651 843
651 993
651 1099
651 1254
652 30
652 460
652 524
652 588
652 716
652 780
652 844
652 1016
653 461
653 495
653 525
653 589
653 696
653 717
653 781
653 845
653 984
653 1135
654 462
654 526
654 590
654 718
654 782
654 846
655 463
655 527
655 591
655 719
655 783
655 847
656 464
656 528
656 592
656 720
656 784
656 848
657 465
657 529
657 593
657 721
657 785
657 849
657 1003
657 1116
657 1279
658 466
658 530
658 594
658 722
658 747
658 786
658 850
658 861
659 184
659 194
659 467
659 531
659 595
659 723
659 787
659 851
659 871
660 468
660 532
660 540
660 596
660 599
660 724
660 732
660 788
660 852
660 1266
661 85
661 469
661 533
661 597
661 725
661 789
661 853
662 470
662 534
662 598
662 726
662 790
662 854
663 471
663 535
663 599
663 727
663 791
663 855
663 1013
664 43
664 47
664 472
664 536
664 600
664 728
664 792
664 856
665 307
665 473
665 537
665 601
665 618
665 729
665 793
665 857
666 405
666 474
666 538
666 555
666 602
666 730
666 794
666 858
666 1041
667 475
667 539
667 603
667 731
667 795
667 859
667 1212
668 476
668 540
668 604
668 732
668 796
668 860
669 477
669 541
669 605
669 733
669 797
669 861
670 478
670 542
670 606
670 734
670 798
670 862
671 479
671 543
671 607
671 735
671 799
671 863
672 480
672 496
672 505
672 544
672 608
672 736
672 800
672 864
672 889
672 1023
672 1106
673 159
673 481
673 545
673 609
673 737
673 801
673 865
673 1218
674 349
674 482
674 508
674 546
674 610
674 637
674 738
674 802
674 866
675 483
675 547
675 611
675 739
675 803
675 867
675 1256
676 484
676 548
676 612
676 740
676 804
676 868
677 485
677 549
677 613
677 700
677 736
677 741
677 805
677 869
677 1021
678 486
678 550
678 614
678 742
678 806
678 870
679 106
679 298
679 352
679 487
679 551
679 556
679 615
679 743
679 807
679 871
679 1165
680 488
680 552
680 616
680 744
680 807
680 808
680 872
681 67
681 489
681 553
681 617
681 734
681 745
681 809
681 873
681 946
682 44
682 451
682 490
682 554
682 618
682 746
682 810
682 874
682 1233
683 491
683 555
683 619
683 747
683 811
683 875
684 492
684 556
684 620
684 748
684 812
684 857
684 876
685 493
685 557
685 621
685 749
685 813
685 877
686 165
686 494
686 532
686 558
686 622
686 750
686 814
686 855
686 878
686 1096
687 495
687 559
687 623
687 722
687 751
687 815
687 879
687 893
688 410
688 496
688 560
688 624
688 752
688 816
688 880
688 957
688 1004
689 317
689 497
689 561
689 625
689 753
689 817
689 881
689 1051
690 243
690 498
690 562
690 620
690 626
690 754
690 818
690 882
690 947
690 1101
691 126
691 499
691 559
691 563
691 627
691 755
691 819
691 883
692 368
692 500
692 564
692 628
692 756
692 820
692 884
692 1011
692 1012
693 224
693 392
693 501
693 565
693 629
693 757
693 821
693 885
694 208
694 502
694 566
694 630
694 758
694 822
694 886
695 318
695 503
695 567
695 631
695 759
695 823
695 887
695 901
696 495
696 504
696 568
696 632
696 653
696 760
696 824
696 888
696 984
696 1135
697 432
697 505
697 509
697 569
697 633
697 761
697 825
697 889
697 943
698 428
698 506
698 570
698 634
698 762
698 826
698 890
699 507
699 571
699 635
699 763
699 827
699 891
699 1248
700 508
700 572
700 636
700 677
700 736
700 764
700 828
700 892
700 1021
701 107
701 127
701 509
701 564
701 573
701 637
701 765
701 829
701 893
702 241
702 510
702 547
702 574
702 638
702 766
702 830
702 894
703 511
703 575
703 639
703 767
703 831
703 895
704 512
704 576
704 640
704 768
704 832
704 896
704 1226
705 418
705 513
705 577
705 632
705 641
705 769
705 833
705 897
705 1261
706 117
706 514
706 578
706 642
706 770
706 834
706 898
706 977
706 1091
707 124
707 515
707 579
707 643
707 771
707 835
707 899
708 5
708 516
708 580
708 622
708 644
708 772
708 802
708 836
708 900
708 973
709 69
709 517
709 520
709 581
709 645
709 715
709 773
709 837
709 901
709 1249
710 10
710 16
710 64
710 79
710 256
710 275
710 393
710 457
710 458
710 518
710 582
710 630
710 646
710 649
710 774
710 777
710 838
710 841
710 902
710 918
710 970
710 1222
710 1238
711 0
711 9
711 10
711 14
711 15
711 19
711 54
711 71
711 73
711 78
711 128
711 138
711 142
711 143
711 144
711 147
711 158
711 201
711 246
711 256
711 265
711 266
711 271
711 310
711 327
711 329
711 334
711 391
711 455
711 462
711 502
711 518
711 519
711 582
711 583
711 647
711 775
711 839
711 902
711 903
711 967
711 969
711 974
711 982
711 1030
711 1031
711 1095
711 1097
711 1158
711 1159
711 1166
711 1222
711 1223
712 520
712 584
712 615
712 648
712 776
712 840
712 904
712 1049
713 6
713 70
713 134
713 198
713 262
713 326
713 390
713 454
713 521
713 585
713 646
713 649
713 774
713 777
713 838
713 841
713 905
713 966
713 1033
713 1094
713 1161
713 1225
714 192
714 522
714 586
714 650
714 778
714 842
714 906
715 69
715 520
715 523
715 587
715 651
715 709
715 779
715 843
715 907
715 1249
716 524
716 588
716 652
716 780
716 844
716 908
717 321
717 525
717 589
717 601
717 653
717 769
717 781
717 845
717 909
718 526
718 590
718 654
718 782
718 846
718 910
719 515
719 527
719 563
719 591
719 655
719 783
719 847
719 911
720 528
720 592
720 656
720 784
720 848
720 912
721 8
721 529
721 581
721 593
721 657
721 785
721 849
721 913
721 1203
722 530
722 594
722 658
722 687
722 786
722 850
722 893
722 914
723 531
723 595
723 659
723 787
723 851
723 915
724 532
724 596
724 660
724 788
724 820
724 852
724 916
725 533
725 597
725 661
725 789
725 853
725 917
725 1150
726 211
726 534
726 598
726 662
726 790
726 854
726 918
727 99
727 259
727 281
727 312
727 535
727 599
727 663
727 791
727 855
727 919
728 364
728 536
728 600
728 664
728 792
728 856
728 920
729 537
729 601
729 665
729 793
729 857
729 921
730 538
730 602
730 666
730 794
730 858
730 922
731 539
731 603
731 667
731 795
731 859
732 540
732 599
732 604
732 660
732 668
732 796
732 860
732 924
732 1266
733 541
733 605
733 669
733 797
733 861
733 925
734 67
734 542
734 606
734 670
734 681
734 798
734 862
734 926
734 946
735 112
735 380
735 409
735 543
735 607
735 671
735 799
735 863
735 927
735 1169
736 544
736 608
736 672
736 677
736 700
736 800
736 864
736 928
736 1021
737 218
737 283
737 545
737 609
737 673
737 801
737 865
737 929
738 546
738 610
738 674
738 748
738 751
738 802
738 831
738 866
738 930
739 547
739 611
739 675
739 803
739 867
740 548
740 612
740 676
740 804
740 868
740 932
741 26
741 490
741 549
741 613
741 677
741 805
741 869
741 933
741 1178
742 550
742 614
742 678
742 806
742 870
742 934
743 536
743 551
743 615
743 679
743 807
743 871
743 935
744 552
744 616
744 680
744 757
744 808
744 872
744 936
744 1258
745 553
745 617
745 681
745 809
745 845
745 873
745 937
745 962
745 1186
746 216
746 554
746 618
746 682
746 810
746 874
746 938
746 948
746 1071
746 1201
747 555
747 619
747 658
747 683
747 811
747 861
747 875
747 939
748 556
748 620
748 684
748 738
748 751
748 812
748 831
748 876
748 940
749 114
749 413
749 557
749 621
749 685
749 813
749 877
749 941
750 32
750 34
750 72
750 526
750 558
750 622
750 686
750 814
750 878
750 942
751 559
751 623
751 687
751 738
751 748
751 815
751 831
751 879
751 943
752 560
752 624
752 688
752 816
752 880
752 944
753 561
753 625
753 631
753 689
753 817
753 881
753 945
754 562
754 626
754 690
754 818
754 882
754 946
754 1246
755 255
755 408
755 563
755 627
755 691
755 819
755 883
755 947
756 251
756 564
756 628
756 692
756 820
756 884
756 948
756 1173
756 1263
757 565
757 629
757 693
757 744
757 821
757 885
757 949
757 1258
758 566
758 630
758 694
758 822
758 886
758 950
759 567
759 631
759 695
759 823
759 887
759 951
759 1267
760 568
760 632
760 696
760 824
760 888
760 952
760 978
760 1247
761 569
761 633
761 697
761 825
761 889
761 953
761 1109
762 125
762 236
762 371
762 570
762 603
762 634
762 698
762 819
762 826
762 890
762 954
762 958
762 1087
763 571
763 635
763 699
763 827
763 891
763 955
764 572
764 636
764 700
764 828
764 892
764 956
764 1067
764 1138
765 573
765 637
765 701
765 829
765 893
765 957
765 1170
766 160
766 445
766 574
766 638
766 702
766 830
766 894
766 958
767 575
767 639
767 703
767 831
767 895
767 959
768 203
768 576
768 640
768 704
768 832
768 848
768 896
768 960
769 321
769 577
769 601
769 641
769 705
769 717
769 833
769 897
769 961
770 25
770 187
770 578
770 642
770 706
770 834
770 869
770 898
770 936
770 962
771 482
771 579
771 643
771 707
771 835
771 899
771 963
771 1141
771 1144
771 1191
772 580
772 644
772 708
772 836
772 900
772 964
773 581
773 645
773 709
773 791
773 837
773 901
773 965
774 6
774 70
774 134
774 198
774 262
774 326
774 390
774 454
774 521
774 582
774 585
774 646
774 710
774 713
774 838
774 902
774 905
774 966
774 1033
774 1094
774 1161
774 1225
775 7
775 9
775 71
775 73
775 78
775 135
775 137
775 138
775 142
775 199
775 263
775 265
775 271
775 327
775 329
775 334
775 391
775 455
775 462
775 518
775 519
775 583
775 647
775 711
775 839
775 903
775 967
775 1031
775 1095
775 1159
775 1223
776 584
776 648
776 712
776 840
776 882
776 904
776 968
776 1208
777 10
777 16
777 64
777 79
777 256
777 275
777 393
777 457
777 458
777 585
777 630
777 649
777 710
777 713
777 841
777 905
777 918
777 969
777 970
777 1222
777 1238
778 586
778 650
778 714
778 842
778 906
778 970
779 66
779 250
779 587
779 643
779 651
779 715
779 843
779 907
779 971
780 239
780 588
780 652
780 716
780 844
780 908
780 972
781 589
781 653
781 717
781 788
781 845
781 909
781 973
781 1110
782 118
782 590
782 654
782 718
782 846
782 910
782 974
783 591
783 655
783 719
783 847
783 911
783 975
784 592
784 656
784 720
784 848
784 912
784 976
784 1216
785 140
785 309
785 539
785 593
785 657
785 721
785 849
785 913
785 977
786 594
786 658
786 722
786 850
786 914
786 978
787 595
787 659
787 723
787 851
787 915
787 979
788 596
788 660
788 724
788 781
788 852
788 916
788 980
788 1110
789 597
789 661
789 725
789 853
789 917
789 981
790 598
790 662
790 726
790 854
790 918
790 982
791 599
791 663
791 727
791 773
791 855
791 919
791 983
792 447
792 600
792 664
792 728
792 856
792 920
792 984
793 601
793 602
793 638
793 665
793 729
793 857
793 921
793 985
793 1259
794 217
794 541
794 602
794 666
794 730
794 858
794 922
794 986
794 1243
795 277
795 603
795 667
795 731
795 859
795 923
795 987
795 1050
796 28
796 604
796 668
796 732
796 860
796 865
796 924
796 929
796 988
797 605
797 669
797 733
797 861
797 925
797 989
798 606
798 670
798 734
798 862
798 926
798 990
799 316
799 607
799 671
799 735
799 863
799 927
799 991
800 608
800 672
800 736
800 864
800 928
800 992
801 609
801 673
801 737
801 865
801 929
801 993
801 1000
801 1057
801 1250
802 5
802 610
802 622
802 674
802 708
802 738
802 866
802 930
802 973
802 994
803 611
803 675
803 739
803 867
803 995
804 612
804 676
804 740
804 868
804 932
804 996
805 24
805 284
805 613
805 677
805 741
805 869
805 933
805 997
805 1163
806 155
806 614
806 678
806 742
806 870
806 934
806 998
806 1123
807 615
807 679
807 680
807 743
807 871
807 935
807 999
808 247
808 341
808 344
808 456
808 567
808 611
808 616
808 680
808 744
808 872
808 876
808 936
808 1000
809 200
809 617
809 681
809 745
809 873
809 937
809 1001
809 1121
810 370
810 471
810 492
810 618
810 682
810 746
810 874
810 938
810 1002
811 619
811 683
811 747
811 875
811 939
811 1003
811 1176
812 620
812 684
812 748
812 876
812 940
812 1004
813 387
813 621
813 685
813 749
813 877
813 941
813 1005
814 285
814 468
814 577
814 622
814 686
814 750
814 878
814 942
814 1006
814 1179
815 623
815 687
815 751
815 879
815 940
815 943
815 955
815 1007
816 579
816 607
816 624
816 627
816 688
816 752
816 880
816 944
816 1008
817 191
817 249
817 412
817 625
817 689
817 753
817 881
817 945
817 1009
818 87
818 423
818 440
818 626
818 690
818 754
818 882
818 928
818 946
818 1010
819 125
819 236
819 371
819 603
819 627
819 691
819 755
819 762
819 883
819 947
819 958
819 1011
819 1087
820 628
820 692
820 724
820 756
820 884
820 948
820 1012
821 282
821 629
821 693
821 757
821 885
821 949
821 1013
821 1025
821 1119
821 1197
822 630
822 694
822 758
822 886
822 950
822 1014
822 1231
823 543
823 631
823 695
823 759
823 887
823 951
823 998
823 1015
824 514
824 632
824 696
824 760
824 888
824 952
824 1016
825 111
825 621
825 633
825 697
825 761
825 880
825 889
825 953
825 1017
826 634
826 698
826 762
826 890
826 954
826 1018
826 1184
827 635
827 699
827 763
827 891
827 955
827 1019
828 37
828 636
828 700
828 764
828 892
828 921
828 927
828 956
828 1020
829 637
829 701
829 765
829 844
829 893
829 957
829 1021
830 287
830 561
830 626
830 638
830 702
830 766
830 894
830 958
830 1022
830 1120
831 639
831 703
831 738
831 748
831 751
831 767
831 895
831 959
831 1023
832 640
832 704
832 768
832 896
832 960
832 1024
833 328
833 354
833 641
833 705
833 769
833 897
833 899
833 961
833 1025
834 359
834 549
834 642
834 706
834 770
834 898
834 962
834 1026
835 643
835 707
835 771
835 867
835 899
835 963
835 1027
836 464
836 644
836 708
836 772
836 900
836 964
836 1028
837 572
837 645
837 709
837 773
837 901
837 965
837 1029
837 1157
838 6
838 70
838 134
838 198
838 262
838 326
838 390
838 454
838 521
838 585
838 646
838 710
838 713
838 774
838 902
838 905
838 966
838 1030
838 1033
838 1094
838 1161
838 1225
839 7
839 9
839 71
839 73
839 78
839 135
839 137
839 138
839 142
839 199
839 263
839 265
839 271
839 327
839 329
839 334
839 391
839 455
839 462
839 518
839 519
839 647
839 711
839 775
839 903
839 967
839 1031
839 1095
839 1159
839 1223
840 615
840 648
840 712
840 776
840 904
840 968
840 1032
840 1049
841 10
841 15
841 16
841 64
841 79
841 143
841 158
841 256
841 275
841 393
841 457
841 458
841 502
841 582
841 630
841 649
841 710
841 713
841 777
841 902
841 905
841 918
841 969
841 970
841 1030
841 1033
841 1222
841 1238
842 650
842 714
842 778
842 851
842 906
842 970
842 1034
842 1118
843 226
843 651
843 715
843 779
843 907
843 971
843 1035
844 652
844 716
844 780
844 829
844 908
844 972
844 1036
845 653
845 717
845 745
845 781
845 909
845 962
845 973
845 1037
845 1186
846 586
846 654
846 718
846 782
846 910
846 974
846 1038
847 655
847 719
847 783
847 911
847 975
847 1039
848 203
848 656
848 720
848 768
848 784
848 912
848 976
848 1040
849 55
849 425
849 570
849 657
849 721
849 785
849 913
849 925
849 977
849 1041
849 1082
850 446
850 658
850 722
850 786
850 914
850 978
850 1042
851 659
851 723
851 787
851 842
851 915
851 979
851 1043
851 1118
852 146
852 660
852 724
852 788
852 916
852 980
852 1044
852 1205
853 661
853 725
853 789
853 917
853 981
853 1045
854 662
854 726
854 790
854 918
854 982
854 1046
855 165
855 532
855 663
855 686
855 727
855 791
855 919
855 983
855 1047
855 1096
856 381
856 664
856 728
856 792
856 860
856 920
856 984
856 1048
857 665
857 684
857 729
857 793
857 921
857 985
857 1049
858 666
858 730
858 794
858 922
858 986
858 1050
859 56
859 619
859 667
859 731
859 795
859 875
859 923
859 939
859 987
859 1008
859 1051
860 381
860 668
860 732
860 796
860 856
860 924
860 988
860 1052
861 658
861 669
861 733
861 747
861 797
861 925
861 989
861 1053
862 670
862 734
862 798
862 926
862 990
862 1054
863 112
863 380
863 409
863 671
863 735
863 799
863 927
863 991
863 1055
863 1169
864 672
864 736
864 800
864 928
864 992
864 1056
865 28
865 673
865 737
865 796
865 801
865 929
865 993
865 1057
866 674
866 738
866 802
866 930
866 933
866 994
866 1058
867 675
867 739
867 803
867 835
867 931
867 995
867 1059
868 676
868 740
868 804
868 932
868 996
868 1060
869 25
869 187
869 677
869 741
869 770
869 805
869 933
869 936
869 997
869 1061
870 296
870 678
870 742
870 806
870 934
870 998
870 1062
870 1262
871 184
871 194
871 659
871 679
871 743
871 807
871 935
871 999
871 1063
872 680
872 744
872 808
872 936
872 997
872 1000
872 1064
873 215
873 604
873 681
873 745
873 809
873 887
873 937
873 1001
873 1065
874 682
874 746
874 810
874 938
874 1002
874 1022
874 1066
874 1245
875 56
875 619
875 683
875 747
875 811
875 859
875 939
875 1003
875 1008
875 1067
876 247
876 341
876 344
876 456
876 567
876 611
876 684
876 748
876 808
876 812
876 940
876 1004
876 1068
877 685
877 749
877 813
877 941
877 1005
877 1069
878 388
878 486
878 595
878 686
878 750
878 814
878 942
878 1006
878 1070
878 1155
879 687
879 751
879 815
879 943
879 1007
879 1071
880 111
880 621
880 688
880 752
880 816
880 825
880 944
880 1008
880 1072
881 466
881 689
881 753
881 817
881 945
881 1009
881 1073
882 690
882 754
882 776
882 818
882 946
882 1010
882 1074
882 1208
883 691
883 755
883 819
883 947
883 1011
883 1075
884 149
884 600
884 692
884 756
884 820
884 948
884 1012
884 1076
884 1255
885 645
885 693
885 757
885 821
885 949
885 972
885 1013
885 1077
886 694
886 758
886 822
886 896
886 950
886 1014
886 1078
887 215
887 604
887 695
887 759
887 823
887 873
887 951
887 1015
887 1079
888 696
888 760
888 824
888 952
888 1016
888 1080
888 1151
888 1272
888 1276
889 496
889 505
889 672
889 697
889 761
889 825
889 953
889 1017
889 1023
889 1081
889 1106
890 481
890 698
890 762
890 826
890 954
890 1018
890 1082
891 699
891 763
891 827
891 955
891 1019
891 1068
891 1083
892 700
892 764
892 828
892 956
892 1020
892 1084
893 687
893 701
893 722
893 765
893 829
893 957
893 1021
893 1085
894 702
894 766
894 830
894 958
894 1022
894 1086
895 346
895 703
895 767
895 831
895 959
895 1023
895 1087
896 704
896 768
896 832
896 886
896 960
896 1024
896 1088
897 175
897 705
897 769
897 833
897 961
897 1025
897 1026
897 1061
897 1089
898 706
898 770
898 834
898 962
898 1026
898 1090
899 328
899 354
899 707
899 771
899 833
899 835
899 963
899 1027
899 1091
900 708
900 772
900 836
900 964
900 1028
900 1092
901 318
901 695
901 709
901 773
901 837
901 965
901 1029
901 1093
902 10
902 15
902 19
902 54
902 64
902 78
902 79
902 128
902 138
902 143
902 144
902 147
902 158
902 201
902 246
902 256
902 266
902 271
902 275
902 310
902 329
902 393
902 458
902 462
902 502
902 518
902 582
902 583
902 630
902 647
902 649
902 710
902 711
902 774
902 838
902 841
902 966
902 969
902 970
902 974
902 982
902 1030
902 1094
902 1097
902 1158
902 1159
902 1166
902 1222
902 1238
903 71
903 73
903 78
903 128
903 135
903 137
903 138
903 142
903 147
903 199
903 263
903 265
903 266
903 271
903 310
903 327
903 329
903 334
903 391
903 455
903 462
903 518
903 519
903 583
903 647
903 711
903 775
903 839
903 967
903 969
903 974
903 982
903 1031
903 1095
903 1159
903 1166
903 1223
904 712
904 776
904 840
904 968
904 1032
904 1079
904 1096
905 6
905 70
905 134
905 198
905 262
905 326
905 390
905 454
905 521
905 585
905 646
905 713
905 774
905 777
905 838
905 841
905 966
905 969
905 1033
905 1094
905 1097
905 1161
905 1225
906 27
906 714
906 778
906 842
906 970
906 1034
906 1098
907 52
907 261
907 715
907 779
907 843
907 971
907 1035
907 1099
908 716
908 780
908 844
908 972
908 1036
908 1100
909 717
909 781
909 845
909 973
909 1037
909 1101
910 718
910 782
910 846
910 974
910 1038
910 1102
911 719
911 783
911 847
911 975
911 1039
911 1103
912 720
912 784
912 848
912 976
912 1040
912 1104
913 721
913 785
913 849
913 977
913 1041
913 1105
914 597
914 722
914 786
914 850
914 978
914 1042
914 1106
915 723
915 787
915 851
915 979
915 1043
915 1107
916 1
916 724
916 788
916 852
916 980
916 1044
916 1108
917 57
917 725
917 789
917 853
917 981
917 1045
917 1109
918 16
918 64
918 79
918 256
918 275
918 393
918 457
918 458
918 630
918 649
918 710
918 726
918 777
918 790
918 841
918 854
918 970
918 982
918 1046
918 1110
918 1222
918 1238
919 727
919 791
919 855
919 983
919 1047
919 1111
920 33
920 575
920 728
920 792
920 856
920 984
920 1048
920 1112
921 37
921 729
921 793
921 828
921 857
921 927
921 985
921 1049
921 1113
922 63
922 488
922 730
922 794
922 858
922 986
922 1050
922 1114
922 1273
923 795
923 859
923 987
923 1051
923 1115
924 254
924 732
924 796
924 860
924 988
924 1052
924 1116
925 55
925 425
925 570
925 733
925 797
925 849
925 861
925 989
925 1053
925 1082
925 1117
926 558
926 734
926 798
926 862
926 990
926 1054
926 1118
927 37
927 735
927 799
927 828
927 863
927 921
927 991
927 1055
927 1119
928 87
928 423
928 440
928 736
928 800
928 818
928 864
928 992
928 1056
928 1120
929 28
929 737
929 796
929 801
929 865
929 993
929 1057
929 1121
930 314
930 738
930 802
930 866
930 994
930 1058
930 1122
930 1221
931 867
931 995
931 1059
931 1123
932 740
932 804
932 868
932 996
932 1060
932 1124
933 741
933 805
933 866
933 869
933 997
933 1061
933 1125
934 742
934 806
934 870
934 998
934 1062
934 1126
935 115
935 235
935 295
935 411
935 743
935 807
935 871
935 999
935 1063
935 1127
936 25
936 187
936 744
936 770
936 808
936 869
936 872
936 1000
936 1064
936 1128
937 745
937 809
937 873
937 1001
937 1065
937 1080
937 1129
938 472
938 746
938 810
938 874
938 1002
938 1066
938 1130
939 56
939 619
939 747
939 811
939 859
939 875
939 1003
939 1008
939 1067
939 1131
940 748
940 812
940 815
940 876
940 955
940 1004
940 1068
940 1132
941 749
941 813
941 877
941 1005
941 1069
941 1133
941 1239
942 145
942 750
942 814
942 878
942 1006
942 1070
942 1134
943 432
943 509
943 697
943 751
943 815
943 879
943 1007
943 1071
943 1135
944 752
944 816
944 880
944 1008
944 1072
944 1136
945 439
945 753
945 817
945 881
945 1009
945 1073
945 1113
945 1137
946 67
946 681
946 734
946 754
946 818
946 882
946 1010
946 1074
946 1138
947 243
947 620
947 690
947 755
947 819
947 883
947 1011
947 1075
947 1101
947 1139
948 216
948 746
948 756
948 820
948 884
948 1012
948 1071
948 1076
948 1140
948 1201
949 524
949 757
949 821
949 885
949 1013
949 1077
949 1141
950 758
950 822
950 886
950 1014
950 1078
950 1142
951 759
951 823
951 887
951 1015
951 1079
951 1143
952 760
952 824
952 888
952 1016
952 1080
952 1144
953 761
953 825
953 889
953 1017
953 1081
953 1145
954 315
954 353
954 762
954 826
954 890
954 1018
954 1082
954 1146
954 1257
955 763
955 815
955 827
955 891
955 940
955 1019
955 1083
955 1147
956 764
956 828
956 892
956 1020
956 1084
956 1148
956 1149
957 410
957 688
957 765
957 829
957 893
957 1004
957 1021
957 1085
957 1149
958 125
958 236
958 371
958 603
958 762
958 766
958 819
958 830
958 894
958 1022
958 1086
958 1087
958 1150
959 552
959 767
959 831
959 895
959 981
959 1023
959 1087
959 1151
960 590
960 768
960 832
960 896
960 1024
960 1088
960 1152
961 104
961 378
961 769
961 833
961 897
961 1025
961 1089
961 1153
961 1185
962 745
962 770
962 834
962 845
962 898
962 1026
962 1090
962 1154
962 1186
963 569
963 771
963 835
963 899
963 1027
963 1091
963 1127
963 1155
964 772
964 836
964 900
964 1028
964 1092
964 1156
965 305
965 421
965 773
965 837
965 901
965 1029
965 1093
965 1157
966 6
966 70
966 134
966 198
966 262
966 326
966 390
966 454
966 521
966 585
966 646
966 713
966 774
966 838
966 902
966 905
966 1030
966 1033
966 1094
966 1158
966 1161
966 1225
967 71
967 73
967 135
967 137
967 138
967 142
967 147
967 199
967 263
967 265
967 266
967 271
967 310
967 327
967 329
967 334
967 391
967 455
967 462
967 518
967 519
967 647
967 711
967 775
967 839
967 903
967 974
967 1031
967 1095
967 1159
967 1223
968 88
968 776
968 840
968 904
968 1032
968 1096
968 1160
969 0
969 14
969 15
969 19
969 54
969 128
969 138
969 143
969 144
969 147
969 158
969 201
969 246
969 256
969 265
969 266
969 271
969 275
969 310
969 327
969 329
969 334
969 391
969 393
969 462
969 502
969 518
969 582
969 583
969 647
969 649
969 711
969 777
969 841
969 902
969 903
969 905
969 970
969 974
969 982
969 1030
969 1033
969 1097
969 1158
969 1159
969 1161
969 1166
969 1222
969 1223
970 10
970 16
970 64
970 79
970 128
970 143
970 144
970 158
970 201
970 246
970 256
970 275
970 393
970 458
970 502
970 582
970 583
970 630
970 649
970 710
970 777
970 778
970 841
970 842
970 902
970 906
970 918
970 969
970 982
970 1030
970 1034
970 1097
970 1098
970 1158
970 1162
970 1166
970 1222
970 1238
971 779
971 843
971 907
971 1035
971 1099
971 1163
972 645
972 780
972 844
972 885
972 908
972 1036
972 1100
972 1164
973 5
973 622
973 708
973 781
973 802
973 845
973 909
973 1037
973 1101
973 1165
974 0
974 9
974 14
974 19
974 54
974 128
974 138
974 142
974 143
974 144
974 147
974 158
974 201
974 246
974 256
974 265
974 266
974 271
974 310
974 327
974 329
974 334
974 391
974 462
974 502
974 518
974 582
974 583
974 647
974 649
974 711
974 782
974 846
974 902
974 903
974 910
974 967
974 969
974 982
974 1030
974 1038
974 1095
974 1097
974 1102
974 1158
974 1159
974 1166
974 1222
974 1223
975 374
975 783
975 847
975 911
975 1039
975 1103
975 1167
976 784
976 848
976 912
976 1040
976 1104
976 1168
977 117
977 706
977 785
977 849
977 913
977 1041
977 1091
977 1105
977 1169
978 760
978 786
978 850
978 914
978 1042
978 1106
978 1170
978 1247
979 787
979 851
979 915
979 1043
979 1107
979 1171
980 788
980 852
980 916
980 1044
980 1108
980 1172
980 1198
981 552
981 789
981 853
981 917
981 959
981 1045
981 1109
981 1173
982 0
982 9
982 14
982 19
982 54
982 128
982 138
982 142
982 143
982 144
982 147
982 158
982 201
982 246
982 256
982 265
982 266
982 271
982 310
982 327
982 329
982 334
982 391
982 462
982 502
982 518
982 582
982 583
982 647
982 649
982 711
982 790
982 854
982 902
982 903
982 918
982 969
982 970
982 974
982 1030
982 1046
982 1097
982 1110
982 1158
982 1159
982 1166
982 1174
982 1222
982 1223
983 223
983 791
983 855
983 919
983 1047
983 1111
983 1175
984 495
984 653
984 696
984 792
984 856
984 920
984 1048
984 1112
984 1135
984 1176
985 793
985 857
985 921
985 1049
985 1113
985 1177
986 280
986 480
986 560
986 794
986 858
986 922
986 1050
986 1114
986 1130
986 1178
987 348
987 795
987 859
987 923
987 1051
987 1115
987 1179
988 796
988 860
988 924
988 1052
988 1116
988 1180
989 161
989 610
989 797
989 861
989 925
989 1053
989 1117
989 1181
990 94
990 442
990 798
990 862
990 926
990 1054
990 1118
990 1182
990 1235
991 799
991 863
991 927
991 1042
991 1055
991 1090
991 1119
991 1183
992 800
992 864
992 928
992 1056
992 1120
992 1184
992 1204
992 1268
993 651
993 801
993 865
993 929
993 1057
993 1099
993 1121
993 1185
993 1254
994 357
994 373
994 802
994 866
994 930
994 1058
994 1063
994 1122
994 1186
994 1210
995 299
995 803
995 867
995 931
995 1059
995 1123
995 1187
996 804
996 868
996 932
996 1060
996 1124
996 1188
997 805
997 869
997 872
997 933
997 1061
997 1125
997 1189
998 543
998 806
998 823
998 870
998 934
998 1062
998 1126
998 1190
999 807
999 871
999 935
999 1063
999 1127
999 1191
1000 801
1000 808
1000 872
1000 936
1000 1057
1000 1064
1000 1128
1000 1192
1000 1250
1001 809
1001 873
1001 937
1001 1065
1001 1129
1001 1193
1002 810
1002 874
1002 938
1002 1066
1002 1130
1002 1194
1003 657
1003 811
1003 875
1003 939
1003 1067
1003 1116
1003 1131
1003 1195
1003 1279
1004 410
1004 688
1004 812
1004 876
1004 940
1004 957
1004 1068
1004 1132
1004 1196
1005 210
1005 813
1005 877
1005 941
1005 1069
1005 1133
1005 1197
1006 814
1006 878
1006 942
1006 1070
1006 1134
1006 1198
1007 422
1007 815
1007 879
1007 943
1007 1071
1007 1135
1007 1190
1007 1199
1008 56
1008 619
1008 816
1008 859
1008 875
1008 880
1008 939
1008 944
1008 1072
1008 1136
1008 1200
1009 103
1009 817
1009 881
1009 945
1009 1029
1009 1073
1009 1137
1009 1201
1010 49
1010 818
1010 882
1010 946
1010 1047
1010 1074
1010 1138
1010 1202
1010 1253
1011 368
1011 692
1011 819
1011 883
1011 947
1011 1012
1011 1075
1011 1139
1011 1203
1012 368
1012 692
1012 820
1012 884
1012 948
1012 1011
1012 1076
1012 1140
1012 1204
1013 663
1013 821
1013 885
1013 949
1013 1077
1013 1141
1013 1205
1014 822
1014 886
1014 950
1014 1078
1014 1142
1014 1206
1015 375
1015 433
1015 823
1015 887
1015 951
1015 1072
1015 1074
1015 1079
1015 1143
1015 1183
1015 1207
1015 1211
1016 30
1016 652
1016 824
1016 888
1016 952
1016 1080
1016 1144
1016 1208
1017 441
1017 825
1017 889
1017 953
1017 1081
1017 1145
1017 1209
1018 531
1018 826
1018 890
1018 954
1018 1082
1018 1146
1018 1210
1019 51
1019 424
1019 608
1019 827
1019 891
1019 955
1019 1083
1019 1147
1019 1211
1019 1271
1020 304
1020 363
1020 624
1020 828
1020 892
1020 956
1020 1084
1020 1148
1020 1212
1021 677
1021 700
1021 736
1021 829
1021 893
1021 957
1021 1085
1021 1149
1021 1213
1022 830
1022 874
1022 894
1022 958
1022 1086
1022 1150
1022 1214
1022 1245
1023 496
1023 505
1023 672
1023 831
1023 889
1023 895
1023 959
1023 1087
1023 1106
1023 1151
1023 1215
1024 832
1024 896
1024 960
1024 1088
1024 1152
1024 1216
1025 282
1025 821
1025 833
1025 897
1025 961
1025 1089
1025 1119
1025 1153
1025 1197
1025 1217
1026 175
1026 834
1026 897
1026 898
1026 962
1026 1061
1026 1090
1026 1154
1026 1218
1027 234
1027 835
1027 899
1027 963
1027 1091
1027 1155
1027 1219
1028 238
1028 836
1028 900
1028 964
1028 1092
1028 1156
1028 1220
1029 103
1029 837
1029 901
1029 965
1029 1009
1029 1093
1029 1157
1029 1221
1030 10
1030 15
1030 19
1030 54
1030 143
1030 144
1030 158
1030 201
1030 246
1030 256
1030 266
1030 271
1030 275
1030 310
1030 329
1030 393
1030 458
1030 462
1030 502
1030 518
1030 582
1030 583
1030 630
1030 647
1030 649
1030 711
1030 838
1030 841
1030 902
1030 966
1030 969
1030 970
1030 974
1030 982
1030 1094
1030 1097
1030 1158
1030 1159
1030 1166
1030 1222
1030 1238
1031 7
1031 71
1031 73
1031 135
1031 137
1031 142
1031 199
1031 263
1031 265
1031 271
1031 327
1031 329
1031 334
1031 391
1031 455
1031 462
1031 518
1031 519
1031 711
1031 775
1031 839
1031 903
1031 967
1031 1095
1031 1159
1031 1223
1032 324
1032 840
1032 904
1032 968
1032 1096
1032 1160
1032 1172
1032 1224
1033 6
1033 70
1033 134
1033 198
1033 262
1033 326
1033 390
1033 454
1033 521
1033 585
1033 646
1033 713
1033 774
1033 838
1033 841
1033 905
1033 966
1033 969
1033 1094
1033 1097
1033 1161
1033 1225
1034 592
1034 842
1034 906
1034 970
1034 1098
1034 1162
1034 1226
1035 843
1035 907
1035 971
1035 1099
1035 1163
1035 1227
1036 274
1036 641
1036 844
1036 908
1036 972
1036 1100
1036 1164
1036 1228
1037 845
1037 909
1037 973
1037 1101
1037 1165
1037 1229
1038 448
1038 846
1038 910
1038 974
1038 1102
1038 1166
1038 1230
1039 847
1039 911
1039 975
1039 1103
1039 1167
1039 1231
1040 548
1040 848
1040 912
1040 976
1040 1104
1040 1168
1040 1232
1041 405
1041 555
1041 666
1041 849
1041 913
1041 977
1041 1105
1041 1169
1041 1233
1042 850
1042 914
1042 978
1042 991
1042 1090
1042 1106
1042 1170
1042 1234
1043 365
1043 576
1043 851
1043 915
1043 979
1043 1107
1043 1171
1043 1235
1044 308
1044 852
1044 916
1044 980
1044 1108
1044 1128
1044 1172
1044 1188
1044 1236
1045 853
1045 917
1045 981
1045 1109
1045 1173
1045 1215
1045 1237
1045 1264
1046 74
1046 854
1046 918
1046 982
1046 1110
1046 1174
1046 1238
1047 49
1047 855
1047 919
1047 983
1047 1010
1047 1111
1047 1175
1047 1239
1047 1253
1048 856
1048 920
1048 984
1048 1112
1048 1176
1048 1240
1049 615
1049 712
1049 840
1049 857
1049 921
1049 985
1049 1113
1049 1177
1049 1241
1050 277
1050 795
1050 858
1050 922
1050 986
1050 1114
1050 1178
1050 1242
1051 317
1051 689
1051 859
1051 923
1051 987
1051 1115
1051 1179
1051 1243
1052 48
1052 355
1052 431
1052 860
1052 924
1052 988
1052 1116
1052 1180
1052 1244
1053 861
1053 925
1053 989
1053 1070
1053 1117
1053 1181
1053 1245
1054 862
1054 926
1054 990
1054 1118
1054 1182
1054 1246
1055 863
1055 927
1055 991
1055 1119
1055 1183
1055 1247
1056 22
1056 170
1056 356
1056 864
1056 928
1056 992
1056 1120
1056 1184
1056 1248
1057 801
1057 865
1057 929
1057 993
1057 1000
1057 1121
1057 1185
1057 1249
1057 1250
1058 343
1058 501
1058 866
1058 930
1058 994
1058 1122
1058 1186
1058 1250
1059 90
1059 426
1059 867
1059 931
1059 995
1059 1123
1059 1187
1059 1202
1059 1244
1059 1251
1060 868
1060 932
1060 996
1060 1124
1060 1188
1060 1252
1061 175
1061 869
1061 897
1061 933
1061 997
1061 1026
1061 1125
1061 1189
1061 1253
1062 264
1062 385
1062 870
1062 934
1062 998
1062 1126
1062 1190
1062 1254
1063 357
1063 373
1063 871
1063 935
1063 994
1063 999
1063 1127
1063 1191
1063 1210
1063 1255
1064 109
1064 872
1064 936
1064 1000
1064 1128
1064 1192
1064 1256
1065 430
1065 873
1065 937
1065 1001
1065 1129
1065 1193
1065 1257
1066 573
1066 874
1066 938
1066 1002
1066 1112
1066 1130
1066 1194
1066 1258
1067 764
1067 875
1067 939
1067 1003
1067 1131
1067 1138
1067 1195
1067 1259
1068 876
1068 891
1068 940
1068 1004
1068 1132
1068 1196
1068 1260
1069 31
1069 877
1069 941
1069 1005
1069 1133
1069 1197
1069 1261
1070 878
1070 942
1070 1006
1070 1053
1070 1134
1070 1198
1070 1262
1071 216
1071 746
1071 879
1071 943
1071 948
1071 1007
1071 1135
1071 1199
1071 1201
1071 1263
1072 375
1072 433
1072 880
1072 944
1072 1008
1072 1015
1072 1074
1072 1136
1072 1183
1072 1200
1072 1211
1072 1264
1073 881
1073 945
1073 1009
1073 1137
1073 1201
1073 1260
1073 1265
1074 375
1074 433
1074 882
1074 946
1074 1010
1074 1015
1074 1072
1074 1138
1074 1183
1074 1202
1074 1211
1074 1266
1075 188
1075 435
1075 613
1075 883
1075 947
1075 1011
1075 1139
1075 1203
1075 1267
1076 884
1076 948
1076 1012
1076 1140
1076 1204
1076 1268
1077 108
1077 584
1077 885
1077 949
1077 1013
1077 1141
1077 1205
1077 1269
1078 886
1078 950
1078 1014
1078 1124
1078 1142
1078 1206
1078 1270
1079 887
1079 904
1079 951
1079 1015
1079 1143
1079 1207
1079 1271
1080 888
1080 937
1080 952
1080 1016
1080 1144
1080 1208
1080 1272
1081 465
1081 889
1081 953
1081 1017
1081 1145
1081 1209
1081 1273
1082 55
1082 425
1082 570
1082 849
1082 890
1082 925
1082 954
1082 1018
1082 1146
1082 1210
1082 1274
1083 91
1083 891
1083 955
1083 1019
1083 1147
1083 1211
1083 1275
1084 362
1084 436
1084 571
1084 892
1084 956
1084 1020
1084 1148
1084 1212
1084 1214
1084 1276
1085 636
1085 893
1085 957
1085 1021
1085 1105
1085 1137
1085 1149
1085 1213
1085 1277
1086 120
1086 443
1086 894
1086 958
1086 1022
1086 1150
1086 1214
1086 1278
1087 125
1087 236
1087 371
1087 603
1087 762
1087 819
1087 895
1087 958
1087 959
1087 1023
1087 1151
1087 1215
1087 1279
1088 896
1088 960
1088 1024
1088 1152
1088 1216
1089 897
1089 961
1089 1025
1089 1153
1089 1194
1089 1217
1090 898
1090 962
1090 991
1090 1026
1090 1042
1090 1154
1090 1218
1091 117
1091 706
1091 899
1091 963
1091 977
1091 1027
1091 1155
1091 1219
1092 900
1092 964
1092 1028
1092 1156
1092 1220
1093 92
1093 97
1093 185
1093 554
1093 901
1093 965
1093 1029
1093 1157
1093 1221
1094 6
1094 70
1094 134
1094 198
1094 262
1094 326
1094 390
1094 454
1094 521
1094 585
1094 646
1094 713
1094 774
1094 838
1094 902
1094 905
1094 966
1094 1030
1094 1033
1094 1158
1094 1161
1094 1222
1094 1225
1095 71
1095 73
1095 135
1095 137
1095 142
1095 199
1095 263
1095 265
1095 266
1095 271
1095 310
1095 327
1095 329
1095 334
1095 391
1095 455
1095 462
1095 518
1095 519
1095 647
1095 711
1095 775
1095 839
1095 903
1095 967
1095 974
1095 1031
1095 1159
1095 1223
1096 165
1096 532
1096 686
1096 855
1096 904
1096 968
1096 1032
1096 1160
1096 1224
1097 14
1097 15
1097 19
1097 54
1097 128
1097 143
1097 144
1097 147
1097 158
1097 201
1097 246
1097 256
1097 265
1097 266
1097 271
1097 275
1097 310
1097 329
1097 334
1097 393
1097 458
1097 462
1097 502
1097 518
1097 582
1097 583
1097 647
1097 649
1097 711
1097 902
1097 905
1097 969
1097 970
1097 974
1097 982
1097 1030
1097 1033
1097 1158
1097 1159
1097 1161
1097 1166
1097 1222
1097 1223
1097 1225
1098 906
1098 970
1098 1034
1098 1162
1098 1226
1099 651
1099 907
1099 971
1099 993
1099 1035
1099 1163
1099 1227
1099 1254
1100 39
1100 908
1100 972
1100 1036
1100 1164
1100 1219
1100 1228
1101 243
1101 620
1101 690
1101 909
1101 947
1101 973
1101 1037
1101 1165
1101 1229
1102 910
1102 974
1102 1038
1102 1166
1102 1230
1103 122
1103 180
1103 911
1103 975
1103 1039
1103 1167
1103 1231
1104 912
1104 976
1104 1040
1104 1168
1104 1232
1105 636
1105 913
1105 977
1105 1041
1105 1085
1105 1137
1105 1169
1105 1233
1106 496
1106 505
1106 672
1106 889
1106 914
1106 978
1106 1023
1106 1042
1106 1170
1106 1234
1107 915
1107 979
1107 1043
1107 1171
1107 1235
1108 190
1108 197
1108 916
1108 980
1108 1044
1108 1172
1108 1236
1109 761
1109 917
1109 981
1109 1045
1109 1173
1109 1237
1110 781
1110 788
1110 918
1110 982
1110 1046
1110 1174
1110 1238
1111 62
1111 503
1111 506
1111 919
1111 983
1111 1047
1111 1175
1111 1239
1112 573
1112 920
1112 984
1112 1048
1112 1066
1112 1176
1112 1240
1113 439
1113 921
1113 945
1113 985
1113 1049
1113 1177
1113 1241
1114 922
1114 986
1114 1050
1114 1178
1114 1242
1115 923
1115 987
1115 1051
1115 1147
1115 1179
1115 1243
1116 657
1116 924
1116 988
1116 1003
1116 1052
1116 1180
1116 1244
1116 1279
1117 252
1117 925
1117 989
1117 1053
1117 1181
1117 1245
1118 842
1118 851
1118 926
1118 990
1118 1054
1118 1182
1118 1246
1119 282
1119 821
1119 927
1119 991
1119 1025
1119 1055
1119 1183
1119 1197
1119 1247
1120 287
1120 561
1120 626
1120 830
1120 928
1120 992
1120 1056
1120 1184
1120 1248
1121 200
1121 809
1121 929
1121 993
1121 1057
1121 1185
1121 1249
1122 225
1122 930
1122 994
1122 1058
1122 1186
1122 1250
1123 155
1123 806
1123 931
1123 995
1123 1059
1123 1187
1123 1251
1124 932
1124 996
1124 1060
1124 1078
1124 1188
1124 1252
1125 59
1125 176
1125 574
1125 933
1125 997
1125 1061
1125 1189
1125 1253
1126 156
1126 934
1126 998
1126 1062
1126 1190
1126 1254
1127 569
1127 935
1127 963
1127 999
1127 1063
1127 1191
1127 1255
1128 308
1128 936
1128 1000
1128 1044
1128 1064
1128 1188
1128 1192
1128 1256
1129 322
1129 332
1129 453
1129 937
1129 1001
1129 1065
1129 1193
1129 1257
1130 280
1130 480
1130 560
1130 938
1130 986
1130 1002
1130 1066
1130 1194
1130 1258
1131 939
1131 1003
1131 1067
1131 1195
1131 1259
1132 633
1132 940
1132 1004
1132 1068
1132 1196
1132 1240
1132 1260
1133 179
1133 941
1133 1005
1133 1069
1133 1197
1133 1261
1134 942
1134 1006
1134 1070
1134 1198
1134 1262
1135 495
1135 653
1135 696
1135 943
1135 984
1135 1007
1135 1071
1135 1199
1135 1263
1136 944
1136 1008
1136 1072
1136 1200
1136 1242
1136 1264
1137 636
1137 945
1137 1009
1137 1073
1137 1085
1137 1105
1137 1201
1137 1265
1138 764
1138 946
1138 1010
1138 1067
1138 1074
1138 1202
1138 1266
1139 947
1139 1011
1139 1075
1139 1203
1139 1267
1140 948
1140 1012
1140 1076
1140 1143
1140 1146
1140 1204
1140 1268
1141 482
1141 771
1141 949
1141 1013
1141 1077
1141 1144
1141 1191
1141 1205
1141 1269
1142 950
1142 1014
1142 1078
1142 1206
1142 1270
1143 951
1143 1015
1143 1079
1143 1140
1143 1146
1143 1207
1143 1271
1144 482
1144 771
1144 952
1144 1016
1144 1080
1144 1141
1144 1191
1144 1208
1144 1272
1145 465
1145 953
1145 1017
1145 1081
1145 1209
1145 1273
1146 954
1146 1018
1146 1082
1146 1140
1146 1143
1146 1210
1146 1274
1147 955
1147 1019
1147 1083
1147 1115
1147 1211
1147 1275
1148 956
1148 1020
1148 1084
1148 1212
1148 1276
1149 956
1149 957
1149 1021
1149 1085
1149 1213
1149 1277
1150 725
1150 958
1150 1022
1150 1086
1150 1214
1150 1278
1151 888
1151 959
1151 1023
1151 1087
1151 1215
1151 1272
1151 1276
1151 1279
1152 960
1152 1024
1152 1088
1152 1216
1153 219
1153 450
1153 961
1153 1025
1153 1089
1153 1217
1154 404
1154 962
1154 1026
1154 1090
1154 1218
1155 388
1155 486
1155 595
1155 878
1155 963
1155 1027
1155 1091
1155 1219
1156 238
1156 964
1156 1028
1156 1092
1156 1220
1157 572
1157 837
1157 965
1157 1029
1157 1093
1157 1221
1158 14
1158 15
1158 19
1158 54
1158 128
1158 143
1158 144
1158 147
1158 158
1158 201
1158 246
1158 266
1158 329
1158 334
1158 393
1158 458
1158 462
1158 502
1158 518
1158 582
1158 583
1158 647
1158 649
1158 711
1158 902
1158 966
1158 969
1158 970
1158 974
1158 982
1158 1030
1158 1094
1158 1097
1158 1159
1158 1166
1158 1222
1158 1223
1159 0
1159 9
1159 78
1159 138
1159 147
1159 265
1159 266
1159 271
1159 310
1159 327
1159 329
1159 334
1159 391
1159 455
1159 462
1159 502
1159 518
1159 519
1159 582
1159 583
1159 647
1159 711
1159 775
1159 839
1159 902
1159 903
1159 967
1159 969
1159 974
1159 982
1159 1030
1159 1031
1159 1095
1159 1097
1159 1158
1159 1166
1159 1223
1160 12
1160 36
1160 189
1160 968
1160 1032
1160 1096
1160 1224
1161 6
1161 70
1161 134
1161 198
1161 262
1161 326
1161 390
1161 454
1161 521
1161 585
1161 646
1161 713
1161 774
1161 838
1161 905
1161 966
1161 969
1161 1033
1161 1094
1161 1097
1161 1225
1162 970
1162 1034
1162 1098
1162 1226
1163 24
1163 284
1163 805
1163 971
1163 1035
1163 1099
1163 1227
1164 972
1164 1036
1164 1100
1164 1228
1165 106
1165 298
1165 352
1165 556
1165 679
1165 973
1165 1037
1165 1101
1165 1229
1166 0
1166 9
1166 14
1166 19
1166 54
1166 128
1166 143
1166 144
1166 147
1166 158
1166 201
1166 246
1166 266
1166 310
1166 327
1166 329
1166 334
1166 391
1166 393
1166 462
1166 502
1166 518
1166 582
1166 583
1166 647
1166 649
1166 711
1166 902
1166 903
1166 969
1166 970
1166 974
1166 982
1166 1030
1166 1038
1166 1097
1166 1102
1166 1158
1166 1159
1166 1222
1166 1223
1166 1230
1167 975
1167 1039
1167 1103
1167 1231
1167 1232
1168 976
1168 1040
1168 1104
1168 1232
1169 112
1169 380
1169 409
1169 735
1169 863
1169 977
1169 1041
1169 1105
1169 1233
1170 765
1170 978
1170 1042
1170 1106
1170 1234
1171 302
1171 979
1171 1043
1171 1107
1171 1235
1172 324
1172 980
1172 1032
1172 1044
1172 1108
1172 1236
1173 251
1173 756
1173 981
1173 1045
1173 1109
1173 1237
1173 1263
1174 982
1174 1046
1174 1110
1174 1238
1175 983
1175 1047
1175 1111
1175 1239
1176 811
1176 984
1176 1048
1176 1112
1176 1240
1177 469
1177 985
1177 1049
1177 1113
1177 1241
1178 26
1178 490
1178 741
1178 986
1178 1050
1178 1114
1178 1242
1179 285
1179 468
1179 577
1179 814
1179 987
1179 1051
1179 1115
1179 1243
1180 40
1180 988
1180 1052
1180 1116
1180 1244
1181 989
1181 1053
1181 1117
1181 1245
1182 553
1182 990
1182 1054
1182 1118
1182 1246
1183 375
1183 433
1183 991
1183 1015
1183 1055
1183 1072
1183 1074
1183 1119
1183 1211
1183 1247
1184 826
1184 992
1184 1056
1184 1120
1184 1248
1185 104
1185 378
1185 961
1185 993
1185 1057
1185 1121
1185 1249
1186 745
1186 845
1186 962
1186 994
1186 1058
1186 1122
1186 1250
1187 995
1187 1059
1187 1123
1187 1196
1187 1251
1188 308
1188 996
1188 1044
1188 1060
1188 1124
1188 1128
1188 1252
1189 562
1189 997
1189 1061
1189 1125
1189 1253
1190 422
1190 998
1190 1007
1190 1062
1190 1126
1190 1254
1191 482
1191 771
1191 999
1191 1063
1191 1127
1191 1141
1191 1144
1191 1255
1192 75
1192 136
1192 1000
1192 1064
1192 1128
1192 1256
1193 17
1193 1001
1193 1065
1193 1129
1193 1257
1194 1002
1194 1066
1194 1089
1194 1130
1194 1258
1195 123
1195 1003
1195 1067
1195 1131
1195 1259
1196 1004
1196 1068
1196 1132
1196 1187
1196 1260
1197 282
1197 821
1197 1005
1197 1025
1197 1069
1197 1119
1197 1133
1197 1261
1198 980
1198 1006
1198 1070
1198 1134
1198 1262
1199 648
1199 1007
1199 1071
1199 1135
1199 1263
1200 1008
1200 1072
1200 1136
1200 1264
1201 216
1201 746
1201 948
1201 1009
1201 1071
1201 1073
1201 1137
1201 1265
1202 90
1202 426
1202 1010
1202 1059
1202 1074
1202 1138
1202 1244
1202 1266
1203 8
1203 581
1203 721
1203 1011
1203 1075
1203 1139
1203 1267
1204 992
1204 1012
1204 1076
1204 1140
1204 1268
1205 146
1205 852
1205 1013
1205 1077
1205 1141
1205 1269
1206 1014
1206 1078
1206 1142
1206 1270
1207 1015
1207 1079
1207 1143
1207 1271
1208 776
1208 882
1208 1016
1208 1080
1208 1144
1208 1272
1209 163
1209 1017
1209 1081
1209 1145
1209 1273
1210 357
1210 373
1210 994
1210 1018
1210 1063
1210 1082
1210 1146
1210 1274
1211 375
1211 433
1211 1015
1211 1019
1211 1072
1211 1074
1211 1083
1211 1147
1211 1183
1211 1275
1212 667
1212 1020
1212 1084
1212 1148
1212 1276
1213 625
1213 1021
1213 1085
1213 1149
1213 1277
1214 362
1214 436
1214 571
1214 1022
1214 1084
1214 1086
1214 1150
1214 1278
1215 1023
1215 1045
1215 1087
1215 1151
1215 1264
1215 1279
1216 784
1216 1024
1216 1088
1216 1152
1217 221
1217 587
1217 1025
1217 1089
1217 1153
1218 159
1218 673
1218 1026
1218 1090
1218 1154
1219 39
1219 1027
1219 1091
1219 1100
1219 1155
1220 86
1220 525
1220 1028
1220 1092
1220 1156
1221 314
1221 930
1221 1029
1221 1093
1221 1157
1222 10
1222 15
1222 19
1222 143
1222 158
1222 256
1222 275
1222 393
1222 458
1222 462
1222 502
1222 582
1222 583
1222 630
1222 647
1222 649
1222 710
1222 711
1222 777
1222 841
1222 902
1222 918
1222 969
1222 970
1222 974
1222 982
1222 1030
1222 1094
1222 1097
1222 1158
1222 1166
1222 1238
1223 71
1223 73
1223 78
1223 138
1223 142
1223 265
1223 271
1223 327
1223 329
1223 334
1223 391
1223 455
1223 462
1223 518
1223 519
1223 583
1223 647
1223 711
1223 775
1223 839
1223 903
1223 967
1223 969
1223 974
1223 982
1223 1031
1223 1095
1223 1097
1223 1158
1223 1159
1223 1166
1224 487
1224 1032
1224 1096
1224 1160
1225 6
1225 70
1225 134
1225 198
1225 262
1225 326
1225 390
1225 454
1225 521
1225 585
1225 646
1225 713
1225 774
1225 838
1225 905
1225 966
1225 1033
1225 1094
1225 1097
1225 1161
1226 704
1226 1034
1226 1098
1226 1162
1227 580
1227 1035
1227 1099
1227 1163
1228 113
1228 152
1228 537
1228 1036
1228 1100
1228 1164
1229 634
1229 1037
1229 1101
1229 1165
1230 1038
1230 1102
1230 1166
1231 822
1231 1039
1231 1103
1231 1167
1232 1040
1232 1104
1232 1167
1232 1168
1233 44
1233 451
1233 682
1233 1041
1233 1105
1233 1169
1234 1042
1234 1106
1234 1170
1235 94
1235 442
1235 990
1235 1043
1235 1107
1235 1171
1236 1044
1236 1108
1236 1172
1237 497
1237 1045
1237 1109
1237 1173
1238 16
1238 64
1238 79
1238 393
1238 457
1238 458
1238 630
1238 649
1238 710
1238 777
1238 841
1238 902
1238 918
1238 970
1238 1030
1238 1046
1238 1110
1238 1174
1238 1222
1239 941
1239 1047
1239 1111
1239 1175
1240 633
1240 1048
1240 1112
1240 1132
1240 1176
1241 1049
1241 1113
1241 1177
1241 1251
1242 1050
1242 1114
1242 1136
1242 1178
1243 217
1243 541
1243 794
1243 1051
1243 1115
1243 1179
1244 90
1244 426
1244 1052
1244 1059
1244 1116
1244 1180
1244 1202
1245 874
1245 1022
1245 1053
1245 1117
1245 1181
1246 754
1246 1054
1246 1118
1246 1182
1247 760
1247 978
1247 1055
1247 1119
1247 1183
1248 699
1248 1056
1248 1120
1248 1184
1249 69
1249 520
1249 709
1249 715
1249 1057
1249 1121
1249 1185
1250 801
1250 1000
1250 1057
1250 1058
1250 1122
1250 1186
1251 1059
1251 1123
1251 1187
1251 1241
1252 1060
1252 1124
1252 1188
1253 49
1253 1010
1253 1047
1253 1061
1253 1125
1253 1189
1254 651
1254 993
1254 1062
1254 1099
1254 1126
1254 1190
1255 149
1255 600
1255 884
1255 1063
1255 1127
1255 1191
1256 675
1256 1064
1256 1128
1256 1192
1257 315
1257 353
1257 954
1257 1065
1257 1129
1257 1193
1258 744
1258 757
1258 1066
1258 1130
1258 1194
1259 602
1259 638
1259 793
1259 1067
1259 1131
1259 1195
1260 1068
1260 1073
1260 1132
1260 1196
1261 418
1261 632
1261 705
1261 1069
1261 1133
1261 1197
1262 296
1262 870
1262 1070
1262 1134
1262 1198
1263 251
1263 756
1263 1071
1263 1135
1263 1173
1263 1199
1264 1045
1264 1072
1264 1136
1264 1200
1264 1215
1265 1073
1265 1137
1265 1201
1266 540
1266 599
1266 660
1266 732
1266 1074
1266 1138
1266 1202
1267 759
1267 1075
1267 1139
1267 1203
1268 992
1268 1076
1268 1140
1268 1204
1269 513
1269 1077
1269 1141
1269 1205
1270 1078
1270 1142
1270 1206
1271 51
1271 424
1271 608
1271 1019
1271 1079
1271 1143
1271 1207
1272 888
1272 1080
1272 1144
1272 1151
1272 1208
1272 1276
1273 63
1273 488
1273 922
1273 1081
1273 1145
1273 1209
1274 1082
1274 1146
1274 1210
1275 61
1275 300
1275 434
1275 628
1275 1083
1275 1147
1275 1211
1276 888
1276 1084
1276 1148
1276 1151
1276 1212
1276 1272
1277 529
1277 1085
1277 1149
1277 1213
1278 213
1278 1086
1278 1150
1278 1214
1279 657
1279 1003
1279 1087
1279 1116
1279 1151
1279 1215
