0 64
0 128
0 192
0 402
0 516
0 1171
1 65
1 129
1 193
1 406
2 66
2 130
2 194
2 1076
3 67
3 131
3 195
4 68
4 132
4 196
4 286
4 340
4 921
4 1216
5 69
5 133
5 197
5 645
6 70
6 134
6 198
6 262
6 326
6 390
6 454
6 518
6 582
6 646
6 710
6 774
6 838
6 843
6 902
6 966
6 1030
6 1094
6 1158
6 1222
7 71
7 135
7 199
7 347
8 11
8 72
8 75
8 136
8 137
8 139
8 200
8 203
8 264
8 328
8 331
8 392
8 456
8 520
8 525
8 584
8 651
8 712
8 776
8 781
8 1160
8 1224
9 73
9 136
9 137
9 201
9 265
9 329
9 393
9 457
9 521
9 585
9 649
9 713
9 777
9 841
9 905
9 969
9 1033
9 1097
9 1161
9 1225
10 74
10 138
10 202
10 772
10 1207
11 8
11 13
11 75
11 77
11 139
11 141
11 203
11 205
11 264
11 269
11 328
11 331
11 333
11 392
11 397
11 456
11 461
11 520
11 525
11 584
11 589
11 648
11 651
11 653
11 712
11 715
11 717
11 776
11 779
11 781
11 840
11 845
11 968
11 1032
11 1037
11 1160
12 76
12 140
12 204
12 479
12 1219
13 11
13 75
13 77
13 141
13 205
13 264
13 269
13 333
13 397
13 456
13 461
13 584
13 589
13 648
13 653
13 712
13 715
13 717
13 776
13 779
13 781
13 840
13 843
13 845
13 904
13 909
13 1035
13 1096
13 1101
13 1165
13 1229
14 78
14 142
14 206
15 79
15 143
15 207
15 545
15 705
15 987
15 988
15 1243
16 80
16 144
16 208
16 445
16 1196
17 81
17 145
17 209
18 50
18 82
18 146
18 210
18 695
18 916
19 83
19 147
19 211
19 260
19 339
19 350
19 1125
19 1197
20 84
20 88
20 148
20 212
20 533
20 619
20 693
20 749
20 856
20 935
20 1191
21 85
21 95
21 149
21 213
21 557
22 86
22 150
22 214
23 87
23 151
23 215
23 407
24 88
24 152
24 154
24 156
24 216
24 848
25 89
25 153
25 217
25 253
25 642
25 851
26 90
26 154
26 218
26 322
26 750
27 91
27 155
27 219
28 92
28 156
28 220
28 963
29 93
29 157
29 221
29 967
30 94
30 158
30 222
30 351
30 440
30 872
30 1176
31 95
31 159
31 223
31 677
31 933
31 994
32 96
32 160
32 224
32 721
33 97
33 161
33 225
33 387
33 929
34 98
34 162
34 226
34 320
34 484
34 836
35 99
35 114
35 163
35 227
35 346
35 400
35 498
35 802
36 100
36 164
36 228
36 629
37 101
37 130
37 165
37 229
37 258
37 384
37 485
37 626
37 818
37 1155
38 102
38 166
38 230
38 1111
39 103
39 167
39 231
39 282
39 311
39 912
40 104
40 168
40 232
40 644
41 105
41 169
41 220
41 233
41 425
41 601
41 656
41 730
41 877
41 1060
42 106
42 135
42 170
42 234
43 107
43 314
43 1023
44 49
44 108
44 172
44 236
44 368
44 878
44 881
44 976
45 109
45 173
45 237
45 308
45 1247
46 57
46 110
46 174
46 248
46 251
46 492
46 536
46 1004
47 111
47 129
47 175
47 239
48 112
48 176
48 240
48 753
48 827
48 953
49 44
49 113
49 177
49 241
49 368
49 878
49 881
49 976
50 18
50 114
50 178
50 242
50 695
50 916
51 115
51 179
52 116
52 180
52 244
52 430
52 537
52 1127
53 117
53 181
53 245
53 807
53 1132
54 118
54 182
54 246
55 109
55 119
55 183
55 192
55 247
55 804
56 120
56 123
56 184
56 307
56 947
56 1081
57 46
57 121
57 185
57 248
57 251
57 492
57 536
57 1004
58 122
58 176
58 186
58 250
59 123
59 187
59 208
59 228
59 251
59 808
59 920
59 955
59 1108
59 1251
60 124
60 188
60 243
60 252
60 497
60 556
60 884
60 1048
60 1128
60 1145
61 125
61 189
61 253
61 256
61 277
61 434
61 725
61 794
61 1050
61 1264
62 126
62 190
62 316
62 575
62 683
62 816
63 127
63 191
63 621
64 0
64 128
64 192
64 256
64 365
64 548
64 640
64 1021
65 1
65 129
65 193
65 257
66 2
66 130
66 194
66 258
66 420
66 832
66 898
67 3
67 131
67 195
67 259
67 778
68 4
68 132
68 196
68 226
68 260
68 503
69 5
69 133
69 197
69 261
70 6
70 134
70 198
70 262
70 326
70 390
70 454
70 518
70 582
70 646
70 710
70 774
70 838
70 902
70 907
70 966
70 1030
70 1094
70 1158
70 1222
71 7
71 135
71 199
71 263
72 8
72 136
72 137
72 200
72 264
72 392
73 9
73 136
73 137
73 201
73 265
73 329
73 393
73 457
73 521
73 585
73 649
73 713
73 777
73 841
73 905
73 969
73 1033
73 1097
73 1161
73 1225
74 10
74 138
74 202
74 266
74 783
75 8
75 11
75 13
75 77
75 139
75 141
75 203
75 205
75 264
75 267
75 269
75 328
75 331
75 333
75 392
75 397
75 456
75 461
75 520
75 525
75 584
75 589
75 648
75 651
75 653
75 712
75 715
75 717
75 776
75 779
75 781
75 840
75 845
75 904
75 909
75 968
75 973
75 1032
75 1037
75 1160
76 12
76 140
76 204
76 268
77 11
77 13
77 75
77 141
77 203
77 205
77 264
77 269
77 333
77 397
77 456
77 461
77 525
77 584
77 589
77 648
77 651
77 653
77 712
77 715
77 717
77 776
77 779
77 781
77 840
77 843
77 845
77 904
77 907
77 909
77 1096
77 1101
77 1165
77 1229
78 14
78 142
78 206
78 224
78 270
78 782
79 15
79 143
79 207
79 271
80 16
80 144
80 172
80 208
80 272
80 315
80 373
81 17
81 145
81 209
81 273
82 18
82 146
82 210
82 222
82 274
83 19
83 147
83 211
83 275
83 421
83 542
83 803
83 860
84 20
84 148
84 212
84 276
84 1052
84 1069
85 21
85 149
85 213
85 245
85 277
85 1232
85 1269
86 22
86 150
86 214
86 278
87 23
87 151
87 215
87 279
88 20
88 24
88 152
88 216
88 280
88 533
88 619
88 693
88 749
88 856
88 935
88 1191
89 25
89 153
89 217
89 281
89 1009
90 26
90 154
90 218
90 240
90 282
90 291
90 880
91 27
91 155
91 219
91 283
91 1034
92 28
92 156
92 220
92 284
92 300
92 429
92 852
92 942
93 29
93 157
93 221
93 285
94 30
94 158
94 222
94 286
94 962
94 1141
94 1186
95 21
95 31
95 159
95 223
95 287
95 557
96 32
96 160
96 224
96 288
97 33
97 161
97 225
97 289
98 34
98 162
98 226
98 290
98 847
98 983
99 35
99 163
99 167
99 227
99 291
99 560
99 592
99 763
99 888
99 1201
100 36
100 164
100 228
100 292
100 1152
101 37
101 165
101 229
101 293
101 412
101 1187
101 1253
102 38
102 166
102 230
102 294
102 1199
103 39
103 167
103 231
103 295
103 1250
104 40
104 147
104 168
104 232
104 296
104 512
104 691
104 1010
105 41
105 169
105 233
105 297
105 754
105 813
105 853
105 1064
106 42
106 170
106 234
106 298
107 43
107 171
107 235
107 252
107 376
107 568
107 743
107 752
108 44
108 115
108 172
108 236
108 300
108 501
108 819
108 1008
108 1151
109 45
109 55
109 173
109 192
109 237
109 301
109 804
110 46
110 174
110 238
110 689
110 1210
111 47
111 175
111 239
111 303
112 48
112 176
112 240
112 304
113 49
113 177
113 241
113 428
113 552
113 1003
113 1146
114 35
114 50
114 178
114 242
114 306
114 346
114 400
114 498
114 802
115 51
115 108
115 179
115 236
115 243
115 307
115 501
115 819
115 1008
115 1151
116 52
116 180
116 244
116 308
116 432
116 436
116 1019
116 1214
117 53
117 149
117 181
117 245
117 309
117 375
117 1090
118 54
118 182
118 246
118 310
118 903
119 55
119 153
119 183
119 247
119 311
119 740
119 960
120 56
120 184
120 248
120 312
120 1172
121 57
121 185
121 249
121 939
122 58
122 186
122 250
122 505
122 574
122 1274
123 56
123 59
123 187
123 251
123 307
123 315
123 947
123 1081
124 60
124 188
124 252
124 254
125 61
125 189
125 253
125 317
125 380
126 62
126 190
126 254
126 762
126 1195
127 63
127 191
127 255
127 570
127 703
128 0
128 64
128 192
128 256
128 276
128 320
128 681
128 893
128 1202
128 1241
129 1
129 47
129 65
129 193
129 257
129 321
130 2
130 37
130 66
130 194
130 258
130 322
130 384
130 485
130 626
130 818
130 1155
131 3
131 67
131 195
131 259
131 323
131 586
131 616
131 1013
132 4
132 68
132 196
132 260
132 324
132 990
133 5
133 69
133 197
133 261
133 325
133 389
134 6
134 70
134 198
134 262
134 326
134 390
134 454
134 518
134 582
134 646
134 710
134 774
134 838
134 843
134 902
134 907
134 966
134 971
134 1030
134 1094
134 1158
134 1222
135 7
135 42
135 71
135 199
135 263
135 327
136 8
136 9
136 72
136 73
136 200
136 201
136 264
136 265
136 328
136 329
136 393
136 457
136 521
136 585
136 649
136 713
136 777
136 841
136 905
136 969
136 1033
136 1097
136 1161
136 1225
137 8
137 9
137 72
137 73
137 139
137 200
137 201
137 265
137 328
137 329
137 331
137 392
137 520
138 10
138 74
138 202
138 266
138 330
139 8
139 11
139 75
139 137
139 203
139 264
139 267
139 269
139 328
139 331
139 392
139 397
139 456
139 461
139 520
139 525
139 584
139 648
139 651
139 712
139 715
139 717
139 776
139 781
139 840
139 845
139 968
139 973
139 1032
139 1160
139 1224
140 12
140 76
140 204
140 268
140 332
140 714
140 1088
140 1156
141 11
141 13
141 75
141 77
141 203
141 205
141 264
141 269
141 328
141 333
141 397
141 456
141 461
141 525
141 584
141 589
141 648
141 651
141 653
141 712
141 715
141 717
141 776
141 779
141 781
141 840
141 843
141 845
141 904
141 909
141 968
141 971
141 973
141 1096
141 1101
141 1165
141 1229
142 14
142 78
142 206
142 270
142 334
143 15
143 79
143 207
143 271
143 335
143 736
144 16
144 80
144 208
144 272
144 336
144 538
144 666
144 696
144 1168
145 17
145 81
145 209
145 273
145 337
146 18
146 82
146 210
146 274
146 338
146 414
147 19
147 83
147 104
147 211
147 275
147 339
147 512
147 691
147 1010
148 20
148 84
148 212
148 276
148 340
148 664
148 889
148 1200
149 21
149 85
149 117
149 213
149 277
149 341
149 375
149 1090
150 22
150 86
150 214
150 278
150 342
150 1117
151 23
151 87
151 195
151 215
151 279
151 343
152 24
152 88
152 216
152 280
152 301
152 344
152 360
152 419
152 424
152 686
153 25
153 89
153 119
153 217
153 281
153 345
153 740
153 960
154 24
154 26
154 90
154 156
154 218
154 282
154 346
154 848
155 27
155 91
155 219
155 283
155 347
156 24
156 28
156 92
156 154
156 220
156 284
156 348
156 848
157 29
157 93
157 204
157 221
157 285
157 349
157 1089
157 1244
158 30
158 94
158 222
158 286
158 350
158 931
158 1170
159 31
159 95
159 165
159 178
159 223
159 287
159 306
159 351
159 482
159 788
160 32
160 96
160 224
160 288
160 352
161 33
161 97
161 225
161 289
161 353
162 34
162 98
162 226
162 290
162 320
162 354
162 484
162 836
163 35
163 99
163 227
163 291
163 355
163 487
163 1058
163 1059
163 1260
164 36
164 100
164 228
164 239
164 247
164 292
164 356
164 896
165 37
165 101
165 159
165 178
165 229
165 293
165 306
165 357
165 482
165 788
166 38
166 102
166 230
166 294
166 358
167 39
167 99
167 103
167 231
167 295
167 359
167 560
167 592
167 763
167 888
167 1201
168 40
168 104
168 232
168 296
168 360
168 789
168 1122
169 41
169 105
169 233
169 297
169 361
170 42
170 106
170 234
170 298
170 362
170 1103
171 107
171 235
172 44
172 80
172 108
172 236
172 300
172 315
172 364
172 373
173 45
173 109
173 237
173 301
173 365
173 489
173 1085
174 46
174 110
174 181
174 238
174 302
174 366
174 995
175 47
175 111
175 239
175 303
175 367
175 930
176 48
176 58
176 112
176 240
176 304
176 368
177 49
177 113
177 241
177 305
177 369
177 633
178 50
178 114
178 159
178 165
178 242
178 306
178 370
178 482
178 788
179 51
179 115
179 243
179 307
179 371
179 381
179 408
179 528
179 692
179 1016
179 1262
180 52
180 116
180 244
180 308
180 372
180 543
180 1209
181 53
181 117
181 174
181 245
181 309
181 373
181 995
182 54
182 118
182 246
182 310
182 325
182 352
182 374
183 55
183 119
183 247
183 311
183 317
183 344
183 375
183 409
183 567
183 611
183 688
184 56
184 120
184 248
184 312
184 376
184 876
184 1144
184 1261
185 57
185 121
185 249
185 305
185 313
186 58
186 122
186 250
186 314
186 443
187 59
187 123
187 251
187 315
187 764
188 60
188 124
188 252
188 316
188 364
188 366
188 371
188 826
189 61
189 125
189 253
189 317
189 381
189 980
189 1005
190 62
190 126
190 254
191 63
191 127
191 255
191 319
192 0
192 55
192 64
192 109
192 128
192 256
192 320
192 384
192 804
193 1
193 65
193 129
193 257
193 321
193 385
194 2
194 66
194 130
194 258
194 322
194 386
194 661
194 724
195 3
195 67
195 131
195 151
195 259
195 323
195 387
196 4
196 68
196 132
196 260
196 324
196 388
196 1235
197 5
197 69
197 133
197 261
197 325
197 389
198 6
198 70
198 134
198 262
198 326
198 390
198 454
198 518
198 582
198 646
198 710
198 774
198 838
198 843
198 902
198 907
198 966
198 971
198 1030
198 1035
198 1094
198 1158
198 1222
199 7
199 71
199 135
199 263
199 327
199 391
200 8
200 72
200 136
200 137
200 264
200 328
200 331
200 392
201 9
201 73
201 136
201 137
201 265
201 329
201 393
201 457
201 521
201 585
201 649
201 713
201 777
201 841
201 905
201 969
201 1033
201 1097
201 1161
201 1225
202 10
202 74
202 138
202 266
202 330
202 394
203 8
203 11
203 75
203 77
203 139
203 141
203 205
203 264
203 267
203 269
203 328
203 331
203 333
203 392
203 395
203 397
203 456
203 461
203 520
203 525
203 584
203 589
203 648
203 651
203 653
203 712
203 715
203 717
203 776
203 781
203 840
203 845
203 904
203 968
203 973
203 1032
203 1037
203 1160
203 1224
204 12
204 76
204 140
204 157
204 268
204 332
204 396
204 1089
204 1244
205 11
205 13
205 75
205 77
205 141
205 203
205 264
205 269
205 333
205 397
205 456
205 461
205 525
205 584
205 589
205 648
205 651
205 653
205 712
205 715
205 717
205 776
205 779
205 781
205 840
205 843
205 845
205 904
205 907
205 909
205 968
205 971
205 973
205 1032
205 1035
205 1037
205 1096
205 1101
205 1165
205 1229
206 14
206 78
206 142
206 270
206 334
206 398
207 15
207 79
207 143
207 271
207 335
207 399
207 1039
208 16
208 59
208 80
208 144
208 228
208 272
208 336
208 400
208 808
208 920
208 955
208 1108
208 1251
209 17
209 81
209 145
209 273
209 337
209 401
210 18
210 82
210 146
210 274
210 338
210 402
210 524
211 19
211 83
211 147
211 275
211 339
211 403
211 957
212 20
212 84
212 148
212 231
212 276
212 340
212 404
212 415
212 468
212 690
212 829
212 1074
213 21
213 85
213 149
213 244
213 277
213 341
213 405
213 500
213 565
214 22
214 86
214 150
214 278
214 342
214 406
214 455
215 23
215 87
215 151
215 279
215 343
215 407
215 861
216 24
216 88
216 152
216 280
216 344
216 408
216 706
217 25
217 89
217 153
217 281
217 295
217 345
217 409
217 540
217 720
217 1012
217 1255
218 26
218 90
218 154
218 282
218 346
218 410
218 504
218 728
218 1123
219 27
219 91
219 155
219 283
219 347
219 411
219 663
219 1042
220 28
220 41
220 92
220 156
220 284
220 348
220 412
220 425
220 601
220 656
220 730
220 877
220 1060
221 29
221 93
221 157
221 285
221 349
221 413
222 30
222 82
222 94
222 158
222 286
222 350
222 414
223 31
223 95
223 159
223 268
223 275
223 287
223 351
223 415
223 674
223 704
223 738
223 751
223 887
223 1271
224 32
224 78
224 96
224 160
224 288
224 352
224 416
224 782
225 33
225 97
225 161
225 289
225 353
225 417
225 796
225 833
226 34
226 68
226 98
226 162
226 290
226 354
226 418
226 503
227 35
227 99
227 163
227 291
227 355
227 419
227 464
227 739
227 765
227 1049
227 1112
227 1192
228 36
228 59
228 100
228 164
228 208
228 292
228 356
228 420
228 808
228 920
228 955
228 1108
228 1251
229 37
229 101
229 165
229 292
229 293
229 357
229 421
229 768
229 834
229 1138
229 1204
230 38
230 102
230 166
230 294
230 358
230 422
231 39
231 103
231 167
231 212
231 295
231 359
231 415
231 423
231 468
231 690
231 829
231 1074
232 40
232 104
232 168
232 296
232 360
232 424
232 530
232 1119
233 41
233 105
233 169
233 297
233 361
233 425
233 917
234 42
234 106
234 170
234 298
234 362
234 426
234 989
235 107
235 171
235 299
236 44
236 108
236 115
236 172
236 300
236 364
236 428
236 501
236 819
236 1008
236 1151
237 45
237 109
237 173
237 301
237 348
237 365
237 429
237 863
237 1044
238 110
238 174
238 302
238 366
238 430
238 1070
238 1084
238 1212
239 47
239 111
239 164
239 175
239 247
239 303
239 367
239 431
239 896
240 48
240 90
240 112
240 176
240 291
240 304
240 368
240 432
240 880
241 49
241 113
241 177
241 305
241 336
241 369
241 433
241 547
241 784
242 50
242 114
242 178
242 306
242 370
242 434
243 60
243 115
243 179
243 307
243 371
243 435
243 497
243 556
243 884
243 1048
243 1128
243 1145
244 52
244 116
244 180
244 213
244 308
244 372
244 436
244 500
244 565
245 53
245 85
245 117
245 181
245 309
245 373
245 437
245 1232
245 1269
246 54
246 118
246 182
246 310
246 325
246 352
246 374
246 438
247 55
247 119
247 164
247 183
247 239
247 311
247 375
247 439
247 896
248 46
248 57
248 120
248 184
248 251
248 312
248 376
248 440
248 492
248 536
248 1004
249 121
249 185
249 313
249 377
249 446
249 761
250 58
250 122
250 186
250 314
250 378
250 684
250 1017
250 1147
250 1203
250 1272
251 46
251 57
251 59
251 123
251 187
251 248
251 315
251 379
251 492
251 536
251 1004
252 60
252 107
252 124
252 188
252 316
252 376
252 380
252 444
252 568
252 743
252 752
253 25
253 61
253 125
253 189
253 317
253 381
253 445
253 642
253 851
254 124
254 126
254 190
254 318
254 382
255 127
255 191
255 319
255 383
255 755
256 61
256 64
256 128
256 192
256 277
256 320
256 384
256 434
256 448
256 725
256 794
256 1050
256 1264
257 65
257 129
257 193
257 321
257 385
257 449
258 37
258 66
258 130
258 194
258 322
258 384
258 386
258 450
258 485
258 626
258 818
258 1155
259 67
259 131
259 195
259 323
259 387
259 451
259 850
260 19
260 68
260 132
260 196
260 324
260 339
260 350
260 388
260 452
260 1125
260 1197
261 69
261 133
261 197
261 325
261 389
261 453
262 6
262 70
262 134
262 198
262 326
262 390
262 454
262 518
262 582
262 646
262 710
262 774
262 838
262 843
262 902
262 907
262 966
262 971
262 1030
262 1035
262 1094
262 1099
262 1158
262 1222
263 71
263 135
263 199
263 327
263 391
263 455
264 8
264 11
264 13
264 72
264 75
264 77
264 136
264 139
264 141
264 200
264 203
264 205
264 269
264 328
264 331
264 333
264 392
264 397
264 456
264 461
264 520
264 525
264 584
264 589
264 648
264 651
264 653
264 712
264 715
264 717
264 776
264 779
264 781
264 840
264 845
264 904
264 909
264 968
264 973
264 1032
264 1037
264 1096
264 1101
265 9
265 73
265 136
265 137
265 201
265 329
265 393
265 457
265 521
265 585
265 649
265 713
265 777
265 841
265 905
265 969
265 1033
265 1097
265 1161
265 1225
266 74
266 138
266 202
266 330
266 394
266 458
267 75
267 139
267 203
267 331
267 395
267 459
268 76
268 140
268 204
268 223
268 275
268 332
268 396
268 460
268 674
268 704
268 738
268 751
268 887
268 1271
269 11
269 13
269 75
269 77
269 139
269 141
269 203
269 205
269 264
269 328
269 333
269 397
269 456
269 461
269 520
269 525
269 584
269 589
269 648
269 651
269 653
269 712
269 715
269 717
269 776
269 779
269 781
269 840
269 843
269 845
269 904
269 909
269 968
269 971
269 973
269 1032
269 1035
269 1037
269 1096
269 1101
269 1165
269 1229
270 78
270 142
270 206
270 334
270 398
270 462
271 79
271 143
271 207
271 335
271 399
271 463
271 1231
272 80
272 144
272 208
272 336
272 400
272 464
272 474
272 509
272 551
272 632
272 867
272 1177
273 81
273 145
273 209
273 337
273 401
273 465
274 82
274 146
274 210
274 338
274 402
274 466
275 83
275 147
275 211
275 223
275 268
275 339
275 403
275 467
275 674
275 704
275 738
275 751
275 887
275 1271
276 84
276 128
276 148
276 212
276 340
276 404
276 468
276 681
276 893
276 1202
276 1241
277 61
277 85
277 149
277 213
277 256
277 341
277 405
277 434
277 469
277 725
277 794
277 1050
277 1264
278 86
278 150
278 214
278 342
278 406
278 470
279 87
279 151
279 215
279 343
279 407
279 471
279 842
279 1116
280 88
280 152
280 216
280 344
280 408
280 472
281 89
281 153
281 217
281 345
281 409
281 473
281 821
281 1077
282 39
282 90
282 154
282 218
282 311
282 346
282 410
282 474
282 912
283 91
283 155
283 219
283 347
283 411
283 475
284 92
284 156
284 220
284 348
284 412
284 476
284 806
284 972
285 93
285 157
285 221
285 349
285 413
285 458
285 477
286 4
286 94
286 158
286 222
286 340
286 350
286 414
286 478
286 921
286 1216
287 95
287 159
287 223
287 309
287 351
287 415
287 479
287 922
287 932
287 956
288 96
288 160
288 224
288 352
288 416
288 480
288 771
289 97
289 161
289 225
289 353
289 417
289 481
289 618
290 98
290 162
290 226
290 354
290 418
290 482
290 580
291 90
291 99
291 163
291 227
291 240
291 355
291 419
291 483
291 880
292 100
292 164
292 228
292 229
292 293
292 356
292 420
292 484
292 768
292 834
292 1138
292 1204
293 101
293 165
293 229
293 292
293 357
293 421
293 485
293 768
293 834
293 1138
293 1204
294 102
294 166
294 230
294 358
294 422
294 486
294 1066
294 1217
295 103
295 167
295 217
295 231
295 359
295 423
295 487
295 540
295 720
295 1012
295 1255
296 104
296 168
296 232
296 360
296 424
296 488
297 105
297 169
297 233
297 361
297 425
297 450
297 489
297 546
297 770
297 882
298 106
298 170
298 234
298 362
298 426
298 490
299 235
300 92
300 108
300 172
300 236
300 364
300 428
300 429
300 492
300 852
300 942
301 109
301 152
301 173
301 237
301 360
301 365
301 419
301 424
301 429
301 493
301 686
302 174
302 238
302 366
302 430
302 499
302 561
302 828
303 111
303 175
303 239
303 358
303 367
303 431
303 495
303 539
304 112
304 176
304 240
304 368
304 432
304 496
305 177
305 185
305 241
305 369
305 433
305 497
306 114
306 159
306 165
306 178
306 242
306 370
306 434
306 482
306 498
306 788
307 56
307 115
307 123
307 179
307 243
307 371
307 435
307 947
307 1081
308 45
308 116
308 180
308 244
308 372
308 436
308 500
308 1247
309 117
309 181
309 245
309 287
309 373
309 437
309 501
309 922
309 932
309 956
310 118
310 182
310 246
310 374
310 438
310 502
311 39
311 119
311 183
311 247
311 282
311 375
311 439
311 503
311 912
312 120
312 184
312 248
312 376
312 440
312 504
312 627
312 1256
313 185
313 249
313 377
313 441
313 496
314 43
314 186
314 250
314 378
314 442
314 1023
315 80
315 123
315 172
315 187
315 251
315 373
315 379
315 443
315 507
316 62
316 188
316 252
316 380
316 444
316 575
316 683
316 816
317 125
317 183
317 189
317 253
317 344
317 381
317 409
317 445
317 509
317 567
317 611
317 688
318 254
318 382
318 446
319 191
319 255
319 383
319 447
319 638
319 639
319 1086
320 34
320 128
320 162
320 192
320 256
320 384
320 448
320 484
320 512
320 836
321 129
321 193
321 257
321 385
321 449
321 513
322 26
322 130
322 194
322 258
322 386
322 450
322 514
322 750
323 131
323 195
323 259
323 387
323 451
323 452
323 515
323 734
323 1043
324 132
324 196
324 260
324 388
324 452
324 516
324 607
325 133
325 182
325 197
325 246
325 261
325 352
325 389
325 453
325 517
326 6
326 70
326 134
326 198
326 262
326 390
326 454
326 518
326 582
326 646
326 710
326 774
326 838
326 843
326 902
326 907
326 966
326 971
326 1030
326 1035
326 1094
326 1099
326 1158
326 1163
326 1222
327 135
327 199
327 263
327 391
327 455
327 519
327 1130
328 8
328 11
328 75
328 136
328 137
328 139
328 141
328 200
328 203
328 264
328 269
328 331
328 333
328 392
328 397
328 456
328 461
328 520
328 525
328 584
328 648
328 651
328 653
328 712
328 715
328 717
328 776
328 781
328 840
328 845
328 904
328 968
328 973
328 1032
328 1037
328 1096
328 1160
328 1165
328 1224
329 9
329 73
329 136
329 137
329 201
329 265
329 393
329 457
329 521
329 585
329 649
329 713
329 777
329 841
329 905
329 969
329 1033
329 1097
329 1161
329 1225
330 138
330 202
330 266
330 338
330 394
330 418
330 458
330 522
331 8
331 11
331 75
331 137
331 139
331 200
331 203
331 264
331 267
331 328
331 392
331 395
331 456
331 459
331 520
331 523
331 525
331 584
331 651
331 712
331 717
331 776
331 781
331 845
331 968
331 973
331 1032
331 1037
331 1160
331 1224
332 140
332 204
332 268
332 396
332 460
332 524
332 659
332 1218
333 11
333 13
333 75
333 77
333 141
333 203
333 205
333 264
333 269
333 328
333 397
333 456
333 461
333 525
333 584
333 589
333 648
333 651
333 653
333 712
333 715
333 717
333 776
333 779
333 781
333 840
333 843
333 845
333 904
333 909
333 968
333 971
333 973
333 1032
333 1035
333 1037
333 1096
333 1101
333 1160
333 1163
333 1165
333 1229
334 142
334 206
334 270
334 398
334 462
334 526
335 143
335 207
335 271
335 399
335 463
335 470
335 515
335 527
336 144
336 208
336 241
336 272
336 400
336 464
336 528
336 547
336 784
337 145
337 209
337 273
337 401
337 465
337 529
338 146
338 210
338 274
338 330
338 402
338 418
338 466
338 530
339 19
339 147
339 211
339 260
339 275
339 350
339 403
339 467
339 531
339 1125
339 1197
340 4
340 148
340 212
340 276
340 286
340 404
340 468
340 532
340 921
340 1216
341 149
341 213
341 277
341 405
341 469
341 533
341 558
342 150
342 214
342 278
342 406
342 470
342 534
343 151
343 215
343 279
343 407
343 471
343 535
344 152
344 183
344 216
344 280
344 317
344 408
344 409
344 472
344 536
344 567
344 611
344 688
345 153
345 217
345 281
345 409
345 473
345 537
345 1022
346 35
346 114
346 154
346 218
346 282
346 400
346 410
346 474
346 498
346 538
346 802
347 7
347 155
347 219
347 283
347 411
347 475
347 539
348 156
348 220
348 237
348 284
348 412
348 476
348 540
348 863
348 1044
349 157
349 221
349 285
349 413
349 477
349 541
350 19
350 158
350 222
350 260
350 286
350 339
350 414
350 478
350 542
350 1125
350 1197
351 30
351 159
351 223
351 287
351 415
351 440
351 479
351 543
351 872
351 1176
352 160
352 182
352 224
352 246
352 288
352 325
352 416
352 480
352 544
353 161
353 225
353 289
353 411
353 417
353 481
353 545
354 162
354 226
354 290
354 418
354 482
354 546
354 559
355 163
355 227
355 291
355 419
355 483
355 507
355 547
355 620
355 952
355 1273
356 164
356 228
356 292
356 420
356 484
356 548
356 578
356 948
357 165
357 229
357 293
357 421
357 485
357 549
357 729
357 741
358 166
358 230
358 294
358 303
358 422
358 486
358 539
358 550
359 167
359 231
359 295
359 423
359 487
359 551
359 615
359 805
359 891
359 1015
360 152
360 168
360 232
360 296
360 301
360 419
360 424
360 488
360 552
360 686
361 169
361 233
361 297
361 425
361 489
361 553
362 170
362 234
362 298
362 426
362 490
362 554
363 427
364 172
364 188
364 236
364 300
364 366
364 371
364 428
364 492
364 826
365 64
365 173
365 237
365 301
365 429
365 493
365 548
365 557
365 640
365 1021
366 174
366 188
366 238
366 302
366 364
366 371
366 430
366 494
366 826
367 175
367 239
367 303
367 431
367 495
367 559
368 44
368 49
368 176
368 240
368 304
368 432
368 496
368 560
368 878
368 881
368 976
369 177
369 241
369 305
369 433
369 497
369 561
370 178
370 242
370 306
370 434
370 498
370 562
370 604
371 179
371 188
371 243
371 307
371 364
371 366
371 435
371 499
371 826
372 180
372 244
372 308
372 436
372 500
372 564
372 660
373 80
373 172
373 181
373 245
373 309
373 315
373 437
373 501
373 565
374 182
374 246
374 310
374 438
374 502
374 566
375 117
375 149
375 183
375 247
375 311
375 439
375 503
375 567
375 1090
376 107
376 184
376 248
376 252
376 312
376 440
376 504
376 568
376 743
376 752
377 249
377 313
377 441
377 505
377 1279
378 250
378 314
378 442
379 251
379 315
379 443
379 507
379 555
379 1072
380 125
380 252
380 316
380 444
380 508
381 179
381 189
381 253
381 317
381 408
381 445
381 509
381 528
381 573
381 692
381 1016
381 1262
382 254
382 318
382 446
382 510
382 748
382 811
382 945
383 255
383 319
383 447
383 511
383 1067
384 37
384 130
384 192
384 256
384 258
384 320
384 448
384 485
384 512
384 576
384 626
384 818
384 1155
385 193
385 257
385 321
385 449
385 513
385 577
385 678
386 194
386 258
386 322
386 404
386 450
386 514
386 578
386 679
387 33
387 195
387 259
387 323
387 451
387 515
387 579
387 929
388 196
388 260
388 324
388 452
388 516
388 580
388 610
388 612
388 685
388 1107
388 1113
389 133
389 197
389 261
389 325
389 453
389 517
389 581
390 6
390 70
390 134
390 198
390 262
390 326
390 454
390 518
390 582
390 646
390 710
390 774
390 838
390 843
390 902
390 907
390 966
390 971
390 1030
390 1035
390 1094
390 1099
390 1158
390 1163
390 1222
390 1227
391 199
391 263
391 327
391 455
391 519
391 583
391 975
392 8
392 11
392 72
392 75
392 137
392 139
392 200
392 203
392 264
392 328
392 331
392 456
392 520
392 525
392 584
392 651
392 1032
392 1160
392 1224
393 9
393 73
393 136
393 201
393 265
393 329
393 457
393 521
393 585
393 649
393 713
393 777
393 841
393 905
393 969
393 1033
393 1097
393 1161
393 1225
394 202
394 266
394 330
394 458
394 522
394 586
395 203
395 267
395 331
395 459
395 523
395 587
396 204
396 268
396 332
396 460
396 524
396 588
396 659
396 1218
397 11
397 13
397 75
397 77
397 139
397 141
397 203
397 205
397 264
397 269
397 328
397 333
397 456
397 461
397 520
397 525
397 584
397 589
397 648
397 651
397 653
397 712
397 715
397 717
397 776
397 779
397 781
397 840
397 843
397 845
397 904
397 909
397 968
397 971
397 973
397 1032
397 1035
397 1037
397 1096
397 1101
397 1160
397 1163
397 1165
397 1227
397 1229
398 206
398 270
398 334
398 462
398 526
398 590
399 207
399 271
399 335
399 463
399 475
399 527
399 591
400 35
400 114
400 208
400 272
400 336
400 346
400 464
400 498
400 528
400 592
400 802
401 209
401 273
401 337
401 465
401 529
401 593
402 0
402 210
402 274
402 338
402 466
402 516
402 530
402 594
402 1171
403 211
403 275
403 339
403 467
403 531
403 595
404 212
404 276
404 340
404 386
404 468
404 532
404 596
404 679
405 213
405 277
405 341
405 469
405 533
405 597
406 1
406 214
406 278
406 342
406 470
406 534
406 598
407 23
407 215
407 279
407 343
407 471
407 535
407 599
408 179
408 216
408 280
408 344
408 381
408 472
408 528
408 536
408 600
408 692
408 1016
408 1262
409 183
409 217
409 281
409 317
409 344
409 345
409 473
409 537
409 567
409 601
409 611
409 688
410 218
410 282
410 346
410 437
410 439
410 474
410 538
410 602
410 792
410 949
410 999
410 1063
411 219
411 283
411 347
411 353
411 475
411 539
411 603
412 101
412 220
412 284
412 348
412 476
412 540
412 604
412 1187
412 1253
413 221
413 285
413 349
413 477
413 541
413 605
413 733
413 1091
414 146
414 222
414 286
414 350
414 478
414 542
414 606
415 212
415 223
415 231
415 287
415 351
415 468
415 479
415 543
415 607
415 690
415 829
415 1074
416 224
416 288
416 352
416 480
416 544
416 608
417 225
417 289
417 353
417 481
417 545
417 609
417 652
418 226
418 290
418 330
418 338
418 354
418 482
418 546
418 610
419 152
419 227
419 291
419 301
419 355
419 360
419 424
419 483
419 547
419 611
419 686
420 66
420 228
420 292
420 356
420 484
420 548
420 612
420 832
420 898
421 83
421 229
421 293
421 357
421 485
421 542
421 549
421 613
421 803
421 860
422 230
422 294
422 358
422 486
422 550
422 595
422 614
423 231
423 295
423 359
423 435
423 487
423 532
423 551
423 562
423 615
423 702
423 1073
423 1267
424 152
424 232
424 296
424 301
424 360
424 419
424 488
424 552
424 616
424 686
425 41
425 220
425 233
425 297
425 361
425 489
425 553
425 601
425 617
425 656
425 730
425 877
425 1060
426 234
426 298
426 362
426 490
426 541
426 554
426 618
426 1190
427 363
427 491
427 619
428 113
428 236
428 300
428 364
428 492
428 552
428 556
428 1003
428 1146
429 92
429 237
429 300
429 301
429 365
429 493
429 557
429 621
429 852
429 942
430 52
430 238
430 302
430 366
430 494
430 537
430 558
430 622
430 1127
431 239
431 303
431 367
431 495
431 559
431 623
431 993
431 1028
432 116
432 240
432 304
432 368
432 436
432 496
432 560
432 1019
432 1214
433 241
433 305
433 369
433 497
433 561
433 625
433 1278
434 61
434 242
434 256
434 277
434 306
434 370
434 498
434 562
434 626
434 725
434 794
434 1050
434 1264
435 243
435 307
435 371
435 423
435 499
435 532
435 562
435 563
435 627
435 702
435 1073
435 1267
436 116
436 244
436 308
436 372
436 432
436 500
436 564
436 628
436 1019
436 1214
437 245
437 309
437 373
437 410
437 439
437 501
437 565
437 629
437 792
437 949
437 999
437 1063
438 246
438 310
438 374
438 502
438 566
438 630
439 247
439 311
439 375
439 410
439 437
439 503
439 567
439 631
439 792
439 949
439 999
439 1063
440 30
440 248
440 312
440 351
440 376
440 504
440 568
440 632
440 872
440 1176
441 313
441 377
441 505
441 508
441 569
441 624
442 314
442 378
442 506
442 570
443 186
443 315
443 379
443 507
444 252
444 316
444 380
444 508
444 572
444 636
445 16
445 253
445 317
445 381
445 509
445 573
445 637
445 1196
446 249
446 318
446 382
446 510
446 574
446 761
447 319
447 383
447 511
447 575
448 256
448 320
448 384
448 512
448 576
448 640
448 757
448 869
449 257
449 321
449 385
449 513
449 577
449 641
449 1036
449 1180
450 258
450 297
450 322
450 386
450 514
450 546
450 578
450 642
450 770
450 882
451 259
451 323
451 387
451 515
451 579
451 643
451 1025
452 260
452 323
452 324
452 388
452 516
452 580
452 644
452 734
452 1043
453 261
453 325
453 389
453 517
453 581
453 608
453 645
453 837
453 938
454 6
454 70
454 134
454 198
454 262
454 326
454 390
454 518
454 582
454 646
454 710
454 774
454 838
454 843
454 902
454 907
454 966
454 971
454 1030
454 1035
454 1094
454 1099
454 1158
454 1163
454 1222
454 1227
455 214
455 263
455 327
455 391
455 519
455 583
455 647
456 8
456 11
456 13
456 75
456 77
456 139
456 141
456 203
456 205
456 264
456 269
456 328
456 331
456 333
456 392
456 397
456 461
456 520
456 525
456 584
456 589
456 648
456 651
456 653
456 712
456 715
456 717
456 776
456 781
456 840
456 845
456 904
456 968
456 973
456 1032
456 1037
456 1096
456 1160
456 1165
456 1224
456 1229
457 9
457 73
457 136
457 201
457 265
457 329
457 393
457 521
457 585
457 649
457 713
457 777
457 841
457 905
457 969
457 1033
457 1097
457 1161
457 1225
458 266
458 285
458 330
458 394
458 522
458 586
458 650
459 267
459 331
459 395
459 523
459 587
459 651
460 268
460 332
460 396
460 486
460 524
460 588
460 652
460 798
461 11
461 13
461 75
461 77
461 139
461 141
461 203
461 205
461 264
461 269
461 328
461 333
461 397
461 456
461 520
461 525
461 584
461 589
461 648
461 651
461 653
461 712
461 715
461 717
461 776
461 779
461 781
461 840
461 843
461 845
461 904
461 909
461 968
461 971
461 973
461 1032
461 1035
461 1037
461 1096
461 1101
461 1160
461 1163
461 1165
461 1227
461 1229
462 270
462 334
462 398
462 526
462 590
462 654
463 271
463 335
463 399
463 527
463 591
463 655
464 227
464 272
464 336
464 400
464 528
464 592
464 656
464 739
464 765
464 1049
464 1112
464 1192
465 273
465 337
465 401
465 529
465 593
465 657
466 274
466 338
466 402
466 530
466 594
466 658
466 979
467 275
467 339
467 403
467 531
467 595
467 659
467 1092
467 1106
468 212
468 231
468 276
468 340
468 404
468 415
468 532
468 596
468 660
468 690
468 829
468 1074
469 277
469 341
469 405
469 533
469 564
469 597
469 661
469 675
469 1148
470 278
470 335
470 342
470 406
470 515
470 534
470 598
470 662
471 279
471 343
471 407
471 535
471 594
471 599
471 655
471 663
471 1277
472 280
472 344
472 408
472 536
472 600
472 664
473 281
473 345
473 409
473 537
473 596
473 601
473 631
473 665
473 986
474 272
474 282
474 346
474 410
474 509
474 538
474 551
474 602
474 632
474 666
474 867
474 1177
475 283
475 347
475 399
475 411
475 539
475 603
475 667
476 284
476 348
476 412
476 540
476 604
476 628
476 668
476 745
476 946
477 285
477 349
477 413
477 541
477 605
477 669
478 286
478 350
478 414
478 542
478 606
478 670
478 1173
478 1193
479 12
479 287
479 351
479 415
479 543
479 607
479 671
479 1219
480 288
480 352
480 416
480 544
480 608
480 672
481 289
481 353
481 417
481 545
481 609
481 673
481 707
481 1051
482 159
482 165
482 178
482 290
482 306
482 354
482 418
482 546
482 610
482 674
482 788
483 291
483 355
483 419
483 547
483 611
483 675
483 809
483 871
484 34
484 162
484 292
484 320
484 356
484 420
484 548
484 612
484 676
484 836
485 37
485 130
485 258
485 293
485 357
485 384
485 421
485 549
485 613
485 626
485 677
485 818
485 1155
486 294
486 358
486 422
486 460
486 550
486 614
486 678
486 798
487 163
487 295
487 359
487 423
487 551
487 615
487 679
487 1058
487 1059
487 1260
488 296
488 360
488 424
488 552
488 616
488 680
488 756
488 997
489 173
489 297
489 361
489 425
489 553
489 617
489 681
489 1085
490 298
490 362
490 426
490 554
490 618
490 682
490 1071
490 1185
491 427
491 555
491 619
492 46
492 57
492 248
492 251
492 300
492 364
492 428
492 536
492 556
492 620
492 684
492 1004
493 301
493 365
493 429
493 557
493 621
493 685
494 366
494 430
494 558
494 622
494 686
495 303
495 367
495 431
495 550
495 559
495 623
495 687
496 304
496 313
496 368
496 432
496 560
496 624
496 688
497 60
497 243
497 305
497 369
497 433
497 556
497 561
497 625
497 689
497 884
497 1048
497 1128
497 1145
498 35
498 114
498 306
498 346
498 370
498 400
498 434
498 562
498 626
498 690
498 802
499 302
499 371
499 435
499 561
499 563
499 627
499 691
499 828
500 213
500 244
500 308
500 372
500 436
500 564
500 565
500 628
500 692
501 108
501 115
501 236
501 309
501 373
501 437
501 565
501 629
501 693
501 819
501 1008
501 1151
502 310
502 374
502 438
502 566
502 630
502 694
502 1038
503 68
503 226
503 311
503 375
503 439
503 567
503 631
503 695
504 218
504 312
504 376
504 440
504 568
504 632
504 696
504 728
504 1123
505 122
505 377
505 441
505 569
505 574
505 633
505 697
505 1274
506 442
506 570
507 315
507 355
507 379
507 443
507 571
507 620
507 635
507 699
507 952
507 1273
508 380
508 441
508 444
508 572
508 624
508 636
509 272
509 317
509 381
509 445
509 474
509 551
509 573
509 632
509 637
509 701
509 867
509 1177
510 382
510 446
510 574
510 638
510 702
510 1083
511 383
511 447
511 575
511 639
511 760
511 1215
512 104
512 147
512 320
512 384
512 448
512 576
512 640
512 691
512 704
512 1010
513 321
513 385
513 449
513 577
513 609
513 641
513 705
514 322
514 386
514 450
514 578
514 642
514 676
514 706
514 1006
514 1240
515 323
515 335
515 387
515 451
515 470
515 579
515 643
515 707
516 0
516 324
516 388
516 402
516 452
516 580
516 644
516 708
516 1171
517 325
517 389
517 453
517 581
517 645
517 709
518 6
518 70
518 134
518 198
518 262
518 326
518 390
518 454
518 582
518 646
518 710
518 774
518 838
518 843
518 902
518 907
518 966
518 971
518 1030
518 1035
518 1094
518 1099
518 1158
518 1163
518 1222
518 1227
519 327
519 391
519 455
519 583
519 647
519 711
520 8
520 11
520 75
520 137
520 139
520 203
520 264
520 269
520 328
520 331
520 392
520 397
520 456
520 461
520 525
520 584
520 648
520 651
520 712
520 715
520 717
520 776
520 781
520 840
520 845
520 968
520 973
520 1032
520 1037
520 1096
520 1160
520 1224
520 1229
521 9
521 73
521 136
521 201
521 265
521 329
521 393
521 457
521 585
521 649
521 713
521 777
521 841
521 905
521 969
521 1033
521 1097
521 1161
521 1225
522 330
522 394
522 458
522 586
522 650
522 714
522 1062
523 331
523 395
523 459
523 587
523 651
523 715
524 210
524 332
524 396
524 460
524 588
524 652
524 716
525 8
525 11
525 75
525 77
525 139
525 141
525 203
525 205
525 264
525 269
525 328
525 331
525 333
525 392
525 397
525 456
525 461
525 520
525 584
525 589
525 648
525 651
525 653
525 712
525 715
525 717
525 776
525 781
525 840
525 845
525 904
525 968
525 973
525 1032
525 1037
525 1096
525 1160
525 1165
525 1224
525 1229
526 334
526 398
526 462
526 590
526 654
526 718
527 335
527 399
527 463
527 591
527 655
527 719
527 1239
528 179
528 336
528 381
528 400
528 408
528 464
528 592
528 656
528 692
528 720
528 1016
528 1262
529 337
529 401
529 465
529 593
529 657
529 721
530 232
530 338
530 402
530 466
530 594
530 658
530 722
530 1119
531 339
531 403
531 467
531 595
531 659
531 723
531 1055
531 1079
532 340
532 404
532 423
532 435
532 468
532 562
532 596
532 660
532 702
532 724
532 1073
532 1267
533 20
533 88
533 341
533 405
533 469
533 597
533 619
533 661
533 693
533 725
533 749
533 856
533 935
533 1191
534 342
534 406
534 470
534 598
534 662
534 726
535 343
535 407
535 471
535 599
535 663
535 667
535 727
536 46
536 57
536 248
536 251
536 344
536 408
536 472
536 492
536 600
536 664
536 728
536 1004
537 52
537 345
537 409
537 430
537 473
537 601
537 665
537 729
537 1127
538 144
538 346
538 410
538 474
538 602
538 666
538 696
538 730
538 1168
539 303
539 347
539 358
539 411
539 475
539 603
539 667
539 731
540 217
540 295
540 348
540 412
540 476
540 604
540 668
540 720
540 732
540 1012
540 1255
541 349
541 413
541 426
541 477
541 554
541 605
541 669
541 733
541 1190
542 83
542 350
542 414
542 421
542 478
542 606
542 670
542 734
542 803
542 860
543 180
543 351
543 415
543 479
543 607
543 671
543 735
543 1209
544 352
544 416
544 480
544 608
544 672
544 736
545 15
545 353
545 417
545 481
545 609
545 673
545 705
545 737
545 987
545 988
545 1243
546 297
546 354
546 418
546 450
546 482
546 610
546 674
546 738
546 770
546 882
547 241
547 336
547 355
547 419
547 483
547 611
547 675
547 739
547 784
548 64
548 356
548 365
548 420
548 484
548 612
548 640
548 676
548 740
548 1021
549 357
549 421
549 485
549 613
549 677
549 741
550 358
550 422
550 486
550 495
550 614
550 678
550 742
551 272
551 359
551 423
551 474
551 487
551 509
551 615
551 632
551 679
551 743
551 867
551 1177
552 113
552 360
552 424
552 428
552 488
552 616
552 680
552 744
552 1003
552 1146
553 361
553 425
553 489
553 617
553 681
553 745
553 1242
554 362
554 426
554 490
554 541
554 618
554 682
554 746
554 1190
555 379
555 491
555 619
555 683
555 1072
556 60
556 243
556 428
556 492
556 497
556 620
556 684
556 748
556 884
556 1048
556 1128
556 1145
557 21
557 95
557 365
557 429
557 493
557 621
557 685
557 749
558 341
558 430
558 494
558 622
558 686
558 750
559 354
559 367
559 431
559 495
559 623
559 687
559 751
560 99
560 167
560 368
560 432
560 496
560 592
560 624
560 688
560 752
560 763
560 888
560 1201
561 302
561 369
561 433
561 497
561 499
561 625
561 689
561 753
561 828
562 370
562 423
562 434
562 435
562 498
562 532
562 626
562 690
562 702
562 754
562 1073
562 1267
563 435
563 499
563 627
563 691
563 697
563 1276
564 372
564 436
564 469
564 500
564 628
564 675
564 692
564 756
564 1148
565 213
565 244
565 373
565 437
565 500
565 501
565 629
565 693
565 757
566 374
566 438
566 502
566 630
566 694
566 758
566 1248
567 183
567 317
567 344
567 375
567 409
567 439
567 503
567 611
567 631
567 688
567 695
567 759
568 107
568 252
568 376
568 440
568 504
568 632
568 696
568 743
568 752
569 441
569 505
569 572
569 633
569 697
570 127
570 442
570 506
570 634
570 698
570 703
571 507
571 635
571 699
571 700
572 444
572 508
572 569
572 636
573 381
573 445
573 509
573 637
573 701
573 765
573 981
574 122
574 446
574 505
574 510
574 638
574 702
574 1274
575 62
575 316
575 447
575 511
575 639
575 683
575 703
575 816
576 384
576 448
576 512
576 640
576 704
576 744
576 768
576 978
576 1024
577 385
577 449
577 513
577 641
577 705
577 746
577 769
577 795
577 1054
578 356
578 386
578 450
578 514
578 642
578 706
578 770
578 948
579 387
579 451
579 515
579 643
579 707
579 759
579 771
579 1000
579 1109
579 1154
579 1266
580 290
580 388
580 452
580 516
580 644
580 708
580 772
581 389
581 453
581 517
581 645
581 709
581 773
582 6
582 70
582 134
582 198
582 262
582 326
582 390
582 454
582 518
582 646
582 710
582 774
582 838
582 843
582 902
582 907
582 966
582 971
582 1030
582 1035
582 1094
582 1099
582 1158
582 1163
582 1222
582 1227
583 391
583 455
583 519
583 647
583 711
583 775
584 8
584 11
584 13
584 75
584 77
584 139
584 141
584 203
584 205
584 264
584 269
584 328
584 331
584 333
584 392
584 397
584 456
584 461
584 520
584 525
584 589
584 648
584 651
584 653
584 712
584 715
584 717
584 776
584 779
584 781
584 840
584 845
584 904
584 909
584 968
584 973
584 1032
584 1037
584 1096
584 1101
584 1160
584 1165
584 1224
584 1229
585 9
585 73
585 136
585 201
585 265
585 329
585 393
585 457
585 521
585 649
585 713
585 777
585 841
585 905
585 969
585 1033
585 1097
585 1161
585 1225
586 131
586 394
586 458
586 522
586 616
586 650
586 714
586 778
586 1013
587 395
587 459
587 523
587 651
587 715
587 779
588 396
588 460
588 524
588 652
588 716
588 780
589 11
589 13
589 75
589 77
589 141
589 203
589 205
589 264
589 269
589 333
589 397
589 456
589 461
589 525
589 584
589 648
589 651
589 653
589 712
589 715
589 717
589 776
589 779
589 781
589 840
589 843
589 845
589 904
589 907
589 909
589 968
589 971
589 973
589 1032
589 1035
589 1037
589 1096
589 1099
589 1101
589 1163
589 1165
589 1227
589 1229
590 398
590 462
590 526
590 654
590 718
590 782
591 399
591 463
591 527
591 655
591 719
591 783
592 99
592 167
592 400
592 464
592 528
592 560
592 656
592 720
592 763
592 784
592 888
592 1201
593 401
593 465
593 529
593 657
593 721
593 785
594 402
594 466
594 471
594 530
594 655
594 658
594 722
594 786
594 1277
595 403
595 422
595 467
595 531
595 659
595 723
595 787
596 404
596 468
596 473
596 532
596 631
596 660
596 724
596 788
596 986
597 405
597 469
597 533
597 661
597 725
597 789
598 406
598 470
598 534
598 662
598 726
598 790
599 407
599 471
599 535
599 663
599 727
599 791
599 873
599 1213
600 408
600 472
600 536
600 602
600 664
600 728
600 792
601 41
601 220
601 409
601 425
601 473
601 537
601 656
601 665
601 729
601 730
601 793
601 877
601 1060
602 410
602 474
602 538
602 600
602 666
602 730
602 794
603 411
603 475
603 539
603 667
603 731
603 795
603 1118
604 370
604 412
604 476
604 540
604 668
604 732
604 796
605 413
605 477
605 541
605 669
605 733
605 797
605 1182
606 414
606 478
606 542
606 670
606 734
606 798
607 324
607 415
607 479
607 543
607 671
607 735
607 799
608 416
608 453
608 480
608 544
608 672
608 736
608 800
608 837
608 938
609 417
609 481
609 513
609 545
609 673
609 737
609 801
610 388
610 418
610 482
610 546
610 612
610 674
610 685
610 738
610 802
610 1107
610 1113
611 183
611 317
611 344
611 409
611 419
611 483
611 547
611 567
611 675
611 688
611 739
611 803
612 388
612 420
612 484
612 548
612 610
612 676
612 685
612 740
612 804
612 1107
612 1113
613 421
613 485
613 549
613 671
613 677
613 741
613 805
613 1001
613 1178
613 1237
614 422
614 486
614 550
614 678
614 742
614 806
614 1167
615 359
615 423
615 487
615 551
615 679
615 743
615 805
615 807
615 891
615 1015
616 131
616 424
616 488
616 552
616 586
616 680
616 744
616 808
616 1013
617 425
617 489
617 553
617 681
617 745
617 799
617 809
617 985
618 289
618 426
618 490
618 554
618 682
618 746
618 810
619 20
619 88
619 427
619 491
619 533
619 555
619 683
619 693
619 747
619 749
619 811
619 856
619 935
619 1191
620 355
620 492
620 507
620 556
620 684
620 748
620 812
620 952
620 1273
621 63
621 429
621 493
621 557
621 685
621 749
621 813
622 430
622 494
622 558
622 686
622 750
622 814
623 431
623 495
623 559
623 687
623 751
623 815
624 441
624 496
624 508
624 560
624 688
624 752
625 433
625 497
625 561
625 689
625 753
625 817
626 37
626 130
626 258
626 384
626 434
626 485
626 498
626 562
626 690
626 754
626 818
626 1155
627 312
627 435
627 499
627 563
627 691
627 755
627 819
627 1256
628 436
628 476
628 500
628 564
628 692
628 745
628 756
628 820
628 946
629 36
629 437
629 501
629 565
629 693
629 757
629 821
630 438
630 502
630 566
630 694
630 758
630 822
631 439
631 473
631 503
631 567
631 596
631 695
631 759
631 823
631 986
632 272
632 440
632 474
632 504
632 509
632 551
632 568
632 696
632 760
632 824
632 867
632 1177
633 177
633 505
633 569
633 697
633 761
634 570
634 698
635 507
635 571
635 698
635 699
635 763
635 767
635 827
635 895
636 444
636 508
636 572
636 699
636 700
636 764
636 828
636 959
636 1275
637 445
637 509
637 573
637 701
637 765
637 829
638 319
638 510
638 574
638 639
638 702
638 766
638 1086
639 319
639 511
639 575
639 638
639 703
639 767
639 1086
640 64
640 365
640 448
640 512
640 548
640 576
640 704
640 768
640 832
640 1021
641 449
641 513
641 577
641 705
641 769
641 833
642 25
642 253
642 450
642 514
642 578
642 706
642 770
642 834
642 851
643 451
643 515
643 579
643 707
643 771
643 835
644 40
644 452
644 516
644 580
644 708
644 772
644 836
645 5
645 453
645 517
645 581
645 709
645 773
645 837
646 6
646 70
646 134
646 198
646 262
646 326
646 390
646 454
646 518
646 582
646 710
646 774
646 838
646 902
646 907
646 966
646 971
646 1030
646 1094
646 1099
646 1158
646 1163
646 1222
646 1227
647 455
647 519
647 583
647 711
647 775
647 839
648 11
648 13
648 75
648 77
648 139
648 141
648 203
648 205
648 264
648 269
648 328
648 333
648 397
648 456
648 461
648 520
648 525
648 584
648 589
648 651
648 653
648 712
648 715
648 717
648 776
648 779
648 781
648 840
648 843
648 845
648 904
648 909
648 968
648 971
648 973
648 1032
648 1035
648 1037
648 1096
648 1101
648 1160
648 1163
648 1165
648 1227
648 1229
649 9
649 73
649 136
649 201
649 265
649 329
649 393
649 457
649 521
649 585
649 713
649 777
649 841
649 905
649 969
649 1033
649 1097
649 1161
649 1225
650 458
650 522
650 586
650 714
650 778
650 842
650 1188
651 8
651 11
651 75
651 77
651 139
651 141
651 203
651 205
651 264
651 269
651 328
651 331
651 333
651 392
651 397
651 456
651 459
651 461
651 520
651 523
651 525
651 584
651 587
651 589
651 648
651 653
651 712
651 715
651 717
651 776
651 779
651 781
651 840
651 843
651 845
651 904
651 968
651 973
651 1032
651 1037
651 1096
651 1160
651 1165
651 1224
651 1229
652 417
652 460
652 524
652 588
652 716
652 780
652 844
653 11
653 13
653 75
653 77
653 141
653 203
653 205
653 264
653 269
653 328
653 333
653 397
653 456
653 461
653 525
653 584
653 589
653 648
653 651
653 712
653 715
653 717
653 776
653 779
653 781
653 840
653 843
653 845
653 904
653 909
653 968
653 971
653 973
653 1032
653 1035
653 1037
653 1096
653 1101
653 1160
653 1163
653 1165
653 1227
653 1229
654 462
654 526
654 590
654 718
654 782
654 846
655 463
655 471
655 527
655 591
655 594
655 719
655 783
655 847
655 1277
656 41
656 220
656 425
656 464
656 528
656 592
656 601
656 720
656 730
656 784
656 848
656 877
656 1060
657 465
657 529
657 593
657 721
657 785
657 849
658 466
658 530
658 594
658 722
658 786
658 787
658 850
659 332
659 396
659 467
659 531
659 595
659 723
659 787
659 851
659 1218
660 372
660 468
660 532
660 596
660 724
660 788
660 852
661 194
661 469
661 533
661 597
661 724
661 725
661 789
661 853
662 470
662 534
662 598
662 726
662 790
662 854
663 219
663 471
663 535
663 599
663 727
663 791
663 855
663 1042
664 148
664 472
664 536
664 600
664 728
664 792
664 856
664 889
664 1200
665 473
665 537
665 601
665 729
665 793
665 857
665 862
665 868
665 984
666 144
666 474
666 538
666 602
666 696
666 730
666 794
666 858
666 1168
667 475
667 535
667 539
667 603
667 731
667 795
667 859
668 476
668 540
668 604
668 732
668 780
668 796
668 860
669 477
669 541
669 605
669 733
669 773
669 797
669 861
670 478
670 542
670 606
670 734
670 786
670 798
670 862
671 479
671 543
671 607
671 613
671 735
671 799
671 863
671 1001
671 1178
671 1237
672 480
672 544
672 608
672 736
672 800
672 864
673 481
673 545
673 609
673 737
673 801
673 865
674 223
674 268
674 275
674 482
674 546
674 610
674 704
674 738
674 751
674 802
674 866
674 887
674 1271
675 469
675 483
675 547
675 564
675 611
675 739
675 803
675 867
675 1148
676 484
676 514
676 548
676 612
676 740
676 804
676 868
676 1006
676 1240
677 31
677 485
677 549
677 613
677 741
677 805
677 869
677 933
677 994
678 385
678 486
678 550
678 614
678 742
678 806
678 870
679 386
679 404
679 487
679 551
679 615
679 743
679 807
679 871
680 488
680 552
680 616
680 744
680 808
680 872
680 1026
681 128
681 276
681 489
681 553
681 617
681 745
681 809
681 873
681 893
681 1202
681 1241
682 490
682 554
682 618
682 746
682 810
682 874
683 62
683 316
683 555
683 575
683 619
683 747
683 811
683 816
684 250
684 492
684 556
684 620
684 748
684 812
684 876
684 1017
684 1147
684 1203
684 1272
685 388
685 493
685 557
685 610
685 612
685 621
685 749
685 813
685 877
685 1107
685 1113
686 152
686 301
686 360
686 419
686 424
686 494
686 558
686 622
686 750
686 814
686 878
687 495
687 559
687 623
687 751
687 815
687 879
687 900
688 183
688 317
688 344
688 409
688 496
688 560
688 567
688 611
688 624
688 752
688 816
688 880
689 110
689 497
689 561
689 625
689 753
689 817
689 881
689 1210
690 212
690 231
690 415
690 468
690 498
690 562
690 626
690 754
690 818
690 829
690 882
690 1074
691 104
691 147
691 499
691 512
691 563
691 627
691 755
691 819
691 883
691 1010
692 179
692 381
692 408
692 500
692 528
692 564
692 628
692 756
692 820
692 884
692 1016
692 1262
693 20
693 88
693 501
693 533
693 565
693 619
693 629
693 749
693 757
693 821
693 856
693 885
693 935
693 1191
694 502
694 566
694 630
694 758
694 822
694 886
695 18
695 50
695 503
695 567
695 631
695 759
695 823
695 887
695 916
696 144
696 504
696 538
696 568
696 632
696 666
696 760
696 824
696 888
696 1168
697 505
697 563
697 569
697 633
697 761
697 825
697 889
697 1276
698 570
698 634
698 635
698 762
698 767
698 826
698 895
699 507
699 571
699 635
699 636
699 763
699 827
699 891
699 959
699 1275
700 571
700 636
700 764
700 828
701 509
701 573
701 637
701 765
701 829
701 893
701 1268
702 423
702 435
702 510
702 532
702 562
702 574
702 638
702 766
702 830
702 894
702 1073
702 1267
703 127
703 570
703 575
703 639
703 767
703 831
704 223
704 268
704 275
704 512
704 576
704 640
704 674
704 738
704 751
704 768
704 832
704 887
704 896
704 1271
705 15
705 513
705 545
705 577
705 641
705 769
705 833
705 897
705 987
705 988
705 1243
706 216
706 514
706 578
706 642
706 770
706 834
706 898
707 481
707 515
707 579
707 643
707 771
707 835
707 899
707 1051
708 516
708 580
708 644
708 732
708 772
708 836
708 900
708 1189
709 517
709 581
709 645
709 773
709 837
709 901
710 6
710 70
710 134
710 198
710 262
710 326
710 390
710 454
710 518
710 582
710 646
710 774
710 838
710 843
710 902
710 907
710 966
710 971
710 1030
710 1035
710 1094
710 1099
710 1158
710 1163
710 1222
710 1227
711 519
711 583
711 647
711 775
711 839
711 903
711 928
712 8
712 11
712 13
712 75
712 77
712 139
712 141
712 203
712 205
712 264
712 269
712 328
712 331
712 333
712 397
712 456
712 461
712 520
712 525
712 584
712 589
712 648
712 651
712 653
712 715
712 717
712 776
712 779
712 781
712 840
712 845
712 904
712 909
712 968
712 973
712 1032
712 1037
712 1096
712 1101
712 1160
712 1165
712 1224
712 1229
713 9
713 73
713 136
713 201
713 265
713 329
713 393
713 457
713 521
713 585
713 649
713 777
713 841
713 905
713 969
713 1033
713 1097
713 1161
713 1225
714 140
714 522
714 586
714 650
714 778
714 842
714 906
714 1088
714 1156
715 11
715 13
715 75
715 77
715 139
715 141
715 203
715 205
715 264
715 269
715 328
715 333
715 397
715 456
715 461
715 520
715 523
715 525
715 584
715 587
715 589
715 648
715 651
715 653
715 712
715 717
715 776
715 779
715 781
715 840
715 843
715 845
715 904
715 907
715 909
715 968
715 971
715 973
715 1032
715 1035
715 1037
715 1096
715 1101
715 1160
715 1163
715 1165
715 1227
715 1229
716 524
716 588
716 652
716 780
716 844
716 908
717 11
717 13
717 75
717 77
717 139
717 141
717 203
717 205
717 264
717 269
717 328
717 331
717 333
717 397
717 456
717 461
717 520
717 525
717 584
717 589
717 648
717 651
717 653
717 712
717 715
717 776
717 779
717 781
717 840
717 843
717 845
717 904
717 909
717 968
717 971
717 973
717 1032
717 1035
717 1037
717 1096
717 1101
717 1160
717 1165
717 1224
717 1229
718 526
718 590
718 654
718 782
718 846
718 910
719 527
719 591
719 655
719 783
719 847
719 911
720 217
720 295
720 528
720 540
720 592
720 656
720 784
720 848
720 912
720 1012
720 1255
721 32
721 529
721 593
721 657
721 785
721 849
721 913
722 530
722 594
722 658
722 786
722 850
722 914
723 531
723 595
723 659
723 787
723 851
723 915
724 194
724 532
724 596
724 660
724 661
724 788
724 852
724 916
725 61
725 256
725 277
725 434
725 533
725 597
725 661
725 789
725 794
725 853
725 917
725 1050
725 1264
726 534
726 598
726 662
726 790
726 854
726 918
727 535
727 599
727 663
727 791
727 855
727 919
727 951
728 218
728 504
728 536
728 600
728 664
728 792
728 856
728 920
728 1123
729 357
729 537
729 601
729 665
729 741
729 793
729 857
729 921
730 41
730 220
730 425
730 538
730 601
730 602
730 656
730 666
730 794
730 858
730 877
730 922
730 1060
731 539
731 603
731 667
731 795
731 859
731 923
732 540
732 604
732 668
732 708
732 796
732 860
732 924
732 1189
733 413
733 541
733 605
733 669
733 797
733 861
733 925
733 1091
734 323
734 452
734 542
734 606
734 670
734 798
734 862
734 926
734 1043
735 543
735 607
735 671
735 799
735 863
735 927
736 143
736 544
736 608
736 672
736 800
736 864
736 928
737 545
737 609
737 673
737 801
737 865
737 914
737 929
738 223
738 268
738 275
738 546
738 610
738 674
738 704
738 751
738 802
738 866
738 887
738 930
738 1271
739 227
739 464
739 547
739 611
739 675
739 765
739 803
739 867
739 931
739 1049
739 1112
739 1192
740 119
740 153
740 548
740 612
740 676
740 804
740 868
740 932
740 960
741 357
741 549
741 613
741 677
741 729
741 805
741 869
741 933
742 550
742 614
742 678
742 806
742 870
742 934
743 107
743 252
743 376
743 551
743 568
743 615
743 679
743 752
743 807
743 871
743 935
744 552
744 576
744 616
744 680
744 808
744 872
744 936
744 978
744 1024
745 476
745 553
745 617
745 628
745 681
745 809
745 873
745 937
745 946
746 554
746 577
746 618
746 682
746 795
746 810
746 874
746 938
746 1054
747 619
747 683
747 811
748 382
748 556
748 620
748 684
748 811
748 812
748 876
748 940
748 945
749 20
749 88
749 533
749 557
749 619
749 621
749 685
749 693
749 813
749 856
749 877
749 935
749 941
749 1191
750 26
750 322
750 558
750 622
750 686
750 814
750 878
750 942
751 223
751 268
751 275
751 559
751 623
751 674
751 687
751 704
751 738
751 815
751 879
751 887
751 943
751 1271
752 107
752 252
752 376
752 560
752 568
752 624
752 688
752 743
752 816
752 880
752 944
753 48
753 561
753 625
753 689
753 817
753 827
753 881
753 945
753 953
754 105
754 562
754 626
754 690
754 813
754 818
754 853
754 882
754 946
754 1064
755 255
755 627
755 691
755 819
755 883
756 488
756 564
756 628
756 692
756 820
756 884
756 948
756 997
757 448
757 565
757 629
757 693
757 821
757 869
757 885
757 949
758 566
758 630
758 694
758 822
758 886
758 950
758 1238
759 567
759 579
759 631
759 695
759 823
759 887
759 951
759 1000
759 1109
759 1154
759 1266
760 511
760 632
760 696
760 824
760 888
760 1215
761 249
761 446
761 633
761 697
761 825
761 889
761 953
762 126
762 698
762 826
762 890
762 1195
763 99
763 167
763 560
763 592
763 635
763 699
763 827
763 888
763 891
763 955
763 1201
764 187
764 636
764 700
764 828
764 892
764 956
765 227
765 464
765 573
765 637
765 701
765 739
765 829
765 893
765 957
765 1049
765 1112
765 1192
766 638
766 702
766 830
766 894
766 1068
766 1259
767 635
767 639
767 698
767 703
767 831
767 895
767 959
768 229
768 292
768 293
768 576
768 640
768 704
768 832
768 834
768 896
768 960
768 1138
768 1204
769 577
769 641
769 705
769 833
769 897
769 961
770 297
770 450
770 546
770 578
770 642
770 706
770 834
770 882
770 898
770 962
771 288
771 579
771 643
771 707
771 835
771 899
771 963
772 10
772 580
772 644
772 708
772 836
772 900
772 964
772 1207
773 581
773 645
773 669
773 709
773 837
773 901
773 965
774 6
774 70
774 134
774 198
774 262
774 326
774 390
774 454
774 518
774 582
774 646
774 710
774 838
774 843
774 902
774 907
774 966
774 971
774 1030
774 1035
774 1094
774 1099
774 1158
774 1163
774 1222
774 1227
775 583
775 647
775 711
775 839
775 903
775 967
775 1007
775 1226
776 8
776 11
776 13
776 75
776 77
776 139
776 141
776 203
776 205
776 264
776 269
776 328
776 331
776 333
776 397
776 456
776 461
776 520
776 525
776 584
776 589
776 648
776 651
776 653
776 712
776 715
776 717
776 779
776 781
776 840
776 843
776 845
776 904
776 909
776 968
776 973
776 1032
776 1035
776 1037
776 1096
776 1101
776 1160
776 1165
776 1224
776 1229
777 9
777 73
777 136
777 201
777 265
777 329
777 393
777 457
777 521
777 585
777 649
777 713
777 841
777 905
777 969
777 1033
777 1097
777 1161
777 1225
778 67
778 586
778 650
778 714
778 842
778 906
778 970
779 11
779 13
779 75
779 77
779 141
779 205
779 264
779 269
779 333
779 397
779 461
779 584
779 587
779 589
779 648
779 651
779 653
779 712
779 715
779 717
779 776
779 781
779 840
779 843
779 845
779 904
779 907
779 909
779 968
779 971
779 973
779 1032
779 1035
779 1037
779 1096
779 1099
779 1101
779 1163
779 1165
779 1227
779 1229
780 588
780 652
780 668
780 716
780 844
780 908
780 972
781 8
781 11
781 13
781 75
781 77
781 139
781 141
781 203
781 205
781 264
781 269
781 328
781 331
781 333
781 397
781 456
781 461
781 520
781 525
781 584
781 589
781 648
781 651
781 653
781 712
781 715
781 717
781 776
781 779
781 840
781 845
781 904
781 909
781 968
781 973
781 1032
781 1035
781 1037
781 1096
781 1101
781 1160
781 1165
781 1224
781 1229
782 78
782 224
782 590
782 654
782 718
782 846
782 910
782 974
783 74
783 591
783 655
783 719
783 847
783 911
783 975
784 241
784 336
784 547
784 592
784 656
784 720
784 848
784 912
784 976
785 593
785 657
785 721
785 849
785 913
785 977
786 594
786 658
786 670
786 722
786 850
786 914
786 978
787 595
787 658
787 659
787 723
787 851
787 915
787 979
788 159
788 165
788 178
788 306
788 482
788 596
788 660
788 724
788 852
788 916
788 980
789 168
789 597
789 661
789 725
789 853
789 917
789 981
789 1122
790 598
790 662
790 726
790 854
790 918
790 982
791 599
791 663
791 727
791 855
791 919
791 964
791 983
792 410
792 437
792 439
792 600
792 664
792 728
792 856
792 920
792 949
792 984
792 999
792 1063
793 601
793 665
793 729
793 824
793 857
793 921
793 936
793 985
793 1236
794 61
794 256
794 277
794 434
794 602
794 666
794 725
794 730
794 858
794 922
794 986
794 1050
794 1264
795 577
795 603
795 667
795 731
795 746
795 859
795 923
795 987
795 1054
796 225
796 604
796 668
796 732
796 833
796 860
796 924
796 988
797 605
797 669
797 733
797 861
797 925
797 989
797 1184
798 460
798 486
798 606
798 670
798 734
798 862
798 926
798 990
799 607
799 617
799 671
799 735
799 863
799 927
799 985
799 991
800 608
800 672
800 736
800 864
800 928
800 992
801 609
801 673
801 737
801 865
801 899
801 929
801 993
802 35
802 114
802 346
802 400
802 498
802 610
802 674
802 738
802 866
802 930
802 994
803 83
803 421
803 542
803 611
803 675
803 739
803 860
803 867
803 931
803 995
804 55
804 109
804 192
804 612
804 676
804 740
804 868
804 932
804 996
805 359
805 613
805 615
805 677
805 741
805 869
805 891
805 933
805 997
805 1015
806 284
806 614
806 678
806 742
806 870
806 934
806 972
806 998
807 53
807 615
807 679
807 743
807 871
807 935
807 999
807 1132
808 59
808 208
808 228
808 616
808 680
808 744
808 872
808 920
808 936
808 955
808 1000
808 1108
808 1251
809 483
809 617
809 681
809 745
809 871
809 873
809 937
809 1001
810 618
810 682
810 746
810 874
810 938
810 1002
810 1126
811 382
811 619
811 683
811 747
811 748
811 875
811 939
811 945
812 620
812 684
812 748
812 876
812 892
812 940
812 944
812 1004
813 105
813 621
813 685
813 749
813 754
813 853
813 877
813 941
813 1005
813 1064
814 622
814 686
814 750
814 878
814 894
814 942
814 1006
814 1134
815 623
815 687
815 751
815 870
815 879
815 943
815 1007
816 62
816 316
816 575
816 683
816 688
816 752
816 880
816 944
816 1008
817 625
817 689
817 753
817 881
817 945
817 1009
817 1082
817 1198
818 37
818 130
818 258
818 384
818 485
818 626
818 690
818 754
818 882
818 946
818 1010
818 1155
819 108
819 115
819 236
819 501
819 627
819 691
819 755
819 883
819 947
819 1008
819 1011
819 1151
820 628
820 692
820 756
820 884
820 885
820 948
820 1012
820 1027
821 281
821 629
821 693
821 757
821 885
821 949
821 1013
821 1077
822 630
822 694
822 758
822 886
822 950
822 1014
823 631
823 695
823 759
823 887
823 951
823 1015
823 1252
823 1257
824 632
824 696
824 760
824 793
824 888
824 936
824 952
824 1016
824 1236
825 697
825 761
825 889
825 953
825 1150
826 188
826 364
826 366
826 371
826 698
826 762
826 890
827 48
827 635
827 699
827 753
827 763
827 891
827 953
827 955
827 1019
828 302
828 499
828 561
828 636
828 700
828 764
828 892
828 956
829 212
829 231
829 415
829 468
829 637
829 690
829 701
829 765
829 893
829 957
829 1021
829 1074
830 702
830 766
830 831
830 894
830 958
830 1022
830 1139
831 703
831 767
831 830
831 895
831 959
831 1139
832 66
832 420
832 640
832 704
832 768
832 896
832 898
832 960
832 1024
833 225
833 641
833 705
833 769
833 796
833 897
833 961
833 1025
834 229
834 292
834 293
834 642
834 706
834 768
834 770
834 898
834 962
834 1026
834 1138
834 1204
835 643
835 707
835 771
835 899
835 963
835 1027
835 1249
836 34
836 162
836 320
836 484
836 644
836 708
836 772
836 900
836 964
836 1028
837 453
837 608
837 645
837 709
837 773
837 901
837 938
837 965
837 1029
838 6
838 70
838 134
838 198
838 262
838 326
838 390
838 454
838 518
838 582
838 646
838 710
838 774
838 843
838 902
838 907
838 966
838 971
838 1030
838 1035
838 1094
838 1099
838 1158
838 1163
838 1222
838 1227
839 647
839 711
839 775
839 903
839 967
839 1031
840 11
840 13
840 75
840 77
840 139
840 141
840 203
840 205
840 264
840 269
840 328
840 333
840 397
840 456
840 461
840 520
840 525
840 584
840 589
840 648
840 651
840 653
840 712
840 715
840 717
840 776
840 779
840 781
840 843
840 845
840 904
840 909
840 968
840 971
840 973
840 1032
840 1035
840 1037
840 1096
840 1101
840 1160
840 1163
840 1165
840 1227
840 1229
841 9
841 73
841 136
841 201
841 265
841 329
841 393
841 457
841 521
841 585
841 649
841 713
841 777
841 905
841 969
841 1033
841 1097
841 1161
841 1225
842 279
842 650
842 714
842 778
842 906
842 970
842 1034
842 1116
843 6
843 13
843 77
843 134
843 141
843 198
843 205
843 262
843 269
843 326
843 333
843 390
843 397
843 454
843 461
843 518
843 582
843 589
843 648
843 651
843 653
843 710
843 715
843 717
843 774
843 776
843 779
843 838
843 840
843 845
843 902
843 904
843 907
843 909
843 966
843 971
843 973
843 1030
843 1035
843 1037
843 1094
843 1096
843 1099
843 1101
843 1158
843 1163
843 1165
843 1222
843 1227
843 1229
844 652
844 716
844 780
844 908
844 972
844 1036
845 11
845 13
845 75
845 77
845 139
845 141
845 203
845 205
845 264
845 269
845 328
845 331
845 333
845 397
845 456
845 461
845 520
845 525
845 584
845 589
845 648
845 651
845 653
845 712
845 715
845 717
845 776
845 779
845 781
845 840
845 843
845 904
845 909
845 968
845 971
845 973
845 1032
845 1035
845 1037
845 1096
845 1101
845 1160
845 1165
845 1224
845 1229
846 654
846 718
846 782
846 910
846 974
846 1038
847 98
847 655
847 719
847 783
847 911
847 975
847 983
847 1039
848 24
848 154
848 156
848 656
848 720
848 784
848 912
848 976
848 1040
849 657
849 721
849 785
849 913
849 977
849 1041
850 259
850 658
850 722
850 786
850 914
850 978
850 1042
851 25
851 253
851 642
851 659
851 723
851 787
851 915
851 979
851 1043
852 92
852 300
852 429
852 660
852 724
852 788
852 916
852 942
852 980
852 1044
853 105
853 661
853 725
853 754
853 789
853 813
853 917
853 981
853 1045
853 1064
854 662
854 726
854 790
854 918
854 982
854 1046
855 663
855 727
855 791
855 919
855 983
855 1047
856 20
856 88
856 533
856 619
856 664
856 693
856 728
856 749
856 792
856 920
856 935
856 984
856 1048
856 1191
857 665
857 729
857 793
857 862
857 868
857 921
857 984
857 985
857 1049
858 666
858 730
858 794
858 922
858 986
858 1050
858 1104
859 667
859 731
859 795
859 923
859 987
859 1051
860 83
860 421
860 542
860 668
860 732
860 796
860 803
860 924
860 988
860 1052
861 215
861 669
861 733
861 797
861 925
861 989
861 1053
862 665
862 670
862 734
862 798
862 857
862 868
862 926
862 984
862 990
862 1054
863 237
863 348
863 671
863 735
863 799
863 927
863 991
863 1044
863 1055
864 672
864 736
864 800
864 928
864 992
864 1056
864 1174
865 673
865 737
865 801
865 929
865 993
865 1057
866 674
866 738
866 802
866 930
866 994
866 1058
867 272
867 474
867 509
867 551
867 632
867 675
867 739
867 803
867 931
867 995
867 1059
867 1177
868 665
868 676
868 740
868 804
868 857
868 862
868 932
868 984
868 996
868 1060
869 448
869 677
869 741
869 757
869 805
869 933
869 997
869 1061
870 678
870 742
870 806
870 815
870 934
870 998
870 1062
871 483
871 679
871 743
871 807
871 809
871 935
871 999
871 1063
872 30
872 351
872 440
872 680
872 744
872 808
872 936
872 1000
872 1064
872 1176
873 599
873 681
873 745
873 809
873 937
873 1001
873 1065
873 1213
874 682
874 746
874 810
874 938
874 1002
874 1066
875 811
875 939
876 184
876 684
876 748
876 812
876 940
876 1004
876 1068
876 1144
876 1261
877 41
877 220
877 425
877 601
877 656
877 685
877 730
877 749
877 813
877 941
877 1005
877 1060
877 1069
878 44
878 49
878 368
878 686
878 750
878 814
878 881
878 942
878 976
878 1006
878 1070
879 687
879 751
879 815
879 906
879 943
879 1007
879 1071
880 90
880 240
880 291
880 688
880 752
880 816
880 944
880 1008
880 1072
881 44
881 49
881 368
881 689
881 753
881 817
881 878
881 945
881 976
881 1009
881 1073
882 297
882 450
882 546
882 690
882 754
882 770
882 818
882 946
882 1010
882 1074
883 691
883 755
883 819
883 947
883 1011
884 60
884 243
884 497
884 556
884 692
884 756
884 820
884 948
884 1012
884 1048
884 1076
884 1128
884 1145
885 693
885 757
885 820
885 821
885 949
885 1013
885 1027
885 1077
886 694
886 758
886 822
886 950
886 1014
886 1078
887 223
887 268
887 275
887 674
887 695
887 704
887 738
887 751
887 759
887 823
887 951
887 1015
887 1079
887 1271
888 99
888 167
888 560
888 592
888 696
888 760
888 763
888 824
888 952
888 1016
888 1080
888 1201
889 148
889 664
889 697
889 761
889 825
889 953
889 1017
889 1081
889 1200
890 762
890 826
890 954
890 1018
890 1082
891 359
891 615
891 699
891 763
891 805
891 827
891 955
891 1015
891 1019
891 1083
892 764
892 812
892 828
892 944
892 956
892 1020
892 1084
893 128
893 276
893 681
893 701
893 765
893 829
893 957
893 1021
893 1085
893 1202
893 1241
894 702
894 766
894 814
894 830
894 958
894 1022
894 1086
894 1134
895 635
895 698
895 767
895 831
895 959
895 1023
896 164
896 239
896 247
896 704
896 768
896 832
896 960
896 1024
896 1088
897 705
897 769
897 833
897 961
897 1025
897 1089
898 66
898 420
898 706
898 770
898 832
898 834
898 962
898 1026
898 1090
899 707
899 771
899 801
899 835
899 963
899 1027
899 1091
900 687
900 708
900 772
900 836
900 964
900 1028
900 1092
901 709
901 773
901 837
901 965
901 1029
901 1093
902 6
902 70
902 134
902 198
902 262
902 326
902 390
902 454
902 518
902 582
902 646
902 710
902 774
902 838
902 843
902 907
902 966
902 971
902 1030
902 1035
902 1094
902 1099
902 1158
902 1163
902 1222
902 1227
903 118
903 711
903 775
903 839
903 967
903 1031
903 1095
904 13
904 75
904 77
904 141
904 203
904 205
904 264
904 269
904 328
904 333
904 397
904 456
904 461
904 525
904 584
904 589
904 648
904 651
904 653
904 712
904 715
904 717
904 776
904 779
904 781
904 840
904 843
904 845
904 907
904 909
904 968
904 971
904 973
904 1032
904 1035
904 1037
904 1096
904 1099
904 1101
904 1163
904 1165
904 1227
904 1229
905 9
905 73
905 136
905 201
905 265
905 329
905 393
905 457
905 521
905 585
905 649
905 713
905 777
905 841
905 969
905 1033
905 1097
905 1161
905 1225
906 714
906 778
906 842
906 879
906 970
906 1034
906 1098
907 70
907 77
907 134
907 198
907 205
907 262
907 326
907 390
907 454
907 518
907 582
907 589
907 646
907 710
907 715
907 774
907 779
907 838
907 843
907 902
907 904
907 909
907 966
907 971
907 1030
907 1035
907 1094
907 1099
907 1101
907 1158
907 1163
907 1222
907 1227
908 716
908 780
908 844
908 972
908 1036
908 1100
909 13
909 75
909 77
909 141
909 205
909 264
909 269
909 333
909 397
909 461
909 584
909 589
909 648
909 653
909 712
909 715
909 717
909 776
909 779
909 781
909 840
909 843
909 845
909 904
909 907
909 968
909 971
909 973
909 1035
909 1037
909 1096
909 1099
909 1101
909 1163
909 1165
909 1227
909 1229
910 718
910 782
910 846
910 974
910 1038
910 1102
911 719
911 783
911 847
911 975
911 1039
911 1103
912 39
912 282
912 311
912 720
912 784
912 848
912 976
912 1040
912 1104
913 721
913 785
913 849
913 977
913 1041
913 1105
914 722
914 737
914 786
914 850
914 978
914 1042
914 1106
915 723
915 787
915 851
915 979
915 1043
915 1107
916 18
916 50
916 695
916 724
916 788
916 852
916 980
916 1044
916 1108
917 233
917 725
917 789
917 853
917 981
917 1045
917 1109
918 726
918 790
918 854
918 982
918 1046
918 1110
919 727
919 791
919 855
919 924
919 983
919 1047
919 1111
920 59
920 208
920 228
920 728
920 792
920 808
920 856
920 955
920 984
920 1048
920 1108
920 1112
920 1251
921 4
921 286
921 340
921 729
921 793
921 857
921 985
921 1049
921 1113
921 1216
922 287
922 309
922 730
922 794
922 858
922 932
922 956
922 986
922 1050
922 1114
923 731
923 795
923 859
923 987
923 1031
923 1051
923 1115
924 732
924 796
924 860
924 919
924 988
924 1052
924 1116
925 733
925 797
925 861
925 989
925 1053
925 1117
926 734
926 798
926 862
926 990
926 1054
926 1118
926 1228
927 735
927 799
927 863
927 991
927 1055
927 1119
928 711
928 736
928 800
928 864
928 992
928 1056
928 1120
929 33
929 387
929 737
929 801
929 865
929 993
929 1057
929 1121
930 175
930 738
930 802
930 866
930 994
930 1058
930 1122
931 158
931 739
931 803
931 867
931 995
931 1059
931 1123
931 1170
932 287
932 309
932 740
932 804
932 868
932 922
932 956
932 996
932 1060
932 1124
933 31
933 677
933 741
933 805
933 869
933 994
933 997
933 1061
933 1125
934 742
934 806
934 870
934 998
934 1062
934 1126
935 20
935 88
935 533
935 619
935 693
935 743
935 749
935 807
935 856
935 871
935 999
935 1063
935 1127
935 1191
936 744
936 793
936 808
936 824
936 872
936 1000
936 1064
936 1128
936 1236
937 745
937 809
937 873
937 1001
937 1065
937 1129
938 453
938 608
938 746
938 810
938 837
938 874
938 1002
938 1066
938 1130
939 121
939 811
939 875
939 1003
939 1067
940 748
940 812
940 876
940 1004
940 1068
940 1132
941 749
941 813
941 877
941 1005
941 1069
941 1133
941 1140
941 1183
942 92
942 300
942 429
942 750
942 814
942 852
942 878
942 1006
942 1070
942 1134
943 751
943 815
943 879
943 1007
943 1071
943 1135
944 752
944 812
944 816
944 880
944 892
944 1008
944 1072
944 1136
945 382
945 748
945 753
945 811
945 817
945 881
945 1009
945 1073
945 1137
946 476
946 628
946 745
946 754
946 818
946 882
946 1010
946 1074
946 1138
947 56
947 123
947 307
947 819
947 883
947 1011
947 1081
948 356
948 578
948 756
948 820
948 884
948 1012
948 1076
948 1140
949 410
949 437
949 439
949 757
949 792
949 821
949 885
949 999
949 1013
949 1063
949 1077
949 1141
950 758
950 822
950 886
950 1014
950 1078
950 1142
951 727
951 759
951 823
951 887
951 1015
951 1079
951 1143
952 355
952 507
952 620
952 824
952 888
952 1016
952 1080
952 1144
952 1273
953 48
953 753
953 761
953 825
953 827
953 889
953 1017
953 1081
953 1145
954 890
954 1018
954 1082
955 59
955 208
955 228
955 763
955 808
955 827
955 891
955 920
955 1019
955 1083
955 1108
955 1147
955 1251
956 287
956 309
956 764
956 828
956 892
956 922
956 932
956 1020
956 1084
956 1148
957 211
957 765
957 829
957 893
957 1021
957 1085
957 1149
958 830
958 894
958 1022
958 1080
958 1086
958 1150
958 1265
959 636
959 699
959 767
959 831
959 895
959 1023
959 1087
959 1151
959 1275
960 119
960 153
960 740
960 768
960 832
960 896
960 1024
960 1088
960 1152
961 769
961 833
961 897
961 1025
961 1089
961 1153
962 94
962 770
962 834
962 898
962 1026
962 1090
962 1141
962 1154
962 1186
963 28
963 771
963 835
963 899
963 1027
963 1091
963 1155
964 772
964 791
964 836
964 900
964 1028
964 1092
964 1156
965 773
965 837
965 901
965 1029
965 1041
965 1093
965 1157
966 6
966 70
966 134
966 198
966 262
966 326
966 390
966 454
966 518
966 582
966 646
966 710
966 774
966 838
966 843
966 902
966 907
966 971
966 1030
966 1035
966 1094
966 1099
966 1158
966 1163
966 1222
966 1227
967 29
967 775
967 839
967 903
967 1031
967 1095
967 1159
968 11
968 75
968 139
968 141
968 203
968 205
968 264
968 269
968 328
968 331
968 333
968 397
968 456
968 461
968 520
968 525
968 584
968 589
968 648
968 651
968 653
968 712
968 715
968 717
968 776
968 779
968 781
968 840
968 845
968 904
968 909
968 973
968 1032
968 1037
968 1096
968 1101
968 1160
968 1165
968 1224
968 1229
969 9
969 73
969 136
969 201
969 265
969 329
969 393
969 457
969 521
969 585
969 649
969 713
969 777
969 841
969 905
969 1033
969 1097
969 1161
969 1225
970 778
970 842
970 906
970 1034
970 1098
970 1162
971 134
971 141
971 198
971 205
971 262
971 269
971 326
971 333
971 390
971 397
971 454
971 461
971 518
971 582
971 589
971 646
971 648
971 653
971 710
971 715
971 717
971 774
971 779
971 838
971 840
971 843
971 845
971 902
971 904
971 907
971 909
971 966
971 973
971 1030
971 1035
971 1094
971 1096
971 1099
971 1101
971 1158
971 1163
971 1165
971 1222
971 1227
971 1229
972 284
972 780
972 806
972 844
972 908
972 1036
972 1100
972 1164
973 75
973 139
973 141
973 203
973 205
973 264
973 269
973 328
973 331
973 333
973 397
973 456
973 461
973 520
973 525
973 584
973 589
973 648
973 651
973 653
973 712
973 715
973 717
973 776
973 779
973 781
973 840
973 843
973 845
973 904
973 909
973 968
973 971
973 1032
973 1035
973 1037
973 1096
973 1101
973 1160
973 1165
973 1224
973 1229
974 782
974 846
974 910
974 1038
974 1102
974 1166
975 391
975 783
975 847
975 911
975 1039
975 1103
975 1167
976 44
976 49
976 368
976 784
976 848
976 878
976 881
976 912
976 1040
976 1104
976 1168
977 785
977 849
977 913
977 1041
977 1105
977 1169
978 576
978 744
978 786
978 850
978 914
978 1024
978 1042
978 1106
978 1170
979 466
979 787
979 851
979 915
979 1043
979 1107
979 1171
980 189
980 788
980 852
980 916
980 1005
980 1044
980 1108
980 1172
981 573
981 789
981 853
981 917
981 1045
981 1109
981 1173
982 790
982 854
982 918
982 1046
982 1110
982 1174
983 98
983 791
983 847
983 855
983 919
983 1047
983 1111
983 1175
984 665
984 792
984 856
984 857
984 862
984 868
984 920
984 1048
984 1112
984 1176
985 617
985 793
985 799
985 857
985 921
985 1049
985 1113
985 1177
986 473
986 596
986 631
986 794
986 858
986 922
986 1050
986 1114
986 1178
987 15
987 545
987 705
987 795
987 859
987 923
987 988
987 1051
987 1115
987 1179
987 1243
988 15
988 545
988 705
988 796
988 860
988 924
988 987
988 1052
988 1116
988 1180
988 1243
989 234
989 797
989 861
989 925
989 1053
989 1117
989 1181
990 132
990 798
990 862
990 926
990 1054
990 1118
990 1182
991 799
991 863
991 927
991 1055
991 1065
991 1119
991 1183
992 800
992 864
992 928
992 1056
992 1120
992 1184
992 1246
993 431
993 801
993 865
993 929
993 1028
993 1057
993 1121
993 1185
994 31
994 677
994 802
994 866
994 930
994 933
994 1058
994 1122
994 1186
995 174
995 181
995 803
995 867
995 931
995 1059
995 1123
995 1187
996 804
996 868
996 932
996 1045
996 1060
996 1124
996 1188
997 488
997 756
997 805
997 869
997 933
997 1061
997 1125
997 1189
998 806
998 870
998 934
998 1062
998 1115
998 1126
998 1190
999 410
999 437
999 439
999 792
999 807
999 871
999 935
999 949
999 1063
999 1127
999 1191
1000 579
1000 759
1000 808
1000 872
1000 936
1000 1064
1000 1109
1000 1128
1000 1154
1000 1192
1000 1266
1001 613
1001 671
1001 809
1001 873
1001 937
1001 1065
1001 1129
1001 1178
1001 1193
1001 1237
1002 810
1002 874
1002 938
1002 1066
1002 1098
1002 1130
1002 1194
1003 113
1003 428
1003 552
1003 939
1003 1067
1003 1131
1003 1146
1004 46
1004 57
1004 248
1004 251
1004 492
1004 536
1004 812
1004 876
1004 940
1004 1068
1004 1132
1004 1196
1005 189
1005 813
1005 877
1005 941
1005 980
1005 1069
1005 1133
1005 1197
1006 514
1006 676
1006 814
1006 878
1006 942
1006 1070
1006 1134
1006 1198
1006 1240
1007 775
1007 815
1007 879
1007 943
1007 1071
1007 1135
1007 1199
1007 1226
1008 108
1008 115
1008 236
1008 501
1008 816
1008 819
1008 880
1008 944
1008 1072
1008 1136
1008 1151
1008 1200
1009 89
1009 817
1009 881
1009 945
1009 1073
1009 1137
1009 1201
1010 104
1010 147
1010 512
1010 691
1010 818
1010 882
1010 946
1010 1074
1010 1138
1010 1202
1011 819
1011 883
1011 947
1011 1075
1011 1139
1011 1203
1011 1211
1012 217
1012 295
1012 540
1012 720
1012 820
1012 884
1012 948
1012 1076
1012 1140
1012 1204
1012 1255
1013 131
1013 586
1013 616
1013 821
1013 885
1013 949
1013 1077
1013 1141
1013 1205
1014 822
1014 886
1014 950
1014 1078
1014 1142
1014 1206
1015 359
1015 615
1015 805
1015 823
1015 887
1015 891
1015 951
1015 1079
1015 1143
1015 1207
1016 179
1016 381
1016 408
1016 528
1016 692
1016 824
1016 888
1016 952
1016 1080
1016 1144
1016 1208
1016 1262
1017 250
1017 684
1017 889
1017 953
1017 1081
1017 1145
1017 1147
1017 1203
1017 1209
1017 1272
1018 890
1018 954
1018 1082
1018 1087
1018 1146
1019 116
1019 432
1019 436
1019 827
1019 891
1019 955
1019 1083
1019 1147
1019 1211
1019 1214
1020 892
1020 956
1020 1084
1020 1148
1021 64
1021 365
1021 548
1021 640
1021 829
1021 893
1021 957
1021 1085
1021 1149
1021 1213
1022 345
1022 830
1022 894
1022 958
1022 1086
1022 1150
1022 1214
1023 43
1023 314
1023 895
1023 959
1023 1087
1023 1151
1024 576
1024 744
1024 832
1024 896
1024 960
1024 978
1024 1088
1024 1152
1024 1216
1025 451
1025 833
1025 897
1025 961
1025 1089
1025 1153
1025 1217
1026 680
1026 834
1026 898
1026 962
1026 1090
1026 1154
1026 1218
1027 820
1027 835
1027 885
1027 899
1027 963
1027 1091
1027 1155
1027 1219
1028 431
1028 836
1028 900
1028 964
1028 993
1028 1092
1028 1156
1028 1220
1029 837
1029 901
1029 965
1029 1093
1029 1157
1029 1221
1030 6
1030 70
1030 134
1030 198
1030 262
1030 326
1030 390
1030 454
1030 518
1030 582
1030 646
1030 710
1030 774
1030 838
1030 843
1030 902
1030 907
1030 966
1030 971
1030 1035
1030 1094
1030 1099
1030 1158
1030 1163
1030 1222
1030 1227
1031 839
1031 903
1031 923
1031 967
1031 1095
1031 1159
1031 1223
1032 11
1032 75
1032 139
1032 203
1032 205
1032 264
1032 269
1032 328
1032 331
1032 333
1032 392
1032 397
1032 456
1032 461
1032 520
1032 525
1032 584
1032 589
1032 648
1032 651
1032 653
1032 712
1032 715
1032 717
1032 776
1032 779
1032 781
1032 840
1032 845
1032 904
1032 968
1032 973
1032 1037
1032 1096
1032 1101
1032 1160
1032 1165
1032 1224
1032 1229
1033 9
1033 73
1033 136
1033 201
1033 265
1033 329
1033 393
1033 457
1033 521
1033 585
1033 649
1033 713
1033 777
1033 841
1033 905
1033 969
1033 1097
1033 1161
1033 1225
1034 91
1034 842
1034 906
1034 970
1034 1098
1034 1162
1034 1226
1035 13
1035 198
1035 205
1035 262
1035 269
1035 326
1035 333
1035 390
1035 397
1035 454
1035 461
1035 518
1035 582
1035 589
1035 648
1035 653
1035 710
1035 715
1035 717
1035 774
1035 776
1035 779
1035 781
1035 838
1035 840
1035 843
1035 845
1035 902
1035 904
1035 907
1035 909
1035 966
1035 971
1035 973
1035 1030
1035 1037
1035 1094
1035 1096
1035 1099
1035 1101
1035 1158
1035 1163
1035 1165
1035 1222
1035 1227
1035 1229
1036 449
1036 844
1036 908
1036 972
1036 1100
1036 1164
1036 1180
1036 1228
1037 11
1037 75
1037 203
1037 205
1037 264
1037 269
1037 328
1037 331
1037 333
1037 397
1037 456
1037 461
1037 520
1037 525
1037 584
1037 589
1037 648
1037 651
1037 653
1037 712
1037 715
1037 717
1037 776
1037 779
1037 781
1037 840
1037 843
1037 845
1037 904
1037 909
1037 968
1037 973
1037 1032
1037 1035
1037 1096
1037 1101
1037 1160
1037 1165
1037 1224
1037 1229
1038 502
1038 846
1038 910
1038 974
1038 1102
1038 1166
1038 1230
1039 207
1039 847
1039 911
1039 975
1039 1103
1039 1167
1039 1231
1040 848
1040 912
1040 976
1040 1104
1040 1168
1040 1232
1041 849
1041 913
1041 965
1041 977
1041 1105
1041 1169
1041 1233
1042 219
1042 663
1042 850
1042 914
1042 978
1042 1106
1042 1170
1042 1234
1043 323
1043 452
1043 734
1043 851
1043 915
1043 979
1043 1107
1043 1171
1043 1235
1044 237
1044 348
1044 852
1044 863
1044 916
1044 980
1044 1108
1044 1172
1044 1236
1045 853
1045 917
1045 981
1045 996
1045 1109
1045 1173
1045 1237
1046 854
1046 918
1046 982
1046 1110
1046 1174
1046 1238
1047 855
1047 919
1047 983
1047 1111
1047 1121
1047 1175
1047 1239
1048 60
1048 243
1048 497
1048 556
1048 856
1048 884
1048 920
1048 984
1048 1112
1048 1128
1048 1145
1048 1176
1048 1240
1049 227
1049 464
1049 739
1049 765
1049 857
1049 921
1049 985
1049 1112
1049 1113
1049 1177
1049 1192
1049 1241
1050 61
1050 256
1050 277
1050 434
1050 725
1050 794
1050 858
1050 922
1050 986
1050 1114
1050 1178
1050 1242
1050 1264
1051 481
1051 707
1051 859
1051 923
1051 987
1051 1115
1051 1179
1051 1243
1052 84
1052 860
1052 924
1052 988
1052 1069
1052 1116
1052 1180
1052 1244
1053 861
1053 925
1053 989
1053 1117
1053 1164
1053 1181
1053 1245
1054 577
1054 746
1054 795
1054 862
1054 926
1054 990
1054 1118
1054 1182
1054 1246
1055 531
1055 863
1055 927
1055 991
1055 1079
1055 1119
1055 1183
1055 1247
1056 864
1056 928
1056 992
1056 1120
1056 1184
1056 1248
1057 865
1057 929
1057 993
1057 1121
1057 1185
1057 1249
1058 163
1058 487
1058 866
1058 930
1058 994
1058 1059
1058 1122
1058 1186
1058 1250
1058 1260
1059 163
1059 487
1059 867
1059 931
1059 995
1059 1058
1059 1123
1059 1187
1059 1251
1059 1260
1060 41
1060 220
1060 425
1060 601
1060 656
1060 730
1060 868
1060 877
1060 932
1060 996
1060 1124
1060 1188
1060 1252
1061 869
1061 933
1061 997
1061 1124
1061 1125
1061 1189
1061 1253
1062 522
1062 870
1062 934
1062 998
1062 1126
1062 1190
1062 1254
1063 410
1063 437
1063 439
1063 792
1063 871
1063 935
1063 949
1063 999
1063 1127
1063 1191
1063 1255
1064 105
1064 754
1064 813
1064 853
1064 872
1064 936
1064 1000
1064 1128
1064 1192
1064 1256
1065 873
1065 937
1065 991
1065 1001
1065 1129
1065 1193
1065 1257
1066 294
1066 874
1066 938
1066 1002
1066 1130
1066 1194
1066 1217
1066 1258
1067 383
1067 939
1067 1003
1067 1131
1067 1195
1068 766
1068 876
1068 940
1068 1004
1068 1132
1068 1196
1068 1259
1068 1260
1069 84
1069 877
1069 941
1069 1005
1069 1052
1069 1133
1069 1197
1069 1261
1070 238
1070 878
1070 942
1070 1006
1070 1084
1070 1134
1070 1198
1070 1212
1070 1262
1071 490
1071 879
1071 943
1071 1007
1071 1135
1071 1185
1071 1199
1071 1263
1072 379
1072 555
1072 880
1072 944
1072 1008
1072 1136
1072 1200
1072 1264
1073 423
1073 435
1073 532
1073 562
1073 702
1073 881
1073 945
1073 1009
1073 1137
1073 1201
1073 1265
1073 1267
1074 212
1074 231
1074 415
1074 468
1074 690
1074 829
1074 882
1074 946
1074 1010
1074 1138
1074 1202
1074 1266
1075 1011
1075 1139
1075 1203
1076 2
1076 884
1076 948
1076 1012
1076 1140
1076 1204
1076 1268
1077 281
1077 821
1077 885
1077 949
1077 1013
1077 1141
1077 1205
1077 1269
1078 886
1078 950
1078 1014
1078 1142
1078 1206
1078 1270
1079 531
1079 887
1079 951
1079 1015
1079 1055
1079 1143
1079 1207
1079 1271
1080 888
1080 952
1080 958
1080 1016
1080 1144
1080 1208
1080 1265
1080 1272
1081 56
1081 123
1081 307
1081 889
1081 947
1081 953
1081 1017
1081 1145
1081 1209
1082 817
1082 890
1082 954
1082 1018
1082 1146
1082 1198
1082 1210
1082 1274
1083 510
1083 891
1083 955
1083 1019
1083 1147
1083 1211
1083 1275
1084 238
1084 892
1084 956
1084 1020
1084 1070
1084 1148
1084 1212
1085 173
1085 489
1085 893
1085 957
1085 1021
1085 1149
1085 1213
1085 1277
1086 319
1086 638
1086 639
1086 894
1086 958
1086 1022
1086 1150
1086 1214
1086 1278
1087 959
1087 1018
1087 1023
1087 1151
1087 1215
1088 140
1088 714
1088 896
1088 960
1088 1024
1088 1152
1088 1156
1088 1216
1089 157
1089 204
1089 897
1089 961
1089 1025
1089 1153
1089 1217
1089 1244
1090 117
1090 149
1090 375
1090 898
1090 962
1090 1026
1090 1154
1090 1218
1091 413
1091 733
1091 899
1091 963
1091 1027
1091 1155
1091 1219
1092 467
1092 900
1092 964
1092 1028
1092 1106
1092 1156
1092 1220
1093 901
1093 965
1093 1029
1093 1157
1093 1221
1094 6
1094 70
1094 134
1094 198
1094 262
1094 326
1094 390
1094 454
1094 518
1094 582
1094 646
1094 710
1094 774
1094 838
1094 843
1094 902
1094 907
1094 966
1094 971
1094 1030
1094 1035
1094 1099
1094 1158
1094 1163
1094 1222
1094 1227
1095 903
1095 967
1095 1031
1095 1159
1095 1223
1096 13
1096 77
1096 141
1096 205
1096 264
1096 269
1096 328
1096 333
1096 397
1096 456
1096 461
1096 520
1096 525
1096 584
1096 589
1096 648
1096 651
1096 653
1096 712
1096 715
1096 717
1096 776
1096 779
1096 781
1096 840
1096 843
1096 845
1096 904
1096 909
1096 968
1096 971
1096 973
1096 1032
1096 1035
1096 1037
1096 1101
1096 1160
1096 1163
1096 1165
1096 1224
1096 1227
1096 1229
1097 9
1097 73
1097 136
1097 201
1097 265
1097 329
1097 393
1097 457
1097 521
1097 585
1097 649
1097 713
1097 777
1097 841
1097 905
1097 969
1097 1033
1097 1161
1097 1225
1098 906
1098 970
1098 1002
1098 1034
1098 1162
1098 1226
1099 262
1099 326
1099 390
1099 454
1099 518
1099 582
1099 589
1099 646
1099 710
1099 774
1099 779
1099 838
1099 843
1099 902
1099 904
1099 907
1099 909
1099 966
1099 971
1099 1030
1099 1035
1099 1094
1099 1101
1099 1158
1099 1163
1099 1222
1099 1227
1100 908
1100 972
1100 1036
1100 1164
1100 1228
1101 13
1101 77
1101 141
1101 205
1101 264
1101 269
1101 333
1101 397
1101 461
1101 584
1101 589
1101 648
1101 653
1101 712
1101 715
1101 717
1101 776
1101 779
1101 781
1101 840
1101 843
1101 845
1101 904
1101 907
1101 909
1101 968
1101 971
1101 973
1101 1032
1101 1035
1101 1037
1101 1096
1101 1099
1101 1163
1101 1165
1101 1227
1101 1229
1102 910
1102 974
1102 1038
1102 1166
1102 1230
1103 170
1103 911
1103 975
1103 1039
1103 1167
1103 1231
1104 858
1104 912
1104 976
1104 1040
1104 1168
1104 1232
1105 913
1105 977
1105 1041
1105 1169
1105 1233
1106 467
1106 914
1106 978
1106 1042
1106 1092
1106 1170
1106 1234
1107 388
1107 610
1107 612
1107 685
1107 915
1107 979
1107 1043
1107 1113
1107 1171
1107 1235
1108 59
1108 208
1108 228
1108 808
1108 916
1108 920
1108 955
1108 980
1108 1044
1108 1172
1108 1236
1108 1251
1109 579
1109 759
1109 917
1109 981
1109 1000
1109 1045
1109 1154
1109 1173
1109 1237
1109 1266
1110 918
1110 982
1110 1046
1110 1174
1110 1238
1111 38
1111 919
1111 983
1111 1047
1111 1175
1111 1239
1112 227
1112 464
1112 739
1112 765
1112 920
1112 984
1112 1048
1112 1049
1112 1176
1112 1192
1112 1240
1113 388
1113 610
1113 612
1113 685
1113 921
1113 985
1113 1049
1113 1107
1113 1177
1113 1241
1114 922
1114 986
1114 1050
1114 1178
1114 1242
1115 923
1115 987
1115 998
1115 1051
1115 1179
1115 1243
1116 279
1116 842
1116 924
1116 988
1116 1052
1116 1180
1116 1244
1117 150
1117 925
1117 989
1117 1053
1117 1181
1117 1245
1118 603
1118 926
1118 990
1118 1054
1118 1182
1118 1246
1119 232
1119 530
1119 927
1119 991
1119 1055
1119 1183
1119 1247
1120 928
1120 992
1120 1056
1120 1184
1120 1248
1121 929
1121 993
1121 1047
1121 1057
1121 1185
1121 1249
1122 168
1122 789
1122 930
1122 994
1122 1058
1122 1186
1122 1250
1123 218
1123 504
1123 728
1123 931
1123 995
1123 1059
1123 1187
1123 1251
1124 932
1124 996
1124 1060
1124 1061
1124 1188
1124 1252
1125 19
1125 260
1125 339
1125 350
1125 933
1125 997
1125 1061
1125 1189
1125 1197
1125 1253
1126 810
1126 934
1126 998
1126 1062
1126 1190
1126 1254
1127 52
1127 430
1127 537
1127 935
1127 999
1127 1063
1127 1191
1127 1255
1128 60
1128 243
1128 497
1128 556
1128 884
1128 936
1128 1000
1128 1048
1128 1064
1128 1145
1128 1192
1128 1256
1129 937
1129 1001
1129 1065
1129 1193
1129 1257
1130 327
1130 938
1130 1002
1130 1066
1130 1194
1130 1258
1131 1003
1131 1067
1131 1195
1132 53
1132 807
1132 940
1132 1004
1132 1068
1132 1196
1132 1260
1133 941
1133 1005
1133 1069
1133 1197
1133 1261
1134 814
1134 894
1134 942
1134 1006
1134 1070
1134 1198
1134 1262
1135 943
1135 1007
1135 1071
1135 1199
1135 1263
1136 944
1136 1008
1136 1072
1136 1200
1136 1264
1137 945
1137 1009
1137 1073
1137 1201
1137 1208
1137 1265
1138 229
1138 292
1138 293
1138 768
1138 834
1138 946
1138 1010
1138 1074
1138 1202
1138 1204
1138 1266
1139 830
1139 831
1139 1011
1139 1075
1139 1203
1139 1267
1140 941
1140 948
1140 1012
1140 1076
1140 1183
1140 1204
1140 1268
1141 94
1141 949
1141 962
1141 1013
1141 1077
1141 1186
1141 1205
1141 1269
1142 950
1142 1014
1142 1078
1142 1206
1142 1270
1143 951
1143 1015
1143 1079
1143 1207
1143 1271
1144 184
1144 876
1144 952
1144 1016
1144 1080
1144 1208
1144 1261
1144 1272
1145 60
1145 243
1145 497
1145 556
1145 884
1145 953
1145 1017
1145 1048
1145 1081
1145 1128
1145 1209
1145 1273
1146 113
1146 428
1146 552
1146 1003
1146 1018
1146 1082
1146 1210
1146 1274
1147 250
1147 684
1147 955
1147 1017
1147 1019
1147 1083
1147 1203
1147 1211
1147 1272
1147 1275
1148 469
1148 564
1148 675
1148 956
1148 1020
1148 1084
1148 1212
1148 1276
1149 957
1149 1021
1149 1085
1149 1213
1149 1277
1150 825
1150 958
1150 1022
1150 1086
1150 1214
1150 1278
1151 108
1151 115
1151 236
1151 501
1151 819
1151 959
1151 1008
1151 1023
1151 1087
1151 1215
1151 1279
1152 100
1152 960
1152 1024
1152 1088
1152 1216
1153 961
1153 1025
1153 1089
1153 1217
1154 579
1154 759
1154 962
1154 1000
1154 1026
1154 1090
1154 1109
1154 1218
1154 1266
1155 37
1155 130
1155 258
1155 384
1155 485
1155 626
1155 818
1155 963
1155 1027
1155 1091
1155 1219
1156 140
1156 714
1156 964
1156 1028
1156 1088
1156 1092
1156 1220
1157 965
1157 1029
1157 1093
1157 1221
1158 6
1158 70
1158 134
1158 198
1158 262
1158 326
1158 390
1158 454
1158 518
1158 582
1158 646
1158 710
1158 774
1158 838
1158 843
1158 902
1158 907
1158 966
1158 971
1158 1030
1158 1035
1158 1094
1158 1099
1158 1163
1158 1222
1158 1227
1159 967
1159 1031
1159 1095
1159 1223
1160 8
1160 11
1160 75
1160 139
1160 203
1160 328
1160 331
1160 333
1160 392
1160 397
1160 456
1160 461
1160 520
1160 525
1160 584
1160 648
1160 651
1160 653
1160 712
1160 715
1160 717
1160 776
1160 781
1160 840
1160 845
1160 968
1160 973
1160 1032
1160 1037
1160 1096
1160 1165
1160 1224
1160 1229
1161 9
1161 73
1161 136
1161 201
1161 265
1161 329
1161 393
1161 457
1161 521
1161 585
1161 649
1161 713
1161 777
1161 841
1161 905
1161 969
1161 1033
1161 1097
1161 1225
1162 970
1162 1034
1162 1098
1162 1226
1163 326
1163 333
1163 390
1163 397
1163 454
1163 461
1163 518
1163 582
1163 589
1163 646
1163 648
1163 653
1163 710
1163 715
1163 774
1163 779
1163 838
1163 840
1163 843
1163 902
1163 904
1163 907
1163 909
1163 966
1163 971
1163 1030
1163 1035
1163 1094
1163 1096
1163 1099
1163 1101
1163 1158
1163 1165
1163 1222
1163 1227
1163 1229
1164 972
1164 1036
1164 1053
1164 1100
1164 1228
1165 13
1165 77
1165 141
1165 205
1165 269
1165 328
1165 333
1165 397
1165 456
1165 461
1165 525
1165 584
1165 589
1165 648
1165 651
1165 653
1165 712
1165 715
1165 717
1165 776
1165 779
1165 781
1165 840
1165 843
1165 845
1165 904
1165 909
1165 968
1165 971
1165 973
1165 1032
1165 1035
1165 1037
1165 1096
1165 1101
1165 1160
1165 1163
1165 1227
1165 1229
1166 974
1166 1038
1166 1102
1166 1230
1167 614
1167 975
1167 1039
1167 1103
1167 1231
1168 144
1168 538
1168 666
1168 696
1168 976
1168 1040
1168 1104
1168 1232
1169 977
1169 1041
1169 1105
1169 1233
1170 158
1170 931
1170 978
1170 1042
1170 1106
1170 1234
1171 0
1171 402
1171 516
1171 979
1171 1043
1171 1107
1171 1235
1172 120
1172 980
1172 1044
1172 1108
1172 1236
1173 478
1173 981
1173 1045
1173 1109
1173 1193
1173 1237
1174 864
1174 982
1174 1046
1174 1110
1174 1238
1175 983
1175 1047
1175 1111
1175 1239
1176 30
1176 351
1176 440
1176 872
1176 984
1176 1048
1176 1112
1176 1240
1177 272
1177 474
1177 509
1177 551
1177 632
1177 867
1177 985
1177 1049
1177 1113
1177 1241
1178 613
1178 671
1178 986
1178 1001
1178 1050
1178 1114
1178 1237
1178 1242
1179 987
1179 1051
1179 1115
1179 1243
1180 449
1180 988
1180 1036
1180 1052
1180 1116
1180 1244
1181 989
1181 1053
1181 1117
1181 1245
1182 605
1182 990
1182 1054
1182 1118
1182 1246
1183 941
1183 991
1183 1055
1183 1119
1183 1140
1183 1247
1184 797
1184 992
1184 1056
1184 1120
1184 1248
1185 490
1185 993
1185 1057
1185 1071
1185 1121
1185 1249
1186 94
1186 962
1186 994
1186 1058
1186 1122
1186 1141
1186 1250
1187 101
1187 412
1187 995
1187 1059
1187 1123
1187 1251
1187 1253
1188 650
1188 996
1188 1060
1188 1124
1188 1252
1189 708
1189 732
1189 997
1189 1061
1189 1125
1189 1253
1190 426
1190 541
1190 554
1190 998
1190 1062
1190 1126
1190 1254
1191 20
1191 88
1191 533
1191 619
1191 693
1191 749
1191 856
1191 935
1191 999
1191 1063
1191 1127
1191 1255
1192 227
1192 464
1192 739
1192 765
1192 1000
1192 1049
1192 1064
1192 1112
1192 1128
1192 1256
1193 478
1193 1001
1193 1065
1193 1129
1193 1173
1193 1257
1194 1002
1194 1066
1194 1130
1194 1258
1195 126
1195 762
1195 1067
1195 1131
1195 1259
1196 16
1196 445
1196 1004
1196 1068
1196 1132
1196 1260
1197 19
1197 260
1197 339
1197 350
1197 1005
1197 1069
1197 1125
1197 1133
1197 1261
1198 817
1198 1006
1198 1070
1198 1082
1198 1134
1198 1262
1199 102
1199 1007
1199 1071
1199 1135
1199 1263
1200 148
1200 664
1200 889
1200 1008
1200 1072
1200 1136
1200 1264
1201 99
1201 167
1201 560
1201 592
1201 763
1201 888
1201 1009
1201 1073
1201 1137
1201 1265
1202 128
1202 276
1202 681
1202 893
1202 1010
1202 1074
1202 1138
1202 1241
1202 1266
1203 250
1203 684
1203 1011
1203 1017
1203 1075
1203 1139
1203 1147
1203 1267
1203 1272
1204 229
1204 292
1204 293
1204 768
1204 834
1204 1012
1204 1076
1204 1138
1204 1140
1204 1268
1205 1013
1205 1077
1205 1141
1205 1269
1206 1014
1206 1078
1206 1142
1206 1270
1207 10
1207 772
1207 1015
1207 1079
1207 1143
1207 1271
1208 1016
1208 1080
1208 1137
1208 1144
1208 1272
1209 180
1209 543
1209 1017
1209 1081
1209 1145
1209 1273
1210 110
1210 689
1210 1082
1210 1146
1210 1274
1211 1011
1211 1019
1211 1083
1211 1147
1211 1275
1212 238
1212 1070
1212 1084
1212 1148
1212 1276
1213 599
1213 873
1213 1021
1213 1085
1213 1149
1213 1277
1214 116
1214 432
1214 436
1214 1019
1214 1022
1214 1086
1214 1150
1214 1278
1215 511
1215 760
1215 1087
1215 1151
1215 1279
1216 4
1216 286
1216 340
1216 921
1216 1024
1216 1088
1216 1152
1217 294
1217 1025
1217 1066
1217 1089
1217 1153
1218 332
1218 396
1218 659
1218 1026
1218 1090
1218 1154
1219 12
1219 479
1219 1027
1219 1091
1219 1155
1220 1028
1220 1092
1220 1156
1221 1029
1221 1093
1221 1157
1222 6
1222 70
1222 134
1222 198
1222 262
1222 326
1222 390
1222 454
1222 518
1222 582
1222 646
1222 710
1222 774
1222 838
1222 843
1222 902
1222 907
1222 966
1222 971
1222 1030
1222 1035
1222 1094
1222 1099
1222 1158
1222 1163
1222 1227
1223 1031
1223 1095
1223 1159
1224 8
1224 139
1224 203
1224 328
1224 331
1224 392
1224 456
1224 520
1224 525
1224 584
1224 651
1224 712
1224 717
1224 776
1224 781
1224 845
1224 968
1224 973
1224 1032
1224 1037
1224 1096
1224 1160
1225 9
1225 73
1225 136
1225 201
1225 265
1225 329
1225 393
1225 457
1225 521
1225 585
1225 649
1225 713
1225 777
1225 841
1225 905
1225 969
1225 1033
1225 1097
1225 1161
1226 775
1226 1007
1226 1034
1226 1098
1226 1162
1227 390
1227 397
1227 454
1227 461
1227 518
1227 582
1227 589
1227 646
1227 648
1227 653
1227 710
1227 715
1227 774
1227 779
1227 838
1227 840
1227 843
1227 902
1227 904
1227 907
1227 909
1227 966
1227 971
1227 1030
1227 1035
1227 1094
1227 1096
1227 1099
1227 1101
1227 1158
1227 1163
1227 1165
1227 1222
1227 1229
1228 926
1228 1036
1228 1100
1228 1164
1229 13
1229 77
1229 141
1229 205
1229 269
1229 333
1229 397
1229 456
1229 461
1229 520
1229 525
1229 584
1229 589
1229 648
1229 651
1229 653
1229 712
1229 715
1229 717
1229 776
1229 779
1229 781
1229 840
1229 843
1229 845
1229 904
1229 909
1229 968
1229 971
1229 973
1229 1032
1229 1035
1229 1037
1229 1096
1229 1101
1229 1160
1229 1163
1229 1165
1229 1227
1230 1038
1230 1102
1230 1166
1231 271
1231 1039
1231 1103
1231 1167
1232 85
1232 245
1232 1040
1232 1104
1232 1168
1232 1269
1233 1041
1233 1105
1233 1169
1234 1042
1234 1106
1234 1170
1235 196
1235 1043
1235 1107
1235 1171
1236 793
1236 824
1236 936
1236 1044
1236 1108
1236 1172
1237 613
1237 671
1237 1001
1237 1045
1237 1109
1237 1173
1237 1178
1238 758
1238 1046
1238 1110
1238 1174
1239 527
1239 1047
1239 1111
1239 1175
1240 514
1240 676
1240 1006
1240 1048
1240 1112
1240 1176
1241 128
1241 276
1241 681
1241 893
1241 1049
1241 1113
1241 1177
1241 1202
1242 553
1242 1050
1242 1114
1242 1178
1243 15
1243 545
1243 705
1243 987
1243 988
1243 1051
1243 1115
1243 1179
1244 157
1244 204
1244 1052
1244 1089
1244 1116
1244 1180
1245 1053
1245 1117
1245 1181
1246 992
1246 1054
1246 1118
1246 1182
1247 45
1247 308
1247 1055
1247 1119
1247 1183
1248 566
1248 1056
1248 1120
1248 1184
1249 835
1249 1057
1249 1121
1249 1185
1250 103
1250 1058
1250 1122
1250 1186
1251 59
1251 208
1251 228
1251 808
1251 920
1251 955
1251 1059
1251 1108
1251 1123
1251 1187
1252 823
1252 1060
1252 1124
1252 1188
1252 1257
1253 101
1253 412
1253 1061
1253 1125
1253 1187
1253 1189
1254 1062
1254 1126
1254 1190
1255 217
1255 295
1255 540
1255 720
1255 1012
1255 1063
1255 1127
1255 1191
1256 312
1256 627
1256 1064
1256 1128
1256 1192
1257 823
1257 1065
1257 1129
1257 1193
1257 1252
1258 1066
1258 1130
1258 1194
1259 766
1259 1068
1259 1195
1260 163
1260 487
1260 1058
1260 1059
1260 1068
1260 1132
1260 1196
1261 184
1261 876
1261 1069
1261 1133
1261 1144
1261 1197
1262 179
1262 381
1262 408
1262 528
1262 692
1262 1016
1262 1070
1262 1134
1262 1198
1263 1071
1263 1135
1263 1199
1264 61
1264 256
1264 277
1264 434
1264 725
1264 794
1264 1050
1264 1072
1264 1136
1264 1200
1265 958
1265 1073
1265 1080
1265 1137
1265 1201
1266 579
1266 759
1266 1000
1266 1074
1266 1109
1266 1138
1266 1154
1266 1202
1267 423
1267 435
1267 532
1267 562
1267 702
1267 1073
1267 1139
1267 1203
1268 701
1268 1076
1268 1140
1268 1204
1269 85
1269 245
1269 1077
1269 1141
1269 1205
1269 1232
1270 1078
1270 1142
1270 1206
1271 223
1271 268
1271 275
1271 674
1271 704
1271 738
1271 751
1271 887
1271 1079
1271 1143
1271 1207
1272 250
1272 684
1272 1017
1272 1080
1272 1144
1272 1147
1272 1203
1272 1208
1273 355
1273 507
1273 620
1273 952
1273 1145
1273 1209
1274 122
1274 505
1274 574
1274 1082
1274 1146
1274 1210
1275 636
1275 699
1275 959
1275 1083
1275 1147
1275 1211
1276 563
1276 697
1276 1148
1276 1212
1277 471
1277 594
1277 655
1277 1085
1277 1149
1277 1213
1278 433
1278 1086
1278 1150
1278 1214
1279 377
1279 1151
1279 1215
