0 64
0 128
0 192
0 522
0 1152
1 65
1 129
1 193
1 557
1 863
2 66
2 130
2 194
2 273
2 387
2 748
2 1211
3 67
3 131
3 195
4 68
4 98
4 132
4 196
4 269
4 993
5 11
5 69
5 133
5 197
5 545
5 689
5 1279
6 70
6 73
6 134
6 137
6 198
6 214
6 266
6 518
6 534
6 647
6 662
6 694
6 832
6 886
6 902
6 1088
6 1188
7 71
7 135
7 198
7 199
7 263
7 265
7 270
7 278
7 326
7 327
7 391
7 393
7 454
7 455
7 462
7 518
7 519
7 583
7 585
7 590
7 630
7 647
7 649
7 713
7 714
7 718
7 723
7 726
7 758
7 775
7 777
7 782
7 838
7 839
7 847
7 903
7 910
7 967
7 982
7 1225
8 72
8 136
8 200
8 345
8 953
8 957
8 1123
9 70
9 73
9 134
9 137
9 201
9 262
9 329
9 390
9 457
9 521
9 582
9 646
9 710
9 774
9 841
9 905
9 966
9 1033
9 1097
9 1161
9 1222
10 74
10 138
10 202
11 5
11 75
11 139
11 203
11 545
11 689
11 1279
12 76
12 140
12 204
13 65
13 77
13 141
13 205
13 872
14 78
14 142
14 206
15 79
15 143
15 207
16 80
16 144
16 208
16 970
17 81
17 145
17 209
17 499
17 862
18 82
18 146
18 189
18 210
19 83
19 147
19 211
20 84
20 116
20 148
20 212
21 85
21 149
21 213
21 446
21 927
21 1045
22 86
22 150
22 214
23 87
23 151
23 215
23 645
23 973
24 88
24 152
24 216
25 89
25 153
25 217
26 90
26 154
26 218
27 91
27 155
28 92
28 156
28 220
28 562
28 756
28 813
28 1160
29 93
29 157
29 221
30 94
30 158
30 222
30 242
30 805
30 921
31 95
31 159
31 223
31 465
31 687
32 96
32 160
32 224
32 317
32 1148
33 97
33 161
33 225
34 44
34 47
34 98
34 127
34 162
34 226
34 879
35 99
35 163
36 100
36 164
36 228
36 1122
37 101
37 165
37 229
37 474
37 894
38 102
38 166
38 230
39 103
39 167
39 231
39 840
39 994
39 1079
40 53
40 104
40 168
40 232
40 554
40 752
40 1273
41 105
41 141
41 169
41 233
41 258
41 482
41 613
42 106
42 170
42 234
42 244
42 367
42 497
43 107
43 157
43 171
43 235
43 675
43 943
44 34
44 47
44 108
44 127
44 172
44 236
44 879
45 109
45 173
45 237
45 584
45 860
45 1100
45 1184
46 110
46 174
46 238
46 1228
47 34
47 44
47 111
47 127
47 175
47 239
47 879
48 112
48 176
48 240
49 113
49 177
49 241
50 114
50 178
50 242
50 542
50 893
50 956
51 115
51 179
51 243
51 1146
52 116
52 180
52 244
52 469
52 559
52 693
53 40
53 117
53 181
53 245
53 554
53 752
53 1273
54 118
54 182
54 246
55 119
55 183
55 247
55 563
55 698
56 120
56 184
56 248
56 274
56 543
56 673
57 121
57 185
57 249
57 405
58 115
58 122
58 186
58 250
58 254
58 383
58 628
58 671
58 810
58 1242
59 123
59 187
59 251
59 1064
60 124
60 188
60 252
60 363
60 434
60 856
61 125
61 189
61 253
61 466
62 126
62 190
62 254
63 127
63 191
63 255
64 0
64 128
64 144
64 192
64 256
65 1
65 13
65 129
65 193
65 257
65 872
66 2
66 130
66 165
66 194
66 232
66 258
66 998
67 3
67 131
67 195
67 259
67 437
67 440
67 487
67 1115
67 1132
68 4
68 132
68 196
68 260
69 5
69 87
69 133
69 197
69 261
69 1208
69 1272
70 6
70 9
70 134
70 198
70 201
70 262
70 329
70 390
70 457
70 521
70 582
70 646
70 710
70 774
70 841
70 905
70 966
70 1033
70 1097
70 1161
70 1222
71 7
71 135
71 199
71 263
71 327
71 391
71 455
71 519
71 583
71 585
71 711
71 713
71 714
71 718
71 726
71 775
71 777
71 782
71 838
71 839
71 903
71 910
71 1031
71 1159
71 1223
71 1230
72 8
72 136
72 178
72 200
72 264
72 504
72 1008
73 6
73 9
73 137
73 201
73 214
73 265
73 266
73 518
73 534
73 647
73 662
73 694
73 832
73 886
73 902
73 1088
73 1188
74 10
74 138
74 202
74 266
75 11
75 139
75 203
75 267
75 855
76 12
76 140
76 204
76 268
76 607
76 1106
77 13
77 84
77 141
77 205
77 269
77 406
78 14
78 142
78 206
78 270
79 15
79 143
79 207
79 271
80 16
80 144
80 208
80 272
80 512
80 653
81 17
81 145
81 209
81 273
81 587
82 18
82 146
82 210
82 274
82 937
83 19
83 147
83 211
83 275
84 20
84 77
84 148
84 212
84 276
84 406
85 21
85 149
85 213
85 277
86 22
86 150
86 214
86 278
87 23
87 69
87 151
87 215
87 279
87 1208
87 1272
88 24
88 152
88 216
88 280
88 661
89 25
89 153
89 217
89 281
89 555
89 604
89 626
90 26
90 154
90 218
90 282
90 539
90 762
90 799
90 824
90 1009
90 1203
90 1243
91 27
91 155
91 219
91 283
91 346
92 28
92 156
92 161
92 220
92 225
92 284
92 636
92 1190
93 29
93 157
93 221
93 285
94 30
94 158
94 222
94 286
95 31
95 159
95 223
95 287
96 32
96 160
96 224
96 288
97 33
97 161
97 225
97 289
97 296
97 353
97 546
97 1081
98 4
98 34
98 162
98 226
98 269
98 290
98 993
99 35
99 163
99 291
100 36
100 164
100 228
100 292
100 904
101 37
101 165
101 229
101 293
101 459
101 828
101 931
102 38
102 166
102 230
102 294
102 419
102 1147
103 39
103 167
103 231
103 295
103 652
103 674
103 831
104 40
104 168
104 172
104 232
104 296
104 884
105 41
105 169
105 233
105 297
105 417
106 42
106 170
106 234
106 298
106 578
106 983
107 43
107 171
107 235
107 299
107 472
107 939
107 985
108 44
108 172
108 236
108 300
108 1114
108 1196
109 45
109 173
109 237
109 301
109 1063
110 46
110 174
110 238
110 302
110 475
110 716
110 742
110 1197
111 47
111 175
111 236
111 239
111 251
111 303
112 48
112 176
112 240
112 304
112 593
112 809
112 935
113 49
113 177
113 241
113 305
113 1131
114 50
114 178
114 224
114 242
114 306
114 736
114 770
115 51
115 58
115 179
115 243
115 254
115 307
115 383
115 628
115 671
115 810
115 1242
116 20
116 52
116 180
116 244
116 308
117 53
117 181
117 245
117 309
117 321
117 415
117 493
118 54
118 182
118 246
118 310
118 527
118 1124
119 55
119 183
119 247
119 294
119 311
120 56
120 184
120 248
120 312
121 57
121 176
121 185
121 249
121 313
121 1066
121 1071
121 1073
122 58
122 186
122 250
122 314
122 480
123 59
123 187
123 251
123 315
124 60
124 188
124 217
124 223
124 252
124 316
125 61
125 140
125 189
125 253
125 317
126 62
126 190
126 254
126 318
126 416
127 34
127 44
127 47
127 63
127 191
127 255
127 319
127 879
128 0
128 64
128 192
128 256
128 320
128 654
129 1
129 65
129 193
129 195
129 257
129 321
129 869
129 1059
129 1080
130 2
130 66
130 194
130 258
130 322
130 897
130 1041
131 3
131 67
131 163
131 195
131 259
131 323
132 4
132 68
132 196
132 260
132 324
132 771
133 5
133 69
133 197
133 261
133 325
133 453
133 725
134 6
134 9
134 70
134 198
134 201
134 262
134 326
134 329
134 390
134 457
134 521
134 582
134 646
134 710
134 774
134 841
134 905
134 966
134 1033
134 1097
134 1161
134 1222
135 7
135 71
135 199
135 263
135 327
135 391
135 455
135 519
135 583
135 585
135 711
135 713
135 714
135 718
135 726
135 775
135 777
135 782
135 838
135 839
135 903
135 910
135 1031
135 1223
136 8
136 72
136 200
136 264
136 328
136 345
136 953
136 957
136 1123
137 6
137 9
137 73
137 198
137 201
137 214
137 265
137 266
137 326
137 329
137 518
137 534
137 630
137 647
137 649
137 662
137 694
137 832
137 886
137 902
137 906
137 918
137 974
137 1030
137 1088
137 1188
137 1238
137 1246
138 10
138 74
138 147
138 202
138 266
138 330
138 414
138 848
139 11
139 75
139 203
139 267
139 331
140 12
140 76
140 125
140 204
140 268
140 332
141 13
141 41
141 77
141 205
141 258
141 269
141 333
141 482
141 613
142 14
142 78
142 206
142 270
142 334
143 15
143 79
143 207
143 271
143 335
143 676
144 16
144 64
144 80
144 208
144 272
144 336
145 17
145 81
145 209
145 221
145 273
145 337
145 378
146 18
146 82
146 210
146 274
146 338
146 619
146 803
147 19
147 83
147 138
147 211
147 275
147 339
147 414
147 848
148 20
148 84
148 212
148 276
148 340
148 501
148 660
149 21
149 85
149 213
149 277
149 341
149 602
150 22
150 86
150 214
150 278
150 342
150 1034
151 23
151 87
151 215
151 279
151 343
151 392
151 767
152 24
152 88
152 156
152 216
152 280
152 344
153 25
153 89
153 217
153 281
153 345
154 26
154 90
154 218
154 282
154 346
154 1042
155 27
155 91
155 171
155 219
155 235
155 283
155 304
155 347
155 808
155 986
156 28
156 92
156 152
156 220
156 284
156 348
157 29
157 43
157 93
157 221
157 285
157 349
157 675
157 943
158 30
158 94
158 222
158 286
158 350
158 757
158 1035
158 1037
158 1261
159 31
159 95
159 223
159 287
159 351
159 465
159 687
160 32
160 96
160 224
160 288
160 352
161 33
161 92
161 97
161 225
161 289
161 353
161 636
161 1190
162 34
162 98
162 226
162 229
162 290
162 354
162 1129
163 35
163 99
163 131
163 227
163 291
163 355
164 36
164 100
164 228
164 292
164 356
165 37
165 66
165 101
165 229
165 232
165 293
165 357
165 998
166 38
166 102
166 230
166 294
166 358
166 558
167 39
167 103
167 231
167 295
167 359
167 614
167 913
167 1245
168 40
168 104
168 232
168 293
168 296
168 360
168 867
169 41
169 105
169 183
169 233
169 297
169 361
169 738
169 944
170 42
170 106
170 234
170 298
170 318
170 362
170 541
170 597
171 43
171 107
171 155
171 235
171 299
171 304
171 363
171 808
171 986
172 44
172 104
172 108
172 236
172 300
172 364
172 884
173 45
173 109
173 237
173 301
173 365
174 46
174 110
174 238
174 302
174 366
174 451
175 47
175 111
175 239
175 303
175 367
176 48
176 112
176 121
176 240
176 304
176 368
176 1066
176 1071
176 1073
177 49
177 113
177 241
177 305
177 369
177 1011
178 50
178 72
178 114
178 242
178 306
178 370
178 504
178 1008
179 51
179 115
179 243
179 307
179 371
180 52
180 116
180 244
180 308
180 372
180 551
181 53
181 117
181 245
181 268
181 309
181 373
182 54
182 118
182 192
182 246
182 310
182 374
183 55
183 119
183 169
183 247
183 311
183 375
183 738
183 944
184 56
184 120
184 248
184 312
184 376
184 447
184 568
184 572
184 1179
185 57
185 121
185 249
185 313
185 319
185 377
185 402
186 58
186 122
186 250
186 314
186 378
187 59
187 123
187 251
187 315
187 364
187 379
187 984
188 60
188 124
188 252
188 316
188 380
189 18
189 61
189 125
189 253
189 317
189 381
190 62
190 126
190 254
190 318
190 382
190 688
190 1151
191 63
191 127
191 255
191 319
191 383
192 0
192 64
192 128
192 182
192 256
192 320
192 384
193 1
193 65
193 129
193 257
193 321
193 322
193 357
193 385
193 1032
193 1224
194 2
194 66
194 130
194 258
194 322
194 386
195 3
195 67
195 129
195 131
195 259
195 323
195 387
195 869
195 1059
195 1080
196 4
196 68
196 132
196 260
196 324
196 388
196 1028
197 5
197 69
197 133
197 261
197 325
197 389
197 1086
198 6
198 7
198 70
198 134
198 137
198 262
198 265
198 266
198 270
198 278
198 326
198 390
198 393
198 454
198 455
198 462
198 518
198 534
198 590
198 630
198 647
198 649
198 694
198 714
198 723
198 758
198 782
198 847
198 903
198 906
198 910
198 918
198 967
198 969
198 982
198 1030
198 1039
198 1094
198 1158
199 7
199 71
199 135
199 263
199 265
199 270
199 278
199 327
199 391
199 455
199 462
199 519
199 583
199 585
199 711
199 713
199 714
199 718
199 723
199 726
199 775
199 777
199 782
199 838
199 839
199 847
199 903
199 910
199 967
199 969
199 982
199 1031
199 1095
199 1159
199 1223
199 1230
200 8
200 72
200 136
200 264
200 328
200 375
200 392
200 594
200 930
200 1149
201 9
201 70
201 73
201 134
201 137
201 262
201 265
201 329
201 390
201 393
201 457
201 521
201 582
201 646
201 710
201 774
201 841
201 905
201 966
201 1033
201 1097
201 1161
201 1222
202 10
202 74
202 138
202 266
202 330
202 394
203 11
203 75
203 139
203 267
203 331
203 395
203 916
203 1256
204 12
204 76
204 140
204 268
204 332
204 396
204 987
205 13
205 77
205 141
205 269
205 333
205 397
206 14
206 78
206 142
206 270
206 334
206 398
206 1142
207 15
207 79
207 143
207 271
207 335
207 399
207 911
208 16
208 80
208 144
208 272
208 336
208 400
209 17
209 81
209 145
209 273
209 337
209 401
209 1089
210 18
210 82
210 146
210 274
210 338
210 402
211 19
211 83
211 147
211 275
211 339
211 403
212 20
212 84
212 148
212 276
212 340
212 404
213 21
213 85
213 149
213 277
213 341
213 405
213 959
214 6
214 22
214 73
214 86
214 137
214 150
214 266
214 278
214 342
214 406
214 518
214 534
214 647
214 662
214 694
214 832
214 886
214 902
214 974
214 1030
214 1039
214 1088
214 1188
215 23
215 87
215 151
215 279
215 343
215 407
215 637
215 830
215 1017
216 24
216 88
216 152
216 280
216 344
216 408
216 940
217 25
217 89
217 124
217 153
217 223
217 281
217 345
217 409
218 26
218 90
218 154
218 282
218 346
218 410
218 569
218 600
218 625
218 827
219 91
219 155
219 283
219 347
219 411
220 28
220 92
220 156
220 284
220 348
220 412
220 663
221 29
221 93
221 145
221 157
221 285
221 349
221 378
221 413
222 30
222 94
222 158
222 286
222 350
222 414
222 589
222 739
223 31
223 95
223 124
223 159
223 217
223 287
223 351
223 415
224 32
224 96
224 114
224 160
224 288
224 352
224 416
224 736
224 770
225 33
225 92
225 97
225 161
225 289
225 353
225 417
225 636
225 1190
226 34
226 98
226 162
226 290
226 354
226 418
226 517
227 163
227 291
227 355
227 419
228 36
228 100
228 164
228 292
228 356
228 420
228 685
228 750
228 899
229 37
229 101
229 162
229 165
229 293
229 357
229 421
229 1129
230 38
230 102
230 166
230 294
230 358
230 422
231 39
231 103
231 167
231 295
231 359
231 423
232 40
232 66
232 104
232 165
232 168
232 296
232 360
232 424
232 998
233 41
233 105
233 169
233 297
233 361
233 376
233 425
233 615
233 1170
234 42
234 106
234 170
234 298
234 362
234 426
234 1275
235 43
235 107
235 155
235 171
235 299
235 304
235 363
235 427
235 808
235 986
236 44
236 108
236 111
236 172
236 251
236 300
236 364
236 428
237 45
237 109
237 173
237 301
237 365
237 429
237 535
238 46
238 110
238 174
238 302
238 366
238 430
239 47
239 111
239 175
239 303
239 367
239 431
239 1215
240 48
240 112
240 176
240 304
240 368
240 432
241 49
241 113
241 177
241 305
241 369
241 409
241 433
241 820
242 30
242 50
242 114
242 178
242 306
242 370
242 434
242 805
242 921
243 51
243 115
243 179
243 307
243 371
243 397
243 435
243 794
243 1003
244 42
244 52
244 116
244 180
244 308
244 367
244 372
244 436
244 497
245 53
245 117
245 181
245 309
245 373
245 437
246 54
246 118
246 182
246 310
246 374
246 438
246 1069
247 55
247 119
247 183
247 311
247 375
247 439
248 56
248 120
248 184
248 312
248 376
248 440
248 1265
249 57
249 121
249 185
249 313
249 377
249 441
249 702
250 58
250 122
250 186
250 314
250 378
250 442
250 553
250 641
250 811
250 1194
251 59
251 111
251 123
251 187
251 236
251 315
251 379
251 443
252 60
252 124
252 188
252 316
252 380
252 444
252 445
252 1076
252 1267
253 61
253 125
253 189
253 300
253 317
253 381
253 445
254 58
254 62
254 115
254 126
254 190
254 318
254 382
254 383
254 446
254 628
254 671
254 810
254 1242
255 63
255 127
255 191
255 277
255 319
255 383
255 447
255 638
255 908
256 64
256 128
256 192
256 320
256 384
256 448
257 65
257 129
257 193
257 321
257 385
257 449
257 481
257 669
257 743
257 1101
258 41
258 66
258 130
258 141
258 194
258 322
258 386
258 450
258 482
258 613
259 67
259 131
259 195
259 323
259 387
259 423
259 451
259 682
259 806
260 68
260 132
260 196
260 324
260 388
260 452
261 69
261 133
261 197
261 325
261 389
261 453
261 821
261 895
262 9
262 70
262 134
262 198
262 201
262 326
262 329
262 390
262 454
262 457
262 521
262 582
262 646
262 710
262 774
262 841
262 905
262 966
262 1033
262 1097
262 1161
262 1222
263 7
263 71
263 135
263 199
263 270
263 327
263 391
263 455
263 519
263 583
263 585
263 711
263 713
263 714
263 718
263 723
263 726
263 775
263 777
263 782
263 838
263 839
263 847
263 903
263 910
263 982
263 1031
263 1095
263 1159
263 1223
263 1230
264 72
264 136
264 200
264 328
264 392
264 456
265 7
265 73
265 137
265 198
265 199
265 201
265 266
265 270
265 278
265 326
265 329
265 393
265 454
265 455
265 457
265 462
265 518
265 519
265 583
265 585
265 590
265 630
265 647
265 649
265 714
265 718
265 723
265 758
265 775
265 777
265 782
265 838
265 847
265 903
265 906
265 910
265 918
265 967
265 969
265 982
265 1030
265 1039
265 1094
265 1095
265 1158
265 1225
266 6
266 73
266 74
266 137
266 138
266 198
266 202
266 214
266 265
266 278
266 326
266 330
266 393
266 394
266 454
266 458
266 462
266 518
266 534
266 590
266 630
266 647
266 649
266 662
266 694
266 758
266 832
266 886
266 902
266 906
266 918
266 967
266 969
266 974
266 1030
266 1039
266 1088
266 1094
266 1188
266 1238
266 1246
267 75
267 139
267 203
267 331
267 395
267 459
267 877
268 76
268 140
268 181
268 204
268 332
268 396
268 460
269 4
269 77
269 98
269 141
269 205
269 333
269 397
269 461
269 993
270 7
270 78
270 142
270 198
270 199
270 206
270 263
270 265
270 278
270 326
270 334
270 391
270 393
270 398
270 454
270 455
270 462
270 518
270 519
270 583
270 585
270 590
270 630
270 647
270 649
270 713
270 714
270 718
270 723
270 726
270 758
270 775
270 777
270 782
270 838
270 839
270 847
270 903
270 906
270 910
270 918
270 967
270 969
270 982
270 1031
270 1039
270 1094
270 1095
270 1158
270 1225
271 79
271 143
271 207
271 335
271 399
271 463
272 80
272 144
272 208
272 336
272 400
272 464
272 915
273 2
273 81
273 145
273 209
273 337
273 387
273 401
273 465
273 748
273 1211
274 56
274 82
274 146
274 210
274 338
274 402
274 466
274 543
274 673
275 83
275 147
275 211
275 339
275 403
275 467
275 707
276 84
276 148
276 212
276 340
276 404
276 468
276 494
276 826
277 85
277 149
277 213
277 255
277 341
277 405
277 469
277 638
277 908
278 7
278 86
278 150
278 198
278 199
278 214
278 265
278 266
278 270
278 326
278 342
278 393
278 406
278 454
278 455
278 462
278 470
278 518
278 519
278 583
278 585
278 590
278 630
278 647
278 649
278 713
278 714
278 718
278 723
278 726
278 758
278 775
278 777
278 782
278 838
278 847
278 903
278 906
278 910
278 918
278 967
278 969
278 982
278 1031
278 1039
278 1094
278 1095
278 1158
278 1225
279 87
279 151
279 215
279 343
279 407
279 471
280 88
280 152
280 216
280 344
280 408
280 431
280 472
280 1165
281 89
281 153
281 217
281 345
281 409
281 473
281 776
281 989
282 90
282 154
282 218
282 346
282 410
282 426
282 474
282 665
282 1067
283 91
283 155
283 219
283 347
283 411
283 475
283 1108
284 92
284 156
284 220
284 348
284 412
284 476
285 93
285 157
285 221
285 349
285 413
285 477
286 94
286 158
286 222
286 350
286 414
286 478
286 531
287 95
287 159
287 223
287 338
287 351
287 386
287 415
287 479
287 1154
288 96
288 160
288 224
288 352
288 416
288 480
288 500
288 564
288 1207
289 97
289 161
289 225
289 353
289 395
289 417
289 481
289 550
289 1015
289 1025
289 1234
290 98
290 162
290 226
290 354
290 359
290 418
290 482
290 506
290 933
290 988
291 99
291 163
291 227
291 355
291 419
291 483
291 747
291 917
291 1050
292 100
292 164
292 228
292 356
292 420
292 484
293 101
293 165
293 168
293 229
293 357
293 421
293 485
293 867
294 102
294 119
294 166
294 230
294 358
294 422
294 486
295 103
295 167
295 231
295 359
295 423
295 487
296 97
296 104
296 168
296 232
296 353
296 360
296 424
296 488
296 546
296 1081
297 105
297 169
297 233
297 361
297 425
297 489
298 106
298 170
298 234
298 362
298 426
298 490
298 764
299 107
299 171
299 235
299 363
299 412
299 427
299 491
299 575
299 891
299 919
300 108
300 172
300 236
300 253
300 364
300 428
300 492
301 109
301 173
301 237
301 365
301 429
301 493
301 753
301 1049
302 110
302 174
302 238
302 366
302 430
302 494
303 111
303 175
303 239
303 367
303 431
303 486
303 495
304 112
304 155
304 171
304 176
304 235
304 240
304 368
304 432
304 496
304 808
304 986
305 113
305 177
305 241
305 325
305 369
305 433
305 497
305 763
305 890
305 972
305 1263
306 114
306 178
306 242
306 343
306 370
306 434
306 498
306 549
306 1077
306 1164
307 115
307 179
307 243
307 308
307 371
307 435
307 499
307 889
308 116
308 180
308 244
308 307
308 372
308 436
308 500
308 889
309 117
309 181
309 245
309 373
309 437
309 501
309 658
309 677
309 761
309 1000
310 118
310 182
310 246
310 374
310 438
310 502
311 119
311 183
311 247
311 368
311 370
311 375
311 439
311 479
311 503
311 507
312 120
312 184
312 248
312 376
312 440
312 504
313 121
313 185
313 249
313 377
313 441
313 505
313 1195
314 122
314 186
314 250
314 378
314 442
314 506
315 123
315 187
315 251
315 379
315 443
315 507
315 567
315 850
315 1002
315 1209
316 124
316 188
316 252
316 380
316 444
316 508
316 1180
317 32
317 125
317 189
317 253
317 381
317 445
317 509
317 1148
318 126
318 170
318 190
318 254
318 382
318 446
318 510
318 541
318 597
319 127
319 185
319 191
319 255
319 383
319 402
319 447
319 511
320 128
320 192
320 256
320 384
320 448
320 512
320 963
321 117
321 129
321 193
321 257
321 385
321 415
321 449
321 493
321 513
322 130
322 193
322 194
322 258
322 357
322 386
322 450
322 514
322 1032
322 1224
323 131
323 195
323 259
323 387
323 451
323 515
324 132
324 196
324 260
324 388
324 452
324 516
325 133
325 197
325 261
325 305
325 389
325 453
325 517
325 763
325 890
325 972
325 1263
326 7
326 134
326 137
326 198
326 262
326 265
326 266
326 270
326 278
326 390
326 393
326 454
326 455
326 462
326 518
326 534
326 590
326 630
326 647
326 649
326 694
326 714
326 723
326 758
326 782
326 847
326 903
326 906
326 910
326 918
326 967
326 969
326 982
326 1030
326 1039
326 1088
326 1094
326 1158
326 1188
327 7
327 71
327 135
327 199
327 263
327 391
327 455
327 519
327 583
327 585
327 711
327 713
327 714
327 718
327 726
327 775
327 777
327 782
327 838
327 839
327 903
327 910
327 1031
327 1095
327 1159
327 1223
328 136
328 200
328 264
328 392
328 456
328 468
328 520
328 1053
329 9
329 70
329 134
329 137
329 201
329 262
329 265
329 390
329 393
329 457
329 521
329 582
329 646
329 710
329 774
329 841
329 905
329 966
329 1033
329 1097
329 1161
329 1222
330 138
330 202
330 266
330 394
330 458
330 522
331 139
331 203
331 267
331 395
331 459
331 523
332 140
332 204
332 268
332 396
332 460
332 524
332 730
332 999
332 1026
333 141
333 205
333 269
333 397
333 461
333 525
334 142
334 206
334 270
334 398
334 462
334 526
334 1092
335 143
335 207
335 271
335 399
335 463
335 527
335 598
336 144
336 208
336 272
336 400
336 464
336 528
336 1270
337 145
337 209
337 273
337 401
337 465
337 529
338 146
338 210
338 274
338 287
338 386
338 402
338 466
338 530
338 1154
339 147
339 211
339 275
339 403
339 467
339 531
340 148
340 212
340 276
340 404
340 424
340 468
340 484
340 532
340 1255
341 149
341 213
341 277
341 405
341 469
341 511
341 533
341 560
341 892
341 1137
341 1183
342 150
342 214
342 278
342 406
342 470
342 534
342 854
343 151
343 215
343 279
343 306
343 407
343 471
343 535
343 549
343 1077
343 1164
344 152
344 216
344 280
344 408
344 472
344 536
345 8
345 136
345 153
345 217
345 281
345 409
345 473
345 537
345 953
345 957
345 1123
346 91
346 154
346 218
346 282
346 410
346 474
346 538
347 155
347 219
347 283
347 411
347 475
347 539
347 691
347 766
348 156
348 220
348 284
348 412
348 476
348 540
348 825
349 157
349 221
349 285
349 366
349 413
349 477
349 541
349 1156
350 158
350 222
350 286
350 414
350 478
350 542
351 159
351 223
351 287
351 415
351 479
351 543
351 914
351 1072
352 160
352 224
352 288
352 416
352 480
352 544
352 596
352 796
352 887
352 968
352 1044
353 97
353 161
353 225
353 289
353 296
353 417
353 481
353 545
353 546
353 1081
354 162
354 226
354 290
354 418
354 482
354 546
354 1250
355 163
355 227
355 291
355 419
355 483
355 498
355 540
355 547
355 801
355 1138
356 164
356 228
356 292
356 420
356 484
356 548
356 745
356 900
356 1128
357 165
357 193
357 229
357 293
357 322
357 421
357 485
357 549
357 1032
357 1224
358 166
358 230
358 294
358 422
358 486
358 550
359 167
359 231
359 290
359 295
359 423
359 487
359 506
359 551
359 933
359 988
360 168
360 232
360 296
360 424
360 488
360 552
360 1217
361 169
361 233
361 297
361 425
361 489
361 553
361 1052
362 170
362 234
362 298
362 408
362 426
362 490
362 554
363 60
363 171
363 235
363 299
363 427
363 434
363 491
363 555
363 856
364 172
364 187
364 236
364 300
364 428
364 492
364 556
364 984
365 173
365 237
365 301
365 429
365 493
365 557
365 901
365 928
366 174
366 238
366 302
366 349
366 430
366 494
366 558
366 1156
367 42
367 175
367 239
367 244
367 303
367 431
367 495
367 497
367 559
368 176
368 240
368 304
368 311
368 370
368 432
368 479
368 496
368 507
368 560
369 177
369 241
369 305
369 433
369 497
369 556
369 561
369 627
369 1187
370 178
370 242
370 306
370 311
370 368
370 434
370 479
370 498
370 507
370 562
371 179
371 243
371 307
371 435
371 499
371 563
371 735
372 180
372 244
372 308
372 436
372 500
372 564
372 1249
373 181
373 245
373 309
373 437
373 501
373 565
373 1193
374 182
374 246
374 310
374 420
374 438
374 502
374 566
375 183
375 200
375 247
375 311
375 439
375 503
375 567
375 594
375 930
375 1149
376 184
376 233
376 248
376 312
376 440
376 504
376 568
376 615
376 1170
377 185
377 249
377 313
377 441
377 505
377 569
377 697
377 1074
378 145
378 186
378 221
378 250
378 314
378 442
378 506
378 570
379 187
379 251
379 315
379 443
379 507
379 571
379 666
379 684
380 188
380 252
380 316
380 444
380 508
380 510
380 572
380 699
381 189
381 253
381 317
381 401
381 433
381 445
381 509
381 573
381 696
381 1022
381 1055
382 190
382 254
382 318
382 446
382 510
382 574
383 58
383 115
383 191
383 254
383 255
383 319
383 447
383 511
383 575
383 628
383 671
383 810
383 1242
384 192
384 256
384 320
384 448
384 512
384 576
385 193
385 257
385 321
385 449
385 490
385 513
385 577
385 599
385 1200
385 1202
386 194
386 258
386 287
386 322
386 338
386 450
386 514
386 578
386 1154
387 2
387 195
387 259
387 273
387 323
387 451
387 515
387 579
387 748
387 1211
388 196
388 260
388 324
388 452
388 516
388 580
388 644
389 197
389 261
389 325
389 453
389 517
389 581
389 690
390 9
390 70
390 134
390 198
390 201
390 262
390 326
390 329
390 454
390 457
390 518
390 521
390 582
390 646
390 710
390 774
390 841
390 905
390 966
390 1033
390 1097
390 1161
390 1222
391 7
391 71
391 135
391 199
391 263
391 270
391 327
391 455
391 519
391 583
391 585
391 711
391 713
391 714
391 718
391 723
391 726
391 775
391 777
391 782
391 838
391 839
391 847
391 903
391 910
391 982
391 1031
391 1095
391 1159
391 1223
391 1225
391 1230
392 151
392 200
392 264
392 328
392 456
392 520
392 584
392 767
393 7
393 198
393 201
393 265
393 266
393 270
393 278
393 326
393 329
393 454
393 455
393 457
393 462
393 518
393 519
393 521
393 583
393 585
393 590
393 630
393 647
393 649
393 714
393 718
393 723
393 758
393 777
393 782
393 838
393 847
393 903
393 906
393 910
393 918
393 967
393 969
393 982
393 1030
393 1039
393 1094
393 1158
393 1188
393 1225
393 1238
393 1246
394 202
394 266
394 330
394 458
394 522
394 586
395 203
395 267
395 289
395 331
395 459
395 523
395 550
395 587
395 1015
395 1025
395 1234
396 204
396 268
396 332
396 460
396 515
396 524
396 588
396 802
396 1118
397 205
397 243
397 269
397 333
397 461
397 525
397 589
397 794
397 1003
398 206
398 270
398 334
398 462
398 526
398 590
398 741
399 207
399 271
399 335
399 463
399 527
399 579
399 591
400 208
400 272
400 336
400 464
400 528
400 592
401 209
401 273
401 337
401 381
401 433
401 465
401 529
401 593
401 696
401 1022
401 1055
402 185
402 210
402 274
402 319
402 338
402 466
402 530
402 594
403 211
403 275
403 339
403 467
403 531
403 595
404 212
404 276
404 340
404 468
404 532
404 596
404 1061
405 57
405 213
405 277
405 341
405 469
405 533
405 597
406 77
406 84
406 214
406 278
406 342
406 470
406 534
406 598
407 215
407 279
407 343
407 471
407 535
407 599
408 216
408 280
408 344
408 362
408 472
408 536
408 600
409 217
409 241
409 281
409 345
409 473
409 537
409 601
409 820
410 218
410 282
410 346
410 474
410 538
410 602
410 1112
411 219
411 283
411 347
411 443
411 475
411 539
411 603
412 220
412 284
412 299
412 348
412 476
412 540
412 575
412 604
412 891
412 919
413 221
413 285
413 349
413 477
413 541
413 581
413 605
413 1065
413 1139
413 1264
414 138
414 147
414 222
414 286
414 350
414 478
414 542
414 606
414 848
415 117
415 223
415 287
415 321
415 351
415 479
415 493
415 543
415 607
416 126
416 224
416 288
416 352
416 480
416 544
416 608
417 105
417 225
417 289
417 353
417 481
417 545
417 609
418 226
418 290
418 354
418 482
418 546
418 610
419 102
419 227
419 291
419 355
419 483
419 547
419 611
419 1147
420 228
420 292
420 356
420 374
420 484
420 548
420 612
421 229
421 293
421 357
421 485
421 549
421 613
421 1085
421 1248
422 230
422 294
422 358
422 486
422 550
422 614
423 231
423 259
423 295
423 359
423 487
423 551
423 615
423 682
423 806
424 232
424 296
424 340
424 360
424 484
424 488
424 552
424 616
424 1255
425 233
425 297
425 361
425 489
425 553
425 617
425 686
426 234
426 282
426 298
426 362
426 490
426 554
426 618
426 665
426 1067
427 235
427 299
427 363
427 491
427 555
427 619
428 236
428 300
428 364
428 492
428 536
428 556
428 620
429 237
429 301
429 365
429 493
429 557
429 621
429 1186
430 238
430 302
430 366
430 494
430 558
430 622
430 1244
431 239
431 280
431 303
431 367
431 495
431 559
431 623
431 1165
432 240
432 304
432 368
432 496
432 538
432 560
432 624
433 241
433 305
433 369
433 381
433 401
433 497
433 561
433 625
433 696
433 1022
433 1055
434 60
434 242
434 306
434 363
434 370
434 498
434 562
434 626
434 856
435 243
435 307
435 371
435 499
435 563
435 627
436 244
436 308
436 372
436 439
436 442
436 500
436 564
436 628
437 67
437 245
437 309
437 373
437 440
437 487
437 501
437 565
437 629
437 1115
437 1132
438 246
438 310
438 374
438 502
438 566
438 630
438 734
438 844
439 247
439 311
439 375
439 436
439 442
439 503
439 567
439 631
440 67
440 248
440 312
440 376
440 437
440 487
440 504
440 568
440 632
440 1115
440 1132
441 249
441 313
441 377
441 505
441 569
441 633
441 697
441 1074
442 250
442 314
442 378
442 436
442 439
442 506
442 570
442 634
443 251
443 315
443 379
443 411
443 507
443 571
443 635
444 252
444 316
444 380
444 508
444 572
444 636
445 252
445 253
445 317
445 381
445 509
445 573
445 637
445 1076
445 1267
446 21
446 254
446 318
446 382
446 510
446 574
446 638
446 927
446 1045
447 184
447 255
447 319
447 383
447 511
447 568
447 572
447 575
447 639
447 1179
448 256
448 320
448 384
448 512
448 576
448 640
449 257
449 321
449 385
449 513
449 577
449 641
450 258
450 322
450 386
450 514
450 578
450 642
450 1036
451 174
451 259
451 323
451 387
451 515
451 579
451 643
452 260
452 324
452 388
452 516
452 580
452 644
453 133
453 261
453 325
453 389
453 517
453 581
453 645
453 725
454 7
454 198
454 262
454 265
454 266
454 270
454 278
454 326
454 390
454 393
454 455
454 462
454 518
454 519
454 582
454 583
454 585
454 590
454 630
454 646
454 647
454 649
454 714
454 718
454 723
454 758
454 777
454 782
454 838
454 847
454 903
454 906
454 910
454 918
454 967
454 969
454 982
454 1030
454 1039
454 1094
454 1158
454 1188
454 1225
454 1238
454 1246
455 7
455 71
455 135
455 198
455 199
455 263
455 265
455 270
455 278
455 326
455 327
455 391
455 393
455 454
455 462
455 519
455 583
455 585
455 590
455 630
455 647
455 649
455 711
455 713
455 714
455 718
455 723
455 726
455 758
455 775
455 777
455 782
455 838
455 839
455 847
455 903
455 906
455 910
455 918
455 967
455 969
455 982
455 1031
455 1095
455 1158
455 1159
455 1223
455 1225
455 1230
456 264
456 328
456 392
456 520
456 584
456 648
456 898
456 1153
457 9
457 70
457 134
457 201
457 262
457 265
457 329
457 390
457 393
457 521
457 582
457 585
457 646
457 649
457 710
457 774
457 841
457 905
457 966
457 1033
457 1097
457 1161
457 1222
458 266
458 330
458 394
458 522
458 586
458 650
459 101
459 267
459 331
459 395
459 523
459 587
459 651
459 828
459 931
460 268
460 332
460 396
460 524
460 588
460 601
460 652
460 731
460 791
461 269
461 333
461 397
461 525
461 589
461 653
461 947
462 7
462 198
462 199
462 265
462 266
462 270
462 278
462 326
462 334
462 393
462 398
462 454
462 455
462 518
462 519
462 526
462 583
462 585
462 590
462 630
462 647
462 649
462 654
462 714
462 718
462 723
462 726
462 758
462 775
462 777
462 782
462 838
462 847
462 903
462 906
462 910
462 918
462 967
462 969
462 982
462 1031
462 1039
462 1094
462 1095
462 1158
462 1159
462 1223
462 1225
462 1230
462 1238
463 271
463 335
463 399
463 527
463 528
463 591
463 655
464 272
464 336
464 400
464 528
464 592
464 656
465 31
465 159
465 273
465 337
465 401
465 529
465 593
465 657
465 687
466 61
466 274
466 338
466 402
466 530
466 594
466 658
467 275
467 339
467 403
467 531
467 595
467 659
468 276
468 328
468 340
468 404
468 532
468 596
468 660
468 1053
469 52
469 277
469 341
469 405
469 533
469 559
469 597
469 661
469 693
470 278
470 342
470 406
470 534
470 598
470 662
471 279
471 343
471 407
471 535
471 599
471 663
471 683
472 107
472 280
472 344
472 408
472 536
472 600
472 664
472 939
472 985
473 281
473 345
473 409
473 537
473 601
473 665
474 37
474 282
474 346
474 410
474 538
474 602
474 666
474 894
475 110
475 283
475 347
475 411
475 539
475 603
475 667
475 716
475 742
475 1197
476 284
476 348
476 412
476 540
476 604
476 668
476 997
476 1016
476 1144
477 285
477 349
477 413
477 541
477 605
477 669
477 1237
478 286
478 350
478 414
478 542
478 606
478 670
479 287
479 311
479 351
479 368
479 370
479 415
479 507
479 543
479 607
479 671
480 122
480 288
480 352
480 416
480 544
480 608
480 672
481 257
481 289
481 353
481 417
481 545
481 609
481 669
481 673
481 743
481 1101
482 41
482 141
482 258
482 290
482 354
482 418
482 546
482 610
482 613
482 674
483 291
483 355
483 419
483 492
483 547
483 611
483 675
483 1199
484 292
484 340
484 356
484 420
484 424
484 548
484 612
484 676
484 1255
485 293
485 357
485 421
485 549
485 613
485 677
485 858
486 294
486 303
486 358
486 422
486 550
486 614
486 678
487 67
487 295
487 359
487 423
487 437
487 440
487 551
487 615
487 679
487 1115
487 1132
488 296
488 360
488 424
488 552
488 616
488 680
488 837
489 297
489 361
489 425
489 553
489 617
489 681
490 298
490 362
490 385
490 426
490 554
490 599
490 618
490 682
490 1200
490 1202
491 299
491 363
491 427
491 555
491 619
491 683
491 978
491 1012
491 1023
492 300
492 364
492 428
492 483
492 556
492 620
492 684
492 1199
493 117
493 301
493 321
493 365
493 415
493 429
493 557
493 621
493 685
494 276
494 302
494 366
494 430
494 558
494 622
494 686
494 826
495 303
495 367
495 431
495 559
495 623
495 687
495 1192
496 304
496 368
496 432
496 560
496 624
496 688
497 42
497 244
497 305
497 367
497 369
497 433
497 561
497 625
497 689
498 306
498 355
498 370
498 434
498 540
498 562
498 626
498 690
498 801
498 1138
499 17
499 307
499 371
499 435
499 563
499 627
499 691
499 862
500 288
500 308
500 372
500 436
500 564
500 628
500 692
500 1207
501 148
501 309
501 373
501 437
501 565
501 629
501 660
501 693
502 310
502 374
502 438
502 566
502 630
502 694
502 1232
503 311
503 375
503 439
503 567
503 631
503 695
504 72
504 178
504 312
504 376
504 440
504 568
504 632
504 696
504 1008
505 313
505 377
505 441
505 569
505 633
505 697
505 1135
506 290
506 314
506 359
506 378
506 442
506 570
506 634
506 698
506 933
506 988
507 311
507 315
507 368
507 370
507 379
507 443
507 479
507 571
507 635
507 699
508 316
508 380
508 444
508 572
508 633
508 636
508 700
509 317
509 381
509 445
509 573
509 603
509 637
509 701
510 318
510 380
510 382
510 446
510 574
510 638
510 699
510 702
511 319
511 341
511 383
511 447
511 560
511 575
511 639
511 703
511 892
511 1137
511 1183
512 80
512 320
512 384
512 448
512 576
512 640
512 653
512 704
513 321
513 385
513 449
513 577
513 641
513 705
513 1189
514 322
514 386
514 450
514 578
514 642
514 706
515 323
515 387
515 396
515 451
515 579
515 643
515 707
515 802
515 1118
516 324
516 388
516 452
516 580
516 644
516 708
517 226
517 325
517 389
517 453
517 581
517 645
517 709
518 6
518 7
518 73
518 137
518 198
518 214
518 265
518 266
518 270
518 278
518 326
518 390
518 393
518 454
518 462
518 534
518 582
518 590
518 630
518 646
518 647
518 649
518 694
518 710
518 714
518 723
518 758
518 847
518 903
518 906
518 918
518 967
518 969
518 982
518 1030
518 1039
518 1088
518 1094
518 1158
518 1188
518 1225
518 1238
518 1246
519 7
519 71
519 135
519 199
519 263
519 265
519 270
519 278
519 327
519 391
519 393
519 454
519 455
519 462
519 583
519 585
519 590
519 647
519 711
519 713
519 714
519 718
519 723
519 726
519 775
519 777
519 782
519 838
519 839
519 847
519 903
519 910
519 967
519 969
519 982
519 1031
519 1095
519 1158
519 1159
519 1223
519 1225
519 1230
520 328
520 392
520 456
520 584
520 648
520 712
520 744
520 1145
521 9
521 70
521 134
521 201
521 262
521 329
521 390
521 393
521 457
521 582
521 585
521 646
521 649
521 710
521 713
521 774
521 841
521 905
521 966
521 1033
521 1097
521 1161
521 1222
522 0
522 330
522 394
522 458
522 586
522 650
522 714
522 1152
523 331
523 395
523 459
523 587
523 651
523 715
523 873
524 332
524 396
524 460
524 588
524 652
524 716
524 923
525 333
525 397
525 461
525 589
525 653
525 717
525 1241
526 334
526 398
526 462
526 590
526 654
526 718
527 118
527 335
527 399
527 463
527 591
527 655
527 719
527 1124
528 336
528 400
528 463
528 464
528 592
528 656
528 720
529 337
529 401
529 465
529 593
529 657
529 721
529 1210
530 338
530 402
530 466
530 594
530 658
530 722
531 286
531 339
531 403
531 467
531 595
531 659
531 723
532 340
532 404
532 468
532 596
532 660
532 724
532 746
532 785
532 1047
533 341
533 405
533 469
533 597
533 635
533 661
533 725
533 1075
534 6
534 73
534 137
534 198
534 214
534 266
534 326
534 342
534 406
534 470
534 518
534 598
534 647
534 662
534 694
534 726
534 832
534 886
534 902
534 974
534 1030
534 1039
534 1088
534 1094
534 1188
534 1238
534 1246
535 237
535 343
535 407
535 471
535 599
535 663
535 727
536 344
536 408
536 428
536 472
536 600
536 664
536 728
537 345
537 409
537 473
537 547
537 601
537 665
537 729
537 1214
538 346
538 410
538 432
538 474
538 602
538 666
538 730
539 90
539 347
539 411
539 475
539 603
539 667
539 731
539 762
539 799
539 824
539 1009
539 1203
539 1243
540 348
540 355
540 412
540 476
540 498
540 604
540 668
540 732
540 801
540 1138
541 170
541 318
541 349
541 413
541 477
541 597
541 605
541 669
541 733
542 50
542 350
542 414
542 478
542 606
542 670
542 734
542 893
542 956
543 56
543 274
543 351
543 415
543 479
543 607
543 671
543 673
543 735
544 352
544 416
544 480
544 608
544 672
544 736
545 5
545 11
545 353
545 417
545 481
545 609
545 673
545 689
545 737
545 1279
546 97
546 296
546 353
546 354
546 418
546 482
546 610
546 674
546 738
546 1081
547 355
547 419
547 483
547 537
547 611
547 675
547 739
547 1214
548 356
548 420
548 484
548 612
548 676
548 740
549 306
549 343
549 357
549 421
549 485
549 613
549 677
549 741
549 1077
549 1164
550 289
550 358
550 395
550 422
550 486
550 614
550 678
550 742
550 1015
550 1025
550 1234
551 180
551 359
551 423
551 487
551 615
551 679
551 743
552 360
552 424
552 488
552 616
552 680
552 744
553 250
553 361
553 425
553 489
553 617
553 641
553 681
553 745
553 811
553 1194
554 40
554 53
554 362
554 426
554 490
554 618
554 682
554 746
554 752
554 1273
555 89
555 363
555 427
555 491
555 604
555 619
555 626
555 683
555 747
556 364
556 369
556 428
556 492
556 620
556 627
556 684
556 748
556 1187
557 1
557 365
557 429
557 493
557 621
557 685
557 749
557 863
558 166
558 366
558 430
558 494
558 622
558 686
558 750
559 52
559 367
559 431
559 469
559 495
559 623
559 687
559 693
559 751
560 341
560 368
560 432
560 496
560 511
560 624
560 688
560 752
560 892
560 1137
560 1183
561 369
561 433
561 497
561 625
561 634
561 689
561 753
561 1260
562 28
562 370
562 434
562 498
562 626
562 690
562 754
562 756
562 813
562 1160
563 55
563 371
563 435
563 499
563 627
563 691
563 698
563 755
564 288
564 372
564 436
564 500
564 628
564 692
564 756
564 1207
565 373
565 437
565 501
565 629
565 693
565 757
565 781
566 374
566 438
566 502
566 630
566 694
566 755
566 758
566 788
567 315
567 375
567 439
567 503
567 631
567 695
567 759
567 850
567 1002
567 1209
568 184
568 376
568 440
568 447
568 504
568 572
568 632
568 696
568 760
568 1179
569 218
569 377
569 441
569 505
569 600
569 625
569 633
569 697
569 761
569 827
570 378
570 442
570 506
570 634
570 698
570 762
570 1274
571 379
571 443
571 507
571 635
571 699
571 763
572 184
572 380
572 444
572 447
572 508
572 568
572 636
572 700
572 764
572 1179
573 381
573 445
573 509
573 637
573 701
573 765
573 922
574 382
574 446
574 510
574 638
574 701
574 702
574 766
575 299
575 383
575 412
575 447
575 511
575 639
575 703
575 767
575 891
575 919
576 384
576 448
576 512
576 640
576 704
576 768
577 385
577 449
577 513
577 641
577 705
577 769
577 798
577 843
578 106
578 386
578 450
578 514
578 642
578 706
578 770
578 983
579 387
579 399
579 451
579 515
579 643
579 707
579 771
580 388
580 452
580 516
580 644
580 708
580 772
581 389
581 413
581 453
581 517
581 645
581 709
581 773
581 1065
581 1139
581 1264
582 9
582 70
582 134
582 201
582 262
582 329
582 390
582 454
582 457
582 518
582 521
582 646
582 710
582 774
582 841
582 905
582 966
582 1033
582 1097
582 1161
582 1222
583 7
583 71
583 135
583 199
583 263
583 265
583 270
583 278
583 327
583 391
583 393
583 454
583 455
583 462
583 519
583 585
583 590
583 630
583 647
583 649
583 711
583 713
583 714
583 718
583 723
583 726
583 758
583 775
583 777
583 782
583 838
583 839
583 847
583 903
583 906
583 910
583 918
583 967
583 969
583 982
583 1031
583 1095
583 1158
583 1159
583 1223
583 1225
583 1230
584 45
584 392
584 456
584 520
584 648
584 712
584 776
584 860
584 1100
584 1184
585 7
585 71
585 135
585 199
585 263
585 265
585 270
585 278
585 327
585 391
585 393
585 454
585 455
585 457
585 462
585 519
585 521
585 583
585 590
585 630
585 649
585 711
585 713
585 714
585 718
585 723
585 726
585 758
585 775
585 777
585 782
585 838
585 839
585 847
585 903
585 906
585 910
585 967
585 969
585 982
585 1031
585 1095
585 1158
585 1159
585 1223
585 1225
585 1230
586 394
586 458
586 522
586 650
586 714
586 778
587 81
587 395
587 459
587 523
587 651
587 715
587 779
588 396
588 460
588 524
588 652
588 716
588 760
588 780
588 1018
589 222
589 397
589 461
589 525
589 653
589 717
589 739
589 781
590 7
590 198
590 265
590 266
590 270
590 278
590 326
590 393
590 398
590 454
590 455
590 462
590 518
590 519
590 526
590 583
590 585
590 630
590 647
590 649
590 654
590 714
590 718
590 723
590 758
590 777
590 782
590 838
590 847
590 903
590 906
590 910
590 918
590 967
590 969
590 982
590 1030
590 1039
590 1094
590 1158
590 1188
590 1225
590 1238
590 1246
591 399
591 463
591 527
591 655
591 719
591 783
592 400
592 464
592 528
592 656
592 720
592 784
593 112
593 401
593 465
593 529
593 657
593 721
593 785
593 809
593 935
594 200
594 375
594 402
594 466
594 530
594 658
594 722
594 786
594 930
594 1149
595 403
595 467
595 531
595 659
595 723
595 787
596 352
596 404
596 468
596 532
596 660
596 724
596 788
596 796
596 887
596 968
596 1044
597 170
597 318
597 405
597 469
597 533
597 541
597 661
597 725
597 789
598 335
598 406
598 470
598 534
598 662
598 726
598 790
599 385
599 407
599 471
599 490
599 535
599 663
599 727
599 791
599 1200
599 1202
600 218
600 408
600 472
600 536
600 569
600 625
600 664
600 728
600 792
600 827
601 409
601 460
601 473
601 537
601 665
601 729
601 731
601 791
601 793
602 149
602 410
602 474
602 538
602 666
602 730
602 794
603 411
603 475
603 509
603 539
603 667
603 731
603 795
604 89
604 412
604 476
604 540
604 555
604 626
604 668
604 732
604 796
605 413
605 477
605 541
605 669
605 733
605 797
606 414
606 478
606 542
606 670
606 734
606 798
606 1119
607 76
607 415
607 479
607 543
607 671
607 735
607 799
607 1106
608 416
608 480
608 544
608 672
608 736
608 800
608 1258
609 417
609 481
609 545
609 673
609 737
609 801
609 865
610 418
610 482
610 546
610 674
610 738
610 802
611 419
611 483
611 547
611 675
611 739
611 803
611 952
612 420
612 484
612 548
612 676
612 740
612 804
613 41
613 141
613 258
613 421
613 482
613 485
613 549
613 677
613 741
613 805
614 167
614 422
614 486
614 550
614 678
614 742
614 806
614 913
614 1245
615 233
615 376
615 423
615 487
615 551
615 679
615 743
615 807
615 1170
616 424
616 488
616 552
616 680
616 744
616 808
616 1109
617 425
617 489
617 553
617 681
617 745
617 809
617 857
617 1099
618 426
618 490
618 554
618 682
618 746
618 810
619 146
619 427
619 491
619 555
619 683
619 747
619 803
619 811
620 428
620 492
620 556
620 684
620 748
620 792
620 812
621 429
621 493
621 557
621 685
621 749
621 813
622 430
622 494
622 558
622 686
622 750
622 814
622 1133
623 431
623 495
623 559
623 687
623 751
623 795
623 815
623 1212
624 432
624 496
624 560
624 688
624 752
624 816
624 853
624 926
625 218
625 433
625 497
625 561
625 569
625 600
625 689
625 753
625 817
625 827
626 89
626 434
626 498
626 555
626 562
626 604
626 690
626 754
626 818
627 369
627 435
627 499
627 556
627 563
627 691
627 755
627 819
627 1187
628 58
628 115
628 254
628 383
628 436
628 500
628 564
628 671
628 692
628 756
628 810
628 820
628 1242
629 437
629 501
629 565
629 693
629 757
629 821
629 954
630 7
630 137
630 198
630 265
630 266
630 270
630 278
630 326
630 393
630 438
630 454
630 455
630 462
630 502
630 518
630 566
630 583
630 585
630 590
630 647
630 649
630 694
630 714
630 718
630 723
630 758
630 777
630 782
630 822
630 838
630 847
630 903
630 906
630 910
630 918
630 967
630 969
630 982
630 1030
630 1039
630 1094
630 1158
630 1188
630 1225
630 1238
630 1246
631 439
631 503
631 567
631 695
631 759
631 823
631 962
632 440
632 504
632 568
632 696
632 760
632 824
633 441
633 505
633 508
633 569
633 697
633 761
633 825
634 442
634 506
634 561
634 570
634 698
634 762
634 826
634 1260
635 443
635 507
635 533
635 571
635 699
635 763
635 827
635 1075
636 92
636 161
636 225
636 444
636 508
636 572
636 700
636 764
636 828
636 1190
637 215
637 445
637 509
637 573
637 701
637 765
637 829
637 830
637 1017
638 255
638 277
638 446
638 510
638 574
638 702
638 766
638 830
638 908
639 447
639 511
639 575
639 703
639 767
639 831
639 955
639 1048
640 448
640 512
640 576
640 704
640 768
640 790
640 832
641 250
641 449
641 513
641 553
641 577
641 705
641 769
641 811
641 833
641 1194
642 450
642 514
642 578
642 706
642 770
642 779
642 834
642 929
643 451
643 515
643 579
643 707
643 771
643 835
644 388
644 452
644 516
644 580
644 708
644 772
644 836
645 23
645 453
645 517
645 581
645 709
645 773
645 837
645 973
646 9
646 70
646 134
646 201
646 262
646 329
646 390
646 454
646 457
646 518
646 521
646 582
646 710
646 774
646 838
646 841
646 905
646 966
646 1033
646 1097
646 1161
646 1222
647 6
647 7
647 73
647 137
647 198
647 214
647 265
647 266
647 270
647 278
647 326
647 393
647 454
647 455
647 462
647 518
647 519
647 534
647 583
647 590
647 630
647 649
647 694
647 711
647 714
647 723
647 758
647 775
647 782
647 839
647 847
647 903
647 906
647 910
647 918
647 967
647 969
647 982
647 1030
647 1039
647 1088
647 1094
647 1158
647 1188
647 1225
647 1238
647 1246
648 456
648 520
648 584
648 712
648 776
648 840
648 1268
649 7
649 137
649 198
649 265
649 266
649 270
649 278
649 326
649 393
649 454
649 455
649 457
649 462
649 518
649 521
649 583
649 585
649 590
649 630
649 647
649 713
649 714
649 718
649 723
649 758
649 777
649 782
649 841
649 847
649 903
649 906
649 910
649 918
649 967
649 969
649 982
649 1030
649 1039
649 1094
649 1158
649 1188
649 1225
649 1238
649 1246
650 458
650 522
650 586
650 714
650 778
650 842
651 459
651 523
651 587
651 715
651 729
651 779
651 843
651 1254
652 103
652 460
652 524
652 588
652 674
652 716
652 780
652 831
652 844
653 80
653 461
653 512
653 525
653 589
653 717
653 781
653 845
654 128
654 462
654 526
654 590
654 718
654 782
654 846
655 463
655 527
655 591
655 719
655 783
655 847
655 870
656 464
656 528
656 592
656 720
656 784
656 848
657 465
657 529
657 593
657 721
657 785
657 849
658 309
658 466
658 530
658 594
658 677
658 722
658 761
658 786
658 850
658 1000
659 467
659 531
659 595
659 723
659 787
659 851
660 148
660 468
660 501
660 532
660 596
660 724
660 788
660 852
661 88
661 469
661 533
661 597
661 725
661 789
661 853
662 6
662 73
662 137
662 214
662 266
662 470
662 534
662 598
662 694
662 726
662 790
662 832
662 854
662 886
662 902
662 974
662 1030
662 1088
662 1188
662 1238
662 1246
663 220
663 471
663 535
663 599
663 727
663 791
663 855
664 472
664 536
664 600
664 728
664 792
664 856
665 282
665 426
665 473
665 537
665 601
665 729
665 793
665 857
665 1067
666 379
666 474
666 538
666 602
666 684
666 730
666 794
666 858
667 475
667 539
667 603
667 731
667 795
667 859
668 476
668 540
668 604
668 732
668 796
668 860
668 1174
669 257
669 477
669 481
669 541
669 605
669 733
669 743
669 797
669 861
669 1101
670 478
670 542
670 606
670 734
670 798
670 862
670 1134
671 58
671 115
671 254
671 383
671 479
671 543
671 607
671 628
671 735
671 799
671 810
671 863
671 1242
672 480
672 544
672 608
672 736
672 773
672 800
672 864
672 874
672 925
672 1191
673 56
673 274
673 481
673 543
673 545
673 609
673 737
673 801
673 865
674 103
674 482
674 546
674 610
674 652
674 738
674 802
674 831
674 866
675 43
675 157
675 483
675 547
675 611
675 739
675 803
675 867
675 943
676 143
676 484
676 548
676 612
676 740
676 804
676 868
677 309
677 485
677 549
677 613
677 658
677 741
677 761
677 805
677 869
677 1000
678 486
678 550
678 614
678 742
678 806
678 870
679 487
679 551
679 615
679 743
679 793
679 807
679 871
680 488
680 552
680 616
680 744
680 808
680 872
680 1054
681 489
681 553
681 617
681 745
681 809
681 873
682 259
682 423
682 490
682 554
682 618
682 746
682 806
682 810
682 874
683 471
683 491
683 555
683 619
683 747
683 811
683 875
684 379
684 492
684 556
684 620
684 666
684 748
684 812
684 876
685 228
685 493
685 557
685 621
685 749
685 750
685 813
685 877
685 899
686 425
686 494
686 558
686 622
686 750
686 814
686 878
687 31
687 159
687 465
687 495
687 559
687 623
687 751
687 815
687 879
688 190
688 496
688 560
688 624
688 752
688 816
688 880
688 1151
689 5
689 11
689 497
689 545
689 561
689 625
689 753
689 817
689 881
689 1279
690 389
690 498
690 562
690 626
690 754
690 818
690 882
691 347
691 499
691 563
691 627
691 755
691 766
691 819
691 883
692 500
692 564
692 628
692 756
692 820
692 884
693 52
693 469
693 501
693 559
693 565
693 629
693 757
693 821
693 885
694 6
694 73
694 137
694 198
694 214
694 266
694 326
694 502
694 518
694 534
694 566
694 630
694 647
694 662
694 758
694 822
694 832
694 886
694 902
694 918
694 974
694 1030
694 1039
694 1088
694 1094
694 1188
694 1238
694 1246
695 503
695 567
695 631
695 759
695 823
695 875
695 887
696 381
696 401
696 433
696 504
696 568
696 632
696 760
696 824
696 888
696 1022
696 1055
697 377
697 441
697 505
697 569
697 633
697 761
697 825
697 889
697 1074
698 55
698 506
698 563
698 570
698 634
698 762
698 826
698 890
699 380
699 507
699 510
699 571
699 635
699 763
699 827
699 891
700 508
700 572
700 636
700 764
700 828
700 892
701 509
701 573
701 574
701 637
701 765
701 829
701 893
702 249
702 510
702 574
702 638
702 766
702 830
702 894
703 511
703 575
703 639
703 767
703 831
703 895
704 512
704 576
704 640
704 768
704 832
704 896
705 513
705 577
705 641
705 712
705 769
705 833
705 897
706 514
706 578
706 642
706 770
706 834
706 898
706 942
706 1157
707 275
707 515
707 579
707 643
707 771
707 835
707 899
708 516
708 580
708 644
708 772
708 836
708 900
709 517
709 581
709 645
709 773
709 837
709 901
710 9
710 70
710 134
710 201
710 262
710 329
710 390
710 457
710 518
710 521
710 582
710 646
710 774
710 838
710 841
710 902
710 905
710 966
710 1033
710 1097
710 1161
710 1222
711 71
711 135
711 199
711 263
711 327
711 391
711 455
711 519
711 583
711 585
711 647
711 713
711 718
711 726
711 775
711 777
711 782
711 838
711 839
711 903
711 910
711 1031
711 1095
711 1159
711 1223
711 1230
712 520
712 584
712 648
712 705
712 776
712 840
712 904
713 7
713 71
713 135
713 199
713 263
713 270
713 278
713 327
713 391
713 455
713 519
713 521
713 583
713 585
713 649
713 711
713 714
713 718
713 723
713 726
713 775
713 777
713 782
713 838
713 839
713 841
713 847
713 903
713 905
713 910
713 982
713 1031
713 1095
713 1159
713 1223
713 1225
713 1230
714 7
714 71
714 135
714 198
714 199
714 263
714 265
714 270
714 278
714 326
714 327
714 391
714 393
714 454
714 455
714 462
714 518
714 519
714 522
714 583
714 585
714 586
714 590
714 630
714 647
714 649
714 650
714 713
714 718
714 723
714 726
714 758
714 775
714 777
714 778
714 782
714 838
714 839
714 842
714 847
714 903
714 906
714 910
714 918
714 967
714 969
714 982
714 1031
714 1095
714 1158
714 1159
714 1223
714 1225
714 1230
715 523
715 587
715 651
715 779
715 843
715 907
715 1253
716 110
716 475
716 524
716 588
716 652
716 742
716 780
716 844
716 908
716 1197
717 525
717 589
717 653
717 781
717 845
717 909
718 7
718 71
718 135
718 199
718 263
718 265
718 270
718 278
718 327
718 391
718 393
718 454
718 455
718 462
718 519
718 526
718 583
718 585
718 590
718 630
718 649
718 654
718 711
718 713
718 714
718 723
718 726
718 758
718 775
718 777
718 782
718 838
718 839
718 846
718 847
718 903
718 906
718 910
718 967
718 969
718 982
718 1031
718 1095
718 1158
718 1159
718 1223
718 1225
718 1230
719 527
719 591
719 655
719 783
719 847
719 911
720 528
720 592
720 656
720 784
720 848
720 912
721 529
721 593
721 657
721 785
721 849
721 913
721 1105
721 1162
722 530
722 594
722 658
722 786
722 850
722 914
723 7
723 198
723 199
723 263
723 265
723 270
723 278
723 326
723 391
723 393
723 454
723 455
723 462
723 518
723 519
723 531
723 583
723 585
723 590
723 595
723 630
723 647
723 649
723 659
723 713
723 714
723 718
723 726
723 758
723 775
723 777
723 782
723 787
723 838
723 839
723 847
723 851
723 903
723 906
723 910
723 915
723 918
723 967
723 969
723 982
723 1031
723 1039
723 1094
723 1095
723 1158
723 1159
723 1223
723 1225
723 1230
724 532
724 596
724 660
724 788
724 852
724 916
725 133
725 453
725 533
725 597
725 661
725 789
725 853
725 917
726 7
726 71
726 135
726 199
726 263
726 270
726 278
726 327
726 391
726 455
726 462
726 519
726 534
726 583
726 585
726 598
726 662
726 711
726 713
726 714
726 718
726 723
726 775
726 777
726 782
726 790
726 838
726 839
726 847
726 854
726 903
726 910
726 918
726 967
726 969
726 982
726 1031
726 1095
726 1159
726 1223
726 1225
726 1230
727 535
727 599
727 663
727 791
727 855
727 919
727 1206
728 536
728 600
728 664
728 792
728 856
728 920
728 1057
729 537
729 601
729 651
729 665
729 793
729 857
729 921
729 1254
730 332
730 538
730 602
730 666
730 794
730 858
730 922
730 999
730 1026
731 460
731 539
731 601
731 603
731 667
731 791
731 795
731 859
731 923
732 540
732 604
732 668
732 796
732 860
732 924
732 1269
733 541
733 605
733 669
733 797
733 861
733 925
734 438
734 542
734 606
734 670
734 798
734 844
734 862
734 926
735 371
735 543
735 607
735 671
735 799
735 863
735 927
736 114
736 224
736 544
736 608
736 672
736 770
736 800
736 864
736 928
737 545
737 609
737 673
737 801
737 865
737 929
738 169
738 183
738 546
738 610
738 674
738 802
738 866
738 930
738 944
739 222
739 547
739 589
739 611
739 675
739 803
739 867
739 931
740 548
740 612
740 676
740 804
740 868
740 932
741 398
741 549
741 613
741 677
741 805
741 869
741 933
742 110
742 475
742 550
742 614
742 678
742 716
742 806
742 870
742 934
742 1197
743 257
743 481
743 551
743 615
743 669
743 679
743 807
743 871
743 935
743 1101
744 520
744 552
744 616
744 680
744 808
744 872
744 936
744 1145
745 356
745 553
745 617
745 681
745 809
745 873
745 900
745 937
745 1128
746 532
746 554
746 618
746 682
746 785
746 810
746 874
746 938
746 1047
747 291
747 555
747 619
747 683
747 811
747 875
747 917
747 939
747 1050
748 2
748 273
748 387
748 556
748 620
748 684
748 812
748 876
748 940
748 1211
749 557
749 621
749 685
749 813
749 877
749 941
750 228
750 558
750 622
750 685
750 686
750 814
750 878
750 899
750 942
751 559
751 623
751 687
751 815
751 879
751 943
752 40
752 53
752 554
752 560
752 624
752 688
752 816
752 880
752 944
752 1273
753 301
753 561
753 625
753 689
753 817
753 881
753 945
753 1049
754 562
754 626
754 690
754 780
754 818
754 882
754 946
754 1084
755 563
755 566
755 627
755 691
755 788
755 819
755 883
755 947
756 28
756 562
756 564
756 628
756 692
756 813
756 820
756 884
756 948
756 1160
757 158
757 565
757 629
757 693
757 821
757 885
757 949
757 1035
757 1037
757 1261
758 7
758 198
758 265
758 266
758 270
758 278
758 326
758 393
758 454
758 455
758 462
758 518
758 566
758 583
758 585
758 590
758 630
758 647
758 649
758 694
758 714
758 718
758 723
758 777
758 782
758 822
758 838
758 847
758 886
758 903
758 906
758 910
758 918
758 950
758 967
758 969
758 982
758 1030
758 1039
758 1094
758 1158
758 1188
758 1225
758 1238
758 1246
759 567
759 631
759 695
759 823
759 887
759 951
760 568
760 588
760 632
760 696
760 824
760 888
760 952
760 1018
761 309
761 569
761 633
761 658
761 677
761 697
761 825
761 889
761 953
761 1000
762 90
762 539
762 570
762 634
762 698
762 799
762 824
762 826
762 890
762 954
762 1009
762 1203
762 1243
763 305
763 325
763 571
763 635
763 699
763 827
763 890
763 891
763 955
763 972
763 1263
764 298
764 572
764 636
764 700
764 828
764 892
764 956
765 573
765 637
765 701
765 829
765 893
765 946
765 957
766 347
766 574
766 638
766 691
766 702
766 830
766 894
766 958
767 151
767 392
767 575
767 639
767 703
767 831
767 895
767 959
768 576
768 640
768 704
768 832
768 896
768 960
769 577
769 641
769 705
769 798
769 833
769 843
769 897
769 961
770 114
770 224
770 578
770 642
770 706
770 736
770 834
770 898
770 962
771 132
771 579
771 643
771 707
771 835
771 899
771 963
772 580
772 644
772 708
772 836
772 878
772 900
772 964
773 581
773 645
773 672
773 709
773 837
773 874
773 901
773 925
773 965
773 1191
774 9
774 70
774 134
774 201
774 262
774 329
774 390
774 457
774 521
774 582
774 646
774 710
774 838
774 841
774 902
774 905
774 966
774 1033
774 1097
774 1161
774 1222
775 7
775 71
775 135
775 199
775 263
775 265
775 270
775 278
775 327
775 391
775 455
775 462
775 519
775 583
775 585
775 647
775 711
775 713
775 714
775 718
775 723
775 726
775 777
775 782
775 838
775 839
775 847
775 903
775 910
775 967
775 969
775 982
775 1031
775 1095
775 1159
775 1223
775 1225
775 1230
776 281
776 584
776 648
776 712
776 840
776 904
776 968
776 989
777 7
777 71
777 135
777 199
777 263
777 265
777 270
777 278
777 327
777 391
777 393
777 454
777 455
777 462
777 519
777 583
777 585
777 590
777 630
777 649
777 711
777 713
777 714
777 718
777 723
777 726
777 758
777 775
777 782
777 838
777 839
777 841
777 847
777 903
777 905
777 906
777 910
777 967
777 969
777 982
777 1031
777 1095
777 1158
777 1159
777 1223
777 1225
777 1230
778 586
778 650
778 714
778 842
778 906
778 970
779 587
779 642
779 651
779 715
779 843
779 907
779 929
779 971
780 588
780 652
780 716
780 754
780 844
780 908
780 972
780 1084
781 565
781 589
781 653
781 717
781 845
781 909
781 973
782 7
782 71
782 135
782 198
782 199
782 263
782 265
782 270
782 278
782 326
782 327
782 391
782 393
782 454
782 455
782 462
782 519
782 583
782 585
782 590
782 630
782 647
782 649
782 654
782 711
782 713
782 714
782 718
782 723
782 726
782 758
782 775
782 777
782 838
782 839
782 846
782 847
782 903
782 906
782 910
782 918
782 967
782 969
782 974
782 982
782 1031
782 1095
782 1158
782 1159
782 1223
782 1225
782 1230
783 591
783 655
783 719
783 847
783 911
783 975
783 1166
784 592
784 656
784 720
784 848
784 912
784 976
785 532
785 593
785 657
785 721
785 746
785 849
785 913
785 977
785 1047
786 594
786 658
786 722
786 850
786 880
786 914
786 978
786 981
786 1276
787 595
787 659
787 723
787 804
787 851
787 915
787 979
788 566
788 596
788 660
788 724
788 755
788 852
788 916
788 980
789 597
789 661
789 725
789 853
789 917
789 981
789 1068
790 598
790 640
790 662
790 726
790 854
790 918
790 982
791 460
791 599
791 601
791 663
791 727
791 731
791 855
791 919
791 983
792 600
792 620
792 664
792 728
792 856
792 920
792 984
793 601
793 665
793 679
793 729
793 857
793 921
793 985
794 243
794 397
794 602
794 666
794 730
794 858
794 922
794 986
794 1003
795 603
795 623
795 667
795 731
795 859
795 923
795 987
795 1212
796 352
796 596
796 604
796 668
796 732
796 860
796 887
796 924
796 968
796 988
796 1044
797 605
797 669
797 733
797 861
797 925
797 989
797 1130
797 1239
798 577
798 606
798 670
798 734
798 769
798 843
798 862
798 926
798 990
799 90
799 539
799 607
799 671
799 735
799 762
799 824
799 863
799 927
799 991
799 1009
799 1203
799 1243
800 608
800 672
800 736
800 864
800 928
800 992
801 355
801 498
801 540
801 609
801 673
801 737
801 865
801 929
801 993
801 1138
802 396
802 515
802 610
802 674
802 738
802 866
802 930
802 994
802 1118
803 146
803 611
803 619
803 675
803 739
803 867
803 931
803 995
804 612
804 676
804 740
804 787
804 868
804 932
804 996
805 30
805 242
805 613
805 677
805 741
805 869
805 921
805 933
805 997
806 259
806 423
806 614
806 678
806 682
806 742
806 870
806 934
806 998
807 615
807 679
807 743
807 871
807 935
807 999
808 155
808 171
808 235
808 304
808 616
808 680
808 744
808 872
808 936
808 986
808 1000
809 112
809 593
809 617
809 681
809 745
809 873
809 935
809 937
809 1001
810 58
810 115
810 254
810 383
810 618
810 628
810 671
810 682
810 746
810 874
810 938
810 1002
810 1242
811 250
811 553
811 619
811 641
811 683
811 747
811 875
811 939
811 1003
811 1194
812 620
812 684
812 748
812 876
812 940
812 1004
813 28
813 562
813 621
813 685
813 749
813 756
813 877
813 941
813 1005
813 1160
814 622
814 686
814 750
814 878
814 942
814 1006
815 623
815 687
815 751
815 879
815 943
815 1007
815 1087
816 624
816 688
816 752
816 852
816 880
816 882
816 944
816 1008
816 1257
816 1266
817 625
817 689
817 753
817 881
817 945
817 1009
817 1121
818 626
818 690
818 754
818 859
818 882
818 946
818 1010
819 627
819 691
819 755
819 866
819 883
819 947
819 1011
820 241
820 409
820 628
820 692
820 756
820 884
820 948
820 1012
821 261
821 629
821 693
821 757
821 885
821 895
821 949
821 1013
822 630
822 694
822 758
822 886
822 950
822 1014
822 1102
823 631
823 695
823 759
823 887
823 951
823 1015
824 90
824 539
824 632
824 696
824 760
824 762
824 799
824 888
824 952
824 1009
824 1016
824 1203
824 1243
825 348
825 633
825 697
825 761
825 889
825 953
825 1017
826 276
826 494
826 634
826 698
826 762
826 890
826 954
826 1018
827 218
827 569
827 600
827 625
827 635
827 699
827 763
827 891
827 955
827 1019
828 101
828 459
828 636
828 700
828 764
828 892
828 931
828 956
828 1020
829 637
829 701
829 765
829 893
829 957
829 1021
830 215
830 637
830 638
830 702
830 766
830 894
830 958
830 1017
830 1022
831 103
831 639
831 652
831 674
831 703
831 767
831 895
831 959
831 1023
832 6
832 73
832 137
832 214
832 266
832 534
832 640
832 662
832 694
832 704
832 768
832 886
832 896
832 902
832 960
832 974
832 1024
832 1030
832 1088
832 1188
832 1238
832 1246
833 641
833 705
833 769
833 897
833 961
833 1025
834 642
834 706
834 770
834 898
834 962
834 1026
835 643
835 707
835 771
835 899
835 963
835 1027
836 644
836 708
836 772
836 900
836 964
836 1028
837 488
837 645
837 709
837 773
837 901
837 965
837 1029
838 7
838 71
838 135
838 199
838 263
838 265
838 270
838 278
838 327
838 391
838 393
838 454
838 455
838 462
838 519
838 583
838 585
838 590
838 630
838 646
838 710
838 711
838 713
838 714
838 718
838 723
838 726
838 758
838 774
838 775
838 777
838 782
838 839
838 847
838 902
838 903
838 906
838 910
838 966
838 967
838 969
838 982
838 1030
838 1031
838 1095
838 1158
838 1159
838 1223
838 1225
838 1230
839 7
839 71
839 135
839 199
839 263
839 270
839 327
839 391
839 455
839 519
839 583
839 585
839 647
839 711
839 713
839 714
839 718
839 723
839 726
839 775
839 777
839 782
839 838
839 847
839 903
839 910
839 967
839 982
839 1031
839 1095
839 1159
839 1223
839 1225
839 1230
840 39
840 648
840 712
840 776
840 904
840 968
840 994
840 1032
840 1079
841 9
841 70
841 134
841 201
841 262
841 329
841 390
841 457
841 521
841 582
841 646
841 649
841 710
841 713
841 774
841 777
841 905
841 966
841 969
841 1033
841 1097
841 1161
841 1222
842 650
842 714
842 778
842 906
842 970
842 1006
842 1034
843 577
843 651
843 715
843 769
843 779
843 798
843 907
843 971
843 1035
844 438
844 652
844 716
844 734
844 780
844 908
844 972
844 1036
845 653
845 717
845 781
845 909
845 973
845 1037
846 654
846 718
846 782
846 910
846 974
846 1038
847 7
847 198
847 199
847 263
847 265
847 270
847 278
847 326
847 391
847 393
847 454
847 455
847 462
847 518
847 519
847 583
847 585
847 590
847 630
847 647
847 649
847 655
847 713
847 714
847 718
847 719
847 723
847 726
847 758
847 775
847 777
847 782
847 783
847 838
847 839
847 903
847 906
847 910
847 911
847 918
847 967
847 969
847 975
847 982
847 1031
847 1039
847 1094
847 1095
847 1158
847 1159
847 1223
847 1225
847 1230
848 138
848 147
848 414
848 656
848 720
848 784
848 912
848 976
848 1040
849 657
849 721
849 785
849 913
849 977
849 1041
849 1096
850 315
850 567
850 658
850 722
850 786
850 914
850 978
850 1002
850 1042
850 1209
851 659
851 723
851 787
851 915
851 979
851 1043
852 660
852 724
852 788
852 816
852 882
852 916
852 980
852 1044
852 1257
852 1266
853 624
853 661
853 725
853 789
853 917
853 926
853 981
853 1045
854 342
854 662
854 726
854 790
854 918
854 982
854 1046
855 75
855 663
855 727
855 791
855 919
855 983
855 1047
856 60
856 363
856 434
856 664
856 728
856 792
856 920
856 984
856 1048
857 617
857 665
857 729
857 793
857 921
857 985
857 1049
857 1099
858 485
858 666
858 730
858 794
858 922
858 986
858 1050
859 667
859 731
859 795
859 818
859 923
859 987
859 1051
860 45
860 584
860 668
860 732
860 796
860 924
860 988
860 1052
860 1100
860 1184
861 669
861 733
861 797
861 925
861 989
861 1005
861 1053
861 1233
862 17
862 499
862 670
862 734
862 798
862 926
862 990
862 1054
863 1
863 557
863 671
863 735
863 799
863 927
863 991
863 1055
864 672
864 736
864 800
864 928
864 992
864 1056
864 1058
864 1181
865 609
865 673
865 737
865 801
865 929
865 993
865 1057
866 674
866 738
866 802
866 819
866 930
866 994
866 1058
867 168
867 293
867 675
867 739
867 803
867 931
867 995
867 1059
868 676
868 740
868 804
868 932
868 996
868 1060
869 129
869 195
869 677
869 741
869 805
869 933
869 997
869 1059
869 1061
869 1080
870 655
870 678
870 742
870 806
870 934
870 998
870 1062
871 679
871 743
871 807
871 935
871 999
871 1063
872 13
872 65
872 680
872 744
872 808
872 936
872 1000
872 1064
873 523
873 681
873 745
873 809
873 937
873 1001
873 1065
874 672
874 682
874 746
874 773
874 810
874 925
874 938
874 1002
874 1066
874 1191
875 683
875 695
875 747
875 811
875 939
875 1003
875 1067
876 684
876 748
876 812
876 940
876 1004
876 1021
876 1068
876 1240
877 267
877 685
877 749
877 813
877 941
877 1005
877 1069
878 686
878 750
878 772
878 814
878 942
878 1006
878 1070
879 34
879 44
879 47
879 127
879 687
879 751
879 815
879 943
879 1007
879 1071
880 688
880 752
880 786
880 816
880 944
880 981
880 1008
880 1072
880 1276
881 689
881 753
881 817
881 945
881 1009
881 1073
881 1121
882 690
882 754
882 816
882 818
882 852
882 946
882 1010
882 1074
882 1257
882 1266
883 691
883 755
883 819
883 947
883 995
883 1011
883 1051
883 1056
883 1075
883 1116
884 104
884 172
884 692
884 756
884 820
884 948
884 1012
884 1076
885 693
885 757
885 821
885 949
885 1013
885 1077
886 6
886 73
886 137
886 214
886 266
886 534
886 662
886 694
886 758
886 822
886 832
886 902
886 950
886 974
886 1014
886 1030
886 1078
886 1088
886 1094
886 1188
886 1238
886 1246
887 352
887 596
887 695
887 759
887 796
887 823
887 951
887 968
887 1015
887 1044
887 1079
888 696
888 760
888 824
888 952
888 1016
888 1080
889 307
889 308
889 697
889 761
889 825
889 953
889 1017
889 1081
890 305
890 325
890 698
890 762
890 763
890 826
890 954
890 972
890 1018
890 1082
890 1263
891 299
891 412
891 575
891 699
891 763
891 827
891 919
891 955
891 1019
891 1083
892 341
892 511
892 560
892 700
892 764
892 828
892 956
892 1020
892 1084
892 1137
892 1183
893 50
893 542
893 701
893 765
893 829
893 956
893 957
893 1021
893 1085
894 37
894 474
894 702
894 766
894 830
894 958
894 1022
894 1086
895 261
895 703
895 767
895 821
895 831
895 959
895 1023
895 1087
896 704
896 768
896 832
896 960
896 1024
896 1088
897 130
897 705
897 769
897 833
897 961
897 1025
897 1041
897 1089
898 456
898 706
898 770
898 834
898 962
898 1026
898 1090
898 1153
899 228
899 685
899 707
899 750
899 771
899 835
899 963
899 1027
899 1091
900 356
900 708
900 745
900 772
900 836
900 964
900 1028
900 1092
900 1128
901 365
901 709
901 773
901 837
901 928
901 965
901 1029
901 1093
902 6
902 73
902 137
902 214
902 266
902 534
902 662
902 694
902 710
902 774
902 832
902 838
902 886
902 966
902 974
902 1030
902 1088
902 1094
902 1188
902 1238
902 1246
903 7
903 71
903 135
903 198
903 199
903 263
903 265
903 270
903 278
903 326
903 327
903 391
903 393
903 454
903 455
903 462
903 518
903 519
903 583
903 585
903 590
903 630
903 647
903 649
903 711
903 713
903 714
903 718
903 723
903 726
903 758
903 775
903 777
903 782
903 838
903 839
903 847
903 906
903 910
903 918
903 967
903 969
903 982
903 1031
903 1039
903 1095
903 1158
903 1159
903 1223
903 1225
903 1230
904 100
904 712
904 776
904 840
904 968
904 1032
904 1096
905 9
905 70
905 134
905 201
905 262
905 329
905 390
905 457
905 521
905 582
905 646
905 710
905 713
905 774
905 777
905 841
905 966
905 969
905 1033
905 1097
905 1161
905 1222
906 137
906 198
906 265
906 266
906 270
906 278
906 326
906 393
906 454
906 455
906 462
906 518
906 583
906 585
906 590
906 630
906 647
906 649
906 714
906 718
906 723
906 758
906 777
906 778
906 782
906 838
906 842
906 847
906 903
906 910
906 918
906 967
906 969
906 970
906 982
906 1030
906 1034
906 1039
906 1094
906 1098
906 1158
906 1188
906 1225
906 1238
906 1246
907 715
907 779
907 843
907 971
907 1035
907 1099
907 1126
908 255
908 277
908 638
908 716
908 780
908 844
908 972
908 1036
908 1100
909 717
909 781
909 845
909 973
909 1037
909 1101
910 7
910 71
910 135
910 198
910 199
910 263
910 265
910 270
910 278
910 326
910 327
910 391
910 393
910 454
910 455
910 462
910 519
910 583
910 585
910 590
910 630
910 647
910 649
910 711
910 713
910 714
910 718
910 723
910 726
910 758
910 775
910 777
910 782
910 838
910 839
910 846
910 847
910 903
910 906
910 918
910 967
910 969
910 974
910 982
910 1031
910 1038
910 1095
910 1102
910 1158
910 1159
910 1223
910 1225
910 1230
911 207
911 719
911 783
911 847
911 975
911 1039
911 1103
912 720
912 784
912 848
912 976
912 1040
912 1104
912 1235
913 167
913 614
913 721
913 785
913 849
913 977
913 1041
913 1105
913 1245
914 351
914 722
914 786
914 850
914 978
914 1042
914 1072
914 1106
915 272
915 723
915 787
915 851
915 979
915 1043
915 1107
916 203
916 724
916 788
916 852
916 980
916 1044
916 1108
916 1256
917 291
917 725
917 747
917 789
917 853
917 981
917 1045
917 1050
917 1109
918 137
918 198
918 265
918 266
918 270
918 278
918 326
918 393
918 454
918 455
918 462
918 518
918 583
918 590
918 630
918 647
918 649
918 694
918 714
918 723
918 726
918 758
918 782
918 790
918 847
918 854
918 903
918 906
918 910
918 967
918 969
918 982
918 1030
918 1039
918 1046
918 1088
918 1094
918 1110
918 1158
918 1188
918 1225
918 1238
918 1246
919 299
919 412
919 575
919 727
919 791
919 855
919 891
919 983
919 1047
919 1111
920 728
920 792
920 856
920 984
920 1048
920 1112
921 30
921 242
921 729
921 793
921 805
921 857
921 985
921 1049
921 1113
922 573
922 730
922 794
922 858
922 986
922 1050
922 1114
923 524
923 731
923 795
923 859
923 987
923 1051
923 1115
924 732
924 796
924 860
924 988
924 1052
924 1116
925 672
925 733
925 773
925 797
925 861
925 874
925 989
925 1053
925 1117
925 1191
926 624
926 734
926 798
926 853
926 862
926 990
926 1054
926 1118
927 21
927 446
927 735
927 799
927 863
927 991
927 1045
927 1055
927 1119
928 365
928 736
928 800
928 864
928 901
928 992
928 1056
928 1120
929 642
929 737
929 779
929 801
929 865
929 993
929 1057
929 1121
930 200
930 375
930 594
930 738
930 802
930 866
930 994
930 1058
930 1122
930 1149
931 101
931 459
931 739
931 803
931 828
931 867
931 995
931 1059
931 1123
932 740
932 804
932 868
932 996
932 1060
932 1124
933 290
933 359
933 506
933 741
933 805
933 869
933 988
933 997
933 1061
933 1125
934 742
934 806
934 870
934 998
934 1062
934 1126
935 112
935 593
935 743
935 807
935 809
935 871
935 999
935 1063
935 1127
936 744
936 808
936 872
936 1000
936 1064
936 1128
937 82
937 745
937 809
937 873
937 1001
937 1065
937 1129
938 746
938 810
938 874
938 1002
938 1066
938 1130
939 107
939 472
939 747
939 811
939 875
939 985
939 1003
939 1067
939 1131
940 216
940 748
940 812
940 876
940 1004
940 1068
940 1132
941 749
941 813
941 877
941 1005
941 1069
941 1133
942 706
942 750
942 814
942 878
942 1006
942 1070
942 1134
942 1157
943 43
943 157
943 675
943 751
943 815
943 879
943 1007
943 1071
943 1135
944 169
944 183
944 738
944 752
944 816
944 880
944 1008
944 1072
944 1136
945 753
945 817
945 881
945 1009
945 1073
945 1137
946 754
946 765
946 818
946 882
946 1010
946 1074
946 1138
947 461
947 755
947 819
947 883
947 1011
947 1075
947 1139
948 756
948 820
948 884
948 1012
948 1076
948 1140
948 1204
949 757
949 821
949 885
949 1013
949 1077
949 1141
950 758
950 822
950 886
950 1014
950 1078
950 1142
951 759
951 823
951 887
951 1015
951 1046
951 1079
951 1143
951 1252
952 611
952 760
952 824
952 888
952 1016
952 1080
952 1144
953 8
953 136
953 345
953 761
953 825
953 889
953 957
953 1017
953 1081
953 1123
953 1145
954 629
954 762
954 826
954 890
954 1018
954 1082
954 1146
955 639
955 763
955 827
955 891
955 1019
955 1048
955 1083
955 1147
956 50
956 542
956 764
956 828
956 892
956 893
956 1020
956 1084
956 1148
957 8
957 136
957 345
957 765
957 829
957 893
957 953
957 1021
957 1085
957 1123
957 1149
958 766
958 830
958 894
958 1022
958 1086
958 1150
959 213
959 767
959 831
959 895
959 1023
959 1087
959 1151
960 768
960 832
960 896
960 1024
960 1088
960 1152
961 769
961 833
961 897
961 1025
961 1089
961 1153
962 631
962 770
962 834
962 898
962 1026
962 1090
962 1154
963 320
963 771
963 835
963 899
963 1027
963 1091
963 1155
964 772
964 836
964 900
964 971
964 996
964 1028
964 1092
964 1156
965 773
965 837
965 901
965 992
965 1029
965 1093
965 1157
966 9
966 70
966 134
966 201
966 262
966 329
966 390
966 457
966 521
966 582
966 646
966 710
966 774
966 838
966 841
966 902
966 905
966 1030
966 1033
966 1094
966 1097
966 1158
966 1161
966 1222
967 7
967 198
967 199
967 265
967 266
967 270
967 278
967 326
967 393
967 454
967 455
967 462
967 518
967 519
967 583
967 585
967 590
967 630
967 647
967 649
967 714
967 718
967 723
967 726
967 758
967 775
967 777
967 782
967 838
967 839
967 847
967 903
967 906
967 910
967 918
967 969
967 982
967 1030
967 1031
967 1039
967 1094
967 1095
967 1158
967 1159
967 1225
967 1230
967 1238
967 1246
968 352
968 596
968 776
968 796
968 840
968 887
968 904
968 1032
968 1044
968 1096
968 1160
969 198
969 199
969 265
969 266
969 270
969 278
969 326
969 393
969 454
969 455
969 462
969 518
969 519
969 583
969 585
969 590
969 630
969 647
969 649
969 714
969 718
969 723
969 726
969 758
969 775
969 777
969 782
969 838
969 841
969 847
969 903
969 905
969 906
969 910
969 918
969 967
969 982
969 1030
969 1033
969 1039
969 1094
969 1095
969 1097
969 1158
969 1159
969 1161
969 1225
969 1230
969 1238
969 1246
970 16
970 778
970 842
970 906
970 1034
970 1098
970 1162
971 779
971 843
971 907
971 964
971 996
971 1035
971 1099
971 1163
972 305
972 325
972 763
972 780
972 844
972 890
972 908
972 1036
972 1100
972 1164
972 1263
973 23
973 645
973 781
973 845
973 909
973 1037
973 1101
973 1165
974 137
974 214
974 266
974 534
974 662
974 694
974 782
974 832
974 846
974 886
974 902
974 910
974 1030
974 1038
974 1088
974 1102
974 1166
974 1188
974 1238
974 1246
975 783
975 847
975 911
975 1039
975 1103
975 1167
976 784
976 848
976 912
976 1040
976 1104
976 1168
977 785
977 849
977 913
977 1041
977 1105
977 1169
978 491
978 786
978 850
978 914
978 1012
978 1023
978 1042
978 1106
978 1170
979 787
979 851
979 915
979 1043
979 1107
979 1171
980 788
980 852
980 916
980 1044
980 1108
980 1141
980 1172
981 786
981 789
981 853
981 880
981 917
981 1045
981 1109
981 1173
981 1276
982 7
982 198
982 199
982 263
982 265
982 270
982 278
982 326
982 391
982 393
982 454
982 455
982 462
982 518
982 519
982 583
982 585
982 590
982 630
982 647
982 649
982 713
982 714
982 718
982 723
982 726
982 758
982 775
982 777
982 782
982 790
982 838
982 839
982 847
982 854
982 903
982 906
982 910
982 918
982 967
982 969
982 1031
982 1039
982 1046
982 1094
982 1095
982 1110
982 1158
982 1159
982 1174
982 1223
982 1225
982 1230
983 106
983 578
983 791
983 855
983 919
983 1047
983 1111
983 1175
984 187
984 364
984 792
984 856
984 920
984 1048
984 1112
984 1176
985 107
985 472
985 793
985 857
985 921
985 939
985 1049
985 1113
985 1177
986 155
986 171
986 235
986 304
986 794
986 808
986 858
986 922
986 1050
986 1114
986 1178
987 204
987 795
987 859
987 923
987 1051
987 1115
987 1179
988 290
988 359
988 506
988 796
988 860
988 924
988 933
988 1052
988 1116
988 1180
989 281
989 776
989 797
989 861
989 925
989 1053
989 1117
989 1181
990 798
990 862
990 926
990 1054
990 1118
990 1182
991 799
991 863
991 927
991 1055
991 1119
991 1172
991 1183
992 800
992 864
992 928
992 965
992 1056
992 1120
992 1184
993 4
993 98
993 269
993 801
993 865
993 929
993 1057
993 1121
993 1185
994 39
994 802
994 840
994 866
994 930
994 1058
994 1079
994 1122
994 1186
995 803
995 867
995 883
995 931
995 1051
995 1056
995 1059
995 1116
995 1123
995 1187
996 804
996 868
996 932
996 964
996 971
996 1060
996 1124
996 1188
997 476
997 805
997 869
997 933
997 1016
997 1061
997 1125
997 1144
997 1189
998 66
998 165
998 232
998 806
998 870
998 934
998 1062
998 1126
998 1190
999 332
999 730
999 807
999 871
999 935
999 1026
999 1063
999 1127
999 1191
1000 309
1000 658
1000 677
1000 761
1000 808
1000 872
1000 936
1000 1064
1000 1128
1000 1192
1001 809
1001 873
1001 937
1001 1065
1001 1129
1001 1193
1002 315
1002 567
1002 810
1002 850
1002 874
1002 938
1002 1066
1002 1130
1002 1194
1002 1209
1003 243
1003 397
1003 794
1003 811
1003 875
1003 939
1003 1067
1003 1131
1003 1195
1004 812
1004 876
1004 940
1004 1021
1004 1068
1004 1132
1004 1196
1004 1240
1005 813
1005 861
1005 877
1005 941
1005 1069
1005 1133
1005 1197
1005 1233
1006 814
1006 842
1006 878
1006 942
1006 1070
1006 1134
1006 1198
1007 815
1007 879
1007 943
1007 1071
1007 1135
1007 1199
1008 72
1008 178
1008 504
1008 816
1008 880
1008 944
1008 1072
1008 1136
1008 1200
1009 90
1009 539
1009 762
1009 799
1009 817
1009 824
1009 881
1009 945
1009 1073
1009 1137
1009 1201
1009 1203
1009 1243
1010 818
1010 882
1010 946
1010 1074
1010 1138
1010 1202
1011 177
1011 819
1011 883
1011 947
1011 1075
1011 1139
1011 1203
1012 491
1012 820
1012 884
1012 948
1012 978
1012 1023
1012 1076
1012 1140
1012 1204
1013 821
1013 885
1013 949
1013 1077
1013 1141
1013 1205
1014 822
1014 886
1014 950
1014 1078
1014 1142
1014 1206
1015 289
1015 395
1015 550
1015 823
1015 887
1015 951
1015 1025
1015 1079
1015 1143
1015 1207
1015 1234
1016 476
1016 824
1016 888
1016 952
1016 997
1016 1080
1016 1144
1016 1208
1017 215
1017 637
1017 825
1017 830
1017 889
1017 953
1017 1081
1017 1145
1017 1209
1018 588
1018 760
1018 826
1018 890
1018 954
1018 1082
1018 1146
1018 1210
1019 827
1019 891
1019 955
1019 1083
1019 1147
1019 1211
1020 828
1020 892
1020 956
1020 1084
1020 1148
1020 1212
1021 829
1021 876
1021 893
1021 957
1021 1004
1021 1085
1021 1149
1021 1213
1021 1240
1022 381
1022 401
1022 433
1022 696
1022 830
1022 894
1022 958
1022 1055
1022 1086
1022 1150
1022 1214
1023 491
1023 831
1023 895
1023 959
1023 978
1023 1012
1023 1087
1023 1151
1023 1215
1024 832
1024 896
1024 960
1024 1088
1024 1152
1024 1216
1025 289
1025 395
1025 550
1025 833
1025 897
1025 961
1025 1015
1025 1089
1025 1153
1025 1217
1025 1234
1026 332
1026 730
1026 834
1026 898
1026 962
1026 999
1026 1090
1026 1154
1026 1218
1027 835
1027 899
1027 963
1027 1091
1027 1098
1027 1155
1027 1219
1028 196
1028 836
1028 900
1028 964
1028 1092
1028 1156
1028 1220
1029 837
1029 901
1029 965
1029 1093
1029 1157
1029 1221
1030 137
1030 198
1030 214
1030 265
1030 266
1030 326
1030 393
1030 454
1030 518
1030 534
1030 590
1030 630
1030 647
1030 649
1030 662
1030 694
1030 758
1030 832
1030 838
1030 886
1030 902
1030 906
1030 918
1030 966
1030 967
1030 969
1030 974
1030 1039
1030 1088
1030 1094
1030 1158
1030 1188
1030 1222
1030 1238
1030 1246
1031 71
1031 135
1031 199
1031 263
1031 270
1031 278
1031 327
1031 391
1031 455
1031 462
1031 519
1031 583
1031 585
1031 711
1031 713
1031 714
1031 718
1031 723
1031 726
1031 775
1031 777
1031 782
1031 838
1031 839
1031 847
1031 903
1031 910
1031 967
1031 982
1031 1095
1031 1159
1031 1223
1031 1225
1031 1230
1032 193
1032 322
1032 357
1032 840
1032 904
1032 968
1032 1096
1032 1160
1032 1224
1033 9
1033 70
1033 134
1033 201
1033 262
1033 329
1033 390
1033 457
1033 521
1033 582
1033 646
1033 710
1033 774
1033 841
1033 905
1033 966
1033 969
1033 1097
1033 1161
1033 1222
1033 1225
1034 150
1034 842
1034 906
1034 970
1034 1098
1034 1162
1034 1226
1035 158
1035 757
1035 843
1035 907
1035 971
1035 1037
1035 1099
1035 1163
1035 1227
1035 1261
1036 450
1036 844
1036 908
1036 972
1036 1100
1036 1164
1036 1228
1037 158
1037 757
1037 845
1037 909
1037 973
1037 1035
1037 1101
1037 1165
1037 1229
1037 1261
1038 846
1038 910
1038 974
1038 1102
1038 1110
1038 1166
1038 1230
1039 198
1039 214
1039 265
1039 266
1039 270
1039 278
1039 326
1039 393
1039 454
1039 462
1039 518
1039 534
1039 590
1039 630
1039 647
1039 649
1039 694
1039 723
1039 758
1039 847
1039 903
1039 906
1039 911
1039 918
1039 967
1039 969
1039 975
1039 982
1039 1030
1039 1088
1039 1094
1039 1103
1039 1158
1039 1167
1039 1188
1039 1225
1039 1231
1039 1238
1039 1246
1040 848
1040 912
1040 976
1040 1104
1040 1168
1040 1232
1041 130
1041 849
1041 897
1041 913
1041 977
1041 1105
1041 1169
1041 1233
1042 154
1042 850
1042 914
1042 978
1042 1106
1042 1170
1042 1234
1043 851
1043 915
1043 979
1043 1107
1043 1171
1043 1226
1043 1235
1044 352
1044 596
1044 796
1044 852
1044 887
1044 916
1044 968
1044 980
1044 1108
1044 1172
1044 1236
1045 21
1045 446
1045 853
1045 917
1045 927
1045 981
1045 1109
1045 1173
1045 1237
1046 854
1046 918
1046 951
1046 982
1046 1110
1046 1174
1046 1238
1046 1252
1047 532
1047 746
1047 785
1047 855
1047 919
1047 983
1047 1111
1047 1175
1047 1239
1048 639
1048 856
1048 920
1048 955
1048 984
1048 1112
1048 1176
1048 1240
1049 301
1049 753
1049 857
1049 921
1049 985
1049 1113
1049 1177
1049 1241
1050 291
1050 747
1050 858
1050 917
1050 922
1050 986
1050 1114
1050 1178
1050 1242
1051 859
1051 883
1051 923
1051 987
1051 995
1051 1056
1051 1115
1051 1116
1051 1179
1051 1243
1052 361
1052 860
1052 924
1052 988
1052 1116
1052 1180
1052 1244
1053 328
1053 468
1053 861
1053 925
1053 989
1053 1117
1053 1181
1053 1245
1054 680
1054 862
1054 926
1054 990
1054 1118
1054 1182
1054 1246
1055 381
1055 401
1055 433
1055 696
1055 863
1055 927
1055 991
1055 1022
1055 1119
1055 1183
1055 1247
1056 864
1056 883
1056 928
1056 992
1056 995
1056 1051
1056 1116
1056 1120
1056 1184
1056 1248
1057 728
1057 865
1057 929
1057 993
1057 1121
1057 1185
1057 1249
1058 864
1058 866
1058 930
1058 994
1058 1122
1058 1181
1058 1186
1058 1250
1059 129
1059 195
1059 867
1059 869
1059 931
1059 995
1059 1080
1059 1123
1059 1187
1059 1251
1060 868
1060 932
1060 996
1060 1124
1060 1188
1060 1252
1061 404
1061 869
1061 933
1061 997
1061 1125
1061 1189
1061 1253
1062 870
1062 934
1062 998
1062 1126
1062 1190
1062 1254
1063 109
1063 871
1063 935
1063 999
1063 1127
1063 1191
1063 1255
1064 59
1064 872
1064 936
1064 1000
1064 1128
1064 1192
1064 1256
1065 413
1065 581
1065 873
1065 937
1065 1001
1065 1129
1065 1139
1065 1193
1065 1257
1065 1264
1066 121
1066 176
1066 874
1066 938
1066 1002
1066 1071
1066 1073
1066 1130
1066 1194
1066 1258
1067 282
1067 426
1067 665
1067 875
1067 939
1067 1003
1067 1131
1067 1195
1067 1259
1068 789
1068 876
1068 940
1068 1004
1068 1132
1068 1196
1068 1260
1069 246
1069 877
1069 941
1069 1005
1069 1133
1069 1197
1069 1261
1070 878
1070 942
1070 1006
1070 1134
1070 1198
1070 1262
1071 121
1071 176
1071 879
1071 943
1071 1007
1071 1066
1071 1073
1071 1135
1071 1199
1071 1263
1072 351
1072 880
1072 914
1072 944
1072 1008
1072 1136
1072 1200
1072 1264
1073 121
1073 176
1073 881
1073 945
1073 1009
1073 1066
1073 1071
1073 1137
1073 1201
1073 1265
1074 377
1074 441
1074 697
1074 882
1074 946
1074 1010
1074 1138
1074 1202
1074 1266
1075 533
1075 635
1075 883
1075 947
1075 1011
1075 1139
1075 1203
1075 1267
1076 252
1076 445
1076 884
1076 948
1076 1012
1076 1140
1076 1204
1076 1267
1076 1268
1077 306
1077 343
1077 549
1077 885
1077 949
1077 1013
1077 1141
1077 1164
1077 1205
1077 1269
1078 886
1078 950
1078 1014
1078 1142
1078 1206
1078 1270
1079 39
1079 840
1079 887
1079 951
1079 994
1079 1015
1079 1143
1079 1207
1079 1271
1080 129
1080 195
1080 869
1080 888
1080 952
1080 1016
1080 1059
1080 1144
1080 1208
1080 1272
1081 97
1081 296
1081 353
1081 546
1081 889
1081 953
1081 1017
1081 1145
1081 1209
1081 1273
1082 890
1082 954
1082 1018
1082 1146
1082 1163
1082 1210
1082 1274
1083 891
1083 955
1083 1019
1083 1147
1083 1176
1083 1211
1083 1275
1084 754
1084 780
1084 892
1084 956
1084 1020
1084 1148
1084 1212
1084 1276
1085 421
1085 893
1085 957
1085 1021
1085 1149
1085 1213
1085 1248
1085 1277
1086 197
1086 894
1086 958
1086 1022
1086 1150
1086 1214
1086 1278
1087 815
1087 895
1087 959
1087 1023
1087 1151
1087 1215
1087 1279
1088 6
1088 73
1088 137
1088 214
1088 266
1088 326
1088 518
1088 534
1088 647
1088 662
1088 694
1088 832
1088 886
1088 896
1088 902
1088 918
1088 960
1088 974
1088 1024
1088 1030
1088 1039
1088 1094
1088 1152
1088 1188
1088 1216
1088 1238
1088 1246
1089 209
1089 897
1089 961
1089 1025
1089 1153
1089 1217
1090 898
1090 962
1090 1026
1090 1154
1090 1218
1091 899
1091 963
1091 1027
1091 1155
1091 1219
1092 334
1092 900
1092 964
1092 1028
1092 1156
1092 1220
1093 901
1093 965
1093 1029
1093 1136
1093 1157
1093 1221
1094 198
1094 265
1094 266
1094 270
1094 278
1094 326
1094 393
1094 454
1094 462
1094 518
1094 534
1094 590
1094 630
1094 647
1094 649
1094 694
1094 723
1094 758
1094 847
1094 886
1094 902
1094 906
1094 918
1094 966
1094 967
1094 969
1094 982
1094 1030
1094 1039
1094 1088
1094 1158
1094 1188
1094 1222
1094 1225
1094 1238
1094 1246
1095 199
1095 263
1095 265
1095 270
1095 278
1095 327
1095 391
1095 455
1095 462
1095 519
1095 583
1095 585
1095 711
1095 713
1095 714
1095 718
1095 723
1095 726
1095 775
1095 777
1095 782
1095 838
1095 839
1095 847
1095 903
1095 910
1095 967
1095 969
1095 982
1095 1031
1095 1158
1095 1159
1095 1223
1095 1225
1095 1230
1096 849
1096 904
1096 968
1096 1032
1096 1160
1096 1224
1097 9
1097 70
1097 134
1097 201
1097 262
1097 329
1097 390
1097 457
1097 521
1097 582
1097 646
1097 710
1097 774
1097 841
1097 905
1097 966
1097 969
1097 1033
1097 1161
1097 1222
1097 1225
1098 906
1098 970
1098 1027
1098 1034
1098 1162
1098 1226
1099 617
1099 857
1099 907
1099 971
1099 1035
1099 1163
1099 1227
1100 45
1100 584
1100 860
1100 908
1100 972
1100 1036
1100 1164
1100 1184
1100 1228
1101 257
1101 481
1101 669
1101 743
1101 909
1101 973
1101 1037
1101 1165
1101 1229
1102 822
1102 910
1102 974
1102 1038
1102 1166
1102 1230
1103 911
1103 975
1103 1039
1103 1167
1103 1231
1104 912
1104 976
1104 1040
1104 1168
1104 1232
1105 721
1105 913
1105 977
1105 1041
1105 1162
1105 1169
1105 1233
1106 76
1106 607
1106 914
1106 978
1106 1042
1106 1170
1106 1234
1107 915
1107 979
1107 1043
1107 1171
1107 1235
1108 283
1108 916
1108 980
1108 1044
1108 1172
1108 1236
1109 616
1109 917
1109 981
1109 1045
1109 1173
1109 1237
1110 918
1110 982
1110 1038
1110 1046
1110 1174
1110 1238
1111 919
1111 983
1111 1047
1111 1175
1111 1239
1112 410
1112 920
1112 984
1112 1048
1112 1176
1112 1240
1113 921
1113 985
1113 1049
1113 1140
1113 1177
1113 1241
1114 108
1114 922
1114 986
1114 1050
1114 1178
1114 1196
1114 1242
1115 67
1115 437
1115 440
1115 487
1115 923
1115 987
1115 1051
1115 1132
1115 1179
1115 1243
1116 883
1116 924
1116 988
1116 995
1116 1051
1116 1052
1116 1056
1116 1180
1116 1244
1117 925
1117 989
1117 1053
1117 1181
1117 1245
1118 396
1118 515
1118 802
1118 926
1118 990
1118 1054
1118 1182
1118 1246
1119 606
1119 927
1119 991
1119 1055
1119 1183
1119 1247
1120 928
1120 992
1120 1056
1120 1184
1120 1205
1120 1248
1121 817
1121 881
1121 929
1121 993
1121 1057
1121 1185
1121 1249
1122 36
1122 930
1122 994
1122 1058
1122 1186
1122 1250
1123 8
1123 136
1123 345
1123 931
1123 953
1123 957
1123 995
1123 1059
1123 1187
1123 1251
1124 118
1124 527
1124 932
1124 996
1124 1060
1124 1188
1124 1252
1125 933
1125 997
1125 1061
1125 1189
1125 1253
1126 907
1126 934
1126 998
1126 1062
1126 1190
1126 1254
1127 935
1127 999
1127 1063
1127 1191
1127 1255
1128 356
1128 745
1128 900
1128 936
1128 1000
1128 1064
1128 1192
1128 1256
1129 162
1129 229
1129 937
1129 1001
1129 1065
1129 1193
1129 1257
1130 797
1130 938
1130 1002
1130 1066
1130 1194
1130 1239
1130 1258
1131 113
1131 939
1131 1003
1131 1067
1131 1195
1131 1259
1132 67
1132 437
1132 440
1132 487
1132 940
1132 1004
1132 1068
1132 1115
1132 1196
1132 1260
1133 622
1133 941
1133 1005
1133 1069
1133 1197
1133 1261
1134 670
1134 942
1134 1006
1134 1070
1134 1198
1134 1262
1135 505
1135 943
1135 1007
1135 1071
1135 1199
1135 1263
1136 944
1136 1008
1136 1072
1136 1093
1136 1200
1136 1264
1137 341
1137 511
1137 560
1137 892
1137 945
1137 1009
1137 1073
1137 1183
1137 1201
1137 1265
1138 355
1138 498
1138 540
1138 801
1138 946
1138 1010
1138 1074
1138 1202
1138 1266
1139 413
1139 581
1139 947
1139 1011
1139 1065
1139 1075
1139 1203
1139 1264
1139 1267
1140 948
1140 1012
1140 1076
1140 1113
1140 1204
1140 1268
1141 949
1141 980
1141 1013
1141 1077
1141 1205
1141 1269
1142 206
1142 950
1142 1014
1142 1078
1142 1206
1142 1270
1143 951
1143 1015
1143 1079
1143 1207
1143 1271
1144 476
1144 952
1144 997
1144 1016
1144 1080
1144 1208
1144 1272
1145 520
1145 744
1145 953
1145 1017
1145 1081
1145 1209
1145 1273
1146 51
1146 954
1146 1018
1146 1082
1146 1210
1146 1274
1147 102
1147 419
1147 955
1147 1019
1147 1083
1147 1211
1147 1275
1148 32
1148 317
1148 956
1148 1020
1148 1084
1148 1212
1148 1276
1149 200
1149 375
1149 594
1149 930
1149 957
1149 1021
1149 1085
1149 1213
1149 1277
1150 958
1150 1022
1150 1086
1150 1214
1150 1278
1151 190
1151 688
1151 959
1151 1023
1151 1087
1151 1215
1151 1279
1152 0
1152 522
1152 960
1152 1024
1152 1088
1152 1216
1153 456
1153 898
1153 961
1153 1025
1153 1089
1153 1217
1154 287
1154 338
1154 386
1154 962
1154 1026
1154 1090
1154 1218
1155 963
1155 1027
1155 1091
1155 1219
1156 349
1156 366
1156 964
1156 1028
1156 1092
1156 1220
1157 706
1157 942
1157 965
1157 1029
1157 1093
1157 1221
1158 198
1158 265
1158 270
1158 278
1158 326
1158 393
1158 454
1158 455
1158 462
1158 518
1158 519
1158 583
1158 585
1158 590
1158 630
1158 647
1158 649
1158 714
1158 718
1158 723
1158 758
1158 777
1158 782
1158 838
1158 847
1158 903
1158 906
1158 910
1158 918
1158 966
1158 967
1158 969
1158 982
1158 1030
1158 1039
1158 1094
1158 1095
1158 1159
1158 1222
1158 1225
1158 1230
1158 1238
1158 1246
1159 71
1159 199
1159 263
1159 327
1159 391
1159 455
1159 462
1159 519
1159 583
1159 585
1159 711
1159 713
1159 714
1159 718
1159 723
1159 726
1159 775
1159 777
1159 782
1159 838
1159 839
1159 847
1159 903
1159 910
1159 967
1159 969
1159 982
1159 1031
1159 1095
1159 1158
1159 1223
1159 1225
1159 1230
1160 28
1160 562
1160 756
1160 813
1160 968
1160 1032
1160 1096
1160 1224
1161 9
1161 70
1161 134
1161 201
1161 262
1161 329
1161 390
1161 457
1161 521
1161 582
1161 646
1161 710
1161 774
1161 841
1161 905
1161 966
1161 969
1161 1033
1161 1097
1161 1222
1161 1225
1162 721
1162 970
1162 1034
1162 1098
1162 1105
1162 1226
1163 971
1163 1035
1163 1082
1163 1099
1163 1227
1164 306
1164 343
1164 549
1164 972
1164 1036
1164 1077
1164 1100
1164 1228
1165 280
1165 431
1165 973
1165 1037
1165 1101
1165 1229
1166 783
1166 974
1166 1038
1166 1102
1166 1230
1167 975
1167 1039
1167 1103
1167 1231
1168 976
1168 1040
1168 1104
1168 1232
1169 977
1169 1041
1169 1105
1169 1233
1170 233
1170 376
1170 615
1170 978
1170 1042
1170 1106
1170 1234
1171 979
1171 1043
1171 1107
1171 1235
1172 980
1172 991
1172 1044
1172 1108
1172 1236
1173 981
1173 1045
1173 1109
1173 1237
1174 668
1174 982
1174 1046
1174 1110
1174 1238
1175 983
1175 1047
1175 1111
1175 1239
1176 984
1176 1048
1176 1083
1176 1112
1176 1240
1177 985
1177 1049
1177 1113
1177 1241
1177 1259
1178 986
1178 1050
1178 1114
1178 1242
1179 184
1179 447
1179 568
1179 572
1179 987
1179 1051
1179 1115
1179 1243
1180 316
1180 988
1180 1052
1180 1116
1180 1244
1181 864
1181 989
1181 1053
1181 1058
1181 1117
1181 1245
1182 990
1182 1054
1182 1118
1182 1246
1183 341
1183 511
1183 560
1183 892
1183 991
1183 1055
1183 1119
1183 1137
1183 1247
1184 45
1184 584
1184 860
1184 992
1184 1056
1184 1100
1184 1120
1184 1248
1185 993
1185 1057
1185 1121
1185 1249
1186 429
1186 994
1186 1058
1186 1122
1186 1250
1187 369
1187 556
1187 627
1187 995
1187 1059
1187 1123
1187 1251
1188 6
1188 73
1188 137
1188 214
1188 266
1188 326
1188 393
1188 454
1188 518
1188 534
1188 590
1188 630
1188 647
1188 649
1188 662
1188 694
1188 758
1188 832
1188 886
1188 902
1188 906
1188 918
1188 974
1188 996
1188 1030
1188 1039
1188 1060
1188 1088
1188 1094
1188 1124
1188 1238
1188 1246
1188 1252
1189 513
1189 997
1189 1061
1189 1125
1189 1253
1190 92
1190 161
1190 225
1190 636
1190 998
1190 1062
1190 1126
1190 1254
1191 672
1191 773
1191 874
1191 925
1191 999
1191 1063
1191 1127
1191 1255
1192 495
1192 1000
1192 1064
1192 1128
1192 1256
1193 373
1193 1001
1193 1065
1193 1129
1193 1257
1194 250
1194 553
1194 641
1194 811
1194 1002
1194 1066
1194 1130
1194 1258
1195 313
1195 1003
1195 1067
1195 1131
1195 1259
1196 108
1196 1004
1196 1068
1196 1114
1196 1132
1196 1260
1197 110
1197 475
1197 716
1197 742
1197 1005
1197 1069
1197 1133
1197 1261
1198 1006
1198 1070
1198 1134
1198 1262
1199 483
1199 492
1199 1007
1199 1071
1199 1135
1199 1263
1200 385
1200 490
1200 599
1200 1008
1200 1072
1200 1136
1200 1202
1200 1264
1201 1009
1201 1073
1201 1137
1201 1265
1202 385
1202 490
1202 599
1202 1010
1202 1074
1202 1138
1202 1200
1202 1266
1203 90
1203 539
1203 762
1203 799
1203 824
1203 1009
1203 1011
1203 1075
1203 1139
1203 1243
1203 1267
1204 948
1204 1012
1204 1076
1204 1140
1204 1268
1205 1013
1205 1077
1205 1120
1205 1141
1205 1269
1206 727
1206 1014
1206 1078
1206 1142
1206 1270
1207 288
1207 500
1207 564
1207 1015
1207 1079
1207 1143
1207 1271
1208 69
1208 87
1208 1016
1208 1080
1208 1144
1208 1272
1209 315
1209 567
1209 850
1209 1002
1209 1017
1209 1081
1209 1145
1209 1273
1210 529
1210 1018
1210 1082
1210 1146
1210 1274
1211 2
1211 273
1211 387
1211 748
1211 1019
1211 1083
1211 1147
1211 1275
1212 623
1212 795
1212 1020
1212 1084
1212 1148
1212 1276
1213 1021
1213 1085
1213 1149
1213 1277
1214 537
1214 547
1214 1022
1214 1086
1214 1150
1214 1278
1215 239
1215 1023
1215 1087
1215 1151
1215 1279
1216 1024
1216 1088
1216 1152
1217 360
1217 1025
1217 1089
1217 1153
1218 1026
1218 1090
1218 1154
1219 1027
1219 1091
1219 1155
1219 1220
1220 1028
1220 1092
1220 1156
1220 1219
1221 1029
1221 1093
1221 1157
1222 9
1222 70
1222 134
1222 201
1222 262
1222 329
1222 390
1222 457
1222 521
1222 582
1222 646
1222 710
1222 774
1222 841
1222 905
1222 966
1222 1030
1222 1033
1222 1094
1222 1097
1222 1158
1222 1161
1223 71
1223 135
1223 199
1223 263
1223 327
1223 391
1223 455
1223 462
1223 519
1223 583
1223 585
1223 711
1223 713
1223 714
1223 718
1223 723
1223 726
1223 775
1223 777
1223 782
1223 838
1223 839
1223 847
1223 903
1223 910
1223 982
1223 1031
1223 1095
1223 1159
1223 1225
1223 1230
1224 193
1224 322
1224 357
1224 1032
1224 1096
1224 1160
1225 7
1225 265
1225 270
1225 278
1225 391
1225 393
1225 454
1225 455
1225 462
1225 518
1225 519
1225 583
1225 585
1225 590
1225 630
1225 647
1225 649
1225 713
1225 714
1225 718
1225 723
1225 726
1225 758
1225 775
1225 777
1225 782
1225 838
1225 839
1225 847
1225 903
1225 906
1225 910
1225 918
1225 967
1225 969
1225 982
1225 1031
1225 1033
1225 1039
1225 1094
1225 1095
1225 1097
1225 1158
1225 1159
1225 1161
1225 1223
1225 1230
1226 1034
1226 1043
1226 1098
1226 1162
1227 1035
1227 1099
1227 1163
1228 46
1228 1036
1228 1100
1228 1164
1229 1037
1229 1101
1229 1165
1230 71
1230 199
1230 263
1230 391
1230 455
1230 462
1230 519
1230 583
1230 585
1230 711
1230 713
1230 714
1230 718
1230 723
1230 726
1230 775
1230 777
1230 782
1230 838
1230 839
1230 847
1230 903
1230 910
1230 967
1230 969
1230 982
1230 1031
1230 1038
1230 1095
1230 1102
1230 1158
1230 1159
1230 1166
1230 1223
1230 1225
1231 1039
1231 1103
1231 1167
1232 502
1232 1040
1232 1104
1232 1168
1233 861
1233 1005
1233 1041
1233 1105
1233 1169
1234 289
1234 395
1234 550
1234 1015
1234 1025
1234 1042
1234 1106
1234 1170
1235 912
1235 1043
1235 1107
1235 1171
1236 1044
1236 1108
1236 1172
1237 477
1237 1045
1237 1109
1237 1173
1238 137
1238 266
1238 393
1238 454
1238 462
1238 518
1238 534
1238 590
1238 630
1238 647
1238 649
1238 662
1238 694
1238 758
1238 832
1238 886
1238 902
1238 906
1238 918
1238 967
1238 969
1238 974
1238 1030
1238 1039
1238 1046
1238 1088
1238 1094
1238 1110
1238 1158
1238 1174
1238 1188
1238 1246
1239 797
1239 1047
1239 1111
1239 1130
1239 1175
1240 876
1240 1004
1240 1021
1240 1048
1240 1112
1240 1176
1241 525
1241 1049
1241 1113
1241 1177
1242 58
1242 115
1242 254
1242 383
1242 628
1242 671
1242 810
1242 1050
1242 1114
1242 1178
1243 90
1243 539
1243 762
1243 799
1243 824
1243 1009
1243 1051
1243 1115
1243 1179
1243 1203
1244 430
1244 1052
1244 1116
1244 1180
1245 167
1245 614
1245 913
1245 1053
1245 1117
1245 1181
1246 137
1246 266
1246 393
1246 454
1246 518
1246 534
1246 590
1246 630
1246 647
1246 649
1246 662
1246 694
1246 758
1246 832
1246 886
1246 902
1246 906
1246 918
1246 967
1246 969
1246 974
1246 1030
1246 1039
1246 1054
1246 1088
1246 1094
1246 1118
1246 1158
1246 1182
1246 1188
1246 1238
1247 1055
1247 1119
1247 1183
1248 421
1248 1056
1248 1085
1248 1120
1248 1184
1249 372
1249 1057
1249 1121
1249 1185
1250 354
1250 1058
1250 1122
1250 1186
1251 1059
1251 1123
1251 1187
1252 951
1252 1046
1252 1060
1252 1124
1252 1188
1253 715
1253 1061
1253 1125
1253 1189
1254 651
1254 729
1254 1062
1254 1126
1254 1190
1255 340
1255 424
1255 484
1255 1063
1255 1127
1255 1191
1256 203
1256 916
1256 1064
1256 1128
1256 1192
1257 816
1257 852
1257 882
1257 1065
1257 1129
1257 1193
1257 1266
1258 608
1258 1066
1258 1130
1258 1194
1259 1067
1259 1131
1259 1177
1259 1195
1260 561
1260 634
1260 1068
1260 1132
1260 1196
1261 158
1261 757
1261 1035
1261 1037
1261 1069
1261 1133
1261 1197
1262 1070
1262 1134
1262 1198
1263 305
1263 325
1263 763
1263 890
1263 972
1263 1071
1263 1135
1263 1199
1264 413
1264 581
1264 1065
1264 1072
1264 1136
1264 1139
1264 1200
1265 248
1265 1073
1265 1137
1265 1201
1266 816
1266 852
1266 882
1266 1074
1266 1138
1266 1202
1266 1257
1267 252
1267 445
1267 1075
1267 1076
1267 1139
1267 1203
1268 648
1268 1076
1268 1140
1268 1204
1269 732
1269 1077
1269 1141
1269 1205
1270 336
1270 1078
1270 1142
1270 1206
1271 1079
1271 1143
1271 1207
1272 69
1272 87
1272 1080
1272 1144
1272 1208
1273 40
1273 53
1273 554
1273 752
1273 1081
1273 1145
1273 1209
1274 570
1274 1082
1274 1146
1274 1210
1275 234
1275 1083
1275 1147
1275 1211
1276 786
1276 880
1276 981
1276 1084
1276 1148
1276 1212
1277 1085
1277 1149
1277 1213
1278 1086
1278 1150
1278 1214
1279 5
1279 11
1279 545
1279 689
1279 1087
1279 1151
1279 1215
