0 64
0 128
0 192
1 5
1 13
1 15
1 19
1 65
1 69
1 77
1 79
1 83
1 129
1 133
1 141
1 143
1 147
1 193
1 197
1 207
1 211
1 257
1 261
1 269
1 271
1 275
1 321
1 325
1 335
1 339
1 385
1 389
1 399
1 403
1 453
1 463
1 517
1 527
1 581
1 645
1 655
1 783
1 847
1 911
1 1157
1 1165
1 1229
2 66
2 130
2 194
2 513
3 51
3 67
3 131
3 195
3 397
3 712
3 776
3 837
4 68
4 132
4 196
5 1
5 13
5 15
5 19
5 69
5 77
5 79
5 83
5 133
5 141
5 143
5 147
5 197
5 207
5 211
5 261
5 271
5 275
5 325
5 335
5 339
5 389
5 399
5 453
5 454
5 517
5 518
5 527
5 582
5 645
5 646
5 710
5 774
5 838
5 1039
5 1101
5 1103
5 1231
6 70
6 134
6 198
6 262
6 326
6 390
6 454
6 518
6 582
6 646
6 710
6 774
6 838
7 71
7 135
7 199
7 200
8 72
8 136
8 200
9 73
9 137
9 201
9 264
9 328
9 392
9 456
9 520
9 584
9 648
9 709
9 773
9 840
9 904
9 965
9 1032
9 1096
9 1160
9 1224
10 74
10 138
10 202
11 75
11 139
11 203
12 76
12 140
12 204
13 1
13 5
13 15
13 19
13 65
13 69
13 77
13 79
13 83
13 129
13 133
13 141
13 143
13 147
13 197
13 205
13 207
13 211
13 257
13 261
13 269
13 271
13 275
13 321
13 325
13 335
13 339
13 385
13 389
13 399
13 403
13 453
13 463
13 517
13 527
13 581
13 645
13 783
13 847
13 911
13 975
13 1157
13 1165
13 1229
14 78
14 142
14 202
14 206
14 330
14 347
15 1
15 5
15 13
15 19
15 69
15 77
15 79
15 83
15 133
15 141
15 143
15 147
15 197
15 207
15 211
15 257
15 261
15 271
15 275
15 325
15 335
15 339
15 389
15 399
15 453
15 454
15 517
15 527
15 582
15 645
15 646
15 710
15 774
15 838
15 847
15 975
15 1039
15 1101
15 1103
15 1231
16 80
16 144
16 208
16 1177
17 81
17 145
17 209
18 82
18 146
18 210
18 1159
19 1
19 5
19 13
19 15
19 65
19 69
19 77
19 79
19 83
19 133
19 141
19 143
19 147
19 197
19 207
19 211
19 257
19 261
19 271
19 275
19 325
19 335
19 339
19 389
19 399
19 453
19 454
19 517
19 527
19 582
19 645
19 646
19 710
19 774
19 838
19 847
19 975
19 1039
19 1101
19 1103
19 1229
19 1231
20 46
20 48
20 84
20 148
20 212
20 431
20 623
20 704
21 85
21 149
21 213
21 693
22 86
22 150
22 214
22 1033
23 87
23 151
23 215
24 88
24 152
24 216
24 446
24 1145
25 89
25 153
25 217
25 245
26 90
26 151
26 154
26 218
26 280
26 763
26 981
26 1143
27 91
27 155
27 219
28 92
28 156
28 220
29 93
29 157
29 221
30 94
30 158
30 222
31 50
31 55
31 95
31 159
31 223
32 96
32 160
32 224
33 97
33 161
33 225
33 734
33 854
33 1011
34 98
34 162
34 226
34 733
34 998
35 99
35 121
35 122
35 163
35 227
35 252
35 564
36 100
36 164
36 228
37 101
37 165
37 229
37 362
37 504
37 871
37 1138
38 102
38 166
38 230
38 411
38 578
39 103
39 167
39 231
39 676
40 104
40 168
40 178
40 223
40 232
40 1019
40 1249
41 105
41 169
41 233
41 448
42 106
42 152
42 170
42 234
42 692
42 744
42 1123
43 107
43 126
43 171
43 881
44 108
44 172
44 236
44 608
44 1161
45 109
45 159
45 164
45 173
45 237
45 896
45 1147
46 20
46 48
46 110
46 174
46 238
46 431
46 623
46 704
47 111
47 175
47 239
47 481
47 1040
48 20
48 46
48 112
48 176
48 240
48 431
48 623
48 704
49 113
49 177
49 241
49 1002
49 1104
50 31
50 55
50 114
50 178
50 242
51 3
51 115
51 129
51 179
51 243
51 269
51 321
51 385
51 397
51 463
51 581
51 655
51 712
51 776
51 837
51 901
51 973
52 116
52 180
52 244
52 343
52 548
52 729
52 1112
52 1202
53 117
53 181
53 245
53 370
53 543
54 118
54 182
54 246
55 31
55 50
55 119
55 183
55 247
56 120
56 184
56 248
57 121
57 185
57 249
57 441
57 680
57 938
57 958
57 1080
57 1086
58 122
58 186
58 248
58 250
58 442
59 123
59 187
59 251
60 124
60 188
60 252
60 369
61 125
61 189
61 253
61 1000
61 1015
62 126
62 190
62 254
62 432
62 690
63 127
63 191
63 255
63 304
63 727
64 0
64 128
64 192
64 256
65 1
65 13
65 19
65 77
65 83
65 129
65 133
65 141
65 143
65 147
65 193
65 207
65 211
65 257
65 269
65 275
65 321
65 335
65 339
65 385
65 399
65 403
65 453
65 463
65 517
65 527
65 581
65 645
65 655
65 783
65 837
65 847
65 901
65 911
65 968
65 1029
65 1093
66 2
66 130
66 194
66 258
67 3
67 131
67 195
67 259
68 4
68 132
68 149
68 196
68 260
69 1
69 5
69 13
69 15
69 19
69 79
69 83
69 133
69 141
69 143
69 197
69 207
69 211
69 261
69 271
69 325
69 335
69 339
69 389
69 399
69 453
69 454
69 517
69 518
69 527
69 582
69 646
69 710
69 774
69 838
69 902
69 911
69 1039
69 1101
69 1103
69 1167
69 1231
70 6
70 134
70 198
70 262
70 326
70 390
70 454
70 518
70 582
70 646
70 710
70 774
70 838
70 902
71 7
71 135
71 199
71 263
72 8
72 136
72 200
72 264
72 777
73 9
73 137
73 201
73 264
73 265
73 328
73 392
73 456
73 520
73 584
73 648
73 709
73 773
73 840
73 904
73 965
73 1032
73 1096
73 1160
73 1224
74 10
74 138
74 202
74 266
75 11
75 139
75 203
75 267
76 12
76 140
76 204
76 268
77 1
77 5
77 13
77 15
77 19
77 65
77 79
77 83
77 129
77 133
77 141
77 143
77 147
77 197
77 205
77 207
77 211
77 257
77 261
77 269
77 271
77 275
77 321
77 325
77 335
77 339
77 385
77 389
77 399
77 403
77 453
77 463
77 517
77 527
77 581
77 645
77 655
77 783
77 847
77 911
77 1157
77 1165
78 14
78 142
78 206
78 270
79 1
79 5
79 13
79 15
79 19
79 69
79 77
79 83
79 133
79 141
79 143
79 147
79 197
79 207
79 211
79 257
79 261
79 271
79 275
79 325
79 335
79 339
79 389
79 399
79 453
79 454
79 517
79 527
79 582
79 645
79 646
79 710
79 774
79 838
79 847
79 902
79 911
79 975
79 1039
79 1101
79 1103
79 1231
80 16
80 144
80 208
80 272
80 479
80 488
80 629
81 17
81 145
81 209
81 273
81 416
82 18
82 146
82 157
82 210
82 274
83 1
83 5
83 13
83 15
83 19
83 65
83 69
83 77
83 79
83 129
83 133
83 141
83 143
83 147
83 197
83 207
83 211
83 257
83 261
83 269
83 271
83 275
83 325
83 335
83 339
83 389
83 399
83 403
83 453
83 463
83 517
83 527
83 581
83 645
83 783
83 847
83 911
83 975
83 1101
83 1157
83 1165
83 1229
84 20
84 148
84 212
84 276
84 807
84 867
84 931
84 936
84 996
84 1010
85 21
85 149
85 213
85 277
86 22
86 102
86 150
86 214
86 278
86 841
87 23
87 151
87 215
87 279
87 619
87 957
87 1137
88 24
88 152
88 216
88 280
89 25
89 153
89 217
89 281
89 512
90 26
90 154
90 218
90 282
90 1122
91 27
91 155
91 219
91 283
91 650
92 28
92 156
92 183
92 220
92 284
92 859
93 29
93 157
93 221
93 285
93 1219
94 30
94 158
94 222
94 286
94 1098
95 31
95 105
95 159
95 223
95 287
95 338
96 32
96 160
96 224
96 288
96 1171
97 33
97 161
97 225
97 289
98 34
98 162
98 226
98 290
98 310
99 35
99 163
99 227
99 291
99 557
99 865
99 1060
99 1152
100 36
100 164
100 228
100 292
101 37
101 165
101 229
101 293
101 772
102 38
102 86
102 166
102 230
102 294
102 841
103 39
103 167
103 228
103 231
103 295
103 1083
104 40
104 168
104 232
104 296
105 41
105 95
105 169
105 233
105 297
105 338
106 42
106 170
106 218
106 234
106 298
106 554
106 855
106 1274
107 43
107 171
107 235
107 299
107 547
107 1111
108 44
108 172
108 236
108 300
108 642
109 45
109 173
109 226
109 237
109 301
109 736
110 46
110 174
110 238
110 302
110 895
110 1084
110 1131
111 47
111 175
111 239
111 303
111 858
112 48
112 125
112 176
112 240
112 304
112 765
112 1201
113 49
113 177
113 215
113 241
113 247
113 305
113 469
113 485
113 924
114 50
114 178
114 242
114 306
114 737
114 921
114 1001
114 1207
115 51
115 179
115 243
115 307
116 52
116 180
116 244
116 279
116 308
116 635
116 882
117 53
117 181
117 245
117 309
117 673
118 54
118 182
118 246
118 310
118 420
119 55
119 183
119 247
119 311
120 56
120 184
120 248
120 312
120 468
120 784
120 820
120 945
121 35
121 57
121 122
121 185
121 249
121 252
121 313
121 564
122 35
122 58
122 121
122 186
122 250
122 252
122 314
122 564
123 59
123 187
123 251
123 315
123 1095
124 60
124 188
124 252
124 316
124 633
124 880
125 61
125 112
125 189
125 253
125 317
125 765
125 1201
126 43
126 62
126 190
126 254
126 318
126 881
127 63
127 191
127 255
127 319
127 701
127 893
127 1071
128 0
128 64
128 192
128 256
128 320
129 1
129 13
129 51
129 65
129 77
129 83
129 141
129 147
129 193
129 211
129 257
129 269
129 275
129 321
129 339
129 385
129 403
129 453
129 463
129 517
129 527
129 581
129 645
129 655
129 783
129 837
129 847
129 901
129 911
129 968
129 973
129 1029
129 1037
129 1093
129 1221
130 2
130 66
130 194
130 258
130 322
131 3
131 67
131 195
131 259
131 323
132 4
132 68
132 196
132 260
132 324
133 1
133 5
133 13
133 15
133 19
133 65
133 69
133 77
133 79
133 83
133 141
133 143
133 147
133 197
133 207
133 211
133 257
133 261
133 271
133 275
133 325
133 335
133 339
133 389
133 399
133 453
133 454
133 517
133 527
133 582
133 645
133 646
133 710
133 774
133 838
133 847
133 902
133 911
133 966
133 975
133 1039
133 1101
133 1103
133 1229
133 1231
134 6
134 70
134 198
134 262
134 326
134 390
134 454
134 518
134 582
134 646
134 710
134 774
134 838
134 902
134 966
135 7
135 71
135 199
135 263
135 327
135 1054
136 8
136 72
136 200
136 264
136 328
136 349
137 9
137 73
137 201
137 264
137 265
137 328
137 329
137 392
137 456
137 520
137 584
137 648
137 709
137 773
137 840
137 904
137 965
137 1032
137 1096
137 1160
137 1224
138 10
138 74
138 202
138 266
138 286
138 330
139 11
139 75
139 203
139 267
139 331
140 12
140 76
140 204
140 268
140 332
141 1
141 5
141 13
141 15
141 19
141 65
141 69
141 77
141 79
141 83
141 129
141 133
141 143
141 147
141 197
141 205
141 207
141 211
141 257
141 261
141 269
141 271
141 275
141 321
141 325
141 333
141 335
141 339
141 385
141 389
141 399
141 403
141 453
141 463
141 517
141 527
141 581
141 645
141 655
141 783
141 847
141 911
141 968
141 975
141 1157
141 1165
142 14
142 78
142 206
142 270
142 334
143 1
143 5
143 13
143 15
143 19
143 65
143 69
143 77
143 79
143 83
143 133
143 141
143 147
143 197
143 207
143 211
143 257
143 261
143 269
143 271
143 275
143 325
143 335
143 339
143 389
143 399
143 403
143 453
143 463
143 517
143 527
143 645
143 710
143 783
143 847
143 911
143 975
143 1039
143 1101
143 1157
143 1165
143 1229
144 16
144 80
144 208
144 272
144 336
145 17
145 81
145 209
145 273
145 337
145 713
146 18
146 82
146 210
146 274
146 338
147 1
147 5
147 13
147 15
147 19
147 65
147 77
147 79
147 83
147 129
147 133
147 141
147 143
147 197
147 207
147 211
147 257
147 261
147 269
147 271
147 275
147 321
147 325
147 335
147 339
147 385
147 389
147 399
147 403
147 453
147 463
147 517
147 527
147 581
147 645
147 655
147 783
147 837
147 847
147 911
147 968
147 975
147 1029
147 1157
147 1165
148 20
148 84
148 212
148 276
148 340
148 720
148 725
148 933
148 976
149 21
149 68
149 85
149 213
149 277
149 341
150 22
150 86
150 214
150 278
150 342
150 418
151 23
151 26
151 87
151 215
151 279
151 280
151 343
151 763
151 981
151 1143
152 24
152 42
152 88
152 216
152 280
152 344
152 692
152 744
152 1123
153 25
153 89
153 217
153 281
153 345
154 26
154 90
154 218
154 282
154 346
155 27
155 91
155 219
155 283
155 347
156 28
156 92
156 213
156 220
156 284
156 348
156 748
157 29
157 82
157 93
157 221
157 285
157 349
158 30
158 94
158 222
158 286
158 350
159 31
159 45
159 95
159 164
159 223
159 287
159 351
159 896
159 1147
160 32
160 96
160 224
160 288
160 322
160 352
161 33
161 97
161 225
161 289
161 353
162 34
162 98
162 226
162 290
162 354
163 35
163 99
163 227
163 291
163 355
163 613
164 36
164 45
164 100
164 159
164 228
164 292
164 356
164 896
164 1147
165 37
165 101
165 229
165 293
165 357
165 808
165 912
165 1240
166 38
166 102
166 230
166 294
166 358
166 669
167 39
167 103
167 187
167 231
167 295
167 359
168 40
168 104
168 232
168 296
168 353
168 360
169 41
169 105
169 233
169 297
169 361
169 850
170 42
170 106
170 234
170 291
170 298
170 362
170 537
170 997
171 43
171 107
171 235
171 299
171 319
171 363
171 943
171 952
172 44
172 108
172 236
172 300
172 364
173 45
173 109
173 237
173 301
173 340
173 365
173 426
173 1076
174 46
174 110
174 238
174 302
174 366
174 702
175 47
175 111
175 239
175 303
175 367
175 546
175 822
175 872
176 48
176 112
176 240
176 304
176 368
176 1141
177 49
177 113
177 241
177 305
177 369
177 505
177 632
177 1175
178 40
178 50
178 114
178 223
178 242
178 306
178 370
178 1019
178 1249
179 51
179 115
179 243
179 307
179 358
179 371
179 979
180 52
180 116
180 244
180 308
180 372
181 53
181 117
181 245
181 309
181 373
181 1232
182 54
182 118
182 246
182 310
182 374
182 1252
183 55
183 92
183 119
183 247
183 311
183 375
183 859
184 56
184 120
184 248
184 312
184 313
184 376
184 618
184 852
184 1081
184 1214
185 57
185 121
185 249
185 313
185 314
185 377
185 592
185 601
186 58
186 122
186 250
186 314
186 378
186 752
186 874
186 1273
187 59
187 123
187 167
187 251
187 315
187 379
188 60
188 124
188 252
188 316
188 380
188 569
188 826
189 61
189 125
189 253
189 298
189 317
189 368
189 376
189 381
189 383
189 474
189 792
189 916
189 939
189 1136
190 62
190 126
190 254
190 318
190 382
190 697
190 761
190 1087
191 63
191 127
191 255
191 319
191 383
191 510
191 567
191 724
191 760
192 0
192 64
192 128
192 256
192 320
192 384
192 492
193 1
193 65
193 129
193 257
193 321
193 385
194 2
194 66
194 130
194 258
194 322
194 386
194 515
195 3
195 67
195 131
195 259
195 323
195 387
196 4
196 68
196 132
196 260
196 324
196 388
196 918
196 1170
197 1
197 5
197 13
197 15
197 19
197 69
197 77
197 79
197 83
197 133
197 141
197 143
197 147
197 207
197 211
197 257
197 261
197 271
197 275
197 325
197 335
197 339
197 389
197 399
197 453
197 454
197 517
197 527
197 582
197 645
197 646
197 710
197 774
197 838
197 847
197 902
197 911
197 966
197 975
197 1030
197 1039
197 1101
197 1103
197 1229
197 1231
198 6
198 70
198 134
198 262
198 326
198 390
198 454
198 518
198 582
198 646
198 710
198 774
198 838
198 902
198 966
198 1030
199 7
199 71
199 135
199 263
199 327
199 391
199 970
200 7
200 8
200 72
200 136
200 264
200 328
200 392
201 9
201 73
201 137
201 264
201 265
201 328
201 329
201 392
201 393
201 456
201 520
201 584
201 648
201 709
201 773
201 840
201 904
201 965
201 1032
201 1096
201 1160
201 1224
202 10
202 14
202 74
202 138
202 266
202 330
202 347
202 394
203 11
203 75
203 139
203 267
203 331
203 395
204 12
204 76
204 140
204 268
204 332
204 396
204 529
205 13
205 77
205 141
205 269
205 333
205 397
206 14
206 78
206 142
206 270
206 334
206 391
206 398
206 906
206 1036
207 1
207 5
207 13
207 15
207 19
207 65
207 69
207 77
207 79
207 83
207 133
207 141
207 143
207 147
207 197
207 211
207 257
207 261
207 269
207 271
207 275
207 325
207 335
207 339
207 389
207 399
207 403
207 453
207 463
207 517
207 527
207 645
207 710
207 783
207 847
207 911
207 968
207 975
207 1029
207 1039
207 1101
207 1157
207 1165
207 1229
208 16
208 80
208 144
208 272
208 336
208 400
209 17
209 81
209 145
209 273
209 337
209 401
210 18
210 82
210 146
210 274
210 338
210 350
210 402
211 1
211 5
211 13
211 15
211 19
211 65
211 69
211 77
211 79
211 83
211 129
211 133
211 141
211 143
211 147
211 197
211 207
211 257
211 261
211 269
211 271
211 275
211 321
211 325
211 335
211 339
211 385
211 389
211 399
211 403
211 453
211 463
211 517
211 527
211 581
211 645
211 783
211 847
211 911
211 968
211 975
211 1029
211 1039
211 1157
211 1165
211 1229
212 20
212 84
212 148
212 276
212 340
212 404
212 1266
213 21
213 85
213 149
213 156
213 277
213 341
213 405
213 748
214 22
214 86
214 150
214 278
214 342
214 406
215 23
215 87
215 113
215 151
215 247
215 279
215 343
215 407
215 469
215 485
215 924
216 24
216 88
216 152
216 280
216 344
216 408
217 25
217 89
217 153
217 281
217 345
217 409
217 423
218 26
218 90
218 106
218 154
218 282
218 346
218 410
218 554
218 855
218 1274
219 27
219 91
219 155
219 283
219 347
219 411
219 475
219 1254
220 28
220 92
220 156
220 284
220 348
220 412
220 1110
221 29
221 93
221 157
221 285
221 349
221 413
222 30
222 94
222 158
222 286
222 350
222 414
223 31
223 40
223 95
223 159
223 178
223 287
223 351
223 415
223 1019
223 1249
224 32
224 96
224 160
224 288
224 352
224 416
225 33
225 97
225 161
225 289
225 353
225 417
226 34
226 98
226 109
226 162
226 290
226 354
226 418
226 736
227 35
227 99
227 163
227 291
227 295
227 355
227 419
227 1057
228 36
228 100
228 103
228 164
228 292
228 356
228 420
228 1083
229 37
229 101
229 165
229 293
229 357
229 421
229 740
229 964
230 38
230 102
230 166
230 294
230 358
230 422
231 39
231 103
231 167
231 233
231 295
231 359
231 423
231 425
231 742
231 1005
232 40
232 104
232 168
232 238
232 296
232 360
232 424
232 551
232 681
232 853
233 41
233 105
233 169
233 231
233 297
233 361
233 425
233 742
233 1005
234 42
234 106
234 170
234 298
234 355
234 362
234 426
234 686
234 848
235 107
235 171
235 299
235 363
236 44
236 108
236 172
236 300
236 364
236 428
236 1164
237 45
237 109
237 173
237 301
237 365
237 429
238 46
238 110
238 174
238 232
238 302
238 366
238 430
238 551
238 681
238 853
239 47
239 111
239 175
239 303
239 367
239 431
240 48
240 112
240 176
240 304
240 368
240 380
240 432
240 688
240 728
241 49
241 113
241 177
241 305
241 369
241 433
241 663
242 50
242 114
242 178
242 306
242 370
242 434
242 631
243 51
243 115
243 179
243 307
243 371
243 435
244 52
244 116
244 180
244 308
244 372
244 436
245 25
245 53
245 117
245 181
245 309
245 373
245 437
246 54
246 118
246 182
246 310
246 374
246 438
247 55
247 113
247 119
247 183
247 215
247 311
247 375
247 439
247 469
247 485
247 924
248 56
248 58
248 120
248 184
248 312
248 376
248 440
248 442
249 57
249 121
249 185
249 313
249 377
249 430
249 441
249 472
250 58
250 122
250 186
250 314
250 378
250 442
250 824
250 1082
251 59
251 123
251 187
251 315
251 379
251 384
251 443
251 684
252 35
252 60
252 121
252 122
252 124
252 188
252 316
252 380
252 444
252 564
253 61
253 125
253 189
253 317
253 381
253 404
253 445
253 789
253 917
254 62
254 126
254 190
254 318
254 382
254 446
254 799
254 892
254 1018
255 63
255 127
255 191
255 319
255 383
255 447
255 494
255 703
255 817
255 959
256 64
256 128
256 192
256 320
256 384
256 448
256 978
257 1
257 13
257 15
257 19
257 65
257 77
257 79
257 83
257 129
257 133
257 141
257 143
257 147
257 193
257 197
257 207
257 211
257 261
257 269
257 271
257 275
257 321
257 325
257 335
257 339
257 385
257 389
257 399
257 403
257 449
257 453
257 463
257 517
257 527
257 581
257 645
257 655
257 783
257 837
257 847
257 901
257 911
257 968
257 973
257 975
257 1029
257 1037
257 1093
257 1101
257 1165
258 66
258 130
258 194
258 322
258 386
258 450
258 522
259 67
259 131
259 195
259 283
259 323
259 387
259 451
260 68
260 132
260 196
260 324
260 388
260 452
260 1042
260 1261
261 1
261 5
261 13
261 15
261 19
261 69
261 77
261 79
261 83
261 133
261 141
261 143
261 147
261 197
261 207
261 211
261 257
261 271
261 275
261 325
261 335
261 339
261 389
261 399
261 453
261 454
261 517
261 527
261 582
261 645
261 646
261 710
261 774
261 838
261 847
261 902
261 911
261 966
261 975
261 1030
261 1039
261 1094
261 1101
261 1103
261 1231
262 6
262 70
262 134
262 198
262 326
262 390
262 454
262 518
262 582
262 646
262 710
262 774
262 838
262 902
262 966
262 1030
262 1094
263 71
263 135
263 199
263 327
263 387
263 391
263 455
264 9
264 72
264 73
264 136
264 137
264 200
264 201
264 328
264 392
264 456
264 520
264 584
264 648
264 709
264 773
264 840
264 904
264 965
264 1032
264 1096
264 1160
264 1224
265 73
265 137
265 201
265 329
265 393
265 457
266 74
266 138
266 202
266 330
266 394
266 458
267 75
267 139
267 203
267 331
267 395
267 459
268 76
268 140
268 204
268 332
268 396
268 460
268 595
269 1
269 13
269 51
269 65
269 77
269 83
269 129
269 141
269 143
269 147
269 205
269 207
269 211
269 257
269 275
269 321
269 333
269 339
269 385
269 397
269 403
269 453
269 461
269 463
269 517
269 527
269 581
269 645
269 655
269 783
269 837
269 847
269 901
269 911
269 968
269 973
269 975
269 1029
269 1037
269 1093
270 78
270 142
270 206
270 334
270 398
270 462
271 1
271 5
271 13
271 15
271 19
271 69
271 77
271 79
271 83
271 133
271 141
271 143
271 147
271 197
271 207
271 211
271 257
271 261
271 275
271 325
271 335
271 339
271 389
271 399
271 453
271 454
271 463
271 517
271 527
271 582
271 645
271 646
271 710
271 774
271 838
271 847
271 902
271 911
271 966
271 975
271 1030
271 1039
271 1094
271 1101
271 1103
271 1231
272 80
272 144
272 208
272 336
272 400
272 464
273 81
273 145
273 209
273 337
273 401
273 465
274 82
274 146
274 210
274 338
274 402
274 466
274 1062
275 1
275 5
275 13
275 15
275 19
275 65
275 77
275 79
275 83
275 129
275 133
275 141
275 143
275 147
275 197
275 207
275 211
275 257
275 261
275 269
275 271
275 321
275 325
275 335
275 339
275 385
275 389
275 399
275 403
275 453
275 463
275 467
275 517
275 527
275 581
275 645
275 655
275 783
275 847
275 911
275 968
275 975
275 1029
275 1037
275 1039
275 1093
275 1101
275 1157
275 1165
276 84
276 148
276 212
276 311
276 340
276 404
276 468
276 661
276 873
276 1063
276 1168
276 1191
277 85
277 149
277 213
277 341
277 405
277 469
277 941
278 86
278 150
278 214
278 342
278 406
278 470
279 87
279 116
279 151
279 215
279 343
279 407
279 471
279 635
279 882
280 26
280 88
280 151
280 152
280 216
280 344
280 408
280 472
280 763
280 981
280 1143
281 89
281 153
281 217
281 345
281 409
281 473
281 1121
281 1247
282 90
282 154
282 218
282 346
282 410
282 474
282 626
282 1236
283 91
283 155
283 219
283 259
283 347
283 411
283 475
284 92
284 156
284 220
284 348
284 412
284 466
284 476
284 993
285 93
285 157
285 221
285 349
285 413
285 477
286 94
286 138
286 158
286 222
286 350
286 414
286 478
287 95
287 159
287 223
287 351
287 415
287 479
287 920
287 1064
288 96
288 160
288 224
288 352
288 416
288 480
288 909
289 97
289 161
289 225
289 353
289 374
289 417
289 481
290 98
290 162
290 226
290 354
290 418
290 482
290 1069
291 99
291 163
291 170
291 227
291 355
291 419
291 483
291 537
291 997
292 100
292 164
292 228
292 356
292 420
292 484
293 101
293 165
293 229
293 357
293 421
293 485
293 662
293 1260
294 102
294 166
294 230
294 358
294 422
294 486
294 714
294 1056
295 103
295 167
295 227
295 231
295 359
295 423
295 487
295 1057
296 104
296 168
296 232
296 360
296 424
296 488
296 832
296 1013
296 1078
297 105
297 169
297 233
297 361
297 425
297 489
297 658
298 106
298 170
298 189
298 234
298 362
298 368
298 376
298 383
298 426
298 474
298 490
298 792
298 916
298 939
298 1136
299 107
299 171
299 235
299 363
299 427
299 491
299 547
299 1111
300 108
300 172
300 236
300 364
300 428
300 492
300 849
301 109
301 173
301 237
301 365
301 429
301 493
301 1132
302 110
302 174
302 238
302 366
302 430
302 494
302 508
302 596
302 751
302 1264
303 111
303 175
303 239
303 367
303 431
303 495
304 63
304 112
304 176
304 240
304 368
304 432
304 496
304 727
305 113
305 177
305 241
305 369
305 377
305 433
305 497
305 794
305 1272
306 114
306 178
306 242
306 370
306 434
306 498
306 946
307 115
307 179
307 243
307 371
307 435
307 499
307 1203
308 116
308 180
308 244
308 351
308 372
308 436
308 500
308 812
308 1075
308 1220
309 117
309 181
309 245
309 341
309 373
309 437
309 501
310 98
310 118
310 182
310 246
310 374
310 438
310 502
311 119
311 183
311 247
311 276
311 375
311 439
311 503
311 661
311 873
311 1063
311 1168
311 1191
312 120
312 184
312 248
312 376
312 440
312 443
312 504
312 937
312 1119
313 121
313 184
313 185
313 249
313 377
313 441
313 505
313 618
313 852
313 1081
313 1214
314 122
314 185
314 186
314 250
314 378
314 442
314 506
314 592
314 601
315 123
315 187
315 251
315 379
315 443
315 507
315 1129
316 124
316 188
316 252
316 380
316 444
316 508
316 535
316 1020
316 1212
317 125
317 189
317 253
317 381
317 445
317 509
317 532
317 1176
318 126
318 190
318 254
318 382
318 446
318 510
319 127
319 171
319 191
319 255
319 383
319 447
319 511
319 943
319 952
320 128
320 192
320 256
320 342
320 384
320 448
320 512
321 1
321 13
321 51
321 65
321 77
321 129
321 141
321 147
321 193
321 211
321 257
321 269
321 275
321 339
321 385
321 403
321 449
321 463
321 513
321 517
321 527
321 581
321 645
321 655
321 783
321 837
321 847
321 901
321 911
321 968
321 973
321 1029
321 1037
321 1093
321 1157
321 1165
321 1221
322 130
322 160
322 194
322 258
322 386
322 450
322 514
323 131
323 195
323 259
323 387
323 451
323 515
324 132
324 196
324 260
324 388
324 452
324 516
324 1046
325 1
325 5
325 13
325 15
325 19
325 69
325 77
325 79
325 83
325 133
325 141
325 143
325 147
325 197
325 207
325 211
325 257
325 261
325 271
325 275
325 335
325 339
325 389
325 399
325 453
325 454
325 517
325 527
325 582
325 645
325 646
325 710
325 774
325 838
325 847
325 902
325 911
325 966
325 975
325 1030
325 1039
325 1094
325 1101
325 1103
325 1157
325 1158
325 1165
325 1167
325 1231
326 6
326 70
326 134
326 198
326 262
326 390
326 454
326 518
326 582
326 646
326 710
326 774
326 838
326 902
326 966
326 1030
326 1094
326 1158
326 1167
327 135
327 199
327 263
327 391
327 455
327 519
328 9
328 73
328 136
328 137
328 200
328 201
328 264
328 392
328 456
328 520
328 584
328 648
328 709
328 773
328 840
328 904
328 965
328 1032
328 1096
328 1160
328 1224
329 137
329 201
329 265
329 393
329 457
329 521
330 14
330 138
330 202
330 266
330 347
330 394
330 458
330 522
331 139
331 203
331 267
331 395
331 459
331 523
332 140
332 204
332 268
332 396
332 460
332 524
332 1227
333 141
333 205
333 269
333 397
333 461
333 525
334 142
334 206
334 270
334 398
334 462
334 526
335 1
335 5
335 13
335 15
335 19
335 65
335 69
335 77
335 79
335 83
335 133
335 141
335 143
335 147
335 197
335 207
335 211
335 257
335 261
335 271
335 275
335 325
335 339
335 389
335 399
335 453
335 454
335 463
335 517
335 527
335 582
335 645
335 646
335 710
335 774
335 838
335 847
335 902
335 911
335 966
335 975
335 1030
335 1039
335 1094
335 1101
335 1103
335 1157
335 1158
335 1165
335 1167
335 1229
335 1231
336 144
336 208
336 272
336 400
336 464
336 528
336 759
337 145
337 209
337 273
337 401
337 465
337 529
338 95
338 105
338 146
338 210
338 274
338 402
338 466
338 530
339 1
339 5
339 13
339 15
339 19
339 65
339 69
339 77
339 79
339 83
339 129
339 133
339 141
339 143
339 147
339 197
339 207
339 211
339 257
339 261
339 269
339 271
339 275
339 321
339 325
339 335
339 385
339 389
339 399
339 403
339 453
339 463
339 467
339 517
339 527
339 531
339 581
339 645
339 783
339 847
339 911
339 968
339 975
339 1029
339 1039
339 1093
339 1101
339 1103
339 1157
339 1165
339 1229
340 148
340 173
340 212
340 276
340 404
340 426
340 468
340 532
340 1076
341 149
341 213
341 277
341 309
341 405
341 469
341 533
342 150
342 214
342 278
342 320
342 406
342 470
342 534
343 52
343 151
343 215
343 279
343 407
343 471
343 535
343 548
343 729
343 1112
343 1202
344 152
344 216
344 280
344 407
344 408
344 472
344 536
344 599
344 985
345 153
345 217
345 281
345 409
345 473
345 537
345 886
345 1049
346 154
346 218
346 282
346 410
346 445
346 474
346 501
346 538
346 810
347 14
347 155
347 202
347 219
347 283
347 330
347 411
347 475
347 539
348 156
348 220
348 284
348 412
348 476
348 498
348 540
349 136
349 157
349 221
349 285
349 413
349 477
349 541
350 158
350 210
350 222
350 286
350 414
350 478
350 542
351 159
351 223
351 287
351 308
351 415
351 479
351 543
351 812
351 1075
351 1220
352 160
352 224
352 288
352 416
352 480
352 544
353 161
353 168
353 225
353 289
353 417
353 481
353 545
354 162
354 226
354 290
354 418
354 434
354 482
354 546
354 644
355 163
355 227
355 234
355 291
355 419
355 483
355 547
355 686
355 848
356 164
356 228
356 292
356 420
356 484
356 548
356 1124
357 165
357 229
357 293
357 412
357 421
357 485
357 549
358 166
358 179
358 230
358 294
358 422
358 486
358 550
358 979
359 167
359 231
359 295
359 423
359 487
359 551
359 758
359 982
360 168
360 232
360 296
360 424
360 427
360 488
360 552
360 878
361 169
361 233
361 297
361 425
361 489
361 553
361 910
362 37
362 170
362 234
362 298
362 426
362 490
362 504
362 554
362 871
362 1138
363 171
363 235
363 299
363 427
363 491
363 555
363 879
364 172
364 236
364 300
364 428
364 492
364 556
364 731
365 173
365 237
365 301
365 429
365 493
365 557
365 598
366 174
366 238
366 302
366 430
366 494
366 558
366 741
366 1059
366 1067
366 1108
367 175
367 239
367 303
367 431
367 495
367 559
367 695
367 1172
368 176
368 189
368 240
368 298
368 304
368 376
368 383
368 432
368 474
368 496
368 560
368 792
368 916
368 939
368 1136
369 60
369 177
369 241
369 305
369 433
369 497
369 561
370 53
370 178
370 242
370 306
370 434
370 498
370 543
370 562
371 179
371 243
371 307
371 435
371 499
371 563
372 180
372 244
372 308
372 436
372 500
372 564
373 181
373 245
373 309
373 437
373 489
373 501
373 565
373 671
373 866
374 182
374 246
374 289
374 310
374 438
374 502
374 566
375 183
375 247
375 311
375 439
375 503
375 567
376 184
376 189
376 248
376 298
376 312
376 368
376 383
376 440
376 474
376 504
376 568
376 792
376 916
376 939
376 1136
377 185
377 249
377 305
377 313
377 441
377 505
377 569
377 794
377 1272
378 186
378 250
378 314
378 442
378 506
378 555
378 570
379 187
379 251
379 315
379 443
379 507
379 571
380 188
380 240
380 252
380 316
380 444
380 508
380 572
380 688
380 728
381 189
381 253
381 317
381 419
381 445
381 509
381 573
381 951
381 1242
382 190
382 254
382 318
382 446
382 510
382 552
382 561
382 574
383 189
383 191
383 255
383 298
383 319
383 368
383 376
383 447
383 474
383 511
383 575
383 792
383 916
383 939
383 1136
384 192
384 251
384 256
384 320
384 448
384 512
384 576
384 684
385 1
385 13
385 51
385 65
385 77
385 129
385 141
385 147
385 193
385 211
385 257
385 269
385 275
385 321
385 339
385 403
385 449
385 453
385 463
385 513
385 517
385 527
385 577
385 581
385 645
385 655
385 783
385 837
385 847
385 901
385 911
385 968
385 973
385 1029
385 1037
385 1093
385 1157
385 1165
385 1221
386 194
386 258
386 322
386 450
386 514
386 578
387 195
387 259
387 263
387 323
387 451
387 515
387 579
388 196
388 260
388 324
388 452
388 516
388 580
389 1
389 5
389 13
389 15
389 19
389 69
389 77
389 79
389 83
389 133
389 141
389 143
389 147
389 197
389 207
389 211
389 257
389 261
389 271
389 275
389 325
389 335
389 339
389 399
389 453
389 454
389 517
389 527
389 581
389 582
389 645
389 646
389 710
389 774
389 838
389 847
389 902
389 911
389 966
389 975
389 1030
389 1039
389 1094
389 1101
389 1103
389 1157
389 1158
389 1165
389 1167
389 1222
389 1229
389 1231
390 6
390 70
390 134
390 198
390 262
390 326
390 454
390 518
390 582
390 646
390 710
390 774
390 838
390 902
390 966
390 1030
390 1094
390 1103
390 1158
390 1167
390 1222
391 199
391 206
391 263
391 327
391 455
391 519
391 583
391 906
391 1036
392 9
392 73
392 137
392 200
392 201
392 264
392 328
392 456
392 520
392 584
392 648
392 709
392 773
392 840
392 904
392 965
392 1032
392 1096
392 1160
392 1224
393 201
393 265
393 329
393 457
393 521
393 585
394 202
394 266
394 330
394 458
394 522
394 586
395 203
395 267
395 331
395 459
395 523
395 587
396 204
396 268
396 332
396 460
396 524
396 588
397 3
397 51
397 205
397 269
397 333
397 461
397 525
397 589
397 655
397 712
397 776
397 837
397 901
397 973
397 1037
397 1221
398 206
398 270
398 334
398 462
398 526
398 577
398 590
399 1
399 5
399 13
399 15
399 19
399 65
399 69
399 77
399 79
399 83
399 133
399 141
399 143
399 147
399 197
399 207
399 211
399 257
399 261
399 271
399 275
399 325
399 335
399 339
399 389
399 403
399 453
399 463
399 517
399 527
399 582
399 591
399 645
399 646
399 710
399 774
399 847
399 902
399 911
399 966
399 975
399 1030
399 1039
399 1094
399 1101
399 1103
399 1157
399 1158
399 1165
399 1167
399 1222
399 1229
399 1231
400 208
400 272
400 336
400 464
400 528
400 592
400 801
400 1193
401 209
401 273
401 337
401 465
401 529
401 593
402 210
402 274
402 338
402 466
402 530
402 594
403 1
403 13
403 65
403 77
403 83
403 129
403 141
403 143
403 147
403 207
403 211
403 257
403 269
403 275
403 321
403 339
403 385
403 399
403 453
403 463
403 467
403 517
403 527
403 531
403 581
403 595
403 645
403 655
403 783
403 837
403 847
403 901
403 911
403 968
403 973
403 975
403 1029
403 1037
403 1093
403 1101
403 1157
403 1165
403 1221
403 1229
404 212
404 253
404 276
404 340
404 468
404 532
404 596
404 789
404 917
405 213
405 277
405 341
405 469
405 533
405 597
405 708
406 214
406 278
406 342
406 470
406 530
406 534
406 598
407 215
407 279
407 343
407 344
407 471
407 535
407 599
407 985
408 216
408 280
408 344
408 472
408 536
408 600
408 738
409 217
409 281
409 345
409 473
409 482
409 495
409 537
409 601
409 1012
410 218
410 282
410 346
410 474
410 538
410 602
410 610
411 38
411 219
411 283
411 347
411 475
411 539
411 578
411 603
412 220
412 284
412 348
412 357
412 476
412 540
412 604
413 221
413 285
413 349
413 477
413 541
413 605
413 657
414 222
414 286
414 350
414 478
414 542
414 606
414 652
415 223
415 287
415 351
415 479
415 543
415 607
415 1085
415 1256
416 81
416 224
416 288
416 352
416 480
416 544
416 608
417 225
417 289
417 353
417 481
417 545
417 609
417 925
418 150
418 226
418 290
418 354
418 482
418 546
418 610
419 227
419 291
419 355
419 381
419 483
419 547
419 611
419 951
419 1242
420 118
420 228
420 292
420 356
420 484
420 548
420 612
421 229
421 293
421 357
421 485
421 549
421 613
422 230
422 294
422 358
422 486
422 550
422 614
422 1238
423 217
423 231
423 295
423 359
423 487
423 551
423 615
424 232
424 296
424 360
424 488
424 552
424 616
424 640
425 231
425 233
425 297
425 361
425 489
425 553
425 617
425 742
425 1005
426 173
426 234
426 298
426 340
426 362
426 490
426 554
426 618
426 1076
427 299
427 360
427 363
427 491
427 555
427 619
427 878
428 236
428 300
428 364
428 492
428 556
428 620
429 237
429 301
429 365
429 493
429 557
429 621
430 238
430 249
430 302
430 366
430 472
430 494
430 558
430 622
431 20
431 46
431 48
431 239
431 303
431 367
431 495
431 559
431 623
431 704
432 62
432 240
432 304
432 368
432 496
432 560
432 624
432 690
433 241
433 305
433 369
433 496
433 497
433 561
433 572
433 954
433 1198
433 1279
434 242
434 306
434 354
434 370
434 498
434 562
434 626
434 644
435 243
435 307
435 371
435 499
435 563
435 627
436 244
436 308
436 372
436 500
436 564
436 628
436 660
436 884
436 1200
436 1262
437 245
437 309
437 373
437 501
437 565
437 611
437 629
437 857
438 246
438 310
438 374
438 502
438 566
438 630
439 247
439 311
439 375
439 503
439 567
439 631
439 862
440 248
440 312
440 376
440 504
440 538
440 568
440 632
440 948
441 57
441 249
441 313
441 377
441 505
441 569
441 633
441 680
441 938
441 958
441 1080
441 1086
442 58
442 248
442 250
442 314
442 378
442 506
442 570
442 634
443 251
443 312
443 315
443 379
443 507
443 571
443 635
443 937
443 1119
444 252
444 316
444 380
444 503
444 508
444 572
444 636
444 1017
444 1070
445 253
445 317
445 346
445 381
445 501
445 509
445 573
445 637
445 810
446 24
446 254
446 318
446 382
446 510
446 574
446 638
446 1145
447 255
447 319
447 383
447 511
447 558
447 575
447 639
447 1210
447 1258
447 1276
448 41
448 256
448 320
448 384
448 512
448 576
448 640
449 257
449 321
449 385
449 513
449 577
449 641
449 1154
450 258
450 322
450 386
450 514
450 578
450 642
451 259
451 323
451 387
451 515
451 579
451 643
452 260
452 324
452 388
452 516
452 580
452 644
453 1
453 5
453 13
453 15
453 19
453 65
453 69
453 77
453 79
453 83
453 129
453 133
453 141
453 143
453 147
453 197
453 207
453 211
453 257
453 261
453 269
453 271
453 275
453 325
453 335
453 339
453 385
453 389
453 399
453 403
453 463
453 517
453 527
453 581
453 645
453 783
453 847
453 911
453 968
453 975
453 1029
453 1039
453 1093
453 1101
453 1103
453 1157
453 1165
453 1167
453 1229
453 1231
454 5
454 6
454 15
454 19
454 69
454 70
454 79
454 133
454 134
454 197
454 198
454 261
454 262
454 271
454 325
454 326
454 335
454 389
454 390
454 518
454 582
454 646
454 710
454 774
454 838
454 902
454 966
454 1030
454 1039
454 1094
454 1103
454 1158
454 1167
454 1222
454 1231
455 263
455 327
455 391
455 519
455 583
455 588
455 647
456 9
456 73
456 137
456 201
456 264
456 328
456 392
456 520
456 584
456 648
456 709
456 773
456 840
456 904
456 965
456 1032
456 1096
456 1160
456 1224
457 265
457 329
457 393
457 521
457 585
457 649
458 266
458 330
458 394
458 522
458 586
458 650
458 969
458 1118
458 1166
459 267
459 331
459 395
459 523
459 587
459 651
460 268
460 332
460 396
460 524
460 588
460 652
461 269
461 333
461 397
461 525
461 589
461 653
462 270
462 334
462 398
462 526
462 590
462 654
463 1
463 13
463 51
463 65
463 77
463 83
463 129
463 141
463 143
463 147
463 207
463 211
463 257
463 269
463 271
463 275
463 321
463 335
463 339
463 385
463 399
463 403
463 453
463 517
463 527
463 581
463 591
463 645
463 655
463 783
463 837
463 847
463 901
463 911
463 968
463 973
463 975
463 1029
463 1037
463 1093
463 1157
463 1165
463 1221
463 1229
464 272
464 336
464 400
464 528
464 592
464 656
464 984
465 273
465 337
465 401
465 529
465 593
465 657
465 967
466 274
466 284
466 338
466 402
466 530
466 594
466 658
466 993
467 275
467 339
467 403
467 531
467 595
467 659
467 1153
468 120
468 276
468 340
468 404
468 532
468 596
468 660
468 784
468 820
468 945
469 113
469 215
469 247
469 277
469 341
469 405
469 485
469 533
469 597
469 661
469 924
470 278
470 342
470 406
470 534
470 598
470 662
471 279
471 343
471 407
471 535
471 573
471 599
471 663
471 687
471 1109
472 249
472 280
472 344
472 408
472 430
472 536
472 600
472 664
473 281
473 345
473 409
473 537
473 559
473 560
473 601
473 665
474 189
474 282
474 298
474 346
474 368
474 376
474 383
474 410
474 538
474 602
474 666
474 792
474 916
474 939
474 1136
475 219
475 283
475 347
475 411
475 539
475 603
475 667
475 1254
476 284
476 348
476 412
476 540
476 604
476 668
477 285
477 349
477 413
477 541
477 605
477 669
477 678
477 834
477 1248
478 286
478 350
478 414
478 542
478 606
478 670
479 80
479 287
479 351
479 415
479 488
479 543
479 607
479 629
479 671
480 288
480 352
480 416
480 544
480 608
480 672
481 47
481 289
481 353
481 417
481 545
481 609
481 673
481 1040
482 290
482 354
482 409
482 418
482 495
482 546
482 610
482 674
482 1012
483 291
483 355
483 419
483 547
483 611
483 675
483 919
483 1073
483 1130
484 292
484 356
484 420
484 548
484 612
484 676
485 113
485 215
485 247
485 293
485 357
485 421
485 469
485 549
485 613
485 677
485 924
486 294
486 358
486 422
486 550
486 614
486 678
487 295
487 359
487 423
487 551
487 615
487 665
487 679
487 735
487 930
487 1074
487 1140
488 80
488 296
488 360
488 424
488 479
488 552
488 616
488 629
488 680
489 297
489 361
489 373
489 425
489 553
489 617
489 671
489 681
489 866
490 298
490 362
490 426
490 554
490 618
490 666
490 682
491 299
491 363
491 427
491 555
491 619
491 1008
492 192
492 300
492 364
492 428
492 556
492 620
492 684
493 301
493 365
493 429
493 557
493 621
493 685
493 699
493 949
493 1024
493 1234
493 1268
494 255
494 302
494 366
494 430
494 558
494 622
494 686
494 703
494 817
494 959
495 303
495 367
495 409
495 431
495 482
495 559
495 623
495 687
495 1012
496 304
496 368
496 432
496 433
496 560
496 572
496 624
496 688
496 954
496 1198
496 1279
497 305
497 369
497 433
497 561
497 625
497 689
497 1044
498 306
498 348
498 370
498 434
498 562
498 626
498 690
499 307
499 371
499 435
499 563
499 627
499 691
500 308
500 372
500 436
500 564
500 628
500 692
500 887
500 1116
501 309
501 346
501 373
501 437
501 445
501 565
501 629
501 693
501 810
502 310
502 374
502 438
502 566
502 630
502 694
503 311
503 375
503 439
503 444
503 567
503 631
503 695
503 1017
503 1070
504 37
504 312
504 362
504 376
504 440
504 568
504 632
504 696
504 871
504 1138
505 177
505 313
505 377
505 441
505 569
505 632
505 633
505 697
505 1175
506 314
506 378
506 442
506 570
506 634
506 698
507 315
507 379
507 443
507 571
507 635
507 699
508 302
508 316
508 380
508 444
508 572
508 596
508 636
508 700
508 751
508 1264
509 317
509 381
509 445
509 573
509 637
509 701
509 983
509 1077
510 191
510 318
510 382
510 446
510 567
510 574
510 638
510 724
510 760
511 319
511 383
511 447
511 575
511 602
511 622
511 636
511 639
511 703
511 1149
512 89
512 320
512 384
512 448
512 576
512 640
512 704
513 2
513 321
513 385
513 449
513 577
513 641
513 705
514 322
514 386
514 450
514 578
514 642
514 706
515 194
515 323
515 387
515 451
515 579
515 643
515 707
516 324
516 388
516 452
516 580
516 644
516 668
516 708
516 722
516 790
516 1052
516 1250
517 1
517 5
517 13
517 15
517 19
517 65
517 69
517 77
517 79
517 83
517 129
517 133
517 141
517 143
517 147
517 197
517 207
517 211
517 257
517 261
517 269
517 271
517 275
517 321
517 325
517 335
517 339
517 385
517 389
517 399
517 403
517 453
517 463
517 527
517 581
517 645
517 709
517 783
517 847
517 911
517 968
517 975
517 1029
517 1039
517 1093
517 1101
517 1103
517 1157
517 1165
517 1167
517 1229
517 1231
518 5
518 6
518 69
518 70
518 134
518 198
518 262
518 326
518 390
518 454
518 582
518 646
518 710
518 774
518 838
518 902
518 966
518 1030
518 1094
518 1103
518 1158
518 1167
518 1222
519 327
519 391
519 455
519 583
519 647
519 711
520 9
520 73
520 137
520 201
520 264
520 328
520 392
520 456
520 584
520 648
520 709
520 712
520 773
520 840
520 904
520 965
520 1032
520 1096
520 1160
520 1224
521 329
521 393
521 457
521 585
521 649
521 713
521 1235
522 258
522 330
522 394
522 458
522 586
522 650
522 714
523 331
523 395
523 459
523 587
523 651
523 715
524 332
524 396
524 460
524 588
524 652
524 716
524 876
525 333
525 397
525 461
525 589
525 653
525 717
526 334
526 398
526 462
526 590
526 654
526 718
527 1
527 5
527 13
527 15
527 19
527 65
527 69
527 77
527 79
527 83
527 129
527 133
527 141
527 143
527 147
527 197
527 207
527 211
527 257
527 261
527 269
527 271
527 275
527 321
527 325
527 335
527 339
527 385
527 389
527 399
527 403
527 453
527 463
527 517
527 581
527 591
527 645
527 655
527 719
527 783
527 847
527 911
527 968
527 975
527 1029
527 1039
527 1093
527 1101
527 1103
527 1157
527 1165
527 1229
527 1231
528 336
528 400
528 464
528 592
528 656
528 720
529 204
529 337
529 401
529 465
529 593
529 657
529 721
530 338
530 402
530 406
530 466
530 594
530 658
530 722
531 339
531 403
531 467
531 595
531 659
531 723
532 317
532 340
532 404
532 468
532 596
532 660
532 724
532 1176
533 341
533 405
533 469
533 597
533 609
533 661
533 725
533 868
534 342
534 406
534 470
534 598
534 662
534 726
534 1100
535 316
535 343
535 407
535 471
535 599
535 663
535 727
535 1020
535 1212
536 344
536 408
536 472
536 600
536 664
536 728
536 788
536 1048
537 170
537 291
537 345
537 409
537 473
537 601
537 665
537 729
537 997
538 346
538 410
538 440
538 474
538 602
538 666
538 730
538 948
539 347
539 411
539 475
539 603
539 667
539 731
540 348
540 412
540 476
540 580
540 604
540 668
540 732
540 891
540 1065
540 1255
541 349
541 413
541 477
541 605
541 669
541 733
542 350
542 414
542 478
542 606
542 670
542 711
542 734
543 53
543 351
543 370
543 415
543 479
543 607
543 671
543 735
544 352
544 416
544 480
544 608
544 672
544 736
544 785
545 353
545 417
545 481
545 562
545 609
545 673
545 737
546 175
546 354
546 418
546 482
546 610
546 674
546 738
546 822
546 872
547 107
547 299
547 355
547 419
547 483
547 611
547 675
547 739
547 1111
548 52
548 343
548 356
548 420
548 484
548 612
548 676
548 729
548 740
548 1112
548 1202
549 357
549 421
549 485
549 613
549 677
549 741
550 358
550 422
550 486
550 614
550 678
550 742
550 861
551 232
551 238
551 359
551 423
551 487
551 615
551 679
551 681
551 743
551 853
552 360
552 382
552 424
552 488
552 561
552 616
552 680
552 744
553 361
553 425
553 489
553 617
553 681
553 745
553 1189
554 106
554 218
554 362
554 426
554 490
554 618
554 682
554 746
554 855
554 1274
555 363
555 378
555 427
555 491
555 619
555 683
555 747
556 364
556 428
556 492
556 620
556 684
556 748
556 1188
557 99
557 365
557 429
557 493
557 621
557 685
557 749
557 865
557 1060
557 1152
558 366
558 430
558 447
558 494
558 622
558 686
558 750
558 1210
558 1258
558 1276
559 367
559 431
559 473
559 495
559 560
559 623
559 687
559 751
560 368
560 432
560 473
560 496
560 559
560 624
560 688
560 752
561 369
561 382
561 433
561 497
561 552
561 625
561 689
561 753
562 370
562 434
562 498
562 545
562 626
562 690
562 754
563 371
563 435
563 499
563 627
563 691
563 755
564 35
564 121
564 122
564 252
564 372
564 436
564 500
564 628
564 692
564 756
565 373
565 437
565 501
565 612
565 629
565 693
565 757
565 927
566 374
566 438
566 502
566 630
566 694
566 758
566 869
566 885
566 1271
567 191
567 375
567 439
567 503
567 510
567 631
567 695
567 724
567 759
567 760
568 376
568 440
568 504
568 632
568 696
568 700
568 760
569 188
569 377
569 441
569 505
569 633
569 697
569 761
569 826
570 378
570 442
570 506
570 634
570 698
570 829
571 379
571 443
571 507
571 635
571 699
571 763
572 380
572 433
572 444
572 496
572 508
572 636
572 700
572 764
572 954
572 1198
572 1279
573 381
573 445
573 471
573 509
573 637
573 687
573 701
573 765
573 1109
574 382
574 446
574 510
574 638
574 702
574 1204
575 383
575 447
575 511
575 639
575 703
575 747
575 767
575 888
576 384
576 448
576 512
576 640
576 704
576 768
576 988
576 1237
577 385
577 398
577 449
577 513
577 641
577 705
577 769
578 38
578 386
578 411
578 450
578 514
578 642
578 706
578 770
579 387
579 451
579 515
579 643
579 707
579 771
580 388
580 452
580 516
580 540
580 644
580 708
580 772
580 891
580 1065
580 1255
581 1
581 13
581 51
581 65
581 77
581 83
581 129
581 141
581 147
581 211
581 257
581 269
581 275
581 321
581 339
581 385
581 389
581 403
581 453
581 463
581 517
581 527
581 645
581 655
581 709
581 773
581 783
581 837
581 847
581 901
581 911
581 968
581 973
581 1029
581 1037
581 1093
581 1157
581 1165
581 1221
581 1229
582 5
582 6
582 15
582 19
582 69
582 70
582 79
582 133
582 134
582 197
582 198
582 261
582 262
582 271
582 325
582 326
582 335
582 389
582 390
582 399
582 454
582 518
582 646
582 710
582 774
582 838
582 902
582 966
582 1030
582 1039
582 1094
582 1101
582 1103
582 1158
582 1167
582 1222
582 1231
583 391
583 455
583 519
583 647
583 711
583 775
583 813
584 9
584 73
584 137
584 201
584 264
584 328
584 392
584 456
584 520
584 648
584 709
584 712
584 773
584 776
584 840
584 904
584 965
584 1032
584 1096
584 1160
584 1224
585 393
585 457
585 521
585 649
585 713
585 777
585 961
586 394
586 458
586 522
586 650
586 714
586 778
587 395
587 459
587 523
587 651
587 715
587 779
588 396
588 455
588 460
588 524
588 647
588 652
588 716
588 780
589 397
589 461
589 525
589 653
589 717
589 781
590 398
590 462
590 526
590 654
590 718
590 782
590 864
591 399
591 463
591 527
591 655
591 719
591 783
592 185
592 314
592 400
592 464
592 528
592 601
592 656
592 720
592 784
593 401
593 465
593 529
593 657
593 721
593 785
594 402
594 466
594 530
594 658
594 722
594 786
595 268
595 403
595 467
595 531
595 659
595 723
595 787
596 302
596 404
596 468
596 508
596 532
596 660
596 724
596 751
596 788
596 1264
597 405
597 469
597 533
597 661
597 725
597 789
598 365
598 406
598 470
598 534
598 662
598 726
598 790
599 344
599 407
599 471
599 535
599 663
599 727
599 791
599 985
600 408
600 472
600 536
600 664
600 698
600 728
600 792
600 803
601 185
601 314
601 409
601 473
601 537
601 592
601 665
601 729
601 793
602 410
602 474
602 511
602 538
602 622
602 636
602 666
602 730
602 794
602 1149
603 411
603 475
603 539
603 627
603 667
603 716
603 731
603 795
604 412
604 476
604 540
604 668
604 732
604 796
605 413
605 477
605 541
605 669
605 733
605 797
605 1004
605 1092
606 414
606 478
606 542
606 670
606 734
606 798
607 415
607 479
607 543
607 671
607 735
607 799
607 1183
608 44
608 416
608 480
608 544
608 672
608 736
608 800
608 1161
609 417
609 481
609 533
609 545
609 673
609 737
609 801
609 868
610 410
610 418
610 482
610 546
610 674
610 738
610 802
611 419
611 437
611 483
611 547
611 675
611 739
611 803
611 857
612 420
612 484
612 548
612 565
612 676
612 740
612 804
612 927
613 163
613 421
613 485
613 549
613 677
613 741
613 805
614 422
614 486
614 550
614 678
614 742
614 806
615 423
615 487
615 551
615 679
615 743
615 807
615 1047
615 1125
616 424
616 488
616 552
616 680
616 744
616 808
616 1072
616 1150
617 425
617 489
617 553
617 681
617 745
617 809
618 184
618 313
618 426
618 490
618 554
618 682
618 746
618 810
618 852
618 1081
618 1214
619 87
619 427
619 491
619 555
619 683
619 747
619 957
619 1137
620 428
620 492
620 556
620 684
620 748
620 812
620 1014
620 1244
621 429
621 493
621 557
621 685
621 749
621 813
622 430
622 494
622 511
622 558
622 602
622 636
622 686
622 750
622 1149
623 20
623 46
623 48
623 431
623 495
623 559
623 687
623 704
623 751
623 815
624 432
624 496
624 560
624 688
624 752
624 816
625 497
625 561
625 689
625 753
625 791
625 817
626 282
626 434
626 498
626 562
626 690
626 754
626 818
626 1236
627 435
627 499
627 563
627 603
627 691
627 716
627 755
627 819
628 436
628 500
628 564
628 692
628 756
628 820
628 955
628 1055
629 80
629 437
629 479
629 488
629 501
629 565
629 693
629 757
629 821
630 438
630 502
630 566
630 694
630 758
630 822
631 242
631 439
631 503
631 567
631 695
631 759
631 823
632 177
632 440
632 504
632 505
632 568
632 696
632 760
632 824
632 1175
633 124
633 441
633 505
633 569
633 697
633 761
633 880
634 442
634 506
634 570
634 698
634 826
635 116
635 279
635 443
635 507
635 571
635 699
635 763
635 827
635 882
636 444
636 508
636 511
636 572
636 602
636 622
636 700
636 764
636 1149
637 445
637 509
637 573
637 701
637 765
638 446
638 510
638 574
638 702
638 739
638 766
638 830
638 922
638 999
639 447
639 511
639 575
639 703
639 767
640 424
640 448
640 512
640 576
640 704
640 768
640 832
641 449
641 513
641 577
641 705
641 769
641 833
642 108
642 450
642 514
642 578
642 706
642 770
642 834
643 451
643 515
643 579
643 707
643 771
643 835
643 905
644 354
644 434
644 452
644 516
644 580
644 708
644 772
644 836
645 1
645 5
645 13
645 15
645 19
645 65
645 77
645 79
645 83
645 129
645 133
645 141
645 143
645 147
645 197
645 207
645 211
645 257
645 261
645 269
645 271
645 275
645 321
645 325
645 335
645 339
645 385
645 389
645 399
645 403
645 453
645 463
645 517
645 527
645 581
645 655
645 709
645 773
645 783
645 837
645 847
645 911
645 968
645 975
645 1029
645 1037
645 1039
645 1093
645 1101
645 1157
645 1165
645 1221
645 1229
645 1231
646 5
646 6
646 15
646 19
646 69
646 70
646 79
646 133
646 134
646 197
646 198
646 261
646 262
646 271
646 325
646 326
646 335
646 389
646 390
646 399
646 454
646 518
646 582
646 710
646 774
646 838
646 902
646 966
646 1030
646 1039
646 1094
646 1101
646 1103
646 1158
646 1167
646 1222
646 1231
647 455
647 519
647 583
647 588
647 711
647 775
647 839
648 9
648 73
648 137
648 201
648 264
648 328
648 392
648 456
648 520
648 584
648 709
648 712
648 773
648 776
648 840
648 904
648 965
648 1032
648 1096
648 1160
648 1224
649 457
649 521
649 585
649 713
649 777
649 841
650 91
650 458
650 522
650 586
650 714
650 778
650 842
651 459
651 523
651 587
651 715
651 779
651 843
652 414
652 460
652 524
652 588
652 716
652 780
652 844
653 461
653 525
653 589
653 717
653 781
653 845
654 462
654 526
654 590
654 718
654 782
654 846
655 1
655 51
655 65
655 77
655 129
655 141
655 147
655 257
655 269
655 275
655 321
655 385
655 397
655 403
655 463
655 527
655 581
655 591
655 645
655 719
655 783
655 837
655 847
655 901
655 911
655 968
655 973
655 1029
655 1037
655 1093
655 1221
656 464
656 528
656 592
656 720
656 784
656 848
657 413
657 465
657 529
657 593
657 721
657 785
657 849
658 297
658 466
658 530
658 594
658 722
658 786
658 850
659 467
659 531
659 595
659 723
659 787
659 851
660 436
660 468
660 532
660 596
660 724
660 788
660 852
660 884
660 1200
660 1262
661 276
661 311
661 469
661 533
661 597
661 725
661 789
661 853
661 873
661 1063
661 1168
661 1191
662 293
662 470
662 534
662 598
662 726
662 790
662 854
662 1260
663 241
663 471
663 535
663 599
663 727
663 791
663 855
664 472
664 536
664 600
664 728
664 792
664 856
664 875
664 1192
664 1194
665 473
665 487
665 537
665 601
665 729
665 735
665 793
665 857
665 930
665 1074
665 1140
666 474
666 490
666 538
666 602
666 730
666 794
666 858
667 475
667 539
667 603
667 731
667 795
667 859
667 962
668 476
668 516
668 540
668 604
668 722
668 732
668 790
668 796
668 860
668 1052
668 1250
669 166
669 477
669 541
669 605
669 733
669 797
669 861
670 478
670 542
670 606
670 734
670 798
670 862
671 373
671 479
671 489
671 543
671 607
671 735
671 799
671 863
671 866
672 480
672 544
672 608
672 736
672 800
672 864
673 117
673 481
673 545
673 609
673 737
673 801
673 865
674 482
674 546
674 610
674 738
674 802
674 866
675 483
675 547
675 611
675 739
675 803
675 867
676 39
676 484
676 548
676 612
676 740
676 804
676 868
677 485
677 549
677 613
677 741
677 805
677 869
677 1253
678 477
678 486
678 550
678 614
678 742
678 806
678 834
678 870
678 1248
679 487
679 551
679 615
679 743
679 807
679 863
679 871
680 57
680 441
680 488
680 552
680 616
680 744
680 808
680 872
680 938
680 958
680 1080
680 1086
681 232
681 238
681 489
681 551
681 553
681 617
681 745
681 809
681 853
681 873
682 490
682 554
682 618
682 696
682 746
682 810
682 874
682 1135
683 555
683 619
683 747
684 251
684 384
684 492
684 556
684 620
684 748
684 812
684 876
685 493
685 557
685 621
685 749
685 813
685 877
686 234
686 355
686 494
686 558
686 622
686 750
686 814
686 848
686 878
687 471
687 495
687 559
687 573
687 623
687 751
687 815
687 879
687 1109
688 240
688 380
688 496
688 560
688 624
688 728
688 752
688 816
688 880
689 497
689 561
689 625
689 753
689 817
690 62
690 432
690 498
690 562
690 626
690 754
690 818
690 882
691 499
691 563
691 627
691 755
691 819
691 883
692 42
692 152
692 500
692 564
692 628
692 744
692 756
692 820
692 884
692 1123
693 21
693 501
693 565
693 629
693 757
693 821
693 885
694 502
694 566
694 630
694 758
694 822
694 886
694 972
695 367
695 503
695 567
695 631
695 759
695 823
695 887
695 1172
696 504
696 568
696 632
696 682
696 760
696 824
696 888
696 1135
697 190
697 505
697 569
697 633
697 761
697 825
697 889
697 1087
698 506
698 570
698 600
698 634
698 762
698 803
698 826
698 890
699 493
699 507
699 571
699 635
699 763
699 827
699 891
699 949
699 1024
699 1234
699 1268
700 508
700 568
700 572
700 636
700 764
700 828
700 892
701 127
701 509
701 573
701 637
701 765
701 829
701 893
701 1071
702 174
702 574
702 638
702 766
702 830
703 255
703 494
703 511
703 575
703 639
703 767
703 817
703 831
703 895
703 959
704 20
704 46
704 48
704 431
704 512
704 576
704 623
704 640
704 768
704 832
704 896
705 513
705 577
705 641
705 769
705 833
705 897
706 514
706 578
706 642
706 770
706 834
706 898
707 515
707 579
707 643
707 771
707 835
707 899
708 405
708 516
708 580
708 644
708 772
708 836
708 900
709 9
709 73
709 137
709 201
709 264
709 328
709 392
709 456
709 517
709 520
709 581
709 584
709 645
709 648
709 773
709 837
709 840
709 901
709 904
709 965
709 1032
709 1096
709 1160
709 1224
710 5
710 6
710 15
710 19
710 69
710 70
710 79
710 133
710 134
710 143
710 197
710 198
710 207
710 261
710 262
710 271
710 325
710 326
710 335
710 389
710 390
710 399
710 454
710 518
710 582
710 646
710 774
710 838
710 902
710 966
710 975
710 1030
710 1039
710 1094
710 1101
710 1103
710 1158
710 1167
710 1222
710 1231
711 519
711 542
711 583
711 647
711 775
711 839
711 903
712 3
712 51
712 397
712 520
712 584
712 648
712 776
712 837
712 840
712 901
712 904
712 973
713 145
713 521
713 585
713 649
713 777
713 841
713 905
714 294
714 522
714 586
714 650
714 778
714 842
714 906
714 1056
715 523
715 587
715 651
715 779
715 843
715 907
716 524
716 588
716 603
716 627
716 652
716 780
716 844
716 908
717 525
717 589
717 653
717 781
717 845
717 909
718 526
718 590
718 654
718 782
718 846
718 910
718 1233
719 527
719 591
719 655
719 783
719 847
719 911
720 148
720 528
720 592
720 656
720 725
720 784
720 848
720 912
720 933
720 976
721 529
721 593
721 657
721 785
721 849
721 913
722 516
722 530
722 594
722 658
722 668
722 786
722 790
722 850
722 914
722 1052
722 1250
723 531
723 595
723 659
723 787
723 851
723 915
723 1099
724 191
724 510
724 532
724 567
724 596
724 660
724 760
724 788
724 852
724 916
725 148
725 533
725 597
725 661
725 720
725 789
725 853
725 917
725 933
725 976
726 534
726 598
726 662
726 790
726 854
726 918
726 950
727 63
727 304
727 535
727 599
727 663
727 791
727 855
727 919
728 240
728 380
728 536
728 600
728 664
728 688
728 792
728 856
728 920
729 52
729 343
729 537
729 548
729 601
729 665
729 793
729 857
729 921
729 1112
729 1202
730 538
730 602
730 666
730 794
730 856
730 858
730 922
730 1265
731 364
731 539
731 603
731 667
731 795
731 859
731 923
732 540
732 604
732 668
732 796
732 860
732 924
733 34
733 541
733 605
733 669
733 797
733 861
733 925
733 998
734 33
734 542
734 606
734 670
734 798
734 854
734 862
734 926
734 1011
735 487
735 543
735 607
735 665
735 671
735 799
735 863
735 927
735 930
735 1074
735 1140
736 109
736 226
736 544
736 608
736 672
736 800
736 864
736 928
737 114
737 545
737 609
737 673
737 801
737 865
737 921
737 929
737 1001
737 1207
738 408
738 546
738 610
738 674
738 802
738 866
738 930
739 547
739 611
739 638
739 675
739 803
739 867
739 922
739 931
739 999
740 229
740 548
740 612
740 676
740 804
740 868
740 932
740 964
741 366
741 549
741 613
741 677
741 805
741 869
741 933
741 1059
741 1067
741 1108
742 231
742 233
742 425
742 550
742 614
742 678
742 806
742 870
742 934
742 1005
743 551
743 615
743 679
743 807
743 871
743 935
743 1047
743 1125
744 42
744 152
744 552
744 616
744 680
744 692
744 808
744 872
744 936
744 1123
745 553
745 617
745 681
745 809
745 873
745 937
745 1257
746 554
746 618
746 682
746 810
746 874
746 938
746 942
746 1209
747 555
747 575
747 619
747 683
747 811
747 875
747 888
747 939
748 156
748 213
748 556
748 620
748 684
748 812
748 876
748 940
749 557
749 621
749 685
749 813
749 877
749 941
750 558
750 622
750 686
750 814
750 878
751 302
751 508
751 559
751 596
751 623
751 687
751 815
751 879
751 943
751 1264
752 186
752 560
752 624
752 688
752 816
752 874
752 880
752 944
752 1273
753 561
753 625
753 689
753 817
753 881
753 945
753 1144
753 1239
754 562
754 626
754 690
754 818
754 882
754 946
755 563
755 627
755 691
755 819
755 883
755 947
756 564
756 628
756 692
756 820
756 884
756 948
757 565
757 629
757 693
757 821
757 885
757 949
758 359
758 566
758 630
758 694
758 822
758 886
758 950
758 982
759 336
759 567
759 631
759 695
759 823
759 887
759 951
760 191
760 510
760 567
760 568
760 632
760 696
760 724
760 824
760 888
760 952
761 190
761 569
761 633
761 697
761 825
761 889
761 1087
762 698
762 826
762 890
763 26
763 151
763 280
763 571
763 635
763 699
763 827
763 891
763 955
763 981
763 1143
764 572
764 636
764 700
764 828
764 892
764 956
764 1022
764 1278
765 112
765 125
765 573
765 637
765 701
765 829
765 893
765 957
765 1201
766 638
766 702
766 830
766 894
766 958
767 575
767 639
767 703
767 831
767 895
767 959
767 1151
768 576
768 640
768 704
768 832
768 896
768 960
768 1061
769 577
769 641
769 705
769 833
769 897
769 961
770 578
770 642
770 706
770 834
770 898
770 962
771 579
771 643
771 707
771 835
771 899
771 963
771 1026
772 101
772 580
772 644
772 708
772 836
772 900
772 964
773 9
773 73
773 137
773 201
773 264
773 328
773 392
773 456
773 520
773 581
773 584
773 645
773 648
773 709
773 837
773 840
773 901
773 904
773 965
773 1032
773 1096
773 1160
773 1224
774 5
774 6
774 15
774 19
774 69
774 70
774 79
774 133
774 134
774 197
774 198
774 261
774 262
774 271
774 325
774 326
774 335
774 389
774 390
774 399
774 454
774 518
774 582
774 646
774 710
774 838
774 902
774 966
774 1030
774 1039
774 1094
774 1101
774 1103
774 1158
774 1167
774 1222
774 1231
775 583
775 647
775 711
775 839
775 903
775 967
776 3
776 51
776 397
776 584
776 648
776 712
776 840
776 901
776 904
776 968
776 973
777 72
777 585
777 649
777 713
777 841
777 905
777 969
778 586
778 650
778 714
778 842
778 844
778 906
778 970
778 1179
779 587
779 651
779 715
779 843
779 907
779 971
779 987
780 588
780 652
780 716
780 844
780 908
780 972
781 589
781 653
781 717
781 845
781 909
781 973
782 590
782 654
782 718
782 846
782 910
782 974
783 1
783 13
783 65
783 77
783 83
783 129
783 141
783 143
783 147
783 207
783 211
783 257
783 269
783 275
783 321
783 339
783 385
783 403
783 453
783 463
783 517
783 527
783 581
783 591
783 645
783 655
783 719
783 837
783 847
783 901
783 911
783 968
783 973
783 975
783 1029
783 1037
783 1093
783 1157
783 1165
783 1221
783 1229
784 120
784 468
784 592
784 656
784 720
784 820
784 848
784 912
784 945
784 976
785 544
785 593
785 657
785 721
785 849
785 913
785 977
786 594
786 658
786 722
786 850
786 914
786 978
787 595
787 659
787 723
787 851
787 915
787 979
788 536
788 596
788 660
788 724
788 852
788 916
788 980
788 1048
789 253
789 404
789 597
789 661
789 725
789 853
789 917
789 981
790 516
790 598
790 662
790 668
790 722
790 726
790 854
790 918
790 982
790 1052
790 1250
791 599
791 625
791 663
791 727
791 855
791 919
791 983
792 189
792 298
792 368
792 376
792 383
792 474
792 600
792 664
792 728
792 856
792 916
792 920
792 939
792 984
792 1136
793 601
793 665
793 729
793 857
793 921
793 985
793 991
794 305
794 377
794 602
794 666
794 730
794 858
794 922
794 986
794 1272
795 603
795 667
795 731
795 859
795 923
795 928
795 987
796 604
796 668
796 732
796 860
796 924
796 926
796 988
797 605
797 669
797 733
797 861
797 925
797 989
798 606
798 670
798 734
798 862
798 926
798 990
798 1126
798 1270
799 254
799 607
799 671
799 735
799 863
799 892
799 927
799 991
799 1018
800 608
800 672
800 736
800 864
800 928
800 992
801 400
801 609
801 673
801 737
801 865
801 929
801 993
801 1193
802 610
802 674
802 738
802 866
802 930
802 994
802 1007
803 600
803 611
803 675
803 698
803 739
803 867
803 931
803 995
804 612
804 676
804 740
804 868
804 932
804 996
804 1259
805 613
805 677
805 741
805 869
805 933
805 995
805 997
806 614
806 678
806 742
806 870
806 934
806 998
807 84
807 615
807 679
807 743
807 867
807 871
807 931
807 935
807 936
807 996
807 999
807 1010
808 165
808 616
808 680
808 744
808 872
808 912
808 936
808 1000
808 1240
809 617
809 681
809 745
809 873
809 937
809 1001
809 1173
810 346
810 445
810 501
810 618
810 682
810 746
810 874
810 938
810 1002
811 747
811 875
811 939
812 308
812 351
812 620
812 684
812 748
812 876
812 940
812 1004
812 1075
812 1220
813 583
813 621
813 685
813 749
813 877
813 941
813 1005
814 686
814 750
814 878
814 894
814 942
814 1003
815 623
815 687
815 751
815 879
815 943
815 956
815 1007
815 1148
816 624
816 688
816 752
816 880
816 944
817 255
817 494
817 625
817 689
817 703
817 753
817 881
817 945
817 959
817 1009
818 626
818 690
818 754
818 882
818 929
818 946
818 1010
819 627
819 691
819 755
819 883
819 947
819 1011
820 120
820 468
820 628
820 692
820 756
820 784
820 884
820 945
820 948
820 1012
821 629
821 693
821 757
821 885
821 949
821 1013
822 175
822 546
822 630
822 694
822 758
822 872
822 886
822 950
822 1014
823 631
823 695
823 759
823 887
823 951
823 1015
824 250
824 632
824 696
824 760
824 888
824 952
824 1016
824 1082
825 697
825 761
825 889
825 953
825 1009
825 1017
826 188
826 569
826 634
826 698
826 762
826 890
826 954
826 1018
827 635
827 699
827 763
827 891
827 955
827 1019
828 700
828 764
828 831
828 892
828 956
829 570
829 701
829 765
829 893
829 957
830 638
830 702
830 766
830 894
830 953
830 958
830 1022
831 703
831 767
831 828
831 895
831 959
832 296
832 640
832 704
832 768
832 896
832 960
832 1013
832 1024
832 1078
833 641
833 705
833 769
833 897
833 961
833 1025
834 477
834 642
834 678
834 706
834 770
834 898
834 962
834 1026
834 1248
835 643
835 707
835 771
835 899
835 963
835 1027
835 1163
836 644
836 708
836 772
836 900
836 960
836 964
836 1028
837 3
837 51
837 65
837 129
837 147
837 257
837 269
837 321
837 385
837 397
837 403
837 463
837 581
837 645
837 655
837 709
837 712
837 773
837 783
837 847
837 901
837 965
837 968
837 973
837 1029
837 1037
837 1093
837 1221
838 5
838 6
838 15
838 19
838 69
838 70
838 79
838 133
838 134
838 197
838 198
838 261
838 262
838 271
838 325
838 326
838 335
838 389
838 390
838 454
838 518
838 582
838 646
838 710
838 774
838 902
838 966
838 1030
838 1039
838 1094
838 1103
838 1158
838 1167
838 1222
838 1231
839 647
839 711
839 775
839 903
839 967
839 1031
840 9
840 73
840 137
840 201
840 264
840 328
840 392
840 456
840 520
840 584
840 648
840 709
840 712
840 773
840 776
840 904
840 965
840 968
840 1032
840 1096
840 1160
840 1224
841 86
841 102
841 649
841 713
841 777
841 905
841 969
841 1033
842 650
842 714
842 778
842 906
842 970
842 1034
843 651
843 715
843 779
843 907
843 971
843 1035
844 652
844 716
844 778
844 780
844 908
844 972
844 1036
844 1179
845 653
845 717
845 781
845 909
845 973
845 1037
846 654
846 718
846 782
846 910
846 974
846 1038
847 1
847 13
847 15
847 19
847 65
847 77
847 79
847 83
847 129
847 133
847 141
847 143
847 147
847 197
847 207
847 211
847 257
847 261
847 269
847 271
847 275
847 321
847 325
847 335
847 339
847 385
847 389
847 399
847 403
847 453
847 463
847 517
847 527
847 581
847 645
847 655
847 719
847 783
847 837
847 901
847 911
847 968
847 975
847 1029
847 1037
847 1039
847 1093
847 1101
847 1157
847 1165
847 1221
847 1229
848 234
848 355
848 656
848 686
848 720
848 784
848 912
848 976
848 1040
849 300
849 657
849 721
849 785
849 913
849 977
849 1041
850 169
850 658
850 722
850 786
850 914
850 978
850 1042
851 659
851 723
851 787
851 915
851 979
851 1043
852 184
852 313
852 618
852 660
852 724
852 788
852 916
852 980
852 1044
852 1081
852 1214
853 232
853 238
853 551
853 661
853 681
853 725
853 789
853 917
853 981
853 1045
854 33
854 662
854 726
854 734
854 790
854 918
854 982
854 1011
854 1046
855 106
855 218
855 554
855 663
855 727
855 791
855 919
855 983
855 1047
855 1274
856 664
856 728
856 730
856 792
856 920
856 984
856 1048
856 1265
857 437
857 611
857 665
857 729
857 793
857 921
857 985
857 1049
858 111
858 666
858 730
858 794
858 922
858 986
858 1050
859 92
859 183
859 667
859 731
859 795
859 923
859 987
859 1051
860 668
860 732
860 796
860 924
860 988
860 1052
860 1114
861 550
861 669
861 733
861 797
861 925
861 989
861 1053
862 439
862 670
862 734
862 798
862 926
862 990
862 1054
863 671
863 679
863 735
863 799
863 927
863 991
863 1055
864 590
864 672
864 736
864 800
864 928
864 992
864 1056
865 99
865 557
865 673
865 737
865 801
865 929
865 993
865 1057
865 1060
865 1152
866 373
866 489
866 671
866 674
866 738
866 802
866 930
866 994
866 1058
867 84
867 675
867 739
867 803
867 807
867 931
867 936
867 995
867 996
867 1010
867 1059
868 533
868 609
868 676
868 740
868 804
868 932
868 996
868 1060
869 566
869 677
869 741
869 805
869 885
869 933
869 997
869 1061
869 1271
870 678
870 742
870 806
870 934
870 998
870 1062
871 37
871 362
871 504
871 679
871 743
871 807
871 935
871 999
871 1063
871 1138
872 175
872 546
872 680
872 744
872 808
872 822
872 936
872 1000
872 1064
873 276
873 311
873 661
873 681
873 745
873 809
873 937
873 1001
873 1063
873 1065
873 1168
873 1191
874 186
874 682
874 746
874 752
874 810
874 938
874 1002
874 1066
874 1273
875 664
875 747
875 811
875 939
875 1003
875 1067
875 1192
875 1194
876 524
876 684
876 748
876 812
876 940
876 1004
876 1068
877 685
877 749
877 813
877 941
877 1005
877 1069
877 1139
878 360
878 427
878 686
878 750
878 814
878 942
878 1006
878 1070
879 363
879 687
879 751
879 815
879 943
879 1007
879 1071
880 124
880 633
880 688
880 752
880 816
880 944
880 1008
880 1072
881 43
881 126
881 753
881 817
881 945
881 1009
881 1073
882 116
882 279
882 635
882 690
882 754
882 818
882 946
882 1010
882 1074
883 691
883 755
883 819
883 947
883 1011
883 1075
884 436
884 660
884 692
884 756
884 820
884 948
884 1012
884 1076
884 1200
884 1262
885 566
885 693
885 757
885 821
885 869
885 949
885 1013
885 1077
885 1271
886 345
886 694
886 758
886 822
886 950
886 1014
886 1049
886 1078
887 500
887 695
887 759
887 823
887 951
887 1015
887 1079
887 1116
888 575
888 696
888 747
888 760
888 824
888 952
888 1016
888 1080
889 697
889 761
889 825
889 953
889 1017
889 1081
889 1251
890 698
890 762
890 826
890 954
890 986
890 1018
890 1066
890 1082
891 540
891 580
891 699
891 763
891 827
891 955
891 1019
891 1065
891 1083
891 1255
892 254
892 700
892 764
892 799
892 828
892 956
892 1018
892 1020
892 1084
893 127
893 701
893 765
893 829
893 957
893 1021
893 1071
893 1085
894 766
894 814
894 830
894 958
894 1003
894 1022
894 1086
895 110
895 703
895 767
895 831
895 959
895 1023
895 1084
895 1087
895 1131
896 45
896 159
896 164
896 704
896 768
896 832
896 960
896 1024
896 1088
896 1147
897 705
897 769
897 833
897 961
897 1025
897 1089
898 706
898 770
898 834
898 962
898 1026
898 1090
898 1226
899 707
899 771
899 835
899 963
899 1027
899 1091
900 708
900 772
900 836
900 964
900 1028
900 1092
901 51
901 65
901 129
901 257
901 269
901 321
901 385
901 397
901 403
901 463
901 581
901 655
901 709
901 712
901 773
901 776
901 783
901 837
901 847
901 965
901 968
901 973
901 1029
901 1037
901 1093
901 1221
902 69
902 70
902 79
902 133
902 134
902 197
902 198
902 261
902 262
902 271
902 325
902 326
902 335
902 389
902 390
902 399
902 454
902 518
902 582
902 646
902 710
902 774
902 838
902 966
902 1030
902 1039
902 1094
902 1101
902 1103
902 1158
902 1167
902 1222
902 1231
903 711
903 775
903 839
903 967
903 1031
903 1095
904 9
904 73
904 137
904 201
904 264
904 328
904 392
904 456
904 520
904 584
904 648
904 709
904 712
904 773
904 776
904 840
904 965
904 968
904 1032
904 1096
904 1160
904 1224
905 643
905 713
905 777
905 841
905 969
905 1033
905 1097
906 206
906 391
906 714
906 778
906 842
906 970
906 1034
906 1036
906 1098
907 715
907 779
907 843
907 971
907 1035
907 1091
907 1099
907 1225
908 716
908 780
908 844
908 972
908 1036
908 1100
909 288
909 717
909 781
909 845
909 973
909 1037
909 1101
910 361
910 718
910 782
910 846
910 974
910 1038
910 1102
911 1
911 13
911 65
911 69
911 77
911 79
911 83
911 129
911 133
911 141
911 143
911 147
911 197
911 207
911 211
911 257
911 261
911 269
911 271
911 275
911 321
911 325
911 335
911 339
911 385
911 389
911 399
911 403
911 453
911 463
911 517
911 527
911 581
911 645
911 655
911 719
911 783
911 847
911 968
911 975
911 1029
911 1037
911 1039
911 1093
911 1101
911 1103
911 1157
911 1165
911 1221
911 1229
911 1231
912 165
912 720
912 784
912 808
912 848
912 976
912 1040
912 1104
912 1240
913 721
913 785
913 849
913 977
913 1041
913 1105
914 722
914 786
914 850
914 978
914 1042
914 1106
915 723
915 787
915 851
915 979
915 1035
915 1043
915 1107
916 189
916 298
916 368
916 376
916 383
916 474
916 724
916 788
916 792
916 852
916 939
916 980
916 1044
916 1108
916 1136
917 253
917 404
917 725
917 789
917 853
917 981
917 1045
917 1109
918 196
918 726
918 790
918 854
918 982
918 1046
918 1110
918 1170
919 483
919 727
919 791
919 855
919 983
919 1047
919 1073
919 1111
919 1130
920 287
920 728
920 792
920 856
920 984
920 1048
920 1064
920 1112
921 114
921 729
921 737
921 793
921 857
921 985
921 1001
921 1049
921 1113
921 1207
922 638
922 730
922 739
922 794
922 858
922 986
922 999
922 1050
922 1114
923 731
923 795
923 859
923 987
923 1051
923 1115
924 113
924 215
924 247
924 469
924 485
924 732
924 796
924 860
924 988
924 1052
924 1116
925 417
925 733
925 797
925 861
925 989
925 1053
925 1117
926 734
926 796
926 798
926 862
926 990
926 1054
926 1118
927 565
927 612
927 735
927 799
927 863
927 991
927 1055
927 1119
928 736
928 795
928 800
928 864
928 992
928 1056
928 1120
929 737
929 801
929 818
929 865
929 993
929 1057
929 1121
930 487
930 665
930 735
930 738
930 802
930 866
930 994
930 1058
930 1074
930 1122
930 1140
931 84
931 739
931 803
931 807
931 867
931 936
931 995
931 996
931 1010
931 1059
931 1123
932 740
932 804
932 868
932 940
932 990
932 996
932 1060
932 1124
933 148
933 720
933 725
933 741
933 805
933 869
933 976
933 997
933 1061
933 1125
934 742
934 806
934 870
934 998
934 1062
934 1126
935 743
935 807
935 871
935 999
935 1058
935 1063
935 1127
936 84
936 744
936 807
936 808
936 867
936 872
936 931
936 996
936 1000
936 1010
936 1064
936 1128
937 312
937 443
937 745
937 809
937 873
937 1001
937 1065
937 1119
937 1129
938 57
938 441
938 680
938 746
938 810
938 874
938 958
938 1002
938 1066
938 1080
938 1086
938 1130
939 189
939 298
939 368
939 376
939 383
939 474
939 747
939 792
939 811
939 875
939 916
939 1003
939 1067
939 1131
939 1136
940 748
940 812
940 876
940 932
940 990
940 1004
940 1068
940 1132
941 277
941 749
941 813
941 877
941 1005
941 1069
941 1133
942 746
942 814
942 878
942 1006
942 1070
942 1209
943 171
943 319
943 751
943 815
943 879
943 952
943 1007
943 1071
943 1135
944 752
944 816
944 880
944 1008
944 1072
944 1136
944 1195
945 120
945 468
945 753
945 784
945 817
945 820
945 881
945 1009
945 1073
945 1137
946 306
946 754
946 818
946 882
946 1010
946 1074
946 1138
947 755
947 819
947 883
947 1011
947 1075
947 1139
948 440
948 538
948 756
948 820
948 884
948 1012
948 1076
948 1140
949 493
949 699
949 757
949 821
949 885
949 1013
949 1024
949 1077
949 1141
949 1234
949 1268
950 726
950 758
950 822
950 886
950 1014
950 1078
950 1142
951 381
951 419
951 759
951 823
951 887
951 1015
951 1079
951 1143
951 1242
952 171
952 319
952 760
952 824
952 888
952 943
952 1016
952 1080
952 1144
953 825
953 830
953 889
953 1017
953 1081
953 1145
954 433
954 496
954 572
954 826
954 890
954 1018
954 1082
954 1198
954 1279
955 628
955 763
955 827
955 891
955 1019
955 1055
955 1083
955 1147
956 764
956 815
956 828
956 892
956 1020
956 1084
956 1148
957 87
957 619
957 765
957 829
957 893
957 1021
957 1085
957 1137
957 1149
958 57
958 441
958 680
958 766
958 830
958 894
958 938
958 1022
958 1080
958 1086
958 1150
959 255
959 494
959 703
959 767
959 817
959 831
959 895
959 1023
959 1087
959 1151
960 768
960 832
960 836
960 896
960 1024
960 1088
960 1152
961 585
961 769
961 833
961 897
961 1025
961 1089
961 1153
962 667
962 770
962 834
962 898
962 1026
962 1090
962 1154
963 771
963 835
963 899
963 1027
963 1091
963 1155
964 229
964 740
964 772
964 836
964 900
964 1028
964 1092
964 1156
965 9
965 73
965 137
965 201
965 264
965 328
965 392
965 456
965 520
965 584
965 648
965 709
965 773
965 837
965 840
965 901
965 904
965 1029
965 1032
965 1093
965 1096
965 1157
965 1160
965 1224
966 133
966 134
966 197
966 198
966 261
966 262
966 271
966 325
966 326
966 335
966 389
966 390
966 399
966 454
966 518
966 582
966 646
966 710
966 774
966 838
966 902
966 1030
966 1039
966 1094
966 1101
966 1103
966 1158
966 1167
966 1222
966 1231
967 465
967 775
967 839
967 903
967 1031
967 1095
967 1159
968 65
968 129
968 141
968 147
968 207
968 211
968 257
968 269
968 275
968 321
968 339
968 385
968 403
968 453
968 463
968 517
968 527
968 581
968 645
968 655
968 776
968 783
968 837
968 840
968 847
968 901
968 904
968 911
968 973
968 975
968 1029
968 1032
968 1037
968 1093
968 1096
968 1157
968 1160
968 1165
968 1221
968 1229
969 458
969 777
969 841
969 905
969 1033
969 1097
969 1118
969 1161
969 1166
970 199
970 778
970 842
970 906
970 1034
970 1098
970 1162
971 779
971 843
971 907
971 1035
971 1099
971 1163
972 694
972 780
972 844
972 908
972 1036
972 1100
972 1164
973 51
973 129
973 257
973 269
973 321
973 385
973 397
973 403
973 463
973 581
973 655
973 712
973 776
973 781
973 783
973 837
973 845
973 901
973 909
973 968
973 1029
973 1037
973 1093
973 1101
973 1165
973 1221
974 782
974 846
974 910
974 1038
974 1102
974 1166
975 13
975 15
975 19
975 79
975 83
975 133
975 141
975 143
975 147
975 197
975 207
975 211
975 257
975 261
975 269
975 271
975 275
975 325
975 335
975 339
975 389
975 399
975 403
975 453
975 463
975 517
975 527
975 645
975 710
975 783
975 847
975 911
975 968
975 1029
975 1039
975 1101
975 1103
975 1157
975 1165
975 1167
975 1229
975 1231
976 148
976 720
976 725
976 784
976 848
976 912
976 933
976 1040
976 1104
976 1168
977 785
977 849
977 913
977 1041
977 1105
977 1169
978 256
978 786
978 850
978 914
978 1042
978 1106
978 1170
979 179
979 358
979 787
979 851
979 915
979 1043
979 1107
979 1171
980 788
980 852
980 916
980 1044
980 1108
980 1172
981 26
981 151
981 280
981 763
981 789
981 853
981 917
981 1045
981 1109
981 1143
981 1173
982 359
982 758
982 790
982 854
982 918
982 1046
982 1110
982 1174
983 509
983 791
983 855
983 919
983 1047
983 1077
983 1111
983 1175
984 464
984 792
984 856
984 920
984 1048
984 1112
984 1176
985 344
985 407
985 599
985 793
985 857
985 921
985 1049
985 1113
985 1177
986 794
986 858
986 890
986 922
986 1050
986 1066
986 1114
986 1178
987 779
987 795
987 859
987 923
987 1051
987 1115
987 1179
988 576
988 796
988 860
988 924
988 1052
988 1116
988 1180
988 1237
989 797
989 861
989 925
989 1053
989 1117
989 1181
990 798
990 862
990 926
990 932
990 940
990 1054
990 1118
990 1182
991 793
991 799
991 863
991 927
991 1055
991 1119
991 1183
992 800
992 864
992 928
992 1056
992 1120
992 1184
992 1245
993 284
993 466
993 801
993 865
993 929
993 1057
993 1121
993 1185
994 802
994 866
994 930
994 1058
994 1122
994 1186
995 803
995 805
995 867
995 931
995 1059
995 1123
995 1187
996 84
996 804
996 807
996 867
996 868
996 931
996 932
996 936
996 1010
996 1060
996 1124
996 1188
997 170
997 291
997 537
997 805
997 869
997 933
997 1061
997 1125
997 1189
998 34
998 733
998 806
998 870
998 934
998 1062
998 1126
998 1190
999 638
999 739
999 807
999 871
999 922
999 935
999 1063
999 1127
999 1191
1000 61
1000 808
1000 872
1000 936
1000 1015
1000 1064
1000 1128
1000 1192
1001 114
1001 737
1001 809
1001 873
1001 921
1001 937
1001 1065
1001 1129
1001 1193
1001 1207
1002 49
1002 810
1002 874
1002 938
1002 1066
1002 1104
1002 1130
1002 1194
1003 814
1003 875
1003 894
1003 939
1003 1067
1003 1131
1003 1195
1004 605
1004 812
1004 876
1004 940
1004 1068
1004 1092
1004 1132
1004 1196
1005 231
1005 233
1005 425
1005 742
1005 813
1005 877
1005 941
1005 1069
1005 1133
1005 1197
1006 878
1006 942
1006 1070
1006 1134
1006 1198
1007 802
1007 815
1007 879
1007 943
1007 1071
1007 1135
1007 1199
1008 491
1008 880
1008 944
1008 1072
1008 1136
1008 1200
1009 817
1009 825
1009 881
1009 945
1009 1073
1009 1137
1009 1201
1010 84
1010 807
1010 818
1010 867
1010 882
1010 931
1010 936
1010 946
1010 996
1010 1074
1010 1138
1010 1202
1011 33
1011 734
1011 819
1011 854
1011 883
1011 947
1011 1075
1011 1139
1011 1203
1012 409
1012 482
1012 495
1012 820
1012 884
1012 948
1012 1076
1012 1140
1012 1204
1013 296
1013 821
1013 832
1013 885
1013 949
1013 1077
1013 1078
1013 1141
1013 1205
1014 620
1014 822
1014 886
1014 950
1014 1078
1014 1142
1014 1206
1014 1244
1015 61
1015 823
1015 887
1015 951
1015 1000
1015 1079
1015 1143
1015 1207
1016 824
1016 888
1016 952
1016 1080
1016 1134
1016 1144
1016 1208
1017 444
1017 503
1017 825
1017 889
1017 953
1017 1070
1017 1081
1017 1145
1017 1209
1018 254
1018 799
1018 826
1018 890
1018 892
1018 954
1018 1082
1018 1146
1018 1210
1019 40
1019 178
1019 223
1019 827
1019 891
1019 955
1019 1083
1019 1147
1019 1211
1019 1249
1020 316
1020 535
1020 892
1020 956
1020 1084
1020 1148
1020 1212
1021 893
1021 957
1021 1085
1021 1149
1021 1213
1022 764
1022 830
1022 894
1022 958
1022 1086
1022 1150
1022 1214
1022 1278
1023 895
1023 959
1023 1087
1023 1151
1024 493
1024 699
1024 832
1024 896
1024 949
1024 960
1024 1088
1024 1152
1024 1216
1024 1234
1024 1268
1025 833
1025 897
1025 961
1025 1089
1025 1153
1025 1217
1026 771
1026 834
1026 898
1026 962
1026 1090
1026 1154
1026 1218
1027 835
1027 899
1027 963
1027 1091
1027 1155
1027 1219
1028 836
1028 900
1028 964
1028 1092
1028 1133
1028 1156
1028 1220
1029 65
1029 129
1029 147
1029 207
1029 211
1029 257
1029 269
1029 275
1029 321
1029 339
1029 385
1029 403
1029 453
1029 463
1029 517
1029 527
1029 581
1029 645
1029 655
1029 783
1029 837
1029 847
1029 901
1029 911
1029 965
1029 968
1029 973
1029 975
1029 1037
1029 1093
1029 1157
1029 1165
1029 1221
1029 1229
1030 197
1030 198
1030 261
1030 262
1030 271
1030 325
1030 326
1030 335
1030 389
1030 390
1030 399
1030 454
1030 518
1030 582
1030 646
1030 710
1030 774
1030 838
1030 902
1030 966
1030 1039
1030 1094
1030 1101
1030 1103
1030 1158
1030 1167
1030 1222
1030 1231
1031 839
1031 903
1031 967
1031 1095
1031 1159
1031 1223
1032 9
1032 73
1032 137
1032 201
1032 264
1032 328
1032 392
1032 456
1032 520
1032 584
1032 648
1032 709
1032 773
1032 840
1032 904
1032 965
1032 968
1032 1096
1032 1160
1032 1224
1033 22
1033 841
1033 905
1033 969
1033 1097
1033 1161
1033 1225
1034 842
1034 906
1034 970
1034 1098
1034 1162
1034 1226
1035 843
1035 907
1035 915
1035 971
1035 1099
1035 1163
1035 1227
1036 206
1036 391
1036 844
1036 906
1036 908
1036 972
1036 1100
1036 1164
1036 1228
1037 129
1037 257
1037 269
1037 275
1037 321
1037 385
1037 397
1037 403
1037 463
1037 581
1037 645
1037 655
1037 783
1037 837
1037 845
1037 847
1037 901
1037 909
1037 911
1037 968
1037 973
1037 1029
1037 1093
1037 1101
1037 1165
1037 1221
1037 1229
1038 846
1038 910
1038 974
1038 1102
1038 1166
1038 1230
1039 5
1039 15
1039 19
1039 69
1039 79
1039 133
1039 143
1039 197
1039 207
1039 211
1039 261
1039 271
1039 275
1039 325
1039 335
1039 339
1039 389
1039 399
1039 453
1039 454
1039 517
1039 527
1039 582
1039 645
1039 646
1039 710
1039 774
1039 838
1039 847
1039 902
1039 911
1039 966
1039 975
1039 1030
1039 1094
1039 1101
1039 1103
1039 1157
1039 1158
1039 1165
1039 1167
1039 1222
1039 1229
1039 1231
1040 47
1040 481
1040 848
1040 912
1040 976
1040 1104
1040 1168
1040 1232
1041 849
1041 913
1041 977
1041 1105
1041 1169
1041 1233
1042 260
1042 850
1042 914
1042 978
1042 1106
1042 1170
1042 1234
1042 1261
1043 851
1043 915
1043 979
1043 1107
1043 1171
1043 1235
1044 497
1044 852
1044 916
1044 980
1044 1108
1044 1172
1044 1236
1045 853
1045 917
1045 981
1045 1109
1045 1173
1045 1237
1046 324
1046 854
1046 918
1046 982
1046 1110
1046 1174
1046 1238
1047 615
1047 743
1047 855
1047 919
1047 983
1047 1111
1047 1125
1047 1175
1047 1239
1048 536
1048 788
1048 856
1048 920
1048 984
1048 1112
1048 1176
1048 1240
1049 345
1049 857
1049 886
1049 921
1049 985
1049 1113
1049 1177
1049 1241
1050 858
1050 922
1050 986
1050 1114
1050 1178
1050 1242
1051 859
1051 923
1051 987
1051 1115
1051 1179
1051 1243
1052 516
1052 668
1052 722
1052 790
1052 860
1052 924
1052 988
1052 1116
1052 1180
1052 1244
1052 1250
1053 861
1053 925
1053 989
1053 1117
1053 1181
1053 1245
1054 135
1054 862
1054 926
1054 990
1054 1118
1054 1182
1054 1246
1055 628
1055 863
1055 927
1055 955
1055 991
1055 1119
1055 1183
1055 1247
1056 294
1056 714
1056 864
1056 928
1056 992
1056 1120
1056 1184
1056 1248
1057 227
1057 295
1057 865
1057 929
1057 993
1057 1121
1057 1185
1057 1249
1058 866
1058 930
1058 935
1058 994
1058 1122
1058 1127
1058 1186
1058 1250
1059 366
1059 741
1059 867
1059 931
1059 995
1059 1067
1059 1108
1059 1123
1059 1187
1059 1251
1060 99
1060 557
1060 865
1060 868
1060 932
1060 996
1060 1124
1060 1152
1060 1188
1060 1252
1061 768
1061 869
1061 933
1061 997
1061 1125
1061 1189
1061 1253
1062 274
1062 870
1062 934
1062 998
1062 1126
1062 1190
1062 1254
1063 276
1063 311
1063 661
1063 871
1063 873
1063 935
1063 999
1063 1127
1063 1168
1063 1191
1063 1255
1064 287
1064 872
1064 920
1064 936
1064 1000
1064 1128
1064 1192
1064 1256
1065 540
1065 580
1065 873
1065 891
1065 937
1065 1001
1065 1129
1065 1193
1065 1255
1065 1257
1066 874
1066 890
1066 938
1066 986
1066 1002
1066 1130
1066 1194
1066 1258
1067 366
1067 741
1067 875
1067 939
1067 1003
1067 1059
1067 1108
1067 1131
1067 1195
1067 1259
1068 876
1068 940
1068 1004
1068 1132
1068 1196
1068 1260
1069 290
1069 877
1069 941
1069 1005
1069 1133
1069 1197
1069 1261
1070 444
1070 503
1070 878
1070 942
1070 1006
1070 1017
1070 1134
1070 1198
1070 1262
1071 127
1071 701
1071 879
1071 893
1071 943
1071 1007
1071 1135
1071 1199
1071 1263
1072 616
1072 880
1072 944
1072 1008
1072 1136
1072 1150
1072 1200
1072 1264
1073 483
1073 881
1073 919
1073 945
1073 1009
1073 1130
1073 1137
1073 1201
1073 1265
1074 487
1074 665
1074 735
1074 882
1074 930
1074 946
1074 1010
1074 1138
1074 1140
1074 1202
1074 1266
1075 308
1075 351
1075 812
1075 883
1075 947
1075 1011
1075 1139
1075 1203
1075 1220
1075 1267
1076 173
1076 340
1076 426
1076 884
1076 948
1076 1012
1076 1140
1076 1204
1076 1268
1077 509
1077 885
1077 949
1077 983
1077 1013
1077 1141
1077 1205
1077 1269
1078 296
1078 832
1078 886
1078 950
1078 1013
1078 1014
1078 1142
1078 1206
1078 1270
1079 887
1079 951
1079 1015
1079 1143
1079 1207
1079 1271
1080 57
1080 441
1080 680
1080 888
1080 938
1080 952
1080 958
1080 1016
1080 1086
1080 1144
1080 1208
1080 1272
1081 184
1081 313
1081 618
1081 852
1081 889
1081 953
1081 1017
1081 1145
1081 1209
1081 1214
1081 1273
1082 250
1082 824
1082 890
1082 954
1082 1018
1082 1146
1082 1210
1082 1274
1083 103
1083 228
1083 891
1083 955
1083 1019
1083 1147
1083 1211
1083 1275
1084 110
1084 892
1084 895
1084 956
1084 1020
1084 1131
1084 1148
1084 1212
1084 1276
1085 415
1085 893
1085 957
1085 1021
1085 1149
1085 1213
1085 1256
1085 1277
1086 57
1086 441
1086 680
1086 894
1086 938
1086 958
1086 1022
1086 1080
1086 1150
1086 1214
1086 1278
1087 190
1087 697
1087 761
1087 895
1087 959
1087 1023
1087 1151
1087 1215
1087 1279
1088 896
1088 960
1088 1024
1088 1152
1088 1216
1089 897
1089 961
1089 1025
1089 1153
1089 1217
1090 898
1090 962
1090 1026
1090 1154
1090 1218
1091 899
1091 907
1091 963
1091 1027
1091 1155
1091 1219
1091 1225
1092 605
1092 900
1092 964
1092 1004
1092 1028
1092 1156
1092 1220
1093 65
1093 129
1093 257
1093 269
1093 275
1093 321
1093 339
1093 385
1093 403
1093 453
1093 463
1093 517
1093 527
1093 581
1093 645
1093 655
1093 783
1093 837
1093 847
1093 901
1093 911
1093 965
1093 968
1093 973
1093 1029
1093 1037
1093 1157
1093 1165
1093 1221
1094 261
1094 262
1094 271
1094 325
1094 326
1094 335
1094 389
1094 390
1094 399
1094 454
1094 518
1094 582
1094 646
1094 710
1094 774
1094 838
1094 902
1094 966
1094 1030
1094 1039
1094 1101
1094 1103
1094 1158
1094 1167
1094 1222
1094 1231
1095 123
1095 903
1095 967
1095 1031
1095 1159
1095 1223
1096 9
1096 73
1096 137
1096 201
1096 264
1096 328
1096 392
1096 456
1096 520
1096 584
1096 648
1096 709
1096 773
1096 840
1096 904
1096 965
1096 968
1096 1032
1096 1160
1096 1224
1097 905
1097 969
1097 1033
1097 1161
1097 1169
1097 1225
1098 94
1098 906
1098 970
1098 1034
1098 1162
1098 1226
1099 723
1099 907
1099 971
1099 1035
1099 1163
1099 1227
1100 534
1100 908
1100 972
1100 1036
1100 1164
1100 1228
1101 5
1101 15
1101 19
1101 69
1101 79
1101 83
1101 133
1101 143
1101 197
1101 207
1101 257
1101 261
1101 271
1101 275
1101 325
1101 335
1101 339
1101 389
1101 399
1101 403
1101 453
1101 517
1101 527
1101 582
1101 645
1101 646
1101 710
1101 774
1101 847
1101 902
1101 909
1101 911
1101 966
1101 973
1101 975
1101 1030
1101 1037
1101 1039
1101 1094
1101 1103
1101 1157
1101 1158
1101 1165
1101 1167
1101 1222
1101 1229
1101 1231
1102 910
1102 974
1102 1038
1102 1166
1102 1230
1103 5
1103 15
1103 19
1103 69
1103 79
1103 133
1103 197
1103 261
1103 271
1103 325
1103 335
1103 339
1103 389
1103 390
1103 399
1103 453
1103 454
1103 517
1103 518
1103 527
1103 582
1103 646
1103 710
1103 774
1103 838
1103 902
1103 911
1103 966
1103 975
1103 1030
1103 1039
1103 1094
1103 1101
1103 1157
1103 1158
1103 1165
1103 1167
1103 1222
1103 1229
1103 1231
1104 49
1104 912
1104 976
1104 1002
1104 1040
1104 1168
1104 1232
1105 913
1105 977
1105 1041
1105 1169
1105 1233
1106 914
1106 978
1106 1042
1106 1170
1106 1234
1107 915
1107 979
1107 1043
1107 1171
1107 1235
1108 366
1108 741
1108 916
1108 980
1108 1044
1108 1059
1108 1067
1108 1172
1108 1236
1109 471
1109 573
1109 687
1109 917
1109 981
1109 1045
1109 1173
1109 1237
1110 220
1110 918
1110 982
1110 1046
1110 1174
1110 1238
1111 107
1111 299
1111 547
1111 919
1111 983
1111 1047
1111 1175
1111 1239
1112 52
1112 343
1112 548
1112 729
1112 920
1112 984
1112 1048
1112 1176
1112 1202
1112 1240
1113 921
1113 985
1113 1049
1113 1177
1113 1241
1114 860
1114 922
1114 986
1114 1050
1114 1178
1114 1242
1115 923
1115 987
1115 1051
1115 1179
1115 1243
1116 500
1116 887
1116 924
1116 988
1116 1052
1116 1180
1116 1244
1117 925
1117 989
1117 1053
1117 1162
1117 1181
1117 1245
1118 458
1118 926
1118 969
1118 990
1118 1054
1118 1166
1118 1182
1118 1246
1119 312
1119 443
1119 927
1119 937
1119 991
1119 1055
1119 1183
1119 1247
1120 928
1120 992
1120 1056
1120 1184
1120 1248
1120 1267
1121 281
1121 929
1121 993
1121 1057
1121 1185
1121 1247
1121 1249
1122 90
1122 930
1122 994
1122 1058
1122 1186
1122 1250
1123 42
1123 152
1123 692
1123 744
1123 931
1123 995
1123 1059
1123 1187
1123 1251
1124 356
1124 932
1124 996
1124 1060
1124 1188
1124 1252
1125 615
1125 743
1125 933
1125 997
1125 1047
1125 1061
1125 1189
1125 1253
1126 798
1126 934
1126 998
1126 1062
1126 1190
1126 1254
1126 1270
1127 935
1127 999
1127 1058
1127 1063
1127 1191
1127 1255
1128 936
1128 1000
1128 1064
1128 1192
1128 1256
1129 315
1129 937
1129 1001
1129 1065
1129 1193
1129 1257
1130 483
1130 919
1130 938
1130 1002
1130 1066
1130 1073
1130 1194
1130 1258
1131 110
1131 895
1131 939
1131 1003
1131 1067
1131 1084
1131 1195
1131 1259
1132 301
1132 940
1132 1004
1132 1068
1132 1196
1132 1260
1133 941
1133 1005
1133 1028
1133 1069
1133 1197
1133 1261
1134 1006
1134 1016
1134 1070
1134 1198
1134 1262
1135 682
1135 696
1135 943
1135 1007
1135 1071
1135 1199
1135 1263
1136 189
1136 298
1136 368
1136 376
1136 383
1136 474
1136 792
1136 916
1136 939
1136 944
1136 1008
1136 1072
1136 1200
1136 1264
1137 87
1137 619
1137 945
1137 957
1137 1009
1137 1073
1137 1201
1137 1265
1138 37
1138 362
1138 504
1138 871
1138 946
1138 1010
1138 1074
1138 1202
1138 1266
1139 877
1139 947
1139 1011
1139 1075
1139 1203
1139 1267
1140 487
1140 665
1140 735
1140 930
1140 948
1140 1012
1140 1074
1140 1076
1140 1204
1140 1268
1141 176
1141 949
1141 1013
1141 1077
1141 1205
1141 1269
1142 950
1142 1014
1142 1078
1142 1206
1142 1270
1143 26
1143 151
1143 280
1143 763
1143 951
1143 981
1143 1015
1143 1079
1143 1207
1143 1271
1144 753
1144 952
1144 1016
1144 1080
1144 1208
1144 1239
1144 1272
1145 24
1145 446
1145 953
1145 1017
1145 1081
1145 1209
1145 1273
1146 1018
1146 1082
1146 1210
1146 1274
1147 45
1147 159
1147 164
1147 896
1147 955
1147 1019
1147 1083
1147 1211
1147 1275
1148 815
1148 956
1148 1020
1148 1084
1148 1212
1148 1276
1149 511
1149 602
1149 622
1149 636
1149 957
1149 1021
1149 1085
1149 1213
1149 1277
1150 616
1150 958
1150 1022
1150 1072
1150 1086
1150 1214
1150 1278
1151 767
1151 959
1151 1023
1151 1087
1151 1215
1151 1279
1152 99
1152 557
1152 865
1152 960
1152 1024
1152 1060
1152 1088
1152 1216
1153 467
1153 961
1153 1025
1153 1089
1153 1217
1154 449
1154 962
1154 1026
1154 1090
1154 1218
1155 963
1155 1027
1155 1091
1155 1219
1156 964
1156 1028
1156 1092
1156 1220
1156 1228
1157 1
1157 13
1157 77
1157 83
1157 141
1157 143
1157 147
1157 207
1157 211
1157 275
1157 321
1157 325
1157 335
1157 339
1157 385
1157 389
1157 399
1157 403
1157 453
1157 463
1157 517
1157 527
1157 581
1157 645
1157 783
1157 847
1157 911
1157 965
1157 968
1157 975
1157 1029
1157 1039
1157 1093
1157 1101
1157 1103
1157 1165
1157 1221
1157 1229
1157 1231
1158 325
1158 326
1158 335
1158 389
1158 390
1158 399
1158 454
1158 518
1158 582
1158 646
1158 710
1158 774
1158 838
1158 902
1158 966
1158 1030
1158 1039
1158 1094
1158 1101
1158 1103
1158 1167
1158 1222
1158 1231
1159 18
1159 967
1159 1031
1159 1095
1159 1223
1160 9
1160 73
1160 137
1160 201
1160 264
1160 328
1160 392
1160 456
1160 520
1160 584
1160 648
1160 709
1160 773
1160 840
1160 904
1160 965
1160 968
1160 1032
1160 1096
1160 1224
1161 44
1161 608
1161 969
1161 1033
1161 1097
1161 1225
1162 970
1162 1034
1162 1098
1162 1117
1162 1226
1163 835
1163 971
1163 1035
1163 1099
1163 1227
1164 236
1164 972
1164 1036
1164 1100
1164 1228
1165 1
1165 13
1165 77
1165 83
1165 141
1165 143
1165 147
1165 207
1165 211
1165 257
1165 275
1165 321
1165 325
1165 335
1165 339
1165 385
1165 389
1165 399
1165 403
1165 453
1165 463
1165 517
1165 527
1165 581
1165 645
1165 783
1165 847
1165 911
1165 968
1165 973
1165 975
1165 1029
1165 1037
1165 1039
1165 1093
1165 1101
1165 1103
1165 1157
1165 1229
1165 1231
1166 458
1166 969
1166 974
1166 1038
1166 1102
1166 1118
1166 1230
1167 69
1167 325
1167 326
1167 335
1167 389
1167 390
1167 399
1167 453
1167 454
1167 517
1167 518
1167 582
1167 646
1167 710
1167 774
1167 838
1167 902
1167 966
1167 975
1167 1030
1167 1039
1167 1094
1167 1101
1167 1103
1167 1158
1167 1222
1167 1229
1167 1231
1168 276
1168 311
1168 661
1168 873
1168 976
1168 1040
1168 1063
1168 1104
1168 1191
1168 1232
1169 977
1169 1041
1169 1097
1169 1105
1169 1233
1170 196
1170 918
1170 978
1170 1042
1170 1106
1170 1234
1171 96
1171 979
1171 1043
1171 1107
1171 1235
1172 367
1172 695
1172 980
1172 1044
1172 1108
1172 1236
1173 809
1173 981
1173 1045
1173 1109
1173 1237
1174 982
1174 1046
1174 1110
1174 1238
1175 177
1175 505
1175 632
1175 983
1175 1047
1175 1111
1175 1239
1176 317
1176 532
1176 984
1176 1048
1176 1112
1176 1240
1177 16
1177 985
1177 1049
1177 1113
1177 1241
1178 986
1178 1050
1178 1114
1178 1208
1178 1242
1179 778
1179 844
1179 987
1179 1051
1179 1115
1179 1243
1180 988
1180 1052
1180 1116
1180 1244
1181 989
1181 1053
1181 1117
1181 1245
1182 990
1182 1054
1182 1118
1182 1246
1183 607
1183 991
1183 1055
1183 1119
1183 1247
1184 992
1184 1056
1184 1120
1184 1248
1185 993
1185 1057
1185 1121
1185 1249
1186 994
1186 1058
1186 1122
1186 1250
1187 995
1187 1059
1187 1123
1187 1241
1187 1251
1188 556
1188 996
1188 1060
1188 1124
1188 1252
1189 553
1189 997
1189 1061
1189 1125
1189 1253
1190 998
1190 1062
1190 1126
1190 1254
1191 276
1191 311
1191 661
1191 873
1191 999
1191 1063
1191 1127
1191 1168
1191 1255
1192 664
1192 875
1192 1000
1192 1064
1192 1128
1192 1194
1192 1256
1193 400
1193 801
1193 1001
1193 1065
1193 1129
1193 1257
1194 664
1194 875
1194 1002
1194 1066
1194 1130
1194 1192
1194 1258
1195 944
1195 1003
1195 1067
1195 1131
1195 1259
1196 1004
1196 1068
1196 1132
1196 1260
1197 1005
1197 1069
1197 1133
1197 1261
1198 433
1198 496
1198 572
1198 954
1198 1006
1198 1070
1198 1134
1198 1262
1198 1279
1199 1007
1199 1071
1199 1135
1199 1263
1200 436
1200 660
1200 884
1200 1008
1200 1072
1200 1136
1200 1262
1200 1264
1201 112
1201 125
1201 765
1201 1009
1201 1073
1201 1137
1201 1265
1202 52
1202 343
1202 548
1202 729
1202 1010
1202 1074
1202 1112
1202 1138
1202 1266
1203 307
1203 1011
1203 1075
1203 1139
1203 1267
1204 574
1204 1012
1204 1076
1204 1140
1204 1268
1205 1013
1205 1077
1205 1141
1205 1269
1206 1014
1206 1078
1206 1142
1206 1270
1207 114
1207 737
1207 921
1207 1001
1207 1015
1207 1079
1207 1143
1207 1271
1208 1016
1208 1080
1208 1144
1208 1178
1208 1272
1209 746
1209 942
1209 1017
1209 1081
1209 1145
1209 1273
1210 447
1210 558
1210 1018
1210 1082
1210 1146
1210 1258
1210 1274
1210 1276
1211 1019
1211 1083
1211 1147
1211 1275
1212 316
1212 535
1212 1020
1212 1084
1212 1148
1212 1276
1213 1021
1213 1085
1213 1149
1213 1277
1214 184
1214 313
1214 618
1214 852
1214 1022
1214 1081
1214 1086
1214 1150
1214 1278
1215 1087
1215 1151
1215 1279
1216 1024
1216 1088
1216 1152
1217 1025
1217 1089
1217 1153
1218 1026
1218 1090
1218 1154
1219 93
1219 1027
1219 1091
1219 1155
1220 308
1220 351
1220 812
1220 1028
1220 1075
1220 1092
1220 1156
1221 129
1221 321
1221 385
1221 397
1221 403
1221 463
1221 581
1221 645
1221 655
1221 783
1221 837
1221 847
1221 901
1221 911
1221 968
1221 973
1221 1029
1221 1037
1221 1093
1221 1157
1222 389
1222 390
1222 399
1222 454
1222 518
1222 582
1222 646
1222 710
1222 774
1222 838
1222 902
1222 966
1222 1030
1222 1039
1222 1094
1222 1101
1222 1103
1222 1158
1222 1167
1222 1231
1223 1031
1223 1095
1223 1159
1224 9
1224 73
1224 137
1224 201
1224 264
1224 328
1224 392
1224 456
1224 520
1224 584
1224 648
1224 709
1224 773
1224 840
1224 904
1224 965
1224 1032
1224 1096
1224 1160
1225 907
1225 1033
1225 1091
1225 1097
1225 1161
1226 898
1226 1034
1226 1098
1226 1162
1227 332
1227 1035
1227 1099
1227 1163
1228 1036
1228 1100
1228 1156
1228 1164
1229 1
1229 13
1229 19
1229 83
1229 133
1229 143
1229 197
1229 207
1229 211
1229 335
1229 339
1229 389
1229 399
1229 403
1229 453
1229 463
1229 517
1229 527
1229 581
1229 645
1229 783
1229 847
1229 911
1229 968
1229 975
1229 1029
1229 1037
1229 1039
1229 1101
1229 1103
1229 1157
1229 1165
1229 1167
1229 1231
1230 1038
1230 1102
1230 1166
1231 5
1231 15
1231 19
1231 69
1231 79
1231 133
1231 197
1231 261
1231 271
1231 325
1231 335
1231 389
1231 399
1231 453
1231 454
1231 517
1231 527
1231 582
1231 645
1231 646
1231 710
1231 774
1231 838
1231 902
1231 911
1231 966
1231 975
1231 1030
1231 1039
1231 1094
1231 1101
1231 1103
1231 1157
1231 1158
1231 1165
1231 1167
1231 1222
1231 1229
1232 181
1232 1040
1232 1104
1232 1168
1233 718
1233 1041
1233 1105
1233 1169
1234 493
1234 699
1234 949
1234 1024
1234 1042
1234 1106
1234 1170
1234 1268
1235 521
1235 1043
1235 1107
1235 1171
1236 282
1236 626
1236 1044
1236 1108
1236 1172
1237 576
1237 988
1237 1045
1237 1109
1237 1173
1238 422
1238 1046
1238 1110
1238 1174
1239 753
1239 1047
1239 1111
1239 1144
1239 1175
1240 165
1240 808
1240 912
1240 1048
1240 1112
1240 1176
1241 1049
1241 1113
1241 1177
1241 1187
1242 381
1242 419
1242 951
1242 1050
1242 1114
1242 1178
1243 1051
1243 1115
1243 1179
1244 620
1244 1014
1244 1052
1244 1116
1244 1180
1245 992
1245 1053
1245 1117
1245 1181
1246 1054
1246 1118
1246 1182
1247 281
1247 1055
1247 1119
1247 1121
1247 1183
1248 477
1248 678
1248 834
1248 1056
1248 1120
1248 1184
1249 40
1249 178
1249 223
1249 1019
1249 1057
1249 1121
1249 1185
1250 516
1250 668
1250 722
1250 790
1250 1052
1250 1058
1250 1122
1250 1186
1251 889
1251 1059
1251 1123
1251 1187
1252 182
1252 1060
1252 1124
1252 1188
1253 677
1253 1061
1253 1125
1253 1189
1254 219
1254 475
1254 1062
1254 1126
1254 1190
1255 540
1255 580
1255 891
1255 1063
1255 1065
1255 1127
1255 1191
1256 415
1256 1064
1256 1085
1256 1128
1256 1192
1257 745
1257 1065
1257 1129
1257 1193
1258 447
1258 558
1258 1066
1258 1130
1258 1194
1258 1210
1258 1276
1259 804
1259 1067
1259 1131
1259 1195
1260 293
1260 662
1260 1068
1260 1132
1260 1196
1261 260
1261 1042
1261 1069
1261 1133
1261 1197
1262 436
1262 660
1262 884
1262 1070
1262 1134
1262 1198
1262 1200
1263 1071
1263 1135
1263 1199
1264 302
1264 508
1264 596
1264 751
1264 1072
1264 1136
1264 1200
1265 730
1265 856
1265 1073
1265 1137
1265 1201
1266 212
1266 1074
1266 1138
1266 1202
1267 1075
1267 1120
1267 1139
1267 1203
1268 493
1268 699
1268 949
1268 1024
1268 1076
1268 1140
1268 1204
1268 1234
1269 1077
1269 1141
1269 1205
1270 798
1270 1078
1270 1126
1270 1142
1270 1206
1271 566
1271 869
1271 885
1271 1079
1271 1143
1271 1207
1272 305
1272 377
1272 794
1272 1080
1272 1144
1272 1208
1273 186
1273 752
1273 874
1273 1081
1273 1145
1273 1209
1274 106
1274 218
1274 554
1274 855
1274 1082
1274 1146
1274 1210
1275 1083
1275 1147
1275 1211
1276 447
1276 558
1276 1084
1276 1148
1276 1210
1276 1212
1276 1258
1277 1085
1277 1149
1277 1213
1278 764
1278 1022
1278 1086
1278 1150
1278 1214
1279 433
1279 496
1279 572
1279 954
1279 1087
1279 1151
1279 1198
1279 1215
