0 64
0 128
0 192
0 1020
1 65
1 129
1 193
1 913
2 66
2 130
2 194
3 67
3 131
3 195
4 68
4 132
4 196
5 69
5 133
5 136
5 197
5 200
5 261
5 328
5 392
5 456
5 520
5 581
5 648
5 712
5 776
5 840
5 904
5 968
5 1032
5 1096
5 1160
5 1225
6 70
6 134
6 198
6 262
6 271
6 326
6 335
6 390
6 397
6 399
6 454
6 463
6 518
6 527
6 582
6 591
6 646
6 655
6 710
6 719
6 774
6 781
6 783
6 838
6 845
6 847
6 902
6 911
6 966
6 975
6 1030
6 1039
6 1094
6 1103
6 1158
6 1167
6 1222
7 71
7 135
7 199
7 605
8 72
8 133
8 136
8 197
8 200
8 269
8 578
8 584
8 642
8 706
8 709
8 1218
9 73
9 137
9 201
10 74
10 138
10 202
10 352
10 907
10 1147
11 75
11 139
11 203
12 76
12 140
12 204
13 77
13 141
13 205
13 775
14 78
14 142
14 206
14 529
14 835
15 79
15 143
15 207
16 21
16 80
16 144
16 208
16 229
16 272
16 622
16 1065
17 81
17 145
17 209
17 731
17 929
17 1036
18 82
18 86
18 146
18 210
18 348
18 546
18 1189
19 83
19 147
19 211
19 395
20 56
20 84
20 148
20 212
20 683
20 1149
21 16
21 85
21 149
21 213
21 229
21 272
21 622
21 1065
22 86
22 150
22 214
22 246
22 732
22 1182
23 87
23 151
23 215
23 1137
24 88
24 152
24 216
24 682
24 1272
25 89
25 153
25 217
25 408
25 498
25 1187
26 90
26 152
26 154
26 218
26 561
26 1072
26 1175
27 91
27 155
27 219
28 92
28 156
28 220
28 1054
29 93
29 157
29 221
29 294
30 94
30 150
30 158
30 222
30 307
30 1238
30 1261
31 95
31 159
31 223
31 226
31 370
31 436
31 615
31 1140
32 96
32 160
32 224
33 97
33 161
33 217
33 225
33 297
33 503
33 693
33 817
33 1010
34 98
34 162
34 226
35 99
35 163
35 218
35 227
35 295
35 607
35 830
36 100
36 164
36 228
36 260
36 885
37 101
37 165
37 229
37 355
37 363
37 404
38 102
38 166
38 230
38 301
39 103
39 167
39 231
39 343
39 421
39 602
39 986
39 1145
40 104
40 168
40 232
40 419
40 628
40 878
40 1006
40 1214
40 1239
41 105
41 169
41 233
41 553
41 814
41 856
42 106
42 170
42 234
42 238
42 505
42 890
43 107
43 171
43 184
43 235
43 1215
44 108
44 172
44 236
44 1191
45 109
45 173
45 237
46 110
46 174
46 1276
47 111
47 175
47 239
47 560
47 698
47 766
47 829
48 112
48 170
48 176
48 240
48 569
48 752
48 954
48 1008
49 113
49 177
49 241
49 440
49 535
49 753
50 114
50 178
50 242
51 115
51 179
51 243
52 116
52 180
52 244
52 1201
53 117
53 181
53 245
53 1125
54 118
54 182
54 246
54 278
54 1269
55 119
55 183
55 247
56 20
56 120
56 184
56 248
56 683
56 1149
57 121
57 185
57 383
58 122
58 186
59 123
59 187
59 251
59 277
59 439
59 985
60 124
60 188
60 252
60 318
60 574
60 1130
61 125
61 189
61 253
61 497
61 663
61 1047
62 126
62 190
62 254
63 127
63 191
63 255
63 447
64 0
64 128
64 192
64 256
64 357
65 1
65 129
65 193
65 257
66 2
66 130
66 194
66 258
67 3
67 131
67 195
67 259
67 322
68 4
68 132
68 196
68 260
68 1193
69 5
69 133
69 136
69 197
69 200
69 261
69 328
69 392
69 456
69 520
69 581
69 648
69 712
69 776
69 840
69 904
69 968
69 1032
69 1096
69 1160
69 1225
70 6
70 134
70 198
70 262
70 326
70 335
70 390
70 397
70 399
70 454
70 463
70 518
70 527
70 582
70 591
70 646
70 655
70 710
70 719
70 774
70 783
70 838
70 847
70 902
70 911
70 966
70 1030
70 1039
70 1094
70 1158
70 1167
70 1222
71 7
71 135
71 199
71 263
71 654
71 1014
72 8
72 136
72 197
72 200
72 264
72 269
72 578
72 584
72 706
72 709
72 1218
73 9
73 137
73 201
73 265
74 10
74 138
74 140
74 202
74 266
74 475
74 1083
75 11
75 139
75 203
75 267
75 283
75 987
76 12
76 140
76 204
76 268
76 1004
76 1270
77 13
77 141
77 205
77 269
77 577
78 14
78 142
78 206
78 270
79 15
79 133
79 143
79 197
79 207
79 264
79 269
79 271
79 325
79 333
79 389
79 453
79 461
79 517
79 525
79 589
79 642
79 645
79 653
79 717
79 770
79 773
79 781
79 837
79 898
79 901
79 909
79 965
79 1029
79 1090
79 1093
79 1157
79 1165
80 16
80 116
80 144
80 208
80 241
80 272
80 1146
80 1236
81 17
81 145
81 209
81 273
82 18
82 146
82 210
82 274
83 19
83 147
83 211
83 275
84 20
84 148
84 212
84 276
84 344
84 689
84 1207
85 21
85 149
85 213
85 277
85 617
86 18
86 22
86 150
86 214
86 278
86 348
86 546
86 1189
87 23
87 151
87 215
87 279
88 24
88 152
88 212
88 216
88 235
88 280
88 432
88 875
88 1085
88 1087
89 25
89 153
89 217
89 281
89 287
89 664
89 764
89 881
89 920
89 1071
90 26
90 154
90 218
90 282
90 568
90 619
90 889
91 27
91 155
91 219
91 224
91 283
91 583
92 28
92 156
92 220
92 222
92 284
92 1252
93 29
93 157
93 221
93 285
94 30
94 158
94 222
94 286
94 422
94 566
94 1170
95 31
95 159
95 188
95 223
95 287
95 314
96 32
96 160
96 224
96 288
96 1041
97 33
97 161
97 225
97 289
97 489
97 789
97 804
97 1123
98 34
98 162
98 226
98 290
98 303
98 816
98 893
98 936
99 35
99 163
99 227
99 291
100 36
100 164
100 228
100 292
100 555
100 1081
101 37
101 165
101 229
101 291
101 293
101 957
101 1271
102 38
102 166
102 230
102 294
103 39
103 163
103 167
103 227
103 231
103 232
103 292
103 295
103 306
104 40
104 168
104 208
104 232
104 296
104 536
104 599
105 41
105 169
105 233
105 297
105 469
105 692
105 1198
105 1240
106 42
106 170
106 234
106 298
106 728
106 788
106 1199
107 43
107 171
107 235
108 44
108 172
108 236
108 300
108 371
108 516
109 45
109 173
109 237
109 301
110 46
110 174
110 190
110 238
110 299
111 47
111 175
111 239
111 252
111 303
111 444
112 48
112 176
112 240
113 49
113 177
113 241
113 255
113 305
114 50
114 178
114 225
114 242
114 306
114 805
114 868
115 51
115 179
115 243
115 307
115 908
116 52
116 80
116 180
116 241
116 244
116 308
116 1146
116 1236
117 53
117 181
117 245
117 309
117 675
118 54
118 168
118 182
118 246
118 310
118 1176
119 55
119 183
119 247
119 311
119 981
120 56
120 184
120 248
120 312
120 378
120 867
120 1209
121 57
121 185
121 249
121 305
121 313
121 815
122 58
122 186
122 250
122 314
122 760
123 59
123 187
123 251
123 315
123 759
124 60
124 127
124 188
124 252
124 1278
125 61
125 189
125 253
125 767
126 62
126 190
126 249
126 254
126 318
126 634
127 63
127 124
127 191
127 255
127 1278
128 0
128 64
128 192
128 256
128 309
128 320
128 374
128 932
129 1
129 65
129 193
129 257
129 321
129 1230
130 2
130 66
130 194
130 258
130 322
130 544
131 3
131 67
131 195
131 259
131 323
131 459
132 4
132 68
132 196
132 256
132 260
132 324
132 598
133 5
133 8
133 69
133 79
133 143
133 197
133 261
133 264
133 269
133 325
133 333
133 389
133 517
133 578
133 584
133 589
133 642
133 645
133 653
133 706
133 709
133 717
133 898
133 901
133 965
133 1154
133 1221
134 6
134 70
134 198
134 262
134 326
134 335
134 390
134 399
134 454
134 463
134 518
134 527
134 582
134 591
134 646
134 655
134 710
134 719
134 774
134 783
134 838
134 847
134 902
134 911
134 966
134 975
134 1030
134 1094
134 1158
134 1222
135 7
135 71
135 199
135 263
135 327
135 903
135 1181
136 5
136 8
136 69
136 72
136 200
136 261
136 264
136 328
136 392
136 456
136 520
136 581
136 648
136 712
136 776
136 840
136 904
136 968
136 1032
136 1096
136 1160
136 1225
137 9
137 73
137 201
137 265
137 329
137 967
138 10
138 74
138 202
138 266
138 330
138 851
138 1034
138 1226
139 11
139 75
139 203
139 267
139 331
140 12
140 74
140 76
140 204
140 268
140 332
140 475
140 1083
141 13
141 77
141 205
141 269
141 333
142 14
142 78
142 206
142 270
142 334
143 15
143 79
143 133
143 197
143 207
143 264
143 271
143 325
143 333
143 335
143 389
143 397
143 453
143 461
143 517
143 525
143 589
143 591
143 642
143 645
143 653
143 655
143 717
143 770
143 773
143 781
143 837
143 845
143 898
143 901
143 909
143 965
143 973
143 1029
143 1093
143 1101
143 1157
143 1165
143 1229
144 16
144 80
144 208
144 272
144 336
144 631
144 855
144 976
144 1048
144 1080
145 17
145 81
145 209
145 273
145 337
146 18
146 82
146 210
146 274
146 338
146 772
147 19
147 83
147 211
147 275
147 339
148 20
148 84
148 212
148 276
148 340
148 377
148 510
148 624
149 21
149 85
149 213
149 277
149 341
149 995
150 22
150 30
150 86
150 214
150 278
150 307
150 342
150 1238
150 1261
151 23
151 87
151 215
151 279
151 343
151 570
152 24
152 26
152 88
152 216
152 280
152 344
152 561
152 1072
152 1175
153 25
153 89
153 217
153 281
153 345
153 1012
154 26
154 90
154 218
154 282
154 346
154 1135
155 27
155 91
155 219
155 283
155 347
155 886
156 28
156 92
156 220
156 284
156 348
156 410
157 29
157 93
157 221
157 285
157 349
157 718
158 30
158 94
158 222
158 286
158 350
159 31
159 95
159 223
159 287
159 351
159 810
160 32
160 96
160 224
160 288
160 352
161 33
161 97
161 225
161 289
161 353
161 356
161 448
161 807
161 946
162 34
162 98
162 226
162 290
162 354
162 1104
163 35
163 99
163 103
163 227
163 232
163 291
163 292
163 306
163 355
164 36
164 100
164 228
164 292
164 356
165 37
165 101
165 181
165 229
165 293
165 357
165 567
165 679
165 858
166 38
166 102
166 230
166 294
166 358
166 635
167 39
167 103
167 231
167 295
167 359
167 434
168 40
168 104
168 118
168 232
168 296
168 360
168 1176
169 41
169 105
169 233
169 297
169 359
169 361
169 464
169 487
170 42
170 48
170 106
170 234
170 298
170 362
170 569
170 752
170 954
170 1008
171 43
171 107
171 235
171 299
171 363
171 488
171 490
171 1134
172 44
172 108
172 236
172 300
172 364
172 1185
173 45
173 109
173 237
173 301
173 365
173 435
173 699
174 46
174 110
174 238
174 302
174 366
174 888
174 1150
175 47
175 111
175 239
175 303
175 367
175 696
175 1258
176 48
176 112
176 240
176 304
176 368
177 49
177 113
177 241
177 305
177 369
178 50
178 114
178 242
178 306
178 370
178 879
178 1183
179 51
179 115
179 243
179 307
179 371
180 52
180 116
180 244
180 308
180 372
180 496
180 558
181 53
181 117
181 165
181 245
181 309
181 373
181 567
181 679
181 858
182 54
182 118
182 246
182 310
182 345
182 374
182 1015
182 1058
182 1113
182 1253
183 55
183 119
183 247
183 311
183 375
183 412
183 943
184 43
184 56
184 120
184 248
184 312
184 376
184 1215
185 57
185 121
185 249
185 313
185 377
185 547
185 636
185 1279
186 58
186 122
186 250
186 282
186 314
186 362
186 378
186 739
187 59
187 123
187 251
187 315
187 361
187 379
187 551
187 1079
187 1268
188 60
188 95
188 124
188 252
188 314
188 316
188 380
189 61
189 125
189 253
189 317
189 367
189 381
189 1016
189 1210
190 62
190 110
190 126
190 254
190 299
190 318
190 382
191 63
191 127
191 255
191 319
191 380
191 383
191 427
191 1022
192 0
192 64
192 128
192 256
192 320
192 384
192 443
193 1
193 65
193 129
193 257
193 321
193 385
193 641
194 2
194 66
194 130
194 258
194 322
194 386
194 522
194 906
195 3
195 67
195 131
195 259
195 323
195 387
196 4
196 68
196 132
196 260
196 324
196 388
196 708
196 740
196 1116
197 5
197 8
197 69
197 72
197 79
197 133
197 143
197 261
197 264
197 269
197 325
197 333
197 389
197 517
197 578
197 584
197 642
197 645
197 653
197 706
197 709
197 717
197 901
197 965
197 1154
197 1221
198 6
198 70
198 134
198 262
198 326
198 335
198 390
198 397
198 399
198 454
198 463
198 518
198 527
198 582
198 591
198 646
198 655
198 710
198 719
198 774
198 783
198 838
198 845
198 847
198 902
198 911
198 966
198 975
198 1030
198 1039
198 1094
198 1158
198 1167
198 1222
199 7
199 71
199 135
199 263
199 327
199 391
199 667
199 963
199 1118
200 5
200 8
200 69
200 72
200 136
200 261
200 264
200 328
200 392
200 456
200 520
200 581
200 648
200 712
200 776
200 840
200 904
200 968
200 1032
200 1096
200 1160
200 1225
201 9
201 73
201 137
201 265
201 329
201 393
202 10
202 74
202 138
202 266
202 330
202 332
202 394
203 11
203 75
203 139
203 267
203 331
203 387
203 395
203 521
204 12
204 76
204 140
204 268
204 332
204 396
204 1024
204 1234
205 13
205 77
205 141
205 269
205 333
205 397
206 14
206 78
206 142
206 270
206 334
206 398
206 827
207 15
207 79
207 143
207 264
207 271
207 325
207 333
207 335
207 389
207 397
207 399
207 453
207 461
207 517
207 525
207 527
207 589
207 591
207 645
207 653
207 655
207 717
207 719
207 770
207 773
207 781
207 837
207 845
207 898
207 901
207 909
207 965
207 973
207 1029
207 1037
207 1093
207 1101
207 1157
207 1229
208 16
208 80
208 104
208 144
208 272
208 336
208 400
208 536
208 599
209 17
209 81
209 145
209 273
209 337
209 401
209 651
210 18
210 82
210 146
210 274
210 338
210 402
211 19
211 83
211 147
211 275
211 331
211 339
211 403
212 20
212 84
212 88
212 148
212 235
212 276
212 340
212 404
212 432
212 875
212 1085
212 1087
213 21
213 85
213 149
213 277
213 341
213 405
213 617
214 22
214 86
214 150
214 278
214 342
214 406
214 466
215 23
215 87
215 151
215 279
215 343
215 369
215 407
215 426
215 916
215 1136
216 24
216 88
216 152
216 280
216 344
216 360
216 408
216 701
216 1017
217 25
217 33
217 89
217 153
217 281
217 297
217 345
217 409
217 503
217 693
217 817
217 1010
218 26
218 35
218 90
218 154
218 282
218 295
218 346
218 410
218 607
218 830
219 27
219 91
219 155
219 283
219 347
219 411
219 998
220 28
220 92
220 156
220 284
220 348
220 412
220 1066
220 1232
220 1257
221 29
221 93
221 157
221 285
221 349
221 413
222 30
222 92
222 94
222 158
222 286
222 350
222 414
222 1252
223 31
223 95
223 159
223 287
223 351
223 415
223 852
223 1143
224 32
224 91
224 96
224 160
224 288
224 352
224 416
224 583
225 33
225 97
225 114
225 161
225 289
225 353
225 417
225 805
225 868
226 31
226 34
226 98
226 162
226 290
226 354
226 370
226 418
226 436
226 615
226 1140
227 35
227 99
227 103
227 163
227 232
227 291
227 292
227 306
227 355
227 419
228 36
228 100
228 164
228 236
228 286
228 292
228 356
228 420
229 16
229 21
229 37
229 101
229 165
229 272
229 293
229 357
229 421
229 622
229 1065
230 38
230 102
230 166
230 294
230 358
230 422
231 39
231 103
231 167
231 295
231 354
231 359
231 423
231 945
231 948
231 1040
232 40
232 103
232 104
232 163
232 168
232 227
232 292
232 296
232 306
232 360
232 424
233 41
233 105
233 169
233 297
233 361
233 415
233 425
233 729
233 853
234 42
234 106
234 170
234 254
234 298
234 362
234 376
234 382
234 426
234 639
235 43
235 88
235 107
235 171
235 212
235 299
235 363
235 427
235 432
235 875
235 1085
235 1087
236 44
236 108
236 172
236 228
236 286
236 300
236 364
236 428
237 45
237 109
237 173
237 301
237 365
237 429
238 42
238 110
238 174
238 302
238 366
238 505
238 890
239 47
239 111
239 175
239 248
239 303
239 367
239 431
240 48
240 112
240 176
240 304
240 368
240 432
240 491
240 688
241 49
241 80
241 113
241 116
241 177
241 305
241 369
241 433
241 1146
241 1236
242 50
242 114
242 178
242 306
242 370
242 434
242 1076
243 51
243 115
243 179
243 307
243 371
243 435
243 876
244 52
244 116
244 180
244 308
244 372
244 436
244 880
245 53
245 117
245 181
245 309
245 320
245 373
245 437
245 530
245 564
245 793
246 22
246 54
246 118
246 182
246 310
246 374
246 438
246 732
246 1182
247 55
247 119
247 183
247 311
247 375
247 439
247 538
247 919
247 1111
248 56
248 120
248 184
248 239
248 312
248 376
248 440
249 121
249 126
249 185
249 313
249 377
249 441
249 634
250 122
250 186
250 314
250 378
250 494
250 575
250 874
251 59
251 123
251 187
251 315
251 351
251 379
251 443
251 735
252 60
252 111
252 124
252 188
252 316
252 380
252 444
253 61
253 125
253 189
253 317
253 381
253 433
253 445
253 1131
254 62
254 126
254 190
254 234
254 318
254 376
254 382
254 446
254 639
255 63
255 113
255 127
255 191
255 319
255 383
255 447
256 64
256 128
256 132
256 192
256 320
256 384
256 448
256 598
257 65
257 129
257 193
257 321
257 385
257 449
258 66
258 130
258 194
258 322
258 386
258 450
259 67
259 131
259 195
259 323
259 387
259 451
260 36
260 68
260 132
260 196
260 324
260 388
260 452
260 885
261 5
261 69
261 133
261 136
261 197
261 200
261 325
261 328
261 389
261 392
261 453
261 456
261 520
261 581
261 648
261 712
261 776
261 840
261 904
261 968
261 1032
261 1096
261 1160
261 1225
262 6
262 70
262 134
262 198
262 326
262 335
262 390
262 397
262 399
262 454
262 463
262 518
262 527
262 582
262 591
262 646
262 655
262 710
262 719
262 774
262 783
262 838
262 847
262 902
262 911
262 966
262 975
262 1030
262 1039
262 1094
262 1103
262 1158
262 1167
262 1222
263 71
263 135
263 199
263 327
263 391
263 455
264 72
264 79
264 133
264 136
264 143
264 197
264 200
264 207
264 269
264 271
264 325
264 328
264 333
264 389
264 392
264 453
264 456
264 461
264 517
264 525
264 589
264 642
264 645
264 653
264 717
264 770
264 773
264 837
264 898
264 901
264 965
264 973
264 1029
264 1037
264 1090
264 1093
264 1101
264 1157
264 1165
265 73
265 137
265 201
265 329
265 393
265 414
265 457
265 462
265 707
265 734
266 74
266 138
266 202
266 330
266 394
266 458
266 691
267 75
267 139
267 203
267 331
267 395
267 459
267 586
267 593
268 76
268 140
268 204
268 332
268 396
268 460
269 8
269 72
269 77
269 79
269 133
269 141
269 197
269 205
269 264
269 325
269 333
269 389
269 397
269 461
269 517
269 578
269 584
269 642
269 645
269 653
269 706
269 709
269 717
269 901
269 965
269 1090
269 1154
269 1221
270 78
270 142
270 206
270 334
270 398
270 462
271 6
271 79
271 143
271 207
271 264
271 325
271 335
271 397
271 399
271 453
271 461
271 463
271 525
271 527
271 589
271 591
271 645
271 653
271 655
271 717
271 719
271 770
271 773
271 781
271 783
271 837
271 845
271 847
271 898
271 909
271 911
271 973
271 975
271 1029
271 1037
271 1039
271 1093
271 1101
271 1103
271 1229
272 16
272 21
272 80
272 144
272 208
272 229
272 336
272 400
272 464
272 622
272 1065
273 81
273 145
273 209
273 337
273 401
273 465
273 672
274 82
274 146
274 210
274 338
274 402
274 466
275 83
275 147
275 211
275 339
275 403
275 467
276 84
276 148
276 212
276 340
276 404
276 468
276 727
276 895
276 1144
277 59
277 85
277 149
277 213
277 341
277 405
277 439
277 469
277 985
278 54
278 86
278 150
278 214
278 342
278 406
278 470
278 1269
279 87
279 151
279 215
279 343
279 373
279 407
279 471
280 88
280 152
280 216
280 344
280 408
280 472
280 596
280 687
281 89
281 153
281 217
281 345
281 409
281 473
281 680
281 1002
282 90
282 154
282 186
282 218
282 346
282 362
282 410
282 474
282 739
283 75
283 91
283 155
283 219
283 347
283 411
283 475
283 987
284 92
284 156
284 220
284 348
284 412
284 476
284 533
284 756
285 93
285 157
285 221
285 349
285 413
285 477
285 1121
286 94
286 158
286 222
286 228
286 236
286 350
286 414
286 478
287 89
287 95
287 159
287 223
287 351
287 415
287 479
287 664
287 764
287 881
287 920
287 1071
288 96
288 160
288 224
288 352
288 416
288 480
288 541
288 678
289 97
289 161
289 225
289 353
289 417
289 481
290 98
290 162
290 226
290 354
290 418
290 482
290 836
290 1078
291 99
291 101
291 163
291 227
291 355
291 419
291 483
291 957
291 1271
292 100
292 103
292 163
292 164
292 227
292 228
292 232
292 306
292 356
292 420
292 484
293 101
293 165
293 229
293 357
293 421
293 485
293 681
293 1202
294 29
294 102
294 166
294 230
294 358
294 422
294 486
295 35
295 103
295 167
295 218
295 231
295 359
295 423
295 487
295 607
295 830
296 104
296 168
296 232
296 311
296 360
296 424
296 488
296 863
297 33
297 105
297 169
297 217
297 233
297 361
297 425
297 489
297 503
297 693
297 817
297 1010
298 106
298 170
298 234
298 362
298 400
298 426
298 490
299 110
299 171
299 190
299 235
299 363
299 427
299 491
300 108
300 172
300 236
300 364
300 388
300 428
300 492
300 949
301 38
301 109
301 173
301 237
301 365
301 429
301 493
302 174
302 238
302 366
302 430
302 494
303 98
303 111
303 175
303 239
303 367
303 431
303 495
303 816
303 893
303 936
304 176
304 240
304 368
304 432
304 496
304 1259
305 113
305 121
305 177
305 241
305 369
305 433
305 497
305 815
306 103
306 114
306 163
306 178
306 227
306 232
306 242
306 292
306 370
306 434
306 498
307 30
307 115
307 150
307 179
307 243
307 371
307 435
307 499
307 1238
307 1261
308 116
308 180
308 244
308 372
308 436
308 500
308 592
309 117
309 128
309 181
309 245
309 373
309 374
309 437
309 501
309 932
310 118
310 182
310 246
310 374
310 438
310 502
310 540
311 119
311 183
311 247
311 296
311 375
311 439
311 503
311 863
312 120
312 184
312 248
312 376
312 430
312 440
312 504
312 703
312 939
313 121
313 185
313 249
313 366
313 377
313 441
313 505
313 747
314 95
314 122
314 186
314 188
314 250
314 378
314 442
314 506
315 123
315 187
315 251
315 379
315 443
315 507
315 545
316 188
316 252
316 380
316 444
316 508
316 959
317 189
317 253
317 381
317 445
317 509
318 60
318 126
318 190
318 254
318 382
318 446
318 510
318 574
318 1130
319 191
319 255
319 383
319 447
320 128
320 192
320 245
320 256
320 384
320 448
320 512
320 530
320 564
320 793
321 129
321 193
321 257
321 385
321 449
321 513
322 67
322 130
322 194
322 258
322 386
322 450
322 514
323 131
323 195
323 259
323 387
323 451
323 515
323 1161
324 132
324 196
324 260
324 388
324 429
324 452
324 516
325 79
325 133
325 143
325 197
325 207
325 261
325 264
325 269
325 271
325 333
325 389
325 453
325 461
325 517
325 525
325 589
325 642
325 645
325 653
325 717
325 770
325 773
325 837
325 898
325 901
325 909
325 965
325 973
325 1029
325 1037
325 1090
325 1093
325 1101
325 1154
325 1157
325 1165
326 6
326 70
326 134
326 198
326 262
326 335
326 390
326 397
326 399
326 454
326 463
326 518
326 527
326 582
326 591
326 646
326 655
326 710
326 719
326 774
326 781
326 783
326 838
326 845
326 847
326 902
326 909
326 911
326 966
326 975
326 1030
326 1039
326 1094
326 1103
326 1158
326 1167
326 1222
327 135
327 199
327 263
327 391
327 455
327 519
328 5
328 69
328 136
328 200
328 261
328 264
328 392
328 456
328 520
328 581
328 648
328 712
328 776
328 840
328 904
328 968
328 1032
328 1096
328 1160
328 1225
329 137
329 201
329 265
329 393
329 457
329 521
329 795
329 969
329 1099
330 138
330 202
330 266
330 394
330 458
330 522
331 139
331 203
331 211
331 267
331 395
331 459
331 523
332 140
332 202
332 204
332 268
332 396
332 460
332 524
333 79
333 133
333 141
333 143
333 197
333 205
333 207
333 264
333 269
333 325
333 389
333 397
333 461
333 517
333 525
333 578
333 584
333 589
333 642
333 645
333 653
333 706
333 717
333 770
333 773
333 837
333 898
333 901
333 965
333 1029
333 1090
333 1093
333 1154
333 1157
333 1165
333 1221
334 142
334 206
334 270
334 398
334 462
334 526
334 839
335 6
335 70
335 134
335 143
335 198
335 207
335 262
335 271
335 326
335 390
335 397
335 399
335 453
335 454
335 461
335 463
335 518
335 525
335 527
335 582
335 589
335 591
335 646
335 655
335 710
335 719
335 770
335 773
335 774
335 781
335 783
335 837
335 838
335 845
335 847
335 898
335 902
335 909
335 911
335 966
335 973
335 975
335 1029
335 1030
335 1037
335 1039
335 1093
335 1094
335 1101
335 1103
335 1158
335 1167
335 1231
336 144
336 208
336 272
336 400
336 464
336 528
336 741
337 145
337 209
337 273
337 401
337 465
337 529
338 146
338 210
338 274
338 402
338 466
338 530
338 557
339 147
339 211
339 275
339 403
339 467
339 531
340 148
340 212
340 276
340 404
340 468
340 532
341 149
341 213
341 277
341 405
341 469
341 533
341 927
342 150
342 214
342 278
342 406
342 470
342 534
342 994
343 39
343 151
343 215
343 279
343 407
343 421
343 471
343 535
343 602
343 986
343 1145
344 84
344 152
344 216
344 280
344 408
344 472
344 536
344 689
344 1207
345 153
345 182
345 217
345 281
345 409
345 473
345 537
345 1015
345 1058
345 1113
345 1253
346 154
346 218
346 282
346 410
346 474
346 538
346 700
346 1112
347 155
347 219
347 283
347 411
347 475
347 539
347 970
348 18
348 86
348 156
348 220
348 284
348 412
348 476
348 540
348 546
348 1189
349 157
349 221
349 285
349 413
349 477
349 541
349 768
349 854
350 158
350 222
350 286
350 414
350 478
350 542
351 159
351 223
351 251
351 287
351 415
351 479
351 543
351 735
352 10
352 160
352 224
352 288
352 416
352 480
352 544
352 907
352 1147
353 161
353 225
353 289
353 417
353 481
353 545
353 738
354 162
354 226
354 231
354 290
354 418
354 423
354 482
354 546
354 945
354 948
354 1040
355 37
355 163
355 227
355 291
355 363
355 404
355 419
355 483
355 547
356 161
356 164
356 228
356 292
356 420
356 448
356 484
356 548
356 807
356 946
357 64
357 165
357 229
357 293
357 421
357 485
357 549
358 166
358 230
358 294
358 422
358 486
358 550
359 167
359 169
359 231
359 295
359 423
359 464
359 487
359 551
360 168
360 216
360 232
360 296
360 424
360 488
360 552
360 701
360 1017
361 169
361 187
361 233
361 297
361 425
361 489
361 551
361 553
361 1079
361 1268
362 170
362 186
362 234
362 282
362 298
362 426
362 490
362 554
362 739
363 37
363 171
363 235
363 299
363 355
363 404
363 427
363 491
363 555
364 172
364 236
364 300
364 428
364 492
364 556
365 173
365 237
365 301
365 429
365 493
365 557
366 174
366 238
366 302
366 313
366 430
366 494
366 558
366 747
367 175
367 189
367 239
367 303
367 431
367 495
367 559
367 1016
367 1210
368 176
368 240
368 304
368 432
368 446
368 496
368 560
369 177
369 215
369 241
369 305
369 426
369 433
369 497
369 561
369 916
369 1136
370 31
370 178
370 226
370 242
370 306
370 434
370 436
370 498
370 562
370 615
370 1140
371 108
371 179
371 243
371 307
371 435
371 499
371 516
371 563
372 180
372 244
372 308
372 436
372 500
372 564
372 1044
372 1077
373 181
373 245
373 279
373 309
373 437
373 501
373 565
374 128
374 182
374 246
374 309
374 310
374 438
374 502
374 566
374 932
375 183
375 247
375 311
375 439
375 503
375 567
376 184
376 234
376 248
376 254
376 312
376 382
376 440
376 504
376 568
376 639
377 148
377 185
377 249
377 313
377 441
377 505
377 510
377 569
377 624
378 120
378 186
378 250
378 314
378 442
378 506
378 570
378 867
378 1209
379 187
379 251
379 315
379 443
379 507
379 571
380 188
380 191
380 252
380 316
380 427
380 444
380 508
380 572
380 1022
381 189
381 253
381 317
381 445
381 509
381 552
381 573
381 811
381 828
382 190
382 234
382 254
382 318
382 376
382 446
382 510
382 574
382 639
383 57
383 191
383 255
383 319
383 447
383 511
383 575
384 192
384 256
384 320
384 448
384 512
384 576
385 193
385 257
385 321
385 449
385 513
385 577
386 194
386 258
386 322
386 450
386 514
386 578
387 195
387 203
387 259
387 323
387 451
387 515
387 521
387 579
388 196
388 260
388 300
388 324
388 452
388 516
388 580
388 949
389 79
389 133
389 143
389 197
389 207
389 261
389 264
389 269
389 325
389 333
389 453
389 461
389 517
389 581
389 589
389 642
389 645
389 653
389 706
389 717
389 770
389 773
389 837
389 898
389 901
389 965
389 973
389 1029
389 1090
389 1093
389 1101
389 1154
389 1157
389 1165
389 1221
389 1229
390 6
390 70
390 134
390 198
390 262
390 326
390 335
390 397
390 399
390 454
390 463
390 518
390 527
390 582
390 591
390 646
390 655
390 710
390 719
390 774
390 783
390 838
390 847
390 902
390 911
390 966
390 975
390 1030
390 1039
390 1094
390 1103
390 1158
390 1167
390 1222
390 1231
391 199
391 263
391 327
391 455
391 519
391 583
392 5
392 69
392 136
392 200
392 261
392 264
392 328
392 456
392 520
392 581
392 584
392 648
392 712
392 776
392 840
392 904
392 968
392 1032
392 1096
392 1160
392 1225
393 201
393 265
393 329
393 457
393 465
393 521
393 585
394 202
394 266
394 330
394 458
394 522
394 586
395 19
395 203
395 267
395 331
395 459
395 523
395 587
396 204
396 268
396 332
396 460
396 524
396 588
397 6
397 70
397 143
397 198
397 205
397 207
397 262
397 269
397 271
397 326
397 333
397 335
397 390
397 399
397 453
397 454
397 461
397 463
397 518
397 525
397 527
397 582
397 589
397 591
397 645
397 646
397 655
397 710
397 719
397 770
397 773
397 781
397 783
397 837
397 845
397 847
397 898
397 902
397 909
397 911
397 973
397 975
397 1029
397 1030
397 1037
397 1039
397 1093
397 1094
397 1101
397 1103
397 1157
397 1158
397 1167
397 1222
397 1229
397 1231
398 206
398 270
398 334
398 462
398 526
398 590
399 6
399 70
399 134
399 198
399 207
399 262
399 271
399 326
399 335
399 390
399 397
399 453
399 454
399 461
399 463
399 518
399 525
399 527
399 582
399 591
399 646
399 655
399 710
399 719
399 770
399 773
399 774
399 781
399 783
399 838
399 845
399 847
399 902
399 909
399 911
399 966
399 973
399 975
399 1030
399 1037
399 1039
399 1094
399 1101
399 1103
399 1158
399 1167
399 1222
399 1229
399 1231
400 208
400 272
400 298
400 336
400 464
400 528
400 592
401 209
401 273
401 337
401 465
401 529
401 593
401 849
402 210
402 274
402 338
402 466
402 530
402 594
402 1205
403 211
403 275
403 339
403 467
403 531
403 595
404 37
404 212
404 276
404 340
404 355
404 363
404 468
404 532
404 596
405 213
405 277
405 341
405 469
405 533
405 597
405 765
405 952
406 214
406 278
406 342
406 470
406 534
406 598
406 1019
407 215
407 279
407 343
407 471
407 535
407 599
407 826
407 1208
408 25
408 216
408 280
408 344
408 472
408 498
408 536
408 600
408 1187
409 217
409 281
409 345
409 473
409 537
409 601
409 818
410 156
410 218
410 282
410 346
410 474
410 538
410 602
411 219
411 283
411 347
411 475
411 539
411 603
412 183
412 220
412 284
412 348
412 476
412 540
412 604
412 943
413 221
413 285
413 349
413 458
413 477
413 541
413 605
413 859
413 971
413 1163
414 222
414 265
414 286
414 350
414 462
414 478
414 542
414 606
414 707
414 734
415 223
415 233
415 287
415 351
415 479
415 543
415 607
415 729
415 853
416 224
416 288
416 352
416 480
416 544
416 563
416 608
416 891
417 225
417 289
417 353
417 481
417 543
417 545
417 609
417 670
417 960
417 1045
418 226
418 290
418 354
418 482
418 546
418 610
418 887
419 40
419 227
419 291
419 355
419 483
419 547
419 611
419 628
419 878
419 1006
419 1214
419 1239
420 228
420 292
420 356
420 484
420 548
420 612
420 978
421 39
421 229
421 293
421 343
421 357
421 485
421 549
421 602
421 613
421 986
421 1145
422 94
422 230
422 294
422 358
422 486
422 550
422 566
422 614
422 1170
423 231
423 295
423 354
423 359
423 487
423 551
423 615
423 945
423 948
423 1040
424 232
424 296
424 360
424 488
424 552
424 616
425 233
425 297
425 361
425 489
425 553
425 617
425 1028
426 215
426 234
426 298
426 362
426 369
426 490
426 554
426 618
426 916
426 1136
427 191
427 235
427 299
427 363
427 380
427 491
427 555
427 619
427 1022
428 236
428 300
428 364
428 492
428 556
428 620
429 237
429 301
429 324
429 365
429 493
429 557
429 621
430 302
430 312
430 366
430 494
430 558
430 622
430 703
430 939
431 239
431 303
431 367
431 495
431 559
431 600
431 623
432 88
432 212
432 235
432 240
432 304
432 368
432 496
432 560
432 624
432 875
432 1085
432 1087
433 241
433 253
433 305
433 369
433 497
433 561
433 625
433 1131
434 167
434 242
434 306
434 370
434 498
434 562
434 626
435 173
435 243
435 307
435 371
435 499
435 563
435 627
435 699
436 31
436 226
436 244
436 308
436 370
436 372
436 500
436 564
436 615
436 628
436 1140
437 245
437 309
437 373
437 501
437 565
437 629
437 656
438 246
438 310
438 374
438 502
438 566
438 630
438 930
438 937
439 59
439 247
439 277
439 311
439 375
439 503
439 567
439 631
439 985
440 49
440 248
440 312
440 376
440 504
440 535
440 568
440 632
440 753
441 249
441 313
441 377
441 505
441 569
441 633
442 314
442 378
442 506
442 570
443 192
443 251
443 315
443 379
443 507
443 571
443 635
444 111
444 252
444 316
444 380
444 508
444 572
444 636
445 253
445 317
445 381
445 509
445 573
445 637
445 953
446 254
446 318
446 368
446 382
446 510
446 574
446 638
447 63
447 255
447 319
447 383
447 511
447 575
447 639
448 161
448 256
448 320
448 356
448 384
448 512
448 576
448 640
448 807
448 946
449 257
449 321
449 385
449 513
449 577
449 641
450 258
450 322
450 386
450 514
450 578
450 642
451 259
451 323
451 387
451 515
451 579
451 643
452 260
452 324
452 388
452 516
452 524
452 580
452 644
452 786
452 1188
453 79
453 143
453 207
453 261
453 264
453 271
453 325
453 335
453 389
453 397
453 399
453 461
453 517
453 525
453 527
453 581
453 589
453 591
453 645
453 653
453 655
453 717
453 719
453 770
453 773
453 781
453 837
453 845
453 898
453 901
453 909
453 911
453 965
453 973
453 975
453 1029
453 1037
453 1039
453 1090
453 1093
453 1101
453 1103
453 1157
453 1165
453 1229
453 1231
454 6
454 70
454 134
454 198
454 262
454 326
454 335
454 390
454 397
454 399
454 463
454 518
454 527
454 582
454 591
454 646
454 655
454 710
454 719
454 774
454 783
454 838
454 847
454 902
454 911
454 966
454 975
454 1030
454 1039
454 1094
454 1103
454 1158
454 1167
454 1222
454 1231
455 263
455 327
455 391
455 519
455 583
455 608
455 647
456 5
456 69
456 136
456 200
456 261
456 264
456 328
456 392
456 520
456 581
456 584
456 648
456 712
456 776
456 840
456 904
456 968
456 1032
456 1096
456 1160
456 1225
457 265
457 329
457 393
457 521
457 585
457 649
457 1105
458 266
458 330
458 394
458 413
458 522
458 586
458 650
458 859
458 971
458 1163
459 131
459 267
459 331
459 395
459 523
459 587
459 651
460 268
460 332
460 396
460 524
460 588
460 652
460 742
461 79
461 143
461 207
461 264
461 269
461 271
461 325
461 333
461 335
461 389
461 397
461 399
461 453
461 525
461 527
461 589
461 591
461 645
461 653
461 655
461 717
461 719
461 770
461 773
461 781
461 837
461 845
461 898
461 901
461 909
461 965
461 973
461 975
461 1029
461 1037
461 1090
461 1093
461 1101
461 1103
461 1157
461 1165
461 1229
461 1231
462 265
462 270
462 334
462 398
462 414
462 526
462 590
462 654
462 707
462 734
463 6
463 70
463 134
463 198
463 262
463 271
463 326
463 335
463 390
463 397
463 399
463 454
463 518
463 525
463 527
463 582
463 591
463 646
463 655
463 710
463 719
463 774
463 781
463 783
463 838
463 845
463 847
463 902
463 909
463 911
463 966
463 973
463 975
463 1030
463 1037
463 1039
463 1094
463 1103
463 1158
463 1167
463 1222
463 1231
464 169
464 272
464 336
464 359
464 400
464 487
464 528
464 592
464 656
465 273
465 337
465 393
465 401
465 529
465 593
465 657
466 214
466 274
466 338
466 402
466 530
466 594
466 658
467 275
467 339
467 403
467 531
467 595
467 659
468 276
468 340
468 404
468 532
468 596
468 660
468 866
468 1251
469 105
469 277
469 341
469 405
469 533
469 597
469 661
469 692
469 1198
469 1240
470 278
470 342
470 406
470 534
470 598
470 662
471 279
471 343
471 407
471 535
471 599
471 663
471 1277
472 280
472 344
472 408
472 536
472 600
472 664
472 761
472 944
472 1070
472 1195
473 281
473 345
473 409
473 537
473 601
473 665
473 671
473 784
473 1242
474 282
474 346
474 410
474 504
474 538
474 602
474 666
474 1073
474 1172
475 74
475 140
475 283
475 347
475 411
475 539
475 603
475 667
475 1083
476 284
476 348
476 412
476 540
476 604
476 668
477 285
477 349
477 413
477 541
477 605
477 669
477 714
477 797
478 286
478 350
478 414
478 542
478 606
478 610
478 670
479 287
479 351
479 415
479 543
479 607
479 671
479 1168
479 1177
480 288
480 352
480 416
480 544
480 608
480 672
480 1248
481 289
481 353
481 417
481 545
481 609
481 673
481 865
482 290
482 354
482 418
482 546
482 610
482 674
483 291
483 355
483 419
483 537
483 547
483 611
483 613
483 675
483 931
484 292
484 356
484 420
484 548
484 612
484 676
485 293
485 357
485 421
485 549
485 576
485 613
485 677
485 999
486 294
486 358
486 422
486 550
486 614
486 678
487 169
487 295
487 359
487 423
487 464
487 551
487 615
487 679
488 171
488 296
488 360
488 424
488 490
488 552
488 616
488 680
488 1134
489 97
489 297
489 361
489 425
489 553
489 617
489 681
489 789
489 804
489 1123
490 171
490 298
490 362
490 426
490 488
490 554
490 618
490 682
490 1134
491 240
491 299
491 363
491 427
491 555
491 619
491 683
491 688
492 300
492 364
492 428
492 556
492 620
492 684
493 301
493 365
493 429
493 557
493 621
493 685
494 250
494 302
494 366
494 430
494 558
494 575
494 622
494 686
494 874
495 303
495 367
495 431
495 559
495 623
495 687
495 720
496 180
496 304
496 368
496 432
496 558
496 560
496 624
496 688
497 61
497 305
497 369
497 433
497 561
497 625
497 663
497 689
497 1047
498 25
498 306
498 370
498 408
498 434
498 562
498 626
498 690
498 1187
499 307
499 371
499 435
499 563
499 627
499 691
500 308
500 372
500 436
500 564
500 628
500 692
500 1003
501 309
501 373
501 437
501 565
501 629
501 693
502 310
502 374
502 438
502 566
502 630
502 694
502 812
503 33
503 217
503 297
503 311
503 375
503 439
503 567
503 631
503 693
503 695
503 817
503 1010
504 312
504 376
504 440
504 474
504 568
504 632
504 696
504 1073
504 1172
505 42
505 238
505 313
505 377
505 441
505 569
505 633
505 697
505 890
506 314
506 378
506 442
506 554
506 570
506 572
506 634
506 698
506 1148
507 315
507 379
507 443
507 571
507 635
507 699
507 844
507 940
508 316
508 380
508 444
508 572
508 636
508 700
508 959
509 317
509 381
509 445
509 573
509 637
509 701
509 730
509 1009
510 148
510 318
510 377
510 382
510 446
510 574
510 624
510 638
510 702
511 383
511 447
511 575
511 639
512 320
512 384
512 448
512 576
512 640
512 704
512 951
513 321
513 385
513 449
513 577
513 641
513 705
514 322
514 386
514 450
514 578
514 642
514 706
515 323
515 387
515 451
515 579
515 643
515 707
516 108
516 324
516 371
516 388
516 452
516 580
516 644
516 708
517 79
517 133
517 143
517 197
517 207
517 264
517 269
517 325
517 333
517 389
517 453
517 578
517 581
517 584
517 589
517 642
517 645
517 653
517 706
517 709
517 717
517 770
517 773
517 837
517 898
517 901
517 965
517 1029
517 1090
517 1093
517 1154
517 1157
517 1165
517 1221
518 6
518 70
518 134
518 198
518 262
518 326
518 335
518 390
518 397
518 399
518 454
518 463
518 527
518 582
518 591
518 646
518 655
518 710
518 719
518 774
518 781
518 783
518 838
518 845
518 847
518 902
518 909
518 911
518 966
518 975
518 1030
518 1039
518 1094
518 1103
518 1158
518 1167
518 1222
518 1231
519 327
519 391
519 455
519 583
519 647
519 711
520 5
520 69
520 136
520 200
520 261
520 328
520 392
520 456
520 581
520 584
520 648
520 712
520 776
520 840
520 904
520 968
520 1032
520 1096
520 1160
520 1225
521 203
521 329
521 387
521 393
521 457
521 585
521 649
521 713
522 194
522 330
522 394
522 458
522 586
522 650
522 714
522 906
523 331
523 395
523 459
523 587
523 651
523 715
524 332
524 396
524 452
524 460
524 588
524 652
524 716
524 786
524 1188
525 79
525 143
525 207
525 264
525 271
525 325
525 333
525 335
525 397
525 399
525 453
525 461
525 463
525 527
525 589
525 591
525 645
525 653
525 655
525 717
525 719
525 770
525 773
525 781
525 783
525 837
525 845
525 847
525 898
525 909
525 911
525 973
525 975
525 1029
525 1037
525 1039
525 1093
525 1101
525 1103
525 1157
525 1165
525 1167
525 1229
525 1231
526 334
526 398
526 462
526 590
526 654
526 718
527 6
527 70
527 134
527 198
527 207
527 262
527 271
527 326
527 335
527 390
527 397
527 399
527 453
527 454
527 461
527 463
527 518
527 525
527 582
527 589
527 591
527 646
527 655
527 710
527 719
527 770
527 773
527 774
527 781
527 783
527 837
527 838
527 845
527 847
527 898
527 902
527 909
527 911
527 966
527 973
527 975
527 1029
527 1030
527 1037
527 1039
527 1093
527 1094
527 1101
527 1103
527 1158
527 1167
527 1222
527 1229
527 1231
528 336
528 400
528 464
528 592
528 601
528 656
528 720
528 869
528 1114
529 14
529 337
529 401
529 465
529 593
529 657
529 721
529 835
530 245
530 320
530 338
530 402
530 466
530 564
530 594
530 658
530 722
530 793
531 339
531 403
531 467
531 595
531 659
531 723
532 340
532 404
532 468
532 596
532 660
532 724
532 871
532 922
533 284
533 341
533 405
533 469
533 597
533 661
533 725
533 756
534 342
534 406
534 470
534 598
534 662
534 726
535 49
535 343
535 407
535 440
535 471
535 599
535 663
535 727
535 753
536 104
536 208
536 344
536 408
536 472
536 599
536 600
536 664
536 728
537 345
537 409
537 473
537 483
537 601
537 613
537 665
537 729
537 931
538 247
538 346
538 410
538 474
538 602
538 666
538 730
538 919
538 1111
539 347
539 411
539 475
539 603
539 667
539 731
539 1038
540 310
540 348
540 412
540 476
540 604
540 668
540 732
541 288
541 349
541 413
541 477
541 605
541 669
541 678
541 733
542 350
542 414
542 478
542 606
542 670
542 734
543 351
543 415
543 417
543 479
543 607
543 670
543 671
543 735
543 960
543 1045
544 130
544 352
544 416
544 480
544 608
544 672
544 736
545 315
545 353
545 417
545 481
545 609
545 673
545 737
546 18
546 86
546 348
546 354
546 418
546 482
546 610
546 674
546 738
546 1189
547 185
547 355
547 419
547 483
547 611
547 636
547 675
547 739
547 1279
548 356
548 420
548 484
548 612
548 676
548 740
548 900
548 1052
548 1088
548 1196
549 357
549 421
549 485
549 597
549 613
549 677
549 741
550 358
550 422
550 486
550 614
550 678
550 742
551 187
551 359
551 361
551 423
551 487
551 615
551 679
551 743
551 1079
551 1268
552 360
552 381
552 424
552 488
552 616
552 680
552 744
552 811
552 828
553 41
553 361
553 425
553 489
553 617
553 681
553 745
553 814
553 856
554 362
554 426
554 490
554 506
554 572
554 618
554 682
554 746
554 1148
555 100
555 363
555 427
555 491
555 619
555 683
555 747
555 1081
556 364
556 428
556 492
556 620
556 684
556 748
557 338
557 365
557 429
557 493
557 621
557 685
557 749
558 180
558 366
558 430
558 494
558 496
558 622
558 686
558 750
559 367
559 431
559 495
559 623
559 687
559 751
559 1151
560 47
560 368
560 432
560 496
560 624
560 688
560 698
560 752
560 766
560 829
561 26
561 152
561 369
561 433
561 497
561 625
561 689
561 753
561 1072
561 1175
562 370
562 434
562 498
562 626
562 690
562 754
562 1178
562 1266
563 371
563 416
563 435
563 499
563 627
563 691
563 755
563 891
564 245
564 320
564 372
564 436
564 500
564 530
564 628
564 692
564 756
564 793
565 373
565 437
565 501
565 629
565 693
565 745
565 757
565 1069
566 94
566 374
566 422
566 438
566 502
566 630
566 694
566 758
566 1170
567 165
567 181
567 375
567 439
567 503
567 631
567 679
567 695
567 759
567 858
568 90
568 376
568 440
568 504
568 619
568 632
568 696
568 760
568 889
569 48
569 170
569 377
569 441
569 505
569 633
569 697
569 752
569 761
569 954
569 1008
570 151
570 378
570 442
570 506
570 634
570 698
570 762
571 379
571 443
571 507
571 635
571 699
571 763
571 997
572 380
572 444
572 506
572 508
572 554
572 636
572 700
572 764
572 1148
573 381
573 445
573 509
573 637
573 701
573 730
573 765
573 1009
574 60
574 318
574 382
574 446
574 510
574 638
574 702
574 766
574 1130
575 250
575 383
575 447
575 494
575 511
575 639
575 703
575 874
576 384
576 448
576 485
576 512
576 640
576 704
576 768
576 999
577 77
577 385
577 449
577 513
577 641
577 705
577 769
578 8
578 72
578 133
578 197
578 269
578 333
578 386
578 450
578 514
578 517
578 584
578 642
578 706
578 709
578 770
578 965
578 1154
578 1218
578 1221
579 387
579 451
579 515
579 643
579 707
579 771
579 1102
579 1254
580 388
580 452
580 516
580 644
580 708
580 772
580 896
580 1247
581 5
581 69
581 136
581 200
581 261
581 328
581 389
581 392
581 453
581 456
581 517
581 520
581 645
581 648
581 709
581 712
581 773
581 776
581 840
581 904
581 968
581 1032
581 1096
581 1160
581 1225
582 6
582 70
582 134
582 198
582 262
582 326
582 335
582 390
582 397
582 399
582 454
582 463
582 518
582 527
582 591
582 646
582 655
582 710
582 719
582 774
582 783
582 838
582 847
582 902
582 911
582 966
582 975
582 1030
582 1039
582 1094
582 1103
582 1158
582 1167
582 1222
582 1231
583 91
583 224
583 391
583 455
583 519
583 647
583 711
583 775
584 8
584 72
584 133
584 197
584 269
584 333
584 392
584 456
584 517
584 520
584 578
584 642
584 648
584 706
584 709
584 712
584 776
584 1154
584 1218
584 1221
585 393
585 457
585 521
585 649
585 713
585 777
586 267
586 394
586 458
586 522
586 593
586 650
586 714
586 778
587 395
587 459
587 523
587 651
587 715
587 779
587 1035
588 396
588 460
588 524
588 652
588 716
588 780
589 79
589 133
589 143
589 207
589 264
589 271
589 325
589 333
589 335
589 389
589 397
589 453
589 461
589 517
589 525
589 527
589 591
589 642
589 645
589 653
589 655
589 717
589 770
589 773
589 781
589 837
589 845
589 898
589 901
589 909
589 965
589 973
589 1029
589 1037
589 1090
589 1093
589 1101
589 1157
589 1165
589 1221
589 1229
590 398
590 462
590 526
590 654
590 718
590 782
591 6
591 70
591 134
591 143
591 198
591 207
591 262
591 271
591 326
591 335
591 390
591 397
591 399
591 453
591 454
591 461
591 463
591 518
591 525
591 527
591 582
591 589
591 645
591 646
591 655
591 710
591 719
591 770
591 773
591 774
591 781
591 783
591 837
591 838
591 845
591 847
591 898
591 902
591 909
591 911
591 966
591 973
591 975
591 1029
591 1030
591 1037
591 1039
591 1093
591 1094
591 1101
591 1103
591 1157
591 1158
591 1167
591 1222
591 1229
591 1231
592 308
592 400
592 464
592 528
592 656
592 720
592 784
593 267
593 401
593 465
593 529
593 586
593 657
593 721
593 785
594 402
594 466
594 530
594 640
594 658
594 722
594 786
595 403
595 467
595 531
595 659
595 723
595 787
596 280
596 404
596 468
596 532
596 660
596 687
596 724
596 788
597 405
597 469
597 533
597 549
597 661
597 725
597 789
598 132
598 256
598 406
598 470
598 534
598 662
598 726
598 790
599 104
599 208
599 407
599 471
599 535
599 536
599 663
599 727
599 791
600 408
600 431
600 472
600 536
600 664
600 728
600 792
601 409
601 473
601 528
601 537
601 665
601 729
601 793
601 869
601 1114
602 39
602 343
602 410
602 421
602 474
602 538
602 666
602 730
602 794
602 986
602 1145
603 411
603 475
603 539
603 667
603 731
603 795
603 1184
604 412
604 476
604 540
604 668
604 732
604 796
605 7
605 413
605 477
605 541
605 669
605 733
605 797
606 414
606 478
606 542
606 670
606 734
606 798
607 35
607 218
607 295
607 415
607 479
607 543
607 671
607 735
607 799
607 830
608 416
608 455
608 480
608 544
608 672
608 736
608 800
609 417
609 481
609 545
609 673
609 704
609 737
609 801
609 1119
610 418
610 478
610 482
610 546
610 674
610 738
610 802
611 419
611 483
611 547
611 625
611 675
611 739
611 803
611 1200
612 420
612 484
612 548
612 676
612 740
612 804
612 1092
612 1250
613 421
613 483
613 485
613 537
613 549
613 677
613 741
613 805
613 931
614 422
614 486
614 550
614 678
614 742
614 806
614 1110
615 31
615 226
615 370
615 423
615 436
615 487
615 551
615 679
615 743
615 807
615 1140
616 424
616 488
616 552
616 680
616 744
616 808
616 824
617 85
617 213
617 425
617 489
617 553
617 681
617 745
617 809
618 426
618 490
618 554
618 638
618 682
618 746
618 810
618 1212
619 90
619 427
619 491
619 555
619 568
619 683
619 747
619 811
619 889
620 428
620 492
620 556
620 621
620 684
620 748
620 812
620 990
620 1100
621 429
621 493
621 557
621 620
621 685
621 749
621 813
621 990
621 1100
622 16
622 21
622 229
622 272
622 430
622 494
622 558
622 686
622 750
622 814
622 1065
623 431
623 495
623 559
623 687
623 751
623 815
623 892
623 1086
623 1213
624 148
624 377
624 432
624 496
624 510
624 560
624 688
624 752
624 816
625 433
625 497
625 561
625 611
625 689
625 753
625 817
625 1200
626 434
626 498
626 562
626 690
626 754
626 818
626 1128
627 435
627 499
627 563
627 691
627 755
627 819
628 40
628 419
628 436
628 500
628 564
628 692
628 756
628 820
628 878
628 1006
628 1214
628 1239
629 437
629 501
629 565
629 693
629 757
629 803
629 821
629 832
629 1237
630 438
630 502
630 566
630 694
630 749
630 758
630 822
630 1256
631 144
631 439
631 503
631 567
631 695
631 759
631 823
631 855
631 976
631 1048
631 1080
632 440
632 504
632 568
632 637
632 696
632 760
632 824
632 1018
633 441
633 505
633 569
633 697
633 761
633 825
634 126
634 249
634 506
634 570
634 698
634 762
634 826
635 166
635 443
635 507
635 571
635 699
635 763
635 827
636 185
636 444
636 508
636 547
636 572
636 700
636 764
636 828
636 1279
637 445
637 509
637 573
637 632
637 701
637 765
637 829
637 1018
638 446
638 510
638 574
638 618
638 702
638 766
638 830
638 1212
639 234
639 254
639 376
639 382
639 447
639 511
639 575
639 703
639 767
639 831
640 448
640 512
640 576
640 594
640 704
640 768
640 832
641 193
641 449
641 513
641 577
641 705
641 769
641 833
642 8
642 79
642 133
642 143
642 197
642 264
642 269
642 325
642 333
642 389
642 450
642 514
642 517
642 578
642 584
642 589
642 645
642 653
642 706
642 709
642 717
642 770
642 834
642 837
642 898
642 901
642 965
642 1029
642 1090
642 1093
642 1154
642 1157
642 1165
642 1221
643 451
643 515
643 579
643 707
643 771
643 800
643 835
644 452
644 516
644 580
644 708
644 772
644 796
644 836
645 79
645 133
645 143
645 197
645 207
645 264
645 269
645 271
645 325
645 333
645 389
645 397
645 453
645 461
645 517
645 525
645 581
645 589
645 591
645 642
645 653
645 709
645 717
645 770
645 773
645 781
645 837
645 845
645 898
645 901
645 909
645 965
645 973
645 1029
645 1037
645 1090
645 1093
645 1101
645 1157
645 1165
645 1221
645 1229
646 6
646 70
646 134
646 198
646 262
646 326
646 335
646 390
646 397
646 399
646 454
646 463
646 518
646 527
646 582
646 591
646 655
646 710
646 719
646 774
646 783
646 838
646 845
646 847
646 902
646 911
646 966
646 975
646 1030
646 1039
646 1094
646 1103
646 1158
646 1167
646 1222
646 1231
647 455
647 519
647 583
647 711
647 775
647 839
648 5
648 69
648 136
648 200
648 261
648 328
648 392
648 456
648 520
648 581
648 584
648 712
648 776
648 840
648 904
648 968
648 1032
648 1096
648 1160
648 1225
649 457
649 521
649 585
649 713
649 777
649 841
650 458
650 522
650 586
650 714
650 778
650 842
651 209
651 459
651 523
651 587
651 715
651 779
651 843
652 460
652 524
652 588
652 716
652 780
652 844
653 79
653 133
653 143
653 197
653 207
653 264
653 269
653 271
653 325
653 333
653 389
653 453
653 461
653 517
653 525
653 589
653 642
653 645
653 717
653 770
653 773
653 781
653 837
653 845
653 898
653 901
653 965
653 973
653 1029
653 1037
653 1090
653 1093
653 1101
653 1154
653 1157
653 1165
653 1221
653 1229
654 71
654 462
654 526
654 590
654 718
654 782
654 846
654 1014
655 6
655 70
655 134
655 143
655 198
655 207
655 262
655 271
655 326
655 335
655 390
655 397
655 399
655 453
655 454
655 461
655 463
655 518
655 525
655 527
655 582
655 589
655 591
655 646
655 710
655 719
655 770
655 773
655 774
655 781
655 783
655 837
655 838
655 845
655 847
655 898
655 902
655 909
655 911
655 966
655 973
655 975
655 1029
655 1030
655 1037
655 1039
655 1093
655 1094
655 1101
655 1103
655 1157
655 1158
655 1167
655 1222
655 1229
655 1231
656 437
656 464
656 528
656 592
656 720
656 784
656 848
657 465
657 529
657 593
657 721
657 785
657 849
658 466
658 530
658 594
658 722
658 786
658 850
658 1142
659 467
659 531
659 595
659 723
659 787
659 851
659 899
659 923
660 468
660 532
660 596
660 724
660 788
660 852
660 1108
661 469
661 533
661 597
661 690
661 725
661 744
661 789
661 821
661 853
661 1255
661 1262
662 470
662 534
662 598
662 726
662 790
662 854
662 993
663 61
663 471
663 497
663 535
663 599
663 727
663 791
663 855
663 1047
664 89
664 287
664 472
664 536
664 600
664 728
664 764
664 792
664 856
664 881
664 920
664 1071
665 473
665 537
665 601
665 668
665 729
665 793
665 857
666 474
666 538
666 602
666 730
666 794
666 858
667 199
667 475
667 539
667 603
667 731
667 795
667 859
667 963
667 1118
668 476
668 540
668 604
668 665
668 732
668 796
668 860
669 477
669 541
669 605
669 733
669 797
669 861
670 417
670 478
670 542
670 543
670 606
670 734
670 798
670 862
670 960
670 1045
671 473
671 479
671 543
671 607
671 735
671 784
671 799
671 863
671 1242
672 273
672 480
672 544
672 608
672 736
672 800
672 864
673 481
673 545
673 609
673 737
673 801
673 865
673 1249
674 482
674 546
674 610
674 738
674 802
674 866
675 117
675 483
675 547
675 611
675 739
675 803
675 867
676 484
676 548
676 612
676 740
676 804
676 868
677 485
677 549
677 613
677 724
677 741
677 805
677 869
677 1263
678 288
678 486
678 541
678 550
678 614
678 742
678 806
678 870
679 165
679 181
679 487
679 551
679 567
679 615
679 743
679 807
679 858
679 871
680 281
680 488
680 552
680 616
680 744
680 808
680 872
680 1002
681 293
681 489
681 553
681 617
681 745
681 809
681 873
681 1202
682 24
682 490
682 554
682 618
682 746
682 810
682 874
682 1272
683 20
683 56
683 491
683 555
683 619
683 747
683 811
683 875
683 1149
684 492
684 556
684 620
684 748
684 812
684 876
685 493
685 557
685 621
685 749
685 813
685 877
686 494
686 558
686 622
686 750
686 814
686 860
686 878
686 884
687 280
687 495
687 559
687 596
687 623
687 751
687 815
687 879
688 240
688 491
688 496
688 560
688 624
688 752
688 816
688 880
689 84
689 344
689 497
689 561
689 625
689 753
689 817
689 881
689 1207
690 498
690 562
690 626
690 661
690 744
690 754
690 818
690 821
690 882
690 1255
690 1262
691 266
691 499
691 563
691 627
691 755
691 819
691 883
692 105
692 469
692 500
692 564
692 628
692 756
692 820
692 884
692 1198
692 1240
693 33
693 217
693 297
693 501
693 503
693 565
693 629
693 757
693 817
693 821
693 885
693 1010
694 502
694 566
694 630
694 758
694 822
694 857
694 886
695 503
695 567
695 631
695 759
695 823
695 887
695 1013
696 175
696 504
696 568
696 632
696 760
696 824
696 888
696 1258
697 505
697 569
697 633
697 761
697 825
697 889
697 1265
698 47
698 506
698 560
698 570
698 634
698 762
698 766
698 826
698 829
698 890
699 173
699 435
699 507
699 571
699 635
699 763
699 827
699 891
700 346
700 508
700 572
700 636
700 764
700 828
700 892
700 1112
701 216
701 360
701 509
701 573
701 637
701 765
701 829
701 893
701 1017
702 510
702 574
702 638
702 766
702 830
702 894
703 312
703 430
703 575
703 639
703 767
703 831
703 939
704 512
704 576
704 609
704 640
704 768
704 832
704 896
704 1119
705 513
705 577
705 641
705 769
705 833
705 897
706 8
706 72
706 133
706 197
706 269
706 333
706 389
706 514
706 517
706 578
706 584
706 642
706 709
706 770
706 834
706 898
706 901
706 965
706 1090
706 1154
706 1218
706 1221
707 265
707 414
707 462
707 515
707 579
707 643
707 734
707 771
707 835
707 899
708 196
708 516
708 580
708 644
708 740
708 772
708 836
708 900
708 1116
709 8
709 72
709 133
709 197
709 269
709 517
709 578
709 581
709 584
709 642
709 645
709 706
709 773
709 837
709 901
709 1154
709 1218
709 1221
710 6
710 70
710 134
710 198
710 262
710 326
710 335
710 390
710 397
710 399
710 454
710 463
710 518
710 527
710 582
710 591
710 646
710 655
710 719
710 774
710 783
710 838
710 847
710 902
710 911
710 966
710 975
710 1030
710 1039
710 1094
710 1103
710 1158
710 1167
710 1222
710 1231
711 519
711 583
711 647
711 775
711 839
711 903
712 5
712 69
712 136
712 200
712 261
712 328
712 392
712 456
712 520
712 581
712 584
712 648
712 776
712 840
712 904
712 968
712 1032
712 1096
712 1160
712 1225
713 521
713 585
713 649
713 777
713 841
713 905
714 477
714 522
714 586
714 650
714 778
714 797
714 842
714 906
715 523
715 587
715 651
715 779
715 843
715 907
716 524
716 588
716 652
716 780
716 844
716 908
716 1132
717 79
717 133
717 143
717 197
717 207
717 264
717 269
717 271
717 325
717 333
717 389
717 453
717 461
717 517
717 525
717 589
717 642
717 645
717 653
717 770
717 773
717 781
717 837
717 845
717 898
717 901
717 909
717 965
717 973
717 1029
717 1037
717 1090
717 1093
717 1101
717 1154
717 1157
717 1165
717 1221
717 1229
718 157
718 526
718 590
718 654
718 782
718 846
718 910
719 6
719 70
719 134
719 198
719 207
719 262
719 271
719 326
719 335
719 390
719 397
719 399
719 453
719 454
719 461
719 463
719 518
719 525
719 527
719 582
719 591
719 646
719 655
719 710
719 770
719 773
719 774
719 781
719 783
719 837
719 838
719 845
719 847
719 902
719 909
719 911
719 966
719 973
719 975
719 1030
719 1037
719 1039
719 1094
719 1101
719 1103
719 1158
719 1167
719 1222
719 1229
719 1231
720 495
720 528
720 592
720 656
720 784
720 848
720 912
721 529
721 593
721 657
721 785
721 849
721 913
721 1091
722 530
722 594
722 658
722 786
722 850
722 914
723 531
723 595
723 659
723 787
723 851
723 915
724 532
724 596
724 660
724 677
724 788
724 852
724 916
724 1263
725 533
725 597
725 661
725 789
725 853
725 917
726 534
726 598
726 662
726 790
726 854
726 918
726 1220
727 276
727 535
727 599
727 663
727 791
727 855
727 895
727 919
727 1144
728 106
728 536
728 600
728 664
728 788
728 792
728 856
728 920
728 1199
729 233
729 415
729 537
729 601
729 665
729 793
729 853
729 857
729 921
730 509
730 538
730 573
730 602
730 666
730 794
730 858
730 922
730 1009
731 17
731 539
731 603
731 667
731 795
731 859
731 923
731 929
731 1036
732 22
732 246
732 540
732 604
732 668
732 796
732 860
732 924
732 1182
733 541
733 605
733 669
733 797
733 861
733 925
734 265
734 414
734 462
734 542
734 606
734 670
734 707
734 798
734 862
734 926
735 251
735 351
735 543
735 607
735 671
735 799
735 863
735 927
736 544
736 608
736 672
736 800
736 864
736 928
736 1056
736 1126
737 545
737 609
737 673
737 801
737 865
737 929
737 1127
738 353
738 546
738 610
738 674
738 802
738 866
738 930
739 186
739 282
739 362
739 547
739 611
739 675
739 803
739 867
739 931
740 196
740 548
740 612
740 676
740 708
740 804
740 868
740 932
740 1116
741 336
741 549
741 613
741 677
741 805
741 869
741 933
742 460
742 550
742 614
742 678
742 806
742 870
742 934
743 551
743 615
743 679
743 807
743 871
743 935
744 552
744 616
744 661
744 680
744 690
744 808
744 821
744 872
744 936
744 1255
744 1262
745 553
745 565
745 617
745 681
745 809
745 873
745 937
745 1069
746 554
746 618
746 682
746 810
746 874
746 938
747 313
747 366
747 555
747 619
747 683
747 811
747 875
747 939
748 556
748 620
748 684
748 812
748 876
748 940
749 557
749 621
749 630
749 685
749 813
749 877
749 941
749 1256
750 558
750 622
750 686
750 814
750 860
750 878
750 884
750 942
751 559
751 623
751 687
751 815
751 879
751 943
752 48
752 170
752 560
752 569
752 624
752 688
752 816
752 880
752 944
752 954
752 1008
753 49
753 440
753 535
753 561
753 625
753 689
753 817
753 881
753 945
754 562
754 626
754 690
754 818
754 882
754 946
754 1178
754 1266
755 563
755 627
755 691
755 778
755 819
755 883
755 947
756 284
756 533
756 564
756 628
756 692
756 820
756 884
756 948
757 565
757 629
757 693
757 821
757 885
757 933
757 949
758 566
758 630
758 694
758 822
758 886
758 950
758 1152
759 123
759 567
759 631
759 695
759 823
759 887
759 951
760 122
760 568
760 632
760 696
760 824
760 888
760 952
761 472
761 569
761 633
761 697
761 825
761 889
761 944
761 953
761 1070
761 1195
762 570
762 634
762 698
762 826
762 890
763 571
763 635
763 699
763 827
763 891
763 924
763 955
764 89
764 287
764 572
764 636
764 664
764 700
764 828
764 881
764 892
764 920
764 956
764 1071
765 405
765 573
765 637
765 701
765 829
765 893
765 952
765 957
766 47
766 560
766 574
766 638
766 698
766 702
766 829
766 830
766 894
766 958
767 125
767 639
767 703
767 831
767 895
768 349
768 576
768 640
768 704
768 832
768 854
768 896
768 960
769 577
769 641
769 705
769 833
769 897
769 961
770 79
770 143
770 207
770 264
770 271
770 325
770 333
770 335
770 389
770 397
770 399
770 453
770 461
770 517
770 525
770 527
770 578
770 589
770 591
770 642
770 645
770 653
770 655
770 706
770 717
770 719
770 773
770 781
770 834
770 837
770 845
770 898
770 901
770 909
770 962
770 965
770 973
770 1029
770 1037
770 1090
770 1093
770 1101
770 1157
770 1165
770 1229
770 1231
771 579
771 643
771 707
771 835
771 899
771 963
772 146
772 580
772 644
772 708
772 836
772 900
772 964
773 79
773 143
773 207
773 264
773 271
773 325
773 333
773 335
773 389
773 397
773 399
773 453
773 461
773 517
773 525
773 527
773 581
773 589
773 591
773 645
773 653
773 655
773 709
773 717
773 719
773 770
773 781
773 837
773 845
773 898
773 901
773 909
773 965
773 973
773 1029
773 1037
773 1090
773 1093
773 1101
773 1157
773 1165
773 1229
773 1231
774 6
774 70
774 134
774 198
774 262
774 326
774 335
774 390
774 399
774 454
774 463
774 518
774 527
774 582
774 591
774 646
774 655
774 710
774 719
774 783
774 838
774 847
774 902
774 911
774 966
774 975
774 1030
774 1039
774 1094
774 1103
774 1158
774 1167
774 1222
774 1231
775 13
775 583
775 647
775 711
775 839
775 903
775 967
776 5
776 69
776 136
776 200
776 261
776 328
776 392
776 456
776 520
776 581
776 584
776 648
776 712
776 840
776 904
776 968
776 1032
776 1096
776 1160
776 1225
777 585
777 649
777 713
777 841
777 905
777 969
778 586
778 650
778 714
778 755
778 842
778 906
778 970
779 587
779 651
779 715
779 843
779 907
779 971
779 977
780 588
780 652
780 716
780 844
780 908
780 972
781 6
781 79
781 143
781 207
781 271
781 326
781 335
781 397
781 399
781 453
781 461
781 463
781 518
781 525
781 527
781 589
781 591
781 645
781 653
781 655
781 717
781 719
781 770
781 773
781 783
781 837
781 845
781 847
781 898
781 909
781 911
781 973
781 975
781 1029
781 1037
781 1039
781 1093
781 1101
781 1103
781 1157
781 1165
781 1167
781 1229
781 1231
782 590
782 654
782 718
782 846
782 910
782 974
783 6
783 70
783 134
783 198
783 262
783 271
783 326
783 335
783 390
783 397
783 399
783 454
783 463
783 518
783 525
783 527
783 582
783 591
783 646
783 655
783 710
783 719
783 774
783 781
783 838
783 845
783 847
783 902
783 909
783 911
783 966
783 973
783 975
783 1030
783 1037
783 1039
783 1094
783 1103
783 1158
783 1167
783 1222
783 1231
784 473
784 592
784 656
784 671
784 720
784 848
784 912
784 976
784 1242
785 593
785 657
785 721
785 849
785 913
785 977
786 452
786 524
786 594
786 658
786 722
786 850
786 914
786 978
786 1188
787 595
787 659
787 723
787 851
787 915
787 979
788 106
788 596
788 660
788 724
788 728
788 852
788 916
788 980
788 1199
789 97
789 489
789 597
789 661
789 725
789 804
789 853
789 917
789 981
789 1123
790 598
790 662
790 726
790 854
790 918
790 982
790 988
790 1156
790 1192
791 599
791 663
791 727
791 855
791 919
791 938
791 980
791 983
791 1050
792 600
792 664
792 728
792 856
792 912
792 920
792 984
792 1273
793 245
793 320
793 530
793 564
793 601
793 665
793 729
793 857
793 921
793 985
794 602
794 666
794 730
794 822
794 858
794 922
794 986
795 329
795 603
795 667
795 731
795 859
795 923
795 969
795 987
795 1099
796 604
796 644
796 668
796 732
796 860
796 924
796 988
797 477
797 605
797 669
797 714
797 733
797 861
797 925
797 989
798 606
798 670
798 734
798 862
798 926
798 990
799 607
799 671
799 735
799 863
799 927
799 991
800 608
800 643
800 672
800 736
800 864
800 928
800 992
801 609
801 673
801 737
801 865
801 929
801 993
802 610
802 674
802 738
802 866
802 930
802 994
802 1122
803 611
803 629
803 675
803 739
803 832
803 867
803 931
803 995
803 1237
804 97
804 489
804 612
804 676
804 740
804 789
804 868
804 932
804 996
804 1123
805 114
805 225
805 613
805 677
805 741
805 868
805 869
805 933
805 997
806 614
806 678
806 742
806 870
806 934
806 998
806 1098
807 161
807 356
807 448
807 615
807 679
807 743
807 871
807 935
807 946
807 999
808 616
808 680
808 744
808 872
808 936
808 1000
809 617
809 681
809 745
809 873
809 937
809 1001
810 159
810 618
810 682
810 746
810 874
810 938
810 1002
811 381
811 552
811 619
811 683
811 747
811 828
811 875
811 939
811 1003
812 502
812 620
812 684
812 748
812 876
812 940
812 1004
813 621
813 685
813 749
813 877
813 941
813 1005
814 41
814 553
814 622
814 686
814 750
814 856
814 878
814 942
814 1006
815 121
815 305
815 623
815 687
815 751
815 879
815 943
815 1007
816 98
816 303
816 624
816 688
816 752
816 880
816 893
816 936
816 944
816 1008
817 33
817 217
817 297
817 503
817 625
817 689
817 693
817 753
817 881
817 945
817 1009
817 1010
818 409
818 626
818 690
818 754
818 882
818 946
818 1010
819 627
819 691
819 755
819 883
819 947
819 1011
820 628
820 692
820 756
820 884
820 948
820 1012
820 1138
821 629
821 661
821 690
821 693
821 744
821 757
821 885
821 949
821 1013
821 1255
821 1262
822 630
822 694
822 758
822 794
822 886
822 950
822 1014
823 631
823 695
823 759
823 887
823 951
823 983
823 1015
823 1264
824 616
824 632
824 696
824 760
824 888
824 952
824 1016
825 633
825 697
825 761
825 889
825 953
825 991
825 1017
826 407
826 634
826 698
826 762
826 890
826 954
826 1018
826 1208
827 206
827 635
827 699
827 763
827 891
827 955
827 1019
828 381
828 552
828 636
828 700
828 764
828 811
828 892
828 956
828 1020
829 47
829 560
829 637
829 698
829 701
829 765
829 766
829 893
829 957
829 1021
830 35
830 218
830 295
830 607
830 638
830 702
830 766
830 894
830 958
830 1022
831 639
831 703
831 767
831 895
831 959
832 629
832 640
832 704
832 768
832 803
832 896
832 960
832 1024
832 1237
833 641
833 705
833 769
833 897
833 961
833 1025
834 642
834 706
834 770
834 897
834 898
834 962
834 1026
835 14
835 529
835 643
835 707
835 771
835 899
835 963
835 1027
836 290
836 644
836 708
836 772
836 900
836 964
836 1028
836 1078
837 79
837 143
837 207
837 264
837 271
837 325
837 333
837 335
837 389
837 397
837 453
837 461
837 517
837 525
837 527
837 589
837 591
837 642
837 645
837 653
837 655
837 709
837 717
837 719
837 770
837 773
837 781
837 845
837 898
837 901
837 909
837 965
837 973
837 1029
837 1037
837 1090
837 1093
837 1101
837 1157
837 1165
837 1221
837 1229
838 6
838 70
838 134
838 198
838 262
838 326
838 335
838 390
838 399
838 454
838 463
838 518
838 527
838 582
838 591
838 646
838 655
838 710
838 719
838 774
838 783
838 847
838 902
838 911
838 966
838 975
838 1030
838 1039
838 1094
838 1103
838 1158
838 1167
838 1222
838 1231
839 334
839 647
839 711
839 775
839 903
839 967
839 1031
840 5
840 69
840 136
840 200
840 261
840 328
840 392
840 456
840 520
840 581
840 648
840 712
840 776
840 904
840 968
840 1032
840 1096
840 1160
840 1225
841 649
841 713
841 777
841 905
841 969
841 1033
842 650
842 714
842 778
842 906
842 970
842 1034
843 651
843 715
843 779
843 907
843 971
843 1035
844 507
844 652
844 716
844 780
844 908
844 940
844 972
844 1036
845 6
845 143
845 198
845 207
845 271
845 326
845 335
845 397
845 399
845 453
845 461
845 463
845 518
845 525
845 527
845 589
845 591
845 645
845 646
845 653
845 655
845 717
845 719
845 770
845 773
845 781
845 783
845 837
845 847
845 898
845 909
845 911
845 973
845 975
845 1029
845 1037
845 1039
845 1093
845 1101
845 1103
845 1157
845 1158
845 1167
845 1222
845 1229
845 1231
846 654
846 718
846 782
846 910
846 974
846 1038
846 1075
847 6
847 70
847 134
847 198
847 262
847 271
847 326
847 335
847 390
847 397
847 399
847 454
847 463
847 518
847 525
847 527
847 582
847 591
847 646
847 655
847 710
847 719
847 774
847 781
847 783
847 838
847 845
847 902
847 909
847 911
847 966
847 973
847 975
847 1030
847 1037
847 1039
847 1094
847 1103
847 1158
847 1167
847 1222
847 1231
848 656
848 720
848 784
848 882
848 912
848 976
848 1040
849 401
849 657
849 721
849 785
849 913
849 977
849 1041
850 658
850 722
850 786
850 914
850 978
850 1042
851 138
851 659
851 723
851 787
851 915
851 979
851 1034
851 1043
851 1226
852 223
852 660
852 724
852 788
852 916
852 980
852 1044
852 1143
853 233
853 415
853 661
853 725
853 729
853 789
853 917
853 981
853 1045
854 349
854 662
854 726
854 768
854 790
854 918
854 982
854 1046
855 144
855 631
855 663
855 727
855 791
855 919
855 976
855 983
855 1047
855 1048
855 1080
856 41
856 553
856 664
856 728
856 792
856 814
856 920
856 984
856 1048
857 665
857 694
857 729
857 793
857 921
857 985
857 1049
858 165
858 181
858 567
858 666
858 679
858 730
858 794
858 922
858 986
858 1050
859 413
859 458
859 667
859 731
859 795
859 923
859 971
859 987
859 1051
859 1163
860 668
860 686
860 732
860 750
860 796
860 884
860 924
860 988
860 1052
861 669
861 733
861 797
861 925
861 989
861 1053
862 670
862 734
862 798
862 926
862 989
862 990
862 1054
863 296
863 311
863 671
863 735
863 799
863 927
863 991
863 1055
864 672
864 736
864 800
864 928
864 992
864 1056
864 1267
865 481
865 673
865 737
865 801
865 929
865 993
865 1057
866 468
866 674
866 738
866 802
866 930
866 994
866 1058
866 1251
867 120
867 378
867 675
867 739
867 803
867 931
867 995
867 1059
867 1209
868 114
868 225
868 676
868 740
868 804
868 805
868 932
868 996
868 1060
869 528
869 601
869 677
869 741
869 805
869 933
869 997
869 1061
869 1114
870 678
870 742
870 806
870 918
870 934
870 998
870 1062
871 532
871 679
871 743
871 807
871 922
871 935
871 999
871 1063
872 680
872 744
872 808
872 936
872 1000
872 1064
872 1244
873 681
873 745
873 809
873 937
873 1001
873 1055
873 1065
874 250
874 494
874 575
874 682
874 746
874 810
874 938
874 1002
874 1066
875 88
875 212
875 235
875 432
875 683
875 747
875 811
875 939
875 1003
875 1067
875 1085
875 1087
876 243
876 684
876 748
876 812
876 940
876 1004
876 1068
877 685
877 749
877 813
877 941
877 1005
877 1069
878 40
878 419
878 628
878 686
878 750
878 814
878 942
878 1006
878 1070
878 1214
878 1239
879 178
879 687
879 751
879 815
879 943
879 1007
879 1071
879 1183
880 244
880 688
880 752
880 816
880 944
880 1008
880 1072
881 89
881 287
881 664
881 689
881 753
881 764
881 817
881 920
881 945
881 1009
881 1071
881 1073
882 690
882 754
882 818
882 848
882 946
882 1010
882 1074
883 691
883 755
883 819
883 947
883 1011
883 1075
884 686
884 692
884 750
884 756
884 820
884 860
884 948
884 1012
884 1076
885 36
885 260
885 693
885 757
885 821
885 949
885 1013
885 1077
886 155
886 694
886 758
886 822
886 950
886 1014
886 1078
887 418
887 695
887 759
887 823
887 951
887 1015
887 1079
888 174
888 696
888 760
888 824
888 952
888 1016
888 1080
888 1150
889 90
889 568
889 619
889 697
889 761
889 825
889 953
889 1017
889 1081
890 42
890 238
890 505
890 698
890 762
890 826
890 954
890 1018
891 416
891 563
891 699
891 763
891 827
891 955
891 1019
891 1083
892 623
892 700
892 764
892 828
892 956
892 1020
892 1084
892 1086
892 1213
893 98
893 303
893 701
893 765
893 816
893 829
893 936
893 957
893 1021
893 1085
894 702
894 766
894 830
894 958
894 1022
894 1064
894 1086
894 1194
895 276
895 727
895 767
895 831
895 959
895 1023
895 1087
895 1144
896 580
896 704
896 768
896 832
896 960
896 1024
896 1088
896 1247
897 705
897 769
897 833
897 834
897 961
897 1025
897 1089
898 79
898 133
898 143
898 207
898 264
898 271
898 325
898 333
898 335
898 389
898 397
898 453
898 461
898 517
898 525
898 527
898 589
898 591
898 642
898 645
898 653
898 655
898 706
898 717
898 770
898 773
898 781
898 834
898 837
898 845
898 901
898 909
898 962
898 965
898 973
898 1026
898 1029
898 1037
898 1090
898 1093
898 1101
898 1157
898 1165
898 1221
898 1229
899 659
899 707
899 771
899 835
899 923
899 963
899 1027
899 1091
900 548
900 708
900 772
900 836
900 964
900 1028
900 1052
900 1088
900 1092
900 1196
901 79
901 133
901 143
901 197
901 207
901 264
901 269
901 325
901 333
901 389
901 453
901 461
901 517
901 589
901 642
901 645
901 653
901 706
901 709
901 717
901 770
901 773
901 837
901 898
901 965
901 973
901 1029
901 1090
901 1093
901 1101
901 1154
901 1157
901 1165
901 1221
901 1229
902 6
902 70
902 134
902 198
902 262
902 326
902 335
902 390
902 397
902 399
902 454
902 463
902 518
902 527
902 582
902 591
902 646
902 655
902 710
902 719
902 774
902 783
902 838
902 847
902 911
902 966
902 975
902 1030
902 1039
902 1094
902 1103
902 1158
902 1167
902 1222
902 1231
903 135
903 711
903 775
903 839
903 967
903 1031
903 1095
903 1181
904 5
904 69
904 136
904 200
904 261
904 328
904 392
904 456
904 520
904 581
904 648
904 712
904 776
904 840
904 968
904 1032
904 1096
904 1160
904 1225
905 713
905 777
905 841
905 969
905 1033
905 1097
906 194
906 522
906 714
906 778
906 842
906 970
906 1034
906 1098
907 10
907 352
907 715
907 779
907 843
907 971
907 1035
907 1099
907 1147
908 115
908 716
908 780
908 844
908 972
908 1036
908 1100
909 79
909 143
909 207
909 271
909 325
909 326
909 335
909 397
909 399
909 453
909 461
909 463
909 518
909 525
909 527
909 589
909 591
909 645
909 655
909 717
909 719
909 770
909 773
909 781
909 783
909 837
909 845
909 847
909 898
909 911
909 973
909 975
909 1029
909 1037
909 1039
909 1093
909 1101
909 1103
909 1157
909 1165
909 1167
909 1229
909 1231
910 718
910 782
910 846
910 974
910 1038
910 1102
911 6
911 70
911 134
911 198
911 262
911 271
911 326
911 335
911 390
911 397
911 399
911 453
911 454
911 463
911 518
911 525
911 527
911 582
911 591
911 646
911 655
911 710
911 719
911 774
911 781
911 783
911 838
911 845
911 847
911 902
911 909
911 966
911 973
911 975
911 1030
911 1037
911 1039
911 1094
911 1101
911 1103
911 1158
911 1167
911 1222
911 1231
912 720
912 784
912 792
912 848
912 976
912 1040
912 1104
912 1273
913 1
913 721
913 785
913 849
913 977
913 1041
913 1105
914 722
914 786
914 850
914 978
914 1042
914 1106
915 723
915 787
915 851
915 979
915 1043
915 1107
916 215
916 369
916 426
916 724
916 788
916 852
916 980
916 1044
916 1108
916 1136
917 725
917 789
917 853
917 981
917 1045
917 1109
918 726
918 790
918 854
918 870
918 982
918 1046
918 1110
919 247
919 538
919 727
919 791
919 855
919 983
919 1047
919 1111
920 89
920 287
920 664
920 728
920 764
920 792
920 856
920 881
920 984
920 1048
920 1071
920 1112
921 729
921 793
921 857
921 985
921 1049
921 1113
922 532
922 730
922 794
922 858
922 871
922 986
922 1050
922 1114
923 659
923 731
923 795
923 859
923 899
923 987
923 1051
923 1115
924 732
924 763
924 796
924 860
924 988
924 1052
924 1116
925 733
925 797
925 861
925 989
925 1053
925 1117
926 734
926 798
926 862
926 990
926 1054
926 1118
927 341
927 735
927 799
927 863
927 991
927 1055
927 1119
928 736
928 800
928 864
928 992
928 1056
928 1120
929 17
929 731
929 737
929 801
929 865
929 993
929 1036
929 1057
929 1121
930 438
930 738
930 802
930 866
930 937
930 994
930 1058
930 1122
931 483
931 537
931 613
931 739
931 803
931 867
931 995
931 1059
931 1123
932 128
932 309
932 374
932 740
932 804
932 868
932 996
932 1060
932 1124
933 741
933 757
933 805
933 869
933 997
933 1061
933 1125
934 742
934 806
934 870
934 998
934 1062
934 1126
935 743
935 807
935 871
935 999
935 1063
935 1127
936 98
936 303
936 744
936 808
936 816
936 872
936 893
936 1000
936 1064
936 1128
937 438
937 745
937 809
937 873
937 930
937 1001
937 1065
937 1129
938 746
938 791
938 810
938 874
938 980
938 1002
938 1050
938 1066
938 1130
939 312
939 430
939 703
939 747
939 811
939 875
939 1003
939 1067
940 507
940 748
940 812
940 844
940 876
940 1004
940 1068
940 1132
941 749
941 813
941 877
941 1005
941 1069
941 1133
942 750
942 814
942 878
942 984
942 1006
942 1070
942 1134
943 183
943 412
943 751
943 815
943 879
943 1007
943 1071
943 1135
944 472
944 752
944 761
944 816
944 880
944 1008
944 1070
944 1072
944 1136
944 1195
945 231
945 354
945 423
945 753
945 817
945 881
945 948
945 1009
945 1040
945 1073
945 1137
946 161
946 356
946 448
946 754
946 807
946 818
946 882
946 1010
946 1074
946 1138
947 755
947 819
947 883
947 1005
947 1011
947 1075
947 1139
948 231
948 354
948 423
948 756
948 820
948 884
948 945
948 1012
948 1040
948 1076
948 1140
949 300
949 388
949 757
949 821
949 885
949 1013
949 1077
949 1141
950 758
950 822
950 886
950 1014
950 1078
950 1142
951 512
951 759
951 823
951 887
951 1015
951 1079
951 1143
952 405
952 760
952 765
952 824
952 888
952 1016
952 1080
952 1144
953 445
953 761
953 825
953 889
953 1017
953 1081
953 1145
954 48
954 170
954 569
954 752
954 826
954 890
954 1008
954 1018
954 1082
954 1146
955 763
955 827
955 891
955 1019
955 1083
955 1147
956 764
956 828
956 892
956 1020
956 1084
956 1148
957 101
957 291
957 765
957 829
957 893
957 1021
957 1085
957 1149
957 1271
958 766
958 830
958 894
958 1022
958 1086
958 1150
959 316
959 508
959 831
959 895
959 1023
959 1087
959 1151
960 417
960 543
960 670
960 768
960 832
960 896
960 1024
960 1045
960 1088
960 1152
961 769
961 833
961 897
961 1025
961 1089
961 1153
962 770
962 834
962 898
962 1026
962 1090
962 1154
963 199
963 667
963 771
963 835
963 899
963 1027
963 1091
963 1118
963 1155
964 772
964 836
964 900
964 1028
964 1092
964 1156
965 79
965 133
965 143
965 197
965 207
965 264
965 269
965 325
965 333
965 389
965 453
965 461
965 517
965 578
965 589
965 642
965 645
965 653
965 706
965 717
965 770
965 773
965 837
965 898
965 901
965 1029
965 1090
965 1093
965 1101
965 1154
965 1157
965 1165
965 1221
965 1229
966 6
966 70
966 134
966 198
966 262
966 326
966 335
966 390
966 399
966 454
966 463
966 518
966 527
966 582
966 591
966 646
966 655
966 710
966 719
966 774
966 783
966 838
966 847
966 902
966 911
966 975
966 1030
966 1039
966 1094
966 1103
966 1158
966 1167
966 1222
966 1231
967 137
967 775
967 839
967 903
967 1031
967 1095
967 1159
968 5
968 69
968 136
968 200
968 261
968 328
968 392
968 456
968 520
968 581
968 648
968 712
968 776
968 840
968 904
968 1032
968 1096
968 1160
968 1225
969 329
969 777
969 795
969 841
969 905
969 1033
969 1097
969 1099
969 1161
970 347
970 778
970 842
970 906
970 1034
970 1098
970 1162
971 413
971 458
971 779
971 843
971 859
971 907
971 1035
971 1099
971 1163
972 780
972 844
972 908
972 1036
972 1100
972 1164
973 143
973 207
973 264
973 271
973 325
973 335
973 389
973 397
973 399
973 453
973 461
973 463
973 525
973 527
973 589
973 591
973 645
973 653
973 655
973 717
973 719
973 770
973 773
973 781
973 783
973 837
973 845
973 847
973 898
973 901
973 909
973 911
973 975
973 1029
973 1037
973 1039
973 1090
973 1093
973 1101
973 1103
973 1157
973 1165
973 1167
973 1229
973 1231
974 782
974 846
974 910
974 1038
974 1102
974 1166
975 6
975 134
975 198
975 262
975 271
975 326
975 335
975 390
975 397
975 399
975 453
975 454
975 461
975 463
975 518
975 525
975 527
975 582
975 591
975 646
975 655
975 710
975 719
975 774
975 781
975 783
975 838
975 845
975 847
975 902
975 909
975 911
975 966
975 973
975 1030
975 1037
975 1039
975 1094
975 1101
975 1103
975 1158
975 1167
975 1222
975 1231
976 144
976 631
976 784
976 848
976 855
976 912
976 1040
976 1048
976 1080
976 1104
976 1168
977 779
977 785
977 849
977 913
977 1041
977 1105
977 1169
978 420
978 786
978 850
978 914
978 1042
978 1106
978 1170
979 787
979 851
979 915
979 1043
979 1107
979 1171
980 788
980 791
980 852
980 916
980 938
980 1044
980 1050
980 1108
980 1172
981 119
981 789
981 853
981 917
981 1045
981 1109
981 1173
982 790
982 854
982 918
982 1046
982 1110
982 1174
983 791
983 823
983 855
983 919
983 1047
983 1111
983 1175
983 1264
984 792
984 856
984 920
984 942
984 1048
984 1112
984 1176
985 59
985 277
985 439
985 793
985 857
985 921
985 1049
985 1113
985 1177
986 39
986 343
986 421
986 602
986 794
986 858
986 922
986 1050
986 1114
986 1145
986 1178
987 75
987 283
987 795
987 859
987 923
987 1051
987 1115
987 1179
988 790
988 796
988 860
988 924
988 1052
988 1116
988 1156
988 1180
988 1192
989 797
989 861
989 862
989 925
989 1053
989 1117
989 1181
990 620
990 621
990 798
990 862
990 926
990 1054
990 1100
990 1118
990 1182
991 799
991 825
991 863
991 927
991 1055
991 1119
991 1183
992 800
992 864
992 928
992 1056
992 1120
992 1184
993 662
993 801
993 865
993 929
993 1057
993 1121
993 1185
994 342
994 802
994 866
994 930
994 1058
994 1122
994 1186
995 149
995 803
995 867
995 931
995 1059
995 1123
995 1187
996 804
996 868
996 932
996 1060
996 1124
996 1188
997 571
997 805
997 869
997 933
997 1061
997 1125
997 1189
998 219
998 806
998 870
998 934
998 1062
998 1126
998 1190
999 485
999 576
999 807
999 871
999 935
999 1063
999 1127
999 1191
1000 808
1000 872
1000 936
1000 1064
1000 1128
1000 1192
1001 809
1001 873
1001 937
1001 1065
1001 1129
1001 1193
1002 281
1002 680
1002 810
1002 874
1002 938
1002 1066
1002 1130
1002 1194
1003 500
1003 811
1003 875
1003 939
1003 1067
1003 1131
1003 1195
1004 76
1004 812
1004 876
1004 940
1004 1068
1004 1132
1004 1196
1004 1270
1005 813
1005 877
1005 941
1005 947
1005 1069
1005 1133
1005 1197
1006 40
1006 419
1006 628
1006 814
1006 878
1006 942
1006 1070
1006 1134
1006 1198
1006 1214
1006 1239
1007 815
1007 879
1007 943
1007 1071
1007 1135
1007 1199
1008 48
1008 170
1008 569
1008 752
1008 816
1008 880
1008 944
1008 954
1008 1072
1008 1136
1008 1200
1009 509
1009 573
1009 730
1009 817
1009 881
1009 945
1009 1073
1009 1137
1009 1201
1010 33
1010 217
1010 297
1010 503
1010 693
1010 817
1010 818
1010 882
1010 946
1010 1074
1010 1138
1010 1202
1011 819
1011 883
1011 947
1011 1075
1011 1139
1011 1203
1012 153
1012 820
1012 884
1012 948
1012 1076
1012 1140
1012 1204
1013 695
1013 821
1013 885
1013 949
1013 1077
1013 1141
1013 1205
1014 71
1014 654
1014 822
1014 886
1014 950
1014 1078
1014 1142
1014 1206
1015 182
1015 345
1015 823
1015 887
1015 951
1015 1058
1015 1079
1015 1113
1015 1143
1015 1207
1015 1253
1016 189
1016 367
1016 824
1016 888
1016 952
1016 1080
1016 1144
1016 1208
1016 1210
1017 216
1017 360
1017 701
1017 825
1017 889
1017 953
1017 1081
1017 1145
1017 1209
1018 632
1018 637
1018 826
1018 890
1018 954
1018 1082
1018 1146
1018 1210
1019 406
1019 827
1019 891
1019 955
1019 1083
1019 1147
1019 1211
1020 0
1020 828
1020 892
1020 956
1020 1084
1020 1148
1020 1212
1021 829
1021 893
1021 957
1021 1085
1021 1149
1021 1213
1022 191
1022 380
1022 427
1022 830
1022 894
1022 958
1022 1086
1022 1150
1022 1214
1023 895
1023 959
1023 1087
1023 1151
1023 1215
1024 204
1024 832
1024 896
1024 960
1024 1088
1024 1152
1024 1216
1024 1234
1025 833
1025 897
1025 961
1025 1089
1025 1153
1025 1217
1026 834
1026 898
1026 962
1026 1090
1026 1154
1026 1218
1027 835
1027 899
1027 963
1027 1091
1027 1155
1027 1169
1027 1219
1028 425
1028 836
1028 900
1028 964
1028 1092
1028 1156
1028 1220
1029 79
1029 143
1029 207
1029 264
1029 271
1029 325
1029 333
1029 335
1029 389
1029 397
1029 453
1029 461
1029 517
1029 525
1029 527
1029 589
1029 591
1029 642
1029 645
1029 653
1029 655
1029 717
1029 770
1029 773
1029 781
1029 837
1029 845
1029 898
1029 901
1029 909
1029 965
1029 973
1029 1037
1029 1090
1029 1093
1029 1101
1029 1157
1029 1165
1029 1221
1029 1229
1030 6
1030 70
1030 134
1030 198
1030 262
1030 326
1030 335
1030 390
1030 397
1030 399
1030 454
1030 463
1030 518
1030 527
1030 582
1030 591
1030 646
1030 655
1030 710
1030 719
1030 774
1030 783
1030 838
1030 847
1030 902
1030 911
1030 966
1030 975
1030 1039
1030 1094
1030 1103
1030 1158
1030 1167
1030 1222
1030 1231
1031 839
1031 903
1031 967
1031 1095
1031 1159
1031 1223
1032 5
1032 69
1032 136
1032 200
1032 261
1032 328
1032 392
1032 456
1032 520
1032 581
1032 648
1032 712
1032 776
1032 840
1032 904
1032 968
1032 1096
1032 1160
1032 1224
1032 1225
1033 841
1033 905
1033 969
1033 1097
1033 1161
1033 1225
1034 138
1034 842
1034 851
1034 906
1034 970
1034 1098
1034 1162
1034 1226
1035 587
1035 843
1035 907
1035 971
1035 1099
1035 1163
1035 1227
1036 17
1036 731
1036 844
1036 908
1036 929
1036 972
1036 1100
1036 1164
1036 1228
1037 207
1037 264
1037 271
1037 325
1037 335
1037 397
1037 399
1037 453
1037 461
1037 463
1037 525
1037 527
1037 589
1037 591
1037 645
1037 653
1037 655
1037 717
1037 719
1037 770
1037 773
1037 781
1037 783
1037 837
1037 845
1037 847
1037 898
1037 909
1037 911
1037 973
1037 975
1037 1029
1037 1039
1037 1093
1037 1101
1037 1103
1037 1157
1037 1165
1037 1167
1037 1229
1037 1231
1038 539
1038 846
1038 910
1038 974
1038 1102
1038 1166
1038 1230
1039 6
1039 70
1039 198
1039 262
1039 271
1039 326
1039 335
1039 390
1039 397
1039 399
1039 453
1039 454
1039 463
1039 518
1039 525
1039 527
1039 582
1039 591
1039 646
1039 655
1039 710
1039 719
1039 774
1039 781
1039 783
1039 838
1039 845
1039 847
1039 902
1039 909
1039 911
1039 966
1039 973
1039 975
1039 1030
1039 1037
1039 1094
1039 1101
1039 1103
1039 1158
1039 1167
1039 1222
1039 1231
1040 231
1040 354
1040 423
1040 848
1040 912
1040 945
1040 948
1040 976
1040 1104
1040 1168
1040 1232
1041 96
1041 849
1041 913
1041 977
1041 1105
1041 1169
1041 1233
1042 850
1042 914
1042 978
1042 1106
1042 1170
1042 1234
1043 851
1043 915
1043 979
1043 1107
1043 1171
1043 1235
1044 372
1044 852
1044 916
1044 980
1044 1077
1044 1108
1044 1172
1044 1236
1045 417
1045 543
1045 670
1045 853
1045 917
1045 960
1045 981
1045 1109
1045 1173
1045 1237
1046 854
1046 918
1046 982
1046 1110
1046 1174
1046 1238
1047 61
1047 497
1047 663
1047 855
1047 919
1047 983
1047 1111
1047 1175
1047 1239
1048 144
1048 631
1048 855
1048 856
1048 920
1048 976
1048 984
1048 1080
1048 1112
1048 1176
1048 1240
1049 857
1049 921
1049 985
1049 1113
1049 1177
1049 1241
1050 791
1050 858
1050 922
1050 938
1050 980
1050 986
1050 1114
1050 1178
1050 1242
1051 859
1051 923
1051 987
1051 1115
1051 1179
1051 1243
1051 1246
1052 548
1052 860
1052 900
1052 924
1052 988
1052 1088
1052 1116
1052 1180
1052 1196
1052 1244
1053 861
1053 925
1053 989
1053 1117
1053 1181
1053 1245
1054 28
1054 862
1054 926
1054 990
1054 1118
1054 1182
1054 1246
1055 863
1055 873
1055 927
1055 991
1055 1119
1055 1183
1055 1247
1056 736
1056 864
1056 928
1056 992
1056 1120
1056 1126
1056 1184
1056 1248
1057 865
1057 929
1057 993
1057 1121
1057 1185
1057 1249
1058 182
1058 345
1058 866
1058 930
1058 994
1058 1015
1058 1113
1058 1122
1058 1186
1058 1250
1058 1253
1059 867
1059 931
1059 995
1059 1123
1059 1187
1059 1251
1060 868
1060 932
1060 996
1060 1124
1060 1188
1060 1252
1061 869
1061 933
1061 997
1061 1125
1061 1189
1061 1253
1062 870
1062 934
1062 998
1062 1126
1062 1190
1062 1254
1063 871
1063 935
1063 999
1063 1127
1063 1191
1063 1255
1064 872
1064 894
1064 936
1064 1000
1064 1128
1064 1192
1064 1194
1064 1256
1065 16
1065 21
1065 229
1065 272
1065 622
1065 873
1065 937
1065 1001
1065 1129
1065 1193
1065 1257
1066 220
1066 874
1066 938
1066 1002
1066 1130
1066 1194
1066 1232
1066 1257
1066 1258
1067 875
1067 939
1067 1003
1067 1131
1067 1195
1068 876
1068 940
1068 1004
1068 1132
1068 1196
1068 1260
1069 565
1069 745
1069 877
1069 941
1069 1005
1069 1133
1069 1197
1069 1261
1070 472
1070 761
1070 878
1070 942
1070 944
1070 1006
1070 1134
1070 1195
1070 1198
1070 1262
1071 89
1071 287
1071 664
1071 764
1071 879
1071 881
1071 920
1071 943
1071 1007
1071 1135
1071 1199
1071 1263
1072 26
1072 152
1072 561
1072 880
1072 944
1072 1008
1072 1136
1072 1175
1072 1200
1072 1264
1073 474
1073 504
1073 881
1073 945
1073 1009
1073 1137
1073 1172
1073 1201
1073 1265
1074 882
1074 946
1074 1010
1074 1129
1074 1138
1074 1202
1074 1266
1075 846
1075 883
1075 947
1075 1011
1075 1139
1075 1203
1075 1267
1076 242
1076 884
1076 948
1076 1012
1076 1140
1076 1204
1076 1268
1077 372
1077 885
1077 949
1077 1013
1077 1044
1077 1141
1077 1205
1077 1269
1078 290
1078 836
1078 886
1078 950
1078 1014
1078 1142
1078 1206
1078 1270
1079 187
1079 361
1079 551
1079 887
1079 951
1079 1015
1079 1143
1079 1207
1079 1268
1079 1271
1080 144
1080 631
1080 855
1080 888
1080 952
1080 976
1080 1016
1080 1048
1080 1144
1080 1208
1080 1272
1081 100
1081 555
1081 889
1081 953
1081 1017
1081 1145
1081 1209
1081 1273
1082 954
1082 1018
1082 1146
1082 1210
1082 1274
1083 74
1083 140
1083 475
1083 891
1083 955
1083 1019
1083 1147
1083 1211
1083 1275
1084 892
1084 956
1084 1020
1084 1148
1084 1212
1084 1276
1085 88
1085 212
1085 235
1085 432
1085 875
1085 893
1085 957
1085 1021
1085 1087
1085 1149
1085 1213
1085 1277
1086 623
1086 892
1086 894
1086 958
1086 1022
1086 1150
1086 1213
1086 1214
1086 1278
1087 88
1087 212
1087 235
1087 432
1087 875
1087 895
1087 959
1087 1023
1087 1085
1087 1151
1087 1215
1087 1279
1088 548
1088 896
1088 900
1088 960
1088 1024
1088 1052
1088 1152
1088 1196
1088 1216
1089 897
1089 961
1089 1025
1089 1153
1089 1217
1090 79
1090 264
1090 269
1090 325
1090 333
1090 389
1090 453
1090 461
1090 517
1090 589
1090 642
1090 645
1090 653
1090 706
1090 717
1090 770
1090 773
1090 837
1090 898
1090 901
1090 962
1090 965
1090 973
1090 1026
1090 1029
1090 1093
1090 1101
1090 1154
1090 1157
1090 1165
1090 1218
1090 1221
1090 1229
1091 721
1091 899
1091 963
1091 1027
1091 1155
1091 1219
1092 612
1092 900
1092 964
1092 1028
1092 1156
1092 1220
1092 1250
1093 79
1093 143
1093 207
1093 264
1093 271
1093 325
1093 333
1093 335
1093 389
1093 397
1093 453
1093 461
1093 517
1093 525
1093 527
1093 589
1093 591
1093 642
1093 645
1093 653
1093 655
1093 717
1093 770
1093 773
1093 781
1093 837
1093 845
1093 898
1093 901
1093 909
1093 965
1093 973
1093 1029
1093 1037
1093 1090
1093 1101
1093 1157
1093 1165
1093 1221
1093 1229
1094 6
1094 70
1094 134
1094 198
1094 262
1094 326
1094 335
1094 390
1094 397
1094 399
1094 454
1094 463
1094 518
1094 527
1094 582
1094 591
1094 646
1094 655
1094 710
1094 719
1094 774
1094 783
1094 838
1094 847
1094 902
1094 911
1094 966
1094 975
1094 1030
1094 1039
1094 1103
1094 1158
1094 1167
1094 1222
1094 1231
1095 903
1095 967
1095 1031
1095 1159
1095 1223
1096 5
1096 69
1096 136
1096 200
1096 261
1096 328
1096 392
1096 456
1096 520
1096 581
1096 648
1096 712
1096 776
1096 840
1096 904
1096 968
1096 1032
1096 1160
1096 1224
1096 1225
1097 905
1097 969
1097 1033
1097 1161
1097 1225
1098 806
1098 906
1098 970
1098 1034
1098 1162
1098 1226
1099 329
1099 795
1099 907
1099 969
1099 971
1099 1035
1099 1163
1099 1227
1100 620
1100 621
1100 908
1100 972
1100 990
1100 1036
1100 1164
1100 1228
1101 143
1101 207
1101 264
1101 271
1101 325
1101 335
1101 389
1101 397
1101 399
1101 453
1101 461
1101 525
1101 527
1101 589
1101 591
1101 645
1101 653
1101 655
1101 717
1101 719
1101 770
1101 773
1101 781
1101 837
1101 845
1101 898
1101 901
1101 909
1101 911
1101 965
1101 973
1101 975
1101 1029
1101 1037
1101 1039
1101 1090
1101 1093
1101 1103
1101 1157
1101 1165
1101 1229
1101 1231
1102 579
1102 910
1102 974
1102 1038
1102 1166
1102 1230
1102 1254
1103 6
1103 262
1103 271
1103 326
1103 335
1103 390
1103 397
1103 399
1103 453
1103 454
1103 461
1103 463
1103 518
1103 525
1103 527
1103 582
1103 591
1103 646
1103 655
1103 710
1103 719
1103 774
1103 781
1103 783
1103 838
1103 845
1103 847
1103 902
1103 909
1103 911
1103 966
1103 973
1103 975
1103 1030
1103 1037
1103 1039
1103 1094
1103 1101
1103 1158
1103 1167
1103 1222
1103 1231
1104 162
1104 912
1104 976
1104 1040
1104 1168
1104 1232
1105 457
1105 913
1105 977
1105 1041
1105 1169
1105 1233
1106 914
1106 978
1106 1042
1106 1170
1106 1234
1107 915
1107 979
1107 1043
1107 1171
1107 1235
1108 660
1108 916
1108 980
1108 1044
1108 1172
1108 1236
1109 917
1109 981
1109 1045
1109 1173
1109 1237
1110 614
1110 918
1110 982
1110 1046
1110 1174
1110 1238
1111 247
1111 538
1111 919
1111 983
1111 1047
1111 1175
1111 1239
1112 346
1112 700
1112 920
1112 984
1112 1048
1112 1176
1112 1240
1113 182
1113 345
1113 921
1113 985
1113 1015
1113 1049
1113 1058
1113 1177
1113 1241
1113 1253
1114 528
1114 601
1114 869
1114 922
1114 986
1114 1050
1114 1178
1114 1242
1115 923
1115 987
1115 1051
1115 1179
1115 1243
1115 1245
1116 196
1116 708
1116 740
1116 924
1116 988
1116 1052
1116 1180
1116 1244
1117 925
1117 989
1117 1053
1117 1181
1117 1245
1118 199
1118 667
1118 926
1118 963
1118 990
1118 1054
1118 1182
1118 1246
1119 609
1119 704
1119 927
1119 991
1119 1055
1119 1183
1119 1247
1120 928
1120 992
1120 1056
1120 1184
1120 1248
1121 285
1121 929
1121 993
1121 1057
1121 1185
1121 1249
1122 802
1122 930
1122 994
1122 1058
1122 1186
1122 1250
1123 97
1123 489
1123 789
1123 804
1123 931
1123 995
1123 1059
1123 1187
1123 1251
1124 932
1124 996
1124 1060
1124 1188
1124 1252
1125 53
1125 933
1125 997
1125 1061
1125 1189
1125 1253
1126 736
1126 934
1126 998
1126 1056
1126 1062
1126 1190
1126 1254
1127 737
1127 935
1127 999
1127 1063
1127 1191
1127 1255
1128 626
1128 936
1128 1000
1128 1064
1128 1192
1128 1256
1129 937
1129 1001
1129 1065
1129 1074
1129 1193
1129 1257
1130 60
1130 318
1130 574
1130 938
1130 1002
1130 1066
1130 1194
1130 1258
1131 253
1131 433
1131 1003
1131 1067
1131 1195
1131 1259
1132 716
1132 940
1132 1004
1132 1068
1132 1196
1132 1260
1133 941
1133 1005
1133 1069
1133 1197
1133 1261
1134 171
1134 488
1134 490
1134 942
1134 1006
1134 1070
1134 1198
1134 1262
1135 154
1135 943
1135 1007
1135 1071
1135 1199
1135 1263
1136 215
1136 369
1136 426
1136 916
1136 944
1136 1008
1136 1072
1136 1200
1136 1264
1137 23
1137 945
1137 1009
1137 1073
1137 1201
1137 1265
1138 820
1138 946
1138 1010
1138 1074
1138 1202
1138 1266
1139 947
1139 1011
1139 1075
1139 1203
1139 1267
1140 31
1140 226
1140 370
1140 436
1140 615
1140 948
1140 1012
1140 1076
1140 1204
1140 1268
1141 949
1141 1013
1141 1077
1141 1204
1141 1205
1141 1269
1142 658
1142 950
1142 1014
1142 1078
1142 1206
1142 1270
1143 223
1143 852
1143 951
1143 1015
1143 1079
1143 1207
1143 1271
1144 276
1144 727
1144 895
1144 952
1144 1016
1144 1080
1144 1208
1144 1272
1145 39
1145 343
1145 421
1145 602
1145 953
1145 986
1145 1017
1145 1081
1145 1209
1145 1273
1146 80
1146 116
1146 241
1146 954
1146 1018
1146 1082
1146 1210
1146 1236
1146 1274
1147 10
1147 352
1147 907
1147 955
1147 1019
1147 1083
1147 1211
1147 1275
1148 506
1148 554
1148 572
1148 956
1148 1020
1148 1084
1148 1212
1148 1276
1149 20
1149 56
1149 683
1149 957
1149 1021
1149 1085
1149 1213
1149 1277
1150 174
1150 888
1150 958
1150 1022
1150 1086
1150 1214
1150 1278
1151 559
1151 959
1151 1023
1151 1087
1151 1215
1151 1279
1152 758
1152 960
1152 1024
1152 1088
1152 1216
1153 961
1153 1025
1153 1089
1153 1217
1154 133
1154 197
1154 269
1154 325
1154 333
1154 389
1154 517
1154 578
1154 584
1154 642
1154 653
1154 706
1154 709
1154 717
1154 901
1154 962
1154 965
1154 1026
1154 1090
1154 1165
1154 1218
1154 1221
1155 963
1155 1027
1155 1091
1155 1219
1156 790
1156 964
1156 988
1156 1028
1156 1092
1156 1192
1156 1220
1157 79
1157 143
1157 207
1157 264
1157 325
1157 333
1157 389
1157 397
1157 453
1157 461
1157 517
1157 525
1157 589
1157 591
1157 642
1157 645
1157 653
1157 655
1157 717
1157 770
1157 773
1157 781
1157 837
1157 845
1157 898
1157 901
1157 909
1157 965
1157 973
1157 1029
1157 1037
1157 1090
1157 1093
1157 1101
1157 1165
1157 1221
1157 1229
1158 6
1158 70
1158 134
1158 198
1158 262
1158 326
1158 335
1158 390
1158 397
1158 399
1158 454
1158 463
1158 518
1158 527
1158 582
1158 591
1158 646
1158 655
1158 710
1158 719
1158 774
1158 783
1158 838
1158 845
1158 847
1158 902
1158 911
1158 966
1158 975
1158 1030
1158 1039
1158 1094
1158 1103
1158 1167
1158 1222
1158 1231
1159 967
1159 1031
1159 1095
1159 1223
1160 5
1160 69
1160 136
1160 200
1160 261
1160 328
1160 392
1160 456
1160 520
1160 581
1160 648
1160 712
1160 776
1160 840
1160 904
1160 968
1160 1032
1160 1096
1160 1224
1160 1225
1161 323
1161 969
1161 1033
1161 1097
1161 1225
1162 970
1162 1034
1162 1098
1162 1226
1163 413
1163 458
1163 859
1163 971
1163 1035
1163 1099
1163 1227
1164 972
1164 1036
1164 1100
1164 1228
1165 79
1165 143
1165 264
1165 325
1165 333
1165 389
1165 453
1165 461
1165 517
1165 525
1165 589
1165 642
1165 645
1165 653
1165 717
1165 770
1165 773
1165 781
1165 837
1165 898
1165 901
1165 909
1165 965
1165 973
1165 1029
1165 1037
1165 1090
1165 1093
1165 1101
1165 1154
1165 1157
1165 1221
1165 1229
1166 974
1166 1038
1166 1102
1166 1230
1167 6
1167 70
1167 198
1167 262
1167 326
1167 335
1167 390
1167 397
1167 399
1167 454
1167 463
1167 518
1167 525
1167 527
1167 582
1167 591
1167 646
1167 655
1167 710
1167 719
1167 774
1167 781
1167 783
1167 838
1167 845
1167 847
1167 902
1167 909
1167 911
1167 966
1167 973
1167 975
1167 1030
1167 1037
1167 1039
1167 1094
1167 1103
1167 1158
1167 1222
1167 1231
1168 479
1168 976
1168 1040
1168 1104
1168 1177
1168 1232
1169 977
1169 1027
1169 1041
1169 1105
1169 1233
1170 94
1170 422
1170 566
1170 978
1170 1042
1170 1106
1170 1234
1171 979
1171 1043
1171 1107
1171 1223
1171 1235
1172 474
1172 504
1172 980
1172 1044
1172 1073
1172 1108
1172 1236
1173 981
1173 1045
1173 1109
1173 1237
1174 982
1174 1046
1174 1110
1174 1238
1175 26
1175 152
1175 561
1175 983
1175 1047
1175 1072
1175 1111
1175 1239
1176 118
1176 168
1176 984
1176 1048
1176 1112
1176 1240
1177 479
1177 985
1177 1049
1177 1113
1177 1168
1177 1241
1178 562
1178 754
1178 986
1178 1050
1178 1114
1178 1242
1178 1266
1179 987
1179 1051
1179 1115
1179 1206
1179 1243
1180 988
1180 1052
1180 1116
1180 1244
1181 135
1181 903
1181 989
1181 1053
1181 1117
1181 1245
1182 22
1182 246
1182 732
1182 990
1182 1054
1182 1118
1182 1246
1183 178
1183 879
1183 991
1183 1055
1183 1119
1183 1247
1184 603
1184 992
1184 1056
1184 1120
1184 1248
1185 172
1185 993
1185 1057
1185 1121
1185 1249
1186 994
1186 1058
1186 1122
1186 1250
1187 25
1187 408
1187 498
1187 995
1187 1059
1187 1123
1187 1251
1188 452
1188 524
1188 786
1188 996
1188 1060
1188 1124
1188 1252
1189 18
1189 86
1189 348
1189 546
1189 997
1189 1061
1189 1125
1189 1253
1190 998
1190 1062
1190 1126
1190 1254
1191 44
1191 999
1191 1063
1191 1127
1191 1255
1192 790
1192 988
1192 1000
1192 1064
1192 1128
1192 1156
1192 1256
1193 68
1193 1001
1193 1065
1193 1129
1193 1257
1194 894
1194 1002
1194 1064
1194 1066
1194 1130
1194 1258
1195 472
1195 761
1195 944
1195 1003
1195 1067
1195 1070
1195 1131
1195 1259
1196 548
1196 900
1196 1004
1196 1052
1196 1068
1196 1088
1196 1132
1196 1260
1197 1005
1197 1069
1197 1133
1197 1261
1198 105
1198 469
1198 692
1198 1006
1198 1070
1198 1134
1198 1240
1198 1262
1199 106
1199 728
1199 788
1199 1007
1199 1071
1199 1135
1199 1263
1200 611
1200 625
1200 1008
1200 1072
1200 1136
1200 1264
1201 52
1201 1009
1201 1073
1201 1137
1201 1265
1202 293
1202 681
1202 1010
1202 1074
1202 1138
1202 1266
1203 1011
1203 1075
1203 1139
1203 1267
1204 1012
1204 1076
1204 1140
1204 1141
1204 1268
1205 402
1205 1013
1205 1077
1205 1141
1205 1269
1206 1014
1206 1078
1206 1142
1206 1179
1206 1270
1207 84
1207 344
1207 689
1207 1015
1207 1079
1207 1143
1207 1271
1208 407
1208 826
1208 1016
1208 1080
1208 1144
1208 1272
1209 120
1209 378
1209 867
1209 1017
1209 1081
1209 1145
1209 1273
1210 189
1210 367
1210 1016
1210 1018
1210 1082
1210 1146
1210 1274
1211 1019
1211 1083
1211 1147
1211 1275
1212 618
1212 638
1212 1020
1212 1084
1212 1148
1212 1276
1213 623
1213 892
1213 1021
1213 1085
1213 1086
1213 1149
1213 1277
1214 40
1214 419
1214 628
1214 878
1214 1006
1214 1022
1214 1086
1214 1150
1214 1239
1214 1278
1215 43
1215 184
1215 1023
1215 1087
1215 1151
1215 1279
1216 1024
1216 1088
1216 1152
1217 1025
1217 1089
1217 1153
1218 8
1218 72
1218 578
1218 584
1218 706
1218 709
1218 1026
1218 1090
1218 1154
1219 1027
1219 1091
1219 1155
1220 726
1220 1028
1220 1092
1220 1156
1221 133
1221 197
1221 269
1221 333
1221 389
1221 517
1221 578
1221 584
1221 589
1221 642
1221 645
1221 653
1221 706
1221 709
1221 717
1221 837
1221 898
1221 901
1221 965
1221 1029
1221 1090
1221 1093
1221 1154
1221 1157
1221 1165
1222 6
1222 70
1222 134
1222 198
1222 262
1222 326
1222 390
1222 397
1222 399
1222 454
1222 463
1222 518
1222 527
1222 582
1222 591
1222 646
1222 655
1222 710
1222 719
1222 774
1222 783
1222 838
1222 845
1222 847
1222 902
1222 911
1222 966
1222 975
1222 1030
1222 1039
1222 1094
1222 1103
1222 1158
1222 1167
1222 1231
1223 1031
1223 1095
1223 1159
1223 1171
1224 1032
1224 1096
1224 1160
1225 5
1225 69
1225 136
1225 200
1225 261
1225 328
1225 392
1225 456
1225 520
1225 581
1225 648
1225 712
1225 776
1225 840
1225 904
1225 968
1225 1032
1225 1033
1225 1096
1225 1097
1225 1160
1225 1161
1226 138
1226 851
1226 1034
1226 1098
1226 1162
1227 1035
1227 1099
1227 1163
1228 1036
1228 1100
1228 1164
1229 143
1229 207
1229 271
1229 389
1229 397
1229 399
1229 453
1229 461
1229 525
1229 527
1229 589
1229 591
1229 645
1229 653
1229 655
1229 717
1229 719
1229 770
1229 773
1229 781
1229 837
1229 845
1229 898
1229 901
1229 909
1229 965
1229 973
1229 1029
1229 1037
1229 1090
1229 1093
1229 1101
1229 1157
1229 1165
1229 1231
1230 129
1230 1038
1230 1102
1230 1166
1231 335
1231 390
1231 397
1231 399
1231 453
1231 454
1231 461
1231 463
1231 518
1231 525
1231 527
1231 582
1231 591
1231 646
1231 655
1231 710
1231 719
1231 770
1231 773
1231 774
1231 781
1231 783
1231 838
1231 845
1231 847
1231 902
1231 909
1231 911
1231 966
1231 973
1231 975
1231 1030
1231 1037
1231 1039
1231 1094
1231 1101
1231 1103
1231 1158
1231 1167
1231 1222
1231 1229
1232 220
1232 1040
1232 1066
1232 1104
1232 1168
1232 1257
1233 1041
1233 1105
1233 1169
1234 204
1234 1024
1234 1042
1234 1106
1234 1170
1235 1043
1235 1107
1235 1171
1236 80
1236 116
1236 241
1236 1044
1236 1108
1236 1146
1236 1172
1237 629
1237 803
1237 832
1237 1045
1237 1109
1237 1173
1238 30
1238 150
1238 307
1238 1046
1238 1110
1238 1174
1238 1261
1239 40
1239 419
1239 628
1239 878
1239 1006
1239 1047
1239 1111
1239 1175
1239 1214
1240 105
1240 469
1240 692
1240 1048
1240 1112
1240 1176
1240 1198
1241 1049
1241 1113
1241 1177
1242 473
1242 671
1242 784
1242 1050
1242 1114
1242 1178
1243 1051
1243 1115
1243 1179
1244 872
1244 1052
1244 1116
1244 1180
1245 1053
1245 1115
1245 1117
1245 1181
1246 1051
1246 1054
1246 1118
1246 1182
1247 580
1247 896
1247 1055
1247 1119
1247 1183
1248 480
1248 1056
1248 1120
1248 1184
1249 673
1249 1057
1249 1121
1249 1185
1250 612
1250 1058
1250 1092
1250 1122
1250 1186
1251 468
1251 866
1251 1059
1251 1123
1251 1187
1252 92
1252 222
1252 1060
1252 1124
1252 1188
1253 182
1253 345
1253 1015
1253 1058
1253 1061
1253 1113
1253 1125
1253 1189
1254 579
1254 1062
1254 1102
1254 1126
1254 1190
1255 661
1255 690
1255 744
1255 821
1255 1063
1255 1127
1255 1191
1255 1262
1256 630
1256 749
1256 1064
1256 1128
1256 1192
1257 220
1257 1065
1257 1066
1257 1129
1257 1193
1257 1232
1258 175
1258 696
1258 1066
1258 1130
1258 1194
1259 304
1259 1131
1259 1195
1260 1068
1260 1132
1260 1196
1261 30
1261 150
1261 307
1261 1069
1261 1133
1261 1197
1261 1238
1262 661
1262 690
1262 744
1262 821
1262 1070
1262 1134
1262 1198
1262 1255
1263 677
1263 724
1263 1071
1263 1135
1263 1199
1264 823
1264 983
1264 1072
1264 1136
1264 1200
1265 697
1265 1073
1265 1137
1265 1201
1266 562
1266 754
1266 1074
1266 1138
1266 1178
1266 1202
1267 864
1267 1075
1267 1139
1267 1203
1268 187
1268 361
1268 551
1268 1076
1268 1079
1268 1140
1268 1204
1269 54
1269 278
1269 1077
1269 1141
1269 1205
1270 76
1270 1004
1270 1078
1270 1142
1270 1206
1271 101
1271 291
1271 957
1271 1079
1271 1143
1271 1207
1272 24
1272 682
1272 1080
1272 1144
1272 1208
1273 792
1273 912
1273 1081
1273 1145
1273 1209
1274 1082
1274 1146
1274 1210
1275 1083
1275 1147
1275 1211
1276 46
1276 1084
1276 1148
1276 1212
1277 471
1277 1085
1277 1149
1277 1213
1278 124
1278 127
1278 1086
1278 1150
1278 1214
1279 185
1279 547
1279 636
1279 1087
1279 1151
1279 1215
