0 64
0 128
0 192
0 868
1 65
1 129
1 193
2 66
2 130
2 194
2 971
2 1169
3 67
3 131
3 195
4 68
4 132
4 156
4 196
4 210
4 278
4 540
4 738
5 15
5 69
5 133
5 197
5 271
5 335
5 399
5 456
5 463
5 517
5 527
5 581
5 589
5 591
5 645
5 653
5 655
5 717
5 719
5 781
5 783
5 837
5 845
5 847
5 962
5 965
5 973
5 1029
5 1037
5 1101
5 1165
5 1229
6 70
6 134
6 198
6 262
6 326
6 390
6 454
6 518
6 582
6 591
6 646
6 655
6 710
6 774
6 838
6 902
6 966
6 1030
6 1094
6 1158
6 1222
7 71
7 135
7 199
7 782
8 72
8 136
8 197
8 200
8 261
8 328
8 392
8 453
8 520
8 584
8 648
8 712
8 773
8 840
8 904
8 968
8 1032
8 1096
8 1160
8 1224
9 73
9 137
9 201
9 723
10 74
10 138
10 202
11 75
11 139
11 203
12 76
12 140
12 204
12 364
13 77
13 141
13 205
14 78
14 142
14 206
15 5
15 69
15 79
15 133
15 143
15 207
15 271
15 335
15 399
15 456
15 463
15 517
15 527
15 581
15 589
15 591
15 645
15 653
15 717
15 719
15 781
15 783
15 837
15 845
15 847
15 962
15 965
15 1029
15 1090
15 1165
15 1221
15 1229
16 80
16 144
16 208
17 81
17 145
17 209
17 771
18 82
18 146
18 210
19 83
19 147
19 211
20 84
20 148
20 212
20 664
20 953
20 1136
20 1262
21 85
21 97
21 149
21 213
21 356
22 86
22 150
22 214
22 588
23 87
23 151
23 215
23 508
23 700
23 1151
24 88
24 152
24 216
24 276
24 536
24 881
25 89
25 153
25 217
25 485
25 873
26 90
26 154
26 218
26 436
26 1072
27 91
27 155
27 219
28 68
28 92
28 156
28 220
28 379
28 553
28 743
28 1271
29 93
29 157
29 221
30 94
30 158
30 199
30 222
30 797
31 95
31 159
31 223
31 1251
32 96
32 160
32 224
32 273
33 50
33 97
33 161
33 225
33 1113
34 98
34 162
34 226
34 310
34 360
35 99
35 163
35 227
35 599
35 1018
36 100
36 164
36 217
36 228
36 600
36 690
37 101
37 165
37 229
37 1192
38 102
38 166
38 230
38 349
38 910
39 103
39 167
39 169
39 231
39 341
39 1187
40 49
40 104
40 168
40 232
41 105
41 169
41 233
41 677
41 768
41 1191
42 106
42 170
42 234
42 343
42 762
43 107
43 171
43 235
43 810
43 830
44 108
44 172
44 236
44 676
45 109
45 173
45 237
45 353
45 548
45 640
45 999
45 1138
46 110
46 174
46 238
46 698
46 746
46 764
47 48
47 111
47 175
47 239
47 803
47 817
48 47
48 112
48 176
48 240
48 803
48 817
49 40
49 113
49 177
49 241
50 33
50 114
50 178
50 242
50 1113
51 115
51 179
51 243
52 116
52 180
52 244
53 100
53 117
53 181
53 245
53 415
53 1044
54 118
54 182
54 246
54 357
54 373
54 759
54 871
54 1050
55 119
55 183
55 212
55 247
55 248
55 875
56 120
56 184
56 188
56 248
56 1148
57 121
57 185
57 249
57 314
57 952
58 122
58 186
58 317
58 959
59 123
59 187
59 251
59 1150
60 124
60 188
60 252
60 442
60 686
60 767
60 1066
61 125
61 175
61 189
61 253
61 597
61 957
61 1144
62 126
62 190
62 692
62 1195
63 127
63 191
63 235
63 255
63 376
64 0
64 128
64 192
64 256
64 476
64 725
64 948
65 1
65 129
65 193
65 257
66 2
66 130
66 194
66 258
67 3
67 131
67 195
67 259
67 779
67 1227
68 4
68 28
68 132
68 196
68 260
68 379
68 553
68 743
68 1271
69 5
69 15
69 133
69 143
69 197
69 261
69 271
69 325
69 335
69 389
69 399
69 456
69 461
69 517
69 525
69 581
69 645
69 653
69 709
69 717
69 781
69 834
69 837
69 845
69 898
69 909
69 1093
69 1157
70 6
70 134
70 198
70 262
70 326
70 390
70 454
70 518
70 527
70 582
70 589
70 591
70 646
70 655
70 710
70 719
70 774
70 783
70 838
70 847
70 902
70 911
70 966
70 975
70 1030
70 1094
70 1158
70 1222
71 7
71 135
71 199
71 263
71 301
72 8
72 136
72 197
72 200
72 261
72 264
72 328
72 392
72 453
72 520
72 584
72 648
72 712
72 773
72 840
72 904
72 968
72 1032
72 1096
72 1160
72 1224
73 9
73 137
73 201
73 265
73 449
74 10
74 138
74 202
74 266
74 1053
75 11
75 139
75 203
75 267
76 12
76 135
76 140
76 204
76 268
77 13
77 141
77 205
77 269
78 14
78 142
78 206
78 270
78 352
79 15
79 143
79 207
79 271
80 16
80 89
80 144
80 208
80 272
80 1015
80 1175
81 17
81 145
81 209
81 273
82 18
82 146
82 210
82 274
82 1188
83 19
83 147
83 211
83 275
84 20
84 148
84 212
84 239
84 276
84 752
84 890
84 958
84 1021
85 21
85 149
85 213
85 277
85 1134
85 1176
86 22
86 150
86 214
86 278
86 1064
87 23
87 151
87 215
87 279
87 473
87 872
87 1194
88 24
88 152
88 186
88 216
88 280
88 291
89 25
89 80
89 153
89 217
89 281
89 1015
89 1175
90 26
90 110
90 124
90 154
90 218
90 282
90 637
90 1145
91 27
91 115
91 155
91 204
91 219
91 283
92 28
92 156
92 220
92 284
92 1106
93 29
93 157
93 221
93 285
93 492
93 580
93 1141
94 30
94 158
94 222
94 286
94 1245
95 31
95 159
95 223
95 287
95 671
96 32
96 160
96 224
96 288
96 649
97 21
97 33
97 161
97 225
97 289
97 356
98 34
98 162
98 226
98 290
98 818
99 35
99 163
99 227
99 291
99 345
99 1204
100 36
100 53
100 164
100 228
100 292
100 415
100 1044
101 37
101 165
101 229
101 293
102 38
102 166
102 230
102 294
103 39
103 167
103 231
103 295
103 535
103 613
103 794
103 1178
104 40
104 168
104 232
104 296
104 560
104 638
105 41
105 169
105 233
105 297
106 42
106 170
106 234
106 298
106 340
106 569
106 702
106 816
107 43
107 171
107 235
107 445
107 625
108 44
108 172
108 236
108 300
108 502
108 732
109 45
109 173
109 237
109 301
110 46
110 90
110 124
110 174
110 238
110 637
110 1145
111 47
111 175
111 192
111 239
111 303
111 1212
112 48
112 176
112 240
112 304
112 824
112 829
112 1210
113 49
113 177
113 241
113 279
113 305
114 50
114 178
114 242
114 306
114 724
114 1063
114 1114
115 51
115 91
115 179
115 204
115 243
115 307
116 52
116 180
116 244
116 308
116 443
116 543
116 927
117 53
117 181
117 245
117 309
118 54
118 182
118 246
118 310
119 55
119 183
119 247
119 311
119 1127
120 56
120 184
120 248
120 312
120 663
121 57
121 185
121 249
121 368
122 58
122 186
122 314
123 59
123 187
123 251
123 315
123 370
123 1071
124 60
124 90
124 110
124 188
124 252
124 637
124 1145
125 61
125 189
125 253
125 889
126 62
126 190
126 227
126 254
126 318
126 410
126 487
126 799
126 1022
127 63
127 191
127 255
128 0
128 64
128 192
128 256
128 320
129 1
129 65
129 193
129 257
129 321
130 2
130 66
130 194
130 258
130 322
131 3
131 67
131 195
131 259
131 323
131 393
132 4
132 68
132 196
132 260
132 324
132 1054
132 1181
133 5
133 15
133 69
133 143
133 197
133 261
133 271
133 325
133 335
133 399
133 456
133 463
133 517
133 525
133 527
133 581
133 589
133 645
133 653
133 709
133 717
133 719
133 781
133 783
133 834
133 837
133 845
133 847
133 909
133 962
133 965
133 973
133 1029
133 1090
133 1221
134 6
134 70
134 198
134 262
134 326
134 390
134 454
134 518
134 527
134 582
134 589
134 591
134 646
134 655
134 710
134 719
134 774
134 783
134 838
134 847
134 902
134 911
134 966
134 975
134 1030
134 1094
134 1158
134 1222
135 7
135 71
135 76
135 199
135 263
135 327
136 8
136 72
136 197
136 200
136 261
136 264
136 328
136 392
136 453
136 520
136 584
136 648
136 712
136 773
136 840
136 904
136 968
136 1032
136 1096
136 1160
136 1224
137 9
137 73
137 201
137 265
137 329
138 10
138 74
138 202
138 266
138 330
138 907
139 11
139 75
139 203
139 267
139 331
140 12
140 76
140 204
140 268
140 332
141 13
141 77
141 205
141 269
141 333
142 14
142 78
142 206
142 270
142 334
143 15
143 69
143 79
143 133
143 207
143 271
143 325
143 335
143 389
143 399
143 456
143 461
143 517
143 525
143 581
143 709
143 770
143 776
143 781
143 834
143 837
143 845
143 898
143 909
143 962
143 965
143 1093
143 1157
144 16
144 80
144 208
144 272
144 336
145 17
145 81
145 209
145 273
145 337
145 835
145 992
146 18
146 82
146 210
146 274
146 338
146 877
147 19
147 83
147 211
147 275
147 339
148 20
148 84
148 212
148 276
148 340
148 372
148 688
148 750
149 21
149 85
149 213
149 277
149 341
149 361
149 551
149 656
149 679
150 22
150 86
150 214
150 278
150 342
150 748
151 23
151 87
151 215
151 279
151 343
151 938
152 24
152 88
152 216
152 280
152 344
152 363
152 680
152 682
153 25
153 89
153 217
153 223
153 281
153 345
153 418
153 562
153 628
153 807
154 26
154 90
154 218
154 282
154 346
154 983
154 1130
154 1172
154 1242
155 27
155 91
155 219
155 283
155 347
155 450
156 4
156 28
156 92
156 210
156 220
156 278
156 284
156 348
156 540
156 738
157 29
157 93
157 221
157 285
157 349
158 30
158 94
158 222
158 286
158 350
158 940
159 31
159 95
159 223
159 287
159 351
159 354
160 32
160 96
160 224
160 288
160 352
160 1243
161 33
161 97
161 225
161 289
161 353
161 857
161 860
162 34
162 98
162 226
162 290
162 354
162 1238
163 35
163 99
163 227
163 291
163 355
163 1215
164 36
164 100
164 228
164 292
164 356
164 994
165 37
165 101
165 229
165 293
165 357
165 741
165 789
166 38
166 102
166 230
166 294
166 322
166 358
166 736
167 39
167 103
167 231
167 295
167 351
167 359
167 1002
168 40
168 104
168 232
168 296
168 360
168 426
168 446
168 568
168 574
168 831
169 39
169 41
169 105
169 233
169 297
169 341
169 361
169 1187
170 42
170 106
170 184
170 234
170 298
170 362
170 623
170 792
171 43
171 107
171 235
172 44
172 108
172 236
172 300
172 364
173 45
173 109
173 237
173 301
173 365
174 46
174 110
174 238
174 302
174 336
174 366
174 823
174 1047
174 1168
174 1240
174 1272
175 47
175 61
175 111
175 239
175 303
175 367
175 597
175 957
175 1144
176 48
176 112
176 216
176 240
176 304
176 368
176 874
177 49
177 113
177 241
177 305
177 1023
178 50
178 114
178 242
178 306
178 370
179 51
179 115
179 243
179 307
179 371
180 52
180 116
180 232
180 244
180 308
180 372
180 611
180 820
180 1070
180 1198
181 53
181 117
181 245
181 309
181 373
182 54
182 118
182 246
182 310
182 374
182 460
183 55
183 119
183 247
183 311
183 375
183 660
183 1058
184 56
184 120
184 170
184 248
184 312
184 376
184 623
184 792
185 57
185 121
185 249
185 313
185 377
185 575
186 58
186 88
186 122
186 250
186 291
186 314
186 378
187 59
187 123
187 251
187 315
187 379
187 437
187 512
187 722
187 756
187 985
188 56
188 60
188 124
188 252
188 316
188 380
188 1148
189 61
189 125
189 253
189 317
189 381
189 559
189 1208
190 62
190 126
190 254
190 318
191 63
191 127
191 255
191 305
191 319
191 383
191 447
192 0
192 64
192 111
192 128
192 256
192 320
192 384
192 1212
193 1
193 65
193 129
193 257
193 321
193 385
193 1105
194 2
194 66
194 130
194 258
194 322
194 386
195 3
195 67
195 131
195 259
195 323
195 387
196 4
196 68
196 132
196 260
196 324
196 388
197 5
197 8
197 69
197 72
197 133
197 136
197 261
197 325
197 328
197 389
197 392
197 453
197 520
197 584
197 648
197 712
197 773
197 840
197 904
197 968
197 1032
197 1096
197 1160
197 1224
198 6
198 70
198 134
198 262
198 326
198 390
198 454
198 463
198 518
198 527
198 582
198 589
198 591
198 646
198 655
198 710
198 719
198 774
198 783
198 838
198 847
198 902
198 911
198 966
198 973
198 975
198 1030
198 1037
198 1039
198 1094
198 1103
198 1158
198 1167
198 1222
198 1231
199 7
199 30
199 71
199 135
199 263
199 327
199 391
199 797
200 8
200 72
200 136
200 264
200 325
200 328
200 389
200 392
200 461
200 770
200 776
200 834
200 898
200 901
201 9
201 73
201 137
201 265
201 329
201 393
202 10
202 74
202 138
202 266
202 330
202 394
202 544
202 1099
203 11
203 75
203 139
203 267
203 331
203 395
204 12
204 76
204 91
204 115
204 140
204 268
204 332
204 396
205 13
205 77
205 141
205 269
205 333
205 397
205 967
206 14
206 78
206 142
206 270
206 334
206 398
206 721
206 1027
207 15
207 79
207 143
207 271
207 335
207 399
208 16
208 80
208 144
208 213
208 272
208 336
208 400
208 421
208 464
208 814
208 1257
209 17
209 81
209 145
209 273
209 337
209 401
209 923
209 1121
209 1228
210 4
210 18
210 82
210 146
210 156
210 274
210 278
210 338
210 402
210 540
210 738
211 19
211 83
211 147
211 275
211 339
211 403
211 587
212 20
212 55
212 84
212 148
212 248
212 276
212 340
212 404
212 875
213 21
213 85
213 149
213 208
213 277
213 341
213 405
213 421
213 464
213 814
213 1257
214 22
214 86
214 150
214 278
214 342
214 406
214 438
214 924
215 23
215 87
215 151
215 279
215 343
215 407
216 24
216 88
216 152
216 176
216 280
216 344
216 408
216 874
217 25
217 36
217 89
217 153
217 281
217 345
217 409
217 600
217 690
218 26
218 90
218 154
218 282
218 344
218 346
218 410
218 753
218 1264
219 27
219 91
219 155
219 283
219 347
219 411
220 28
220 92
220 156
220 284
220 348
220 412
220 1246
221 29
221 93
221 157
221 285
221 349
221 413
221 486
222 30
222 94
222 158
222 286
222 342
222 350
222 414
222 499
223 31
223 95
223 153
223 159
223 287
223 351
223 415
223 418
223 562
223 628
223 807
224 32
224 96
224 160
224 288
224 352
224 416
225 33
225 97
225 161
225 289
225 353
225 409
225 417
225 489
225 695
225 885
225 1009
225 1202
226 34
226 98
226 162
226 290
226 354
226 418
227 35
227 99
227 126
227 163
227 291
227 355
227 410
227 419
227 487
227 799
227 1022
228 36
228 100
228 164
228 292
228 356
228 420
228 452
228 1077
229 37
229 101
229 165
229 293
229 357
229 421
229 547
229 555
229 596
230 38
230 102
230 166
230 294
230 358
230 422
230 493
231 39
231 103
231 167
231 295
231 359
231 423
231 535
231 613
231 794
231 1178
232 40
232 104
232 168
232 180
232 296
232 360
232 424
232 611
232 820
232 1070
232 1198
233 41
233 105
233 169
233 297
233 361
233 425
233 745
233 1006
233 1048
234 42
234 106
234 170
234 298
234 362
234 426
234 430
234 697
234 1082
235 43
235 63
235 107
235 171
235 299
235 363
235 376
235 427
236 44
236 108
236 172
236 300
236 364
236 428
237 45
237 109
237 173
237 301
237 365
237 429
238 46
238 110
238 174
238 302
238 366
239 47
239 84
239 111
239 175
239 303
239 367
239 431
239 752
239 890
239 958
239 1021
240 48
240 112
240 176
240 304
240 362
240 368
240 432
240 761
240 944
240 1146
240 1200
241 49
241 113
241 177
241 305
241 369
241 433
241 632
241 727
241 945
242 50
242 114
242 178
242 306
242 370
242 434
243 51
243 115
243 179
243 307
243 371
243 435
244 52
244 116
244 180
244 308
244 372
244 436
245 53
245 117
245 181
245 309
245 373
245 437
246 54
246 118
246 182
246 310
246 374
246 438
246 470
247 55
247 119
247 183
247 311
247 375
247 439
248 55
248 56
248 120
248 184
248 212
248 312
248 376
248 440
248 875
249 57
249 121
249 185
249 313
249 377
249 575
250 186
250 314
250 378
251 59
251 123
251 187
251 315
251 379
251 443
251 469
251 631
251 1177
252 60
252 124
252 188
252 316
252 380
252 444
252 510
252 766
253 61
253 125
253 189
253 317
253 381
253 445
253 689
253 855
253 1239
254 126
254 190
254 318
254 382
254 446
255 63
255 127
255 191
255 319
255 383
255 447
255 639
256 64
256 128
256 192
256 320
256 384
256 448
256 549
257 65
257 129
257 193
257 321
257 385
257 449
258 66
258 130
258 194
258 322
258 386
258 450
259 67
259 131
259 195
259 323
259 387
259 451
259 514
260 68
260 132
260 196
260 324
260 388
260 452
261 8
261 69
261 72
261 133
261 136
261 197
261 325
261 328
261 389
261 392
261 453
261 520
261 584
261 648
261 712
261 773
261 840
261 904
261 968
261 1032
261 1096
261 1160
261 1224
262 6
262 70
262 134
262 198
262 326
262 390
262 454
262 518
262 527
262 582
262 589
262 591
262 646
262 655
262 710
262 719
262 774
262 783
262 838
262 847
262 902
262 911
262 966
262 975
262 1030
262 1039
262 1094
262 1103
262 1158
262 1222
262 1231
263 71
263 135
263 199
263 327
263 391
263 455
263 846
263 1206
264 72
264 136
264 200
264 328
264 389
264 392
264 456
264 461
264 770
264 776
264 898
264 901
265 73
265 137
265 201
265 329
265 393
265 457
266 74
266 138
266 202
266 330
266 332
266 394
266 458
266 667
266 1275
267 75
267 139
267 203
267 331
267 395
267 459
267 475
267 1179
268 76
268 140
268 204
268 332
268 396
268 460
268 1196
269 77
269 141
269 205
269 333
269 397
269 461
269 769
270 78
270 142
270 206
270 334
270 398
270 462
271 5
271 15
271 69
271 79
271 133
271 143
271 207
271 325
271 335
271 389
271 399
271 456
271 461
271 463
271 517
271 525
271 581
271 645
271 653
271 709
271 717
271 781
271 834
271 837
271 845
271 909
271 962
271 965
271 973
271 1029
271 1090
271 1093
271 1101
271 1157
271 1221
272 80
272 144
272 208
272 308
272 336
272 400
272 433
272 464
273 32
273 81
273 145
273 209
273 337
273 401
273 465
274 82
274 146
274 210
274 338
274 402
274 466
275 83
275 147
275 211
275 339
275 403
275 467
276 24
276 84
276 148
276 212
276 340
276 404
276 468
276 536
276 881
277 85
277 149
277 213
277 341
277 405
277 469
277 809
278 4
278 86
278 150
278 156
278 210
278 214
278 342
278 406
278 470
278 540
278 738
279 87
279 113
279 151
279 215
279 343
279 407
279 471
280 88
280 152
280 216
280 344
280 404
280 408
280 427
280 472
280 624
280 1067
280 1277
280 1279
281 89
281 153
281 217
281 345
281 409
281 473
281 479
281 856
281 956
281 1073
281 1112
281 1263
282 90
282 154
282 218
282 346
282 410
282 474
282 760
282 811
282 1081
283 91
283 155
283 219
283 347
283 411
283 416
283 475
283 775
284 92
284 156
284 220
284 348
284 412
284 414
284 476
285 93
285 157
285 221
285 349
285 413
285 477
286 94
286 158
286 222
286 350
286 414
286 478
286 614
286 758
287 95
287 159
287 223
287 351
287 380
287 415
287 479
287 506
288 96
288 160
288 224
288 352
288 416
288 480
288 1233
289 97
289 161
289 225
289 353
289 417
289 481
289 681
289 981
289 996
290 98
290 162
290 226
290 354
290 418
290 482
290 495
290 1008
290 1085
290 1128
291 88
291 99
291 163
291 186
291 227
291 355
291 419
291 483
292 100
292 164
292 228
292 356
292 420
292 484
292 747
292 1273
293 101
293 165
293 229
293 357
293 421
293 483
293 485
293 1149
294 102
294 166
294 230
294 358
294 422
294 486
295 103
295 167
295 231
295 355
295 359
295 419
295 423
295 424
295 484
295 487
295 498
296 104
296 168
296 232
296 360
296 400
296 424
296 488
296 728
296 791
297 105
297 169
297 233
297 361
297 425
297 489
297 661
297 884
298 106
298 170
298 234
298 362
298 426
298 490
298 920
298 980
299 235
299 363
299 427
300 108
300 172
300 236
300 364
300 428
300 492
300 563
300 708
301 71
301 109
301 173
301 237
301 365
301 429
301 493
302 174
302 238
302 366
302 382
302 430
302 491
303 111
303 175
303 239
303 367
303 431
303 444
303 495
303 636
304 112
304 176
304 240
304 368
304 432
305 113
305 177
305 191
305 241
305 369
305 433
305 447
305 497
306 114
306 178
306 242
306 370
306 417
306 434
306 498
306 997
306 1060
307 115
307 179
307 243
307 371
307 435
307 499
307 1100
308 116
308 180
308 244
308 272
308 372
308 433
308 436
308 500
309 117
309 181
309 245
309 373
309 437
309 501
309 867
310 34
310 118
310 182
310 246
310 360
310 374
310 438
310 502
311 119
311 183
311 247
311 375
311 439
311 503
311 1173
312 120
312 184
312 248
312 376
312 440
312 504
312 570
312 1059
313 185
313 249
313 377
313 441
313 497
313 505
313 1007
314 57
314 122
314 186
314 250
314 378
314 442
314 506
314 952
315 123
315 187
315 251
315 379
315 443
315 507
315 951
316 188
316 252
316 319
316 380
316 444
317 58
317 189
317 253
317 381
317 445
317 959
318 126
318 190
318 254
318 382
318 441
318 446
318 510
318 826
319 191
319 255
319 316
319 383
319 447
320 128
320 192
320 256
320 384
320 448
320 501
320 512
320 566
320 1124
321 129
321 193
321 257
321 385
321 449
321 513
322 130
322 166
322 194
322 258
322 386
322 450
322 514
322 736
323 131
323 195
323 259
323 387
323 451
323 515
323 651
324 132
324 196
324 260
324 388
324 448
324 452
324 516
324 790
325 69
325 133
325 143
325 197
325 200
325 261
325 271
325 335
325 389
325 453
325 456
325 461
325 517
325 525
325 581
325 709
325 770
325 776
325 781
325 834
325 837
325 845
325 898
325 901
325 909
325 1090
325 1093
325 1157
326 6
326 70
326 134
326 198
326 262
326 390
326 454
326 518
326 527
326 582
326 591
326 646
326 655
326 710
326 719
326 774
326 783
326 838
326 847
326 902
326 911
326 966
326 975
326 1030
326 1039
326 1094
326 1103
326 1158
326 1167
326 1222
327 135
327 199
327 263
327 391
327 455
327 519
327 1095
328 8
328 72
328 136
328 197
328 200
328 261
328 264
328 392
328 453
328 456
328 520
328 584
328 648
328 712
328 773
328 840
328 904
328 968
328 1032
328 1096
328 1160
328 1224
329 137
329 201
329 265
329 393
329 457
329 521
329 1159
330 138
330 202
330 266
330 394
330 458
330 522
330 1043
330 1226
331 139
331 203
331 267
331 395
331 459
331 523
332 140
332 204
332 266
332 268
332 396
332 460
332 524
332 667
332 1275
333 141
333 205
333 269
333 397
333 461
333 525
334 142
334 206
334 270
334 398
334 462
334 526
335 5
335 15
335 69
335 133
335 143
335 207
335 271
335 325
335 389
335 399
335 456
335 463
335 517
335 525
335 527
335 581
335 589
335 645
335 653
335 709
335 717
335 781
335 783
335 834
335 837
335 845
335 847
335 909
335 962
335 965
335 973
335 1029
335 1037
335 1090
335 1093
335 1101
335 1157
335 1165
335 1221
336 144
336 174
336 208
336 272
336 400
336 464
336 528
336 823
336 1047
336 1168
336 1240
336 1272
337 145
337 209
337 273
337 401
337 465
337 529
338 146
338 210
338 274
338 402
338 466
338 530
338 964
339 147
339 211
339 275
339 403
339 467
339 531
340 106
340 148
340 212
340 276
340 404
340 468
340 532
340 569
340 702
340 816
341 39
341 149
341 169
341 213
341 277
341 405
341 469
341 533
341 1187
342 150
342 214
342 222
342 278
342 406
342 470
342 499
342 534
343 42
343 151
343 215
343 279
343 407
343 471
343 535
343 762
344 152
344 216
344 218
344 280
344 408
344 472
344 536
344 753
344 1264
345 99
345 153
345 217
345 281
345 409
345 473
345 537
345 1204
346 154
346 218
346 282
346 410
346 474
346 538
347 155
347 219
347 283
347 411
347 475
347 539
347 1078
348 156
348 220
348 284
348 412
348 476
348 540
348 602
349 38
349 157
349 221
349 285
349 413
349 477
349 541
349 910
350 158
350 222
350 286
350 414
350 478
350 542
351 159
351 167
351 223
351 287
351 415
351 479
351 543
351 1002
352 78
352 160
352 224
352 288
352 416
352 480
352 544
353 45
353 161
353 225
353 289
353 417
353 481
353 545
353 548
353 640
353 999
353 1138
354 159
354 162
354 226
354 290
354 418
354 482
354 546
355 163
355 227
355 291
355 295
355 419
355 424
355 483
355 484
355 498
355 547
356 21
356 97
356 164
356 228
356 292
356 420
356 484
356 548
357 54
357 165
357 229
357 293
357 373
357 421
357 485
357 549
357 759
357 871
357 1050
358 166
358 230
358 294
358 422
358 486
358 550
358 827
359 167
359 231
359 295
359 423
359 487
359 551
359 626
360 34
360 168
360 232
360 296
360 310
360 424
360 488
360 552
361 149
361 169
361 233
361 297
361 425
361 489
361 551
361 553
361 656
361 679
362 170
362 234
362 240
362 298
362 426
362 490
362 554
362 761
362 944
362 1146
362 1200
363 152
363 235
363 299
363 427
363 491
363 555
363 680
363 682
364 12
364 172
364 236
364 300
364 428
364 492
364 556
365 173
365 237
365 301
365 429
365 493
365 557
365 627
365 891
366 174
366 238
366 302
366 430
366 494
366 558
366 1080
367 175
367 239
367 303
367 431
367 495
367 559
367 888
368 121
368 176
368 240
368 304
368 432
368 496
368 560
369 241
369 305
369 433
369 497
369 561
370 123
370 178
370 242
370 306
370 434
370 498
370 562
370 1071
371 179
371 243
371 307
371 435
371 499
371 563
372 148
372 180
372 244
372 308
372 436
372 500
372 564
372 688
372 750
373 54
373 181
373 245
373 309
373 357
373 437
373 501
373 565
373 759
373 871
373 1050
374 182
374 246
374 310
374 438
374 502
374 537
374 566
374 1207
374 1250
375 183
375 247
375 311
375 439
375 503
375 567
375 604
375 1135
376 63
376 184
376 235
376 248
376 312
376 440
376 504
376 568
377 185
377 249
377 313
377 441
377 505
377 569
377 739
377 828
378 186
378 250
378 314
378 442
378 474
378 506
378 554
378 570
378 931
379 28
379 68
379 187
379 251
379 315
379 443
379 507
379 553
379 571
379 743
379 1271
380 188
380 252
380 287
380 316
380 444
380 506
380 508
380 572
381 189
381 253
381 317
381 445
381 509
381 559
381 573
381 1208
382 254
382 302
382 318
382 446
382 491
382 510
382 574
383 191
383 255
383 319
383 447
383 511
383 572
383 575
383 619
383 1214
384 192
384 256
384 320
384 448
384 512
384 576
384 635
385 193
385 257
385 321
385 449
385 513
385 577
385 833
386 194
386 258
386 322
386 450
386 514
386 578
386 714
386 1098
387 195
387 259
387 323
387 451
387 515
387 579
388 196
388 260
388 324
388 452
388 516
388 580
388 900
388 932
389 69
389 143
389 197
389 200
389 261
389 264
389 271
389 325
389 335
389 453
389 456
389 461
389 517
389 525
389 581
389 709
389 770
389 776
389 834
389 837
389 845
389 898
389 901
389 909
389 1093
389 1157
390 6
390 70
390 134
390 198
390 262
390 326
390 454
390 518
390 527
390 582
390 589
390 591
390 646
390 655
390 710
390 719
390 774
390 783
390 838
390 847
390 902
390 911
390 966
390 975
390 1030
390 1037
390 1039
390 1094
390 1103
390 1158
390 1167
390 1222
390 1231
391 199
391 263
391 327
391 455
391 519
391 583
391 859
391 1155
392 8
392 72
392 136
392 197
392 200
392 261
392 264
392 328
392 453
392 456
392 520
392 584
392 648
392 712
392 773
392 840
392 904
392 968
392 1032
392 1096
392 1160
392 1224
393 131
393 201
393 265
393 329
393 457
393 521
393 585
394 202
394 266
394 330
394 458
394 522
394 524
394 586
395 203
395 267
395 331
395 459
395 523
395 579
395 587
395 713
396 204
396 268
396 332
396 460
396 524
396 588
396 1216
397 205
397 269
397 333
397 461
397 525
397 589
398 206
398 270
398 334
398 462
398 526
398 590
398 1019
399 5
399 15
399 69
399 133
399 143
399 207
399 271
399 335
399 456
399 463
399 517
399 525
399 527
399 581
399 589
399 591
399 645
399 653
399 709
399 717
399 719
399 781
399 783
399 837
399 845
399 847
399 909
399 911
399 962
399 965
399 973
399 1029
399 1037
399 1090
399 1093
399 1101
399 1157
399 1165
399 1221
399 1229
400 208
400 272
400 296
400 336
400 464
400 528
400 592
400 728
400 791
401 209
401 273
401 337
401 465
401 529
401 593
401 843
402 210
402 274
402 338
402 466
402 530
402 594
403 211
403 275
403 339
403 467
403 523
403 531
403 595
404 212
404 276
404 280
404 340
404 427
404 468
404 532
404 596
404 624
404 1067
404 1277
404 1279
405 213
405 277
405 341
405 469
405 533
405 597
405 809
406 214
406 278
406 342
406 470
406 534
406 598
406 658
407 215
407 279
407 343
407 471
407 535
407 561
407 599
407 618
407 1108
408 216
408 280
408 344
408 472
408 536
408 552
408 600
408 893
408 1209
409 217
409 225
409 281
409 345
409 473
409 489
409 537
409 601
409 695
409 885
409 1009
409 1202
410 126
410 218
410 227
410 282
410 346
410 474
410 487
410 538
410 602
410 799
410 1022
411 219
411 283
411 347
411 475
411 539
411 603
411 1190
412 220
412 284
412 348
412 476
412 540
412 604
412 1258
413 221
413 285
413 349
413 477
413 541
413 605
414 222
414 284
414 286
414 350
414 478
414 542
414 606
415 53
415 100
415 223
415 287
415 351
415 479
415 543
415 607
415 1044
416 224
416 283
416 288
416 352
416 480
416 544
416 608
416 775
417 225
417 289
417 306
417 353
417 481
417 545
417 609
417 997
417 1060
418 153
418 223
418 226
418 290
418 354
418 482
418 546
418 562
418 610
418 628
418 807
419 227
419 291
419 295
419 355
419 424
419 483
419 484
419 498
419 547
419 611
420 228
420 292
420 356
420 428
420 478
420 484
420 548
420 612
421 208
421 213
421 229
421 293
421 357
421 464
421 485
421 549
421 613
421 814
421 1257
422 230
422 294
422 358
422 486
422 550
422 614
423 231
423 295
423 359
423 487
423 546
423 551
423 615
423 1137
423 1140
423 1232
424 232
424 295
424 296
424 355
424 360
424 419
424 484
424 488
424 498
424 552
424 616
425 233
425 297
425 361
425 489
425 553
425 607
425 617
425 921
425 1045
426 168
426 234
426 298
426 362
426 446
426 490
426 554
426 568
426 574
426 618
426 831
427 235
427 280
427 299
427 363
427 404
427 491
427 555
427 619
427 624
427 1067
427 1277
427 1279
428 236
428 300
428 364
428 420
428 478
428 492
428 556
428 620
429 237
429 301
429 365
429 493
429 557
429 621
430 234
430 302
430 366
430 494
430 558
430 697
430 1082
431 239
431 303
431 367
431 440
431 495
431 559
431 623
432 240
432 304
432 368
432 496
432 560
432 624
432 683
432 880
433 241
433 272
433 305
433 308
433 369
433 497
433 561
433 625
434 242
434 306
434 370
434 498
434 562
434 626
434 1268
435 243
435 307
435 371
435 499
435 563
435 627
435 1068
436 26
436 244
436 308
436 372
436 500
436 564
436 628
436 1072
437 187
437 245
437 309
437 373
437 501
437 512
437 565
437 629
437 722
437 756
437 985
438 214
438 246
438 310
438 374
438 502
438 566
438 630
438 924
439 247
439 311
439 375
439 503
439 567
439 631
439 730
439 1111
440 248
440 312
440 376
440 431
440 504
440 568
440 632
441 313
441 318
441 377
441 505
441 569
441 633
441 826
442 60
442 314
442 378
442 506
442 570
442 686
442 767
442 1066
443 116
443 251
443 315
443 379
443 507
443 543
443 571
443 635
443 927
444 252
444 303
444 316
444 380
444 508
444 572
444 636
445 107
445 253
445 317
445 381
445 509
445 573
445 625
445 637
446 168
446 254
446 318
446 382
446 426
446 510
446 568
446 574
446 638
446 831
447 191
447 255
447 305
447 319
447 383
447 511
447 575
447 639
448 256
448 320
448 324
448 384
448 512
448 576
448 640
448 790
449 73
449 257
449 321
449 385
449 513
449 577
449 641
450 155
450 258
450 322
450 386
450 514
450 578
450 642
451 259
451 323
451 387
451 515
451 579
451 643
452 228
452 260
452 324
452 388
452 516
452 580
452 644
452 1077
453 8
453 72
453 136
453 197
453 261
453 325
453 328
453 389
453 392
453 517
453 520
453 581
453 584
453 645
453 648
453 712
453 773
453 840
453 904
453 968
453 1032
453 1096
453 1160
453 1224
454 6
454 70
454 134
454 198
454 262
454 326
454 390
454 518
454 527
454 582
454 589
454 591
454 646
454 655
454 710
454 719
454 774
454 783
454 838
454 847
454 902
454 911
454 966
454 975
454 1030
454 1039
454 1094
454 1103
454 1158
454 1167
454 1222
454 1231
455 263
455 327
455 391
455 519
455 583
455 647
456 5
456 15
456 69
456 133
456 143
456 264
456 271
456 325
456 328
456 335
456 389
456 392
456 399
456 461
456 463
456 517
456 520
456 525
456 581
456 584
456 645
456 648
456 653
456 709
456 717
456 781
456 834
456 837
456 845
456 909
456 962
456 965
456 1029
456 1090
456 1093
456 1157
456 1165
456 1221
456 1229
457 265
457 329
457 393
457 521
457 585
457 606
457 649
457 654
457 899
457 926
458 266
458 330
458 394
458 522
458 586
458 650
458 883
459 267
459 331
459 395
459 523
459 587
459 651
459 778
459 785
460 182
460 268
460 332
460 396
460 524
460 588
460 652
461 69
461 143
461 200
461 264
461 269
461 271
461 325
461 333
461 389
461 397
461 456
461 517
461 525
461 581
461 589
461 653
461 709
461 770
461 776
461 834
461 837
461 845
461 898
461 901
461 909
461 1093
461 1157
462 270
462 334
462 398
462 526
462 590
462 654
463 5
463 15
463 133
463 198
463 271
463 335
463 399
463 456
463 517
463 527
463 589
463 591
463 645
463 653
463 655
463 717
463 719
463 781
463 783
463 837
463 845
463 847
463 909
463 911
463 962
463 965
463 973
463 975
463 1029
463 1037
463 1039
463 1090
463 1101
463 1103
463 1165
463 1167
463 1221
463 1229
463 1231
464 208
464 213
464 272
464 336
464 400
464 421
464 528
464 592
464 656
464 814
464 1257
465 273
465 337
465 401
465 529
465 593
465 657
465 864
466 274
466 338
466 402
466 530
466 594
466 658
467 275
467 339
467 403
467 531
467 595
467 659
468 276
468 340
468 404
468 532
468 596
468 660
468 919
468 1087
469 251
469 277
469 341
469 405
469 533
469 597
469 631
469 661
469 1177
470 246
470 278
470 342
470 406
470 534
470 598
470 662
471 279
471 343
471 407
471 535
471 565
471 599
471 663
472 280
472 344
472 408
472 536
472 600
472 664
472 788
472 879
473 87
473 281
473 345
473 409
473 537
473 601
473 665
473 872
473 1194
474 282
474 346
474 378
474 410
474 538
474 554
474 602
474 666
474 931
475 267
475 283
475 347
475 411
475 539
475 603
475 667
475 1179
476 64
476 284
476 348
476 412
476 540
476 604
476 668
476 725
476 948
477 285
477 349
477 413
477 541
477 605
477 669
478 286
478 350
478 414
478 420
478 428
478 542
478 606
478 670
479 281
479 287
479 351
479 415
479 543
479 607
479 671
479 856
479 956
479 1073
479 1112
479 1263
480 288
480 352
480 416
480 544
480 608
480 672
480 733
480 870
481 289
481 353
481 417
481 545
481 609
481 673
482 290
482 354
482 418
482 546
482 610
482 674
482 1028
482 1270
483 291
483 293
483 355
483 419
483 547
483 611
483 675
483 1149
484 292
484 295
484 355
484 356
484 419
484 420
484 424
484 498
484 548
484 612
484 676
485 25
485 293
485 357
485 421
485 549
485 613
485 677
485 873
486 221
486 294
486 358
486 422
486 550
486 614
486 678
487 126
487 227
487 295
487 359
487 410
487 423
487 551
487 615
487 679
487 799
487 1022
488 296
488 360
488 424
488 503
488 552
488 616
488 680
488 1055
489 225
489 297
489 361
489 409
489 425
489 553
489 617
489 681
489 695
489 885
489 1009
489 1202
490 298
490 362
490 426
490 554
490 592
490 618
490 682
491 302
491 363
491 382
491 427
491 555
491 619
491 683
492 93
492 300
492 364
492 428
492 556
492 580
492 620
492 684
492 1141
493 230
493 301
493 365
493 429
493 557
493 621
493 685
494 366
494 430
494 558
494 622
494 686
495 290
495 303
495 367
495 431
495 559
495 623
495 687
495 1008
495 1085
495 1128
496 368
496 432
496 560
496 624
496 688
497 305
497 313
497 369
497 433
497 561
497 625
497 689
497 1007
498 295
498 306
498 355
498 370
498 419
498 424
498 434
498 484
498 562
498 626
498 690
499 222
499 307
499 342
499 371
499 435
499 563
499 627
499 691
500 308
500 372
500 436
500 564
500 628
500 692
500 784
501 309
501 320
501 373
501 437
501 565
501 566
501 629
501 693
501 1124
502 108
502 310
502 374
502 438
502 566
502 630
502 694
502 732
503 311
503 375
503 439
503 488
503 567
503 631
503 695
503 1055
504 312
504 376
504 440
504 568
504 622
504 632
504 696
504 895
504 1131
505 313
505 377
505 441
505 558
505 569
505 633
505 697
505 939
506 287
506 314
506 378
506 380
506 442
506 570
506 634
506 698
507 315
507 379
507 443
507 571
507 635
507 699
507 737
508 23
508 380
508 444
508 572
508 636
508 700
508 1151
509 381
509 445
509 573
509 637
509 701
510 252
510 318
510 382
510 446
510 574
510 638
510 702
510 766
511 383
511 447
511 575
511 639
512 187
512 320
512 384
512 437
512 448
512 576
512 640
512 704
512 722
512 756
512 985
513 321
513 385
513 449
513 577
513 641
513 705
514 259
514 322
514 386
514 450
514 578
514 642
514 706
515 323
515 387
515 451
515 579
515 643
515 707
516 324
516 388
516 452
516 580
516 621
516 644
516 708
517 5
517 15
517 69
517 133
517 143
517 271
517 325
517 335
517 389
517 399
517 453
517 456
517 461
517 463
517 525
517 581
517 645
517 653
517 709
517 717
517 781
517 834
517 837
517 845
517 909
517 962
517 965
517 1029
517 1090
517 1093
517 1101
517 1157
517 1165
517 1221
517 1229
518 6
518 70
518 134
518 198
518 262
518 326
518 390
518 454
518 527
518 582
518 589
518 591
518 646
518 655
518 710
518 719
518 774
518 783
518 838
518 847
518 902
518 911
518 966
518 973
518 975
518 1030
518 1037
518 1039
518 1094
518 1101
518 1103
518 1158
518 1167
518 1222
518 1231
519 327
519 391
519 455
519 583
519 647
519 711
520 8
520 72
520 136
520 197
520 261
520 328
520 392
520 453
520 456
520 584
520 648
520 712
520 773
520 840
520 904
520 968
520 1032
520 1096
520 1160
520 1224
521 329
521 393
521 457
521 585
521 649
521 713
521 987
521 1161
522 330
522 394
522 458
522 586
522 650
522 714
523 331
523 395
523 403
523 459
523 587
523 651
523 715
524 332
524 394
524 396
524 460
524 588
524 652
524 716
525 69
525 133
525 143
525 271
525 325
525 333
525 335
525 389
525 397
525 399
525 456
525 461
525 517
525 581
525 589
525 653
525 709
525 717
525 770
525 776
525 781
525 834
525 837
525 845
525 898
525 909
525 962
525 965
525 1029
525 1090
525 1093
525 1157
525 1221
526 334
526 398
526 462
526 590
526 654
526 718
526 1031
527 5
527 15
527 70
527 133
527 134
527 198
527 262
527 326
527 335
527 390
527 399
527 454
527 463
527 518
527 582
527 589
527 591
527 645
527 646
527 653
527 655
527 710
527 717
527 719
527 774
527 781
527 783
527 838
527 847
527 902
527 911
527 962
527 965
527 966
527 973
527 975
527 1029
527 1030
527 1037
527 1039
527 1090
527 1094
527 1101
527 1103
527 1158
527 1165
527 1167
527 1221
527 1222
527 1229
527 1231
528 336
528 400
528 464
528 592
528 656
528 720
528 933
529 337
529 401
529 465
529 593
529 657
529 721
530 338
530 402
530 466
530 594
530 658
530 722
530 749
531 339
531 403
531 467
531 595
531 659
531 723
532 340
532 404
532 468
532 596
532 660
532 724
533 341
533 405
533 469
533 597
533 661
533 725
533 1119
534 342
534 406
534 470
534 598
534 662
534 726
534 1186
535 103
535 231
535 343
535 407
535 471
535 599
535 613
535 663
535 727
535 794
535 1178
536 24
536 276
536 344
536 408
536 472
536 600
536 664
536 728
536 881
537 345
537 374
537 409
537 473
537 601
537 665
537 729
537 1207
537 1250
538 346
538 410
538 474
538 602
538 666
538 730
538 892
539 347
539 411
539 475
539 603
539 667
539 731
539 1162
540 4
540 156
540 210
540 278
540 348
540 412
540 476
540 604
540 668
540 732
540 738
541 349
541 413
541 477
541 605
541 669
541 733
541 960
541 1046
542 350
542 414
542 478
542 606
542 670
542 734
543 116
543 351
543 415
543 443
543 479
543 607
543 671
543 735
543 927
544 202
544 352
544 416
544 480
544 608
544 672
544 736
544 1099
545 353
545 417
545 481
545 609
545 673
545 737
545 930
546 354
546 418
546 423
546 482
546 610
546 615
546 674
546 738
546 1137
546 1140
546 1232
547 229
547 355
547 419
547 483
547 555
547 596
547 611
547 675
547 739
548 45
548 353
548 356
548 420
548 484
548 612
548 640
548 676
548 740
548 999
548 1138
549 256
549 357
549 421
549 485
549 613
549 677
549 741
550 358
550 422
550 486
550 614
550 678
550 742
551 149
551 359
551 361
551 423
551 487
551 615
551 656
551 679
551 743
552 360
552 408
552 424
552 488
552 616
552 680
552 744
552 893
552 1209
553 28
553 68
553 361
553 379
553 425
553 489
553 617
553 681
553 743
553 745
553 1271
554 362
554 378
554 426
554 474
554 490
554 618
554 682
554 746
554 931
555 229
555 363
555 427
555 491
555 547
555 596
555 619
555 683
555 747
556 364
556 428
556 492
556 620
556 684
556 748
557 365
557 429
557 493
557 621
557 685
557 749
558 366
558 430
558 494
558 505
558 622
558 686
558 750
558 939
559 189
559 367
559 381
559 431
559 495
559 623
559 687
559 751
559 1208
560 104
560 368
560 432
560 496
560 624
560 638
560 688
560 752
561 369
561 407
561 433
561 497
561 618
561 625
561 689
561 753
561 1108
562 153
562 223
562 370
562 418
562 434
562 498
562 626
562 628
562 690
562 754
562 807
563 300
563 371
563 435
563 499
563 627
563 691
563 708
563 755
564 372
564 436
564 500
564 628
564 692
564 756
564 1236
564 1269
565 373
565 437
565 471
565 501
565 629
565 693
565 757
566 320
566 374
566 438
566 501
566 502
566 630
566 694
566 758
566 1124
567 375
567 439
567 503
567 631
567 695
567 759
568 168
568 376
568 426
568 440
568 446
568 504
568 574
568 632
568 696
568 760
568 831
569 106
569 340
569 377
569 441
569 505
569 633
569 697
569 702
569 761
569 816
570 312
570 378
570 442
570 506
570 634
570 698
570 762
570 1059
571 379
571 443
571 507
571 635
571 699
571 763
572 380
572 383
572 444
572 508
572 619
572 636
572 700
572 764
572 1214
573 381
573 445
573 509
573 637
573 701
573 744
573 765
573 1003
573 1020
574 168
574 382
574 426
574 446
574 510
574 568
574 638
574 702
574 766
574 831
575 185
575 249
575 383
575 447
575 511
575 639
575 703
575 767
576 384
576 448
576 512
576 640
576 704
576 768
577 385
577 449
577 513
577 641
577 705
577 769
578 386
578 450
578 514
578 642
578 706
578 770
579 387
579 395
579 451
579 515
579 643
579 707
579 713
579 771
580 93
580 388
580 452
580 492
580 516
580 644
580 708
580 772
580 1141
581 5
581 15
581 69
581 133
581 143
581 271
581 325
581 335
581 389
581 399
581 453
581 456
581 461
581 517
581 525
581 645
581 653
581 709
581 773
581 781
581 834
581 837
581 845
581 898
581 909
581 962
581 965
581 1029
581 1090
581 1093
581 1157
581 1165
581 1221
582 6
582 70
582 134
582 198
582 262
582 326
582 390
582 454
582 518
582 527
582 589
582 591
582 646
582 655
582 710
582 719
582 774
582 783
582 838
582 847
582 902
582 911
582 966
582 975
582 1030
582 1039
582 1094
582 1103
582 1158
582 1167
582 1222
582 1231
583 391
583 455
583 519
583 647
583 711
583 775
584 8
584 72
584 136
584 197
584 261
584 328
584 392
584 453
584 456
584 520
584 648
584 712
584 773
584 776
584 840
584 904
584 968
584 1032
584 1096
584 1160
584 1224
585 393
585 457
585 521
585 649
585 657
585 713
585 777
586 394
586 458
586 522
586 650
586 714
586 778
587 211
587 395
587 459
587 523
587 651
587 715
587 779
588 22
588 396
588 460
588 524
588 652
588 716
588 780
589 5
589 15
589 70
589 133
589 134
589 198
589 262
589 335
589 390
589 397
589 399
589 454
589 461
589 463
589 518
589 525
589 527
589 582
589 591
589 645
589 646
589 653
589 655
589 710
589 717
589 719
589 774
589 781
589 783
589 837
589 838
589 847
589 902
589 911
589 962
589 965
589 973
589 975
589 1029
589 1037
589 1039
589 1090
589 1094
589 1101
589 1103
589 1165
589 1167
589 1221
589 1222
589 1229
589 1231
590 398
590 462
590 526
590 654
590 718
590 782
591 5
591 6
591 15
591 70
591 134
591 198
591 262
591 326
591 390
591 399
591 454
591 463
591 518
591 527
591 582
591 589
591 645
591 646
591 653
591 655
591 710
591 717
591 719
591 774
591 783
591 838
591 847
591 902
591 911
591 962
591 965
591 966
591 973
591 975
591 1030
591 1037
591 1039
591 1094
591 1101
591 1103
591 1158
591 1165
591 1167
591 1222
591 1229
591 1231
592 400
592 464
592 490
592 528
592 656
592 720
592 784
593 401
593 465
593 529
593 657
593 721
593 785
593 1041
594 402
594 466
594 530
594 658
594 722
594 786
595 403
595 467
595 531
595 659
595 723
595 787
596 229
596 404
596 468
596 532
596 547
596 555
596 660
596 724
596 788
597 61
597 175
597 405
597 469
597 533
597 661
597 725
597 789
597 957
597 1144
598 406
598 470
598 534
598 662
598 726
598 790
598 1211
599 35
599 407
599 471
599 535
599 663
599 727
599 791
599 1018
600 36
600 217
600 408
600 472
600 536
600 664
600 690
600 728
600 792
601 409
601 473
601 537
601 665
601 729
601 793
601 1010
602 348
602 410
602 474
602 538
602 666
602 730
602 794
603 411
603 475
603 539
603 667
603 731
603 795
604 375
604 412
604 476
604 540
604 668
604 732
604 796
604 1135
605 413
605 477
605 541
605 650
605 669
605 733
605 797
605 1051
605 1163
606 414
606 457
606 478
606 542
606 654
606 670
606 734
606 798
606 899
606 926
607 415
607 425
607 479
607 543
607 671
607 735
607 799
607 921
607 1045
608 416
608 480
608 544
608 672
608 736
608 755
608 800
608 1083
609 417
609 481
609 545
609 673
609 735
609 737
609 801
609 862
609 1152
609 1237
610 418
610 482
610 546
610 674
610 738
610 802
610 1079
611 180
611 232
611 419
611 483
611 547
611 675
611 739
611 803
611 820
611 1070
611 1198
612 420
612 484
612 548
612 676
612 740
612 804
612 1170
613 103
613 231
613 421
613 485
613 535
613 549
613 677
613 741
613 794
613 805
613 1178
614 286
614 422
614 486
614 550
614 678
614 742
614 758
614 806
615 423
615 487
615 546
615 551
615 679
615 743
615 807
615 1137
615 1140
615 1232
616 424
616 488
616 552
616 680
616 744
616 808
617 425
617 489
617 553
617 681
617 745
617 809
617 1220
618 407
618 426
618 490
618 554
618 561
618 682
618 746
618 810
618 1108
619 383
619 427
619 491
619 555
619 572
619 683
619 747
619 811
619 1214
620 428
620 492
620 556
620 684
620 748
620 812
621 429
621 493
621 516
621 557
621 685
621 749
621 813
622 494
622 504
622 558
622 686
622 750
622 814
622 895
622 1131
623 170
623 184
623 431
623 495
623 559
623 687
623 751
623 792
623 815
624 280
624 404
624 427
624 432
624 496
624 560
624 688
624 752
624 816
624 1067
624 1277
624 1279
625 107
625 433
625 445
625 497
625 561
625 689
625 753
625 817
626 359
626 434
626 498
626 562
626 690
626 754
626 818
627 365
627 435
627 499
627 563
627 691
627 755
627 819
627 891
628 153
628 223
628 418
628 436
628 500
628 562
628 564
628 692
628 756
628 807
628 820
629 437
629 501
629 565
629 693
629 757
629 821
629 848
630 438
630 502
630 566
630 694
630 758
630 822
630 1122
630 1129
631 251
631 439
631 469
631 503
631 567
631 695
631 759
631 823
631 1177
632 241
632 440
632 504
632 568
632 696
632 727
632 760
632 824
632 945
633 441
633 505
633 569
633 697
633 761
633 825
634 506
634 570
634 698
634 762
635 384
635 443
635 507
635 571
635 699
635 763
635 827
636 303
636 444
636 508
636 572
636 700
636 764
636 828
637 90
637 110
637 124
637 445
637 509
637 573
637 701
637 765
637 829
637 1145
638 104
638 446
638 510
638 560
638 574
638 702
638 766
638 830
639 255
639 447
639 511
639 575
639 703
639 767
639 831
640 45
640 353
640 448
640 512
640 548
640 576
640 704
640 768
640 832
640 999
640 1138
641 449
641 513
641 577
641 705
641 769
641 833
642 450
642 514
642 578
642 706
642 770
642 834
643 451
643 515
643 579
643 707
643 771
643 835
644 452
644 516
644 580
644 708
644 716
644 772
644 836
644 978
645 5
645 15
645 69
645 133
645 271
645 335
645 399
645 453
645 456
645 463
645 517
645 527
645 581
645 589
645 591
645 653
645 709
645 717
645 719
645 773
645 781
645 783
645 837
645 845
645 847
645 909
645 911
645 962
645 965
645 973
645 1029
645 1037
645 1090
645 1093
645 1101
645 1103
645 1157
645 1165
645 1167
645 1221
645 1229
645 1231
646 6
646 70
646 134
646 198
646 262
646 326
646 390
646 454
646 518
646 527
646 582
646 589
646 591
646 655
646 710
646 719
646 774
646 783
646 838
646 847
646 902
646 911
646 966
646 975
646 1030
646 1039
646 1094
646 1103
646 1158
646 1167
646 1222
646 1231
647 455
647 519
647 583
647 711
647 775
647 800
647 839
648 8
648 72
648 136
648 197
648 261
648 328
648 392
648 453
648 456
648 520
648 584
648 712
648 773
648 776
648 840
648 904
648 968
648 1032
648 1096
648 1160
648 1224
649 96
649 457
649 521
649 585
649 713
649 777
649 841
650 458
650 522
650 586
650 605
650 714
650 778
650 842
650 1051
650 1163
651 323
651 459
651 523
651 587
651 715
651 779
651 843
652 460
652 524
652 588
652 716
652 780
652 844
652 934
653 5
653 15
653 69
653 133
653 271
653 335
653 399
653 456
653 461
653 463
653 517
653 525
653 527
653 581
653 589
653 591
653 645
653 717
653 719
653 781
653 783
653 837
653 845
653 847
653 909
653 911
653 962
653 965
653 973
653 1029
653 1037
653 1090
653 1093
653 1101
653 1157
653 1165
653 1167
653 1221
653 1229
654 457
654 462
654 526
654 590
654 606
654 718
654 782
654 846
654 899
654 926
655 5
655 6
655 70
655 134
655 198
655 262
655 326
655 390
655 454
655 463
655 518
655 527
655 582
655 589
655 591
655 646
655 710
655 717
655 719
655 774
655 783
655 838
655 847
655 902
655 911
655 966
655 973
655 975
655 1030
655 1037
655 1039
655 1094
655 1101
655 1103
655 1158
655 1165
655 1167
655 1222
655 1229
655 1231
656 149
656 361
656 464
656 528
656 551
656 592
656 679
656 720
656 784
656 848
657 465
657 529
657 585
657 593
657 721
657 785
657 849
658 406
658 466
658 530
658 594
658 722
658 786
658 850
659 467
659 531
659 595
659 723
659 787
659 851
660 183
660 468
660 532
660 596
660 724
660 788
660 852
660 1058
661 297
661 469
661 533
661 597
661 725
661 789
661 853
661 884
662 470
662 534
662 598
662 726
662 790
662 854
663 120
663 471
663 535
663 599
663 727
663 791
663 855
664 20
664 472
664 536
664 600
664 728
664 792
664 856
664 953
664 1136
664 1262
665 473
665 537
665 601
665 729
665 793
665 857
665 863
665 976
666 474
666 538
666 602
666 696
666 730
666 794
666 858
666 1265
667 266
667 332
667 475
667 539
667 603
667 731
667 795
667 859
667 1275
668 476
668 540
668 604
668 732
668 796
668 860
669 477
669 541
669 605
669 733
669 797
669 861
669 906
669 989
670 478
670 542
670 606
670 734
670 798
670 802
670 862
671 95
671 479
671 543
671 607
671 735
671 799
671 863
672 480
672 544
672 608
672 736
672 800
672 864
673 481
673 545
673 609
673 737
673 801
673 865
673 1057
674 482
674 546
674 610
674 738
674 802
674 866
675 483
675 547
675 611
675 729
675 739
675 803
675 805
675 867
675 1123
676 44
676 484
676 548
676 612
676 740
676 804
676 868
677 41
677 485
677 549
677 613
677 741
677 768
677 805
677 869
677 1191
678 486
678 550
678 614
678 742
678 806
678 870
679 149
679 361
679 487
679 551
679 615
679 656
679 743
679 807
679 871
680 152
680 363
680 488
680 552
680 616
680 682
680 744
680 808
680 872
681 289
681 489
681 553
681 617
681 745
681 809
681 873
681 981
681 996
682 152
682 363
682 490
682 554
682 618
682 680
682 746
682 810
682 874
683 432
683 491
683 555
683 619
683 747
683 811
683 875
683 880
684 492
684 556
684 620
684 748
684 812
684 876
685 493
685 557
685 621
685 749
685 813
685 877
686 60
686 442
686 494
686 558
686 622
686 750
686 767
686 814
686 878
686 1066
687 495
687 559
687 623
687 751
687 815
687 879
687 912
688 148
688 372
688 496
688 560
688 624
688 750
688 752
688 816
688 880
689 253
689 497
689 561
689 625
689 753
689 817
689 855
689 881
689 1239
690 36
690 217
690 498
690 562
690 600
690 626
690 754
690 818
690 882
691 499
691 563
691 627
691 755
691 819
691 883
692 62
692 500
692 564
692 628
692 756
692 820
692 884
692 1195
693 501
693 565
693 629
693 757
693 821
693 885
694 502
694 566
694 630
694 758
694 822
694 886
694 1004
695 225
695 409
695 489
695 503
695 567
695 631
695 759
695 823
695 885
695 887
695 1009
695 1202
696 504
696 568
696 632
696 666
696 760
696 824
696 888
696 1265
697 234
697 430
697 505
697 569
697 633
697 761
697 825
697 889
697 1082
698 46
698 506
698 570
698 634
698 746
698 762
698 764
698 826
698 890
699 507
699 571
699 635
699 763
699 827
699 891
699 1036
699 1132
700 23
700 508
700 572
700 636
700 764
700 828
700 892
700 1151
701 509
701 573
701 637
701 765
701 829
701 893
701 922
701 1201
702 106
702 340
702 510
702 569
702 574
702 638
702 766
702 816
702 830
702 894
703 575
703 639
703 767
703 831
704 512
704 576
704 640
704 768
704 832
704 896
704 1143
705 513
705 577
705 641
705 769
705 833
705 897
706 514
706 578
706 642
706 770
706 834
706 898
707 515
707 579
707 643
707 771
707 835
707 899
708 300
708 516
708 563
708 580
708 644
708 772
708 836
708 900
709 69
709 133
709 143
709 271
709 325
709 335
709 389
709 399
709 456
709 461
709 517
709 525
709 581
709 645
709 770
709 773
709 776
709 781
709 834
709 837
709 845
709 898
709 901
709 909
709 962
709 965
709 1029
709 1090
709 1093
709 1157
709 1221
710 6
710 70
710 134
710 198
710 262
710 326
710 390
710 454
710 518
710 527
710 582
710 589
710 591
710 646
710 655
710 719
710 774
710 783
710 838
710 847
710 902
710 911
710 966
710 973
710 975
710 1030
710 1037
710 1039
710 1094
710 1101
710 1103
710 1158
710 1167
710 1222
710 1231
711 519
711 583
711 647
711 775
711 839
711 903
712 8
712 72
712 136
712 197
712 261
712 328
712 392
712 453
712 520
712 584
712 648
712 773
712 776
712 840
712 904
712 968
712 1032
712 1096
712 1160
712 1224
713 395
713 521
713 579
713 585
713 649
713 777
713 841
713 905
714 386
714 522
714 586
714 650
714 778
714 842
714 906
714 1098
715 523
715 587
715 651
715 779
715 843
715 907
716 524
716 588
716 644
716 652
716 780
716 844
716 908
716 978
717 5
717 15
717 69
717 133
717 271
717 335
717 399
717 456
717 463
717 517
717 525
717 527
717 589
717 591
717 645
717 653
717 655
717 719
717 781
717 783
717 837
717 845
717 847
717 909
717 911
717 962
717 965
717 973
717 975
717 1029
717 1037
717 1039
717 1090
717 1101
717 1103
717 1165
717 1167
717 1221
717 1229
717 1231
718 526
718 590
718 654
718 782
718 846
718 910
719 5
719 15
719 70
719 133
719 134
719 198
719 262
719 326
719 390
719 399
719 454
719 463
719 518
719 527
719 582
719 589
719 591
719 645
719 646
719 653
719 655
719 710
719 717
719 774
719 781
719 783
719 838
719 847
719 902
719 911
719 962
719 965
719 966
719 973
719 975
719 1029
719 1030
719 1037
719 1039
719 1090
719 1094
719 1101
719 1103
719 1158
719 1165
719 1167
719 1221
719 1222
719 1229
719 1231
720 528
720 592
720 656
720 784
720 793
720 848
720 912
720 1061
721 206
721 529
721 593
721 657
721 785
721 849
721 913
721 1027
722 187
722 437
722 512
722 530
722 594
722 658
722 756
722 786
722 850
722 914
722 985
723 9
723 531
723 595
723 659
723 787
723 851
723 915
724 114
724 532
724 596
724 660
724 788
724 852
724 916
724 1063
724 1114
725 64
725 476
725 533
725 597
725 661
725 789
725 853
725 917
725 948
726 534
726 598
726 662
726 790
726 854
726 918
727 241
727 535
727 599
727 632
727 663
727 791
727 855
727 919
727 945
728 296
728 400
728 536
728 600
728 664
728 791
728 792
728 856
728 920
729 537
729 601
729 665
729 675
729 793
729 805
729 857
729 921
729 1123
730 439
730 538
730 602
730 666
730 794
730 858
730 922
730 1111
731 539
731 603
731 667
731 795
731 859
731 923
731 1230
732 108
732 502
732 540
732 604
732 668
732 796
732 860
732 924
733 480
733 541
733 605
733 669
733 797
733 861
733 870
733 925
734 542
734 606
734 670
734 798
734 862
734 926
735 543
735 607
735 609
735 671
735 799
735 862
735 863
735 927
735 1152
735 1237
736 166
736 322
736 544
736 608
736 672
736 800
736 864
736 928
737 507
737 545
737 609
737 673
737 801
737 865
737 929
738 4
738 156
738 210
738 278
738 540
738 546
738 610
738 674
738 802
738 866
738 930
739 377
739 547
739 611
739 675
739 803
739 828
739 867
739 931
740 548
740 612
740 676
740 804
740 868
740 932
740 1092
740 1244
741 165
741 549
741 613
741 677
741 789
741 805
741 869
741 933
742 550
742 614
742 678
742 806
742 870
742 934
743 28
743 68
743 379
743 551
743 553
743 615
743 679
743 807
743 871
743 935
743 1271
744 552
744 573
744 616
744 680
744 808
744 872
744 936
744 1003
744 1020
745 233
745 553
745 617
745 681
745 809
745 873
745 937
745 1006
745 1048
746 46
746 554
746 618
746 682
746 698
746 764
746 810
746 874
746 938
747 292
747 555
747 619
747 683
747 811
747 875
747 939
747 1273
748 150
748 556
748 620
748 684
748 812
748 876
748 940
749 530
749 557
749 621
749 685
749 813
749 877
749 941
750 148
750 372
750 558
750 622
750 686
750 688
750 814
750 878
750 942
751 559
751 623
751 687
751 815
751 879
751 943
752 84
752 239
752 560
752 624
752 688
752 816
752 880
752 890
752 944
752 958
752 1021
753 218
753 344
753 561
753 625
753 689
753 817
753 881
753 945
753 1264
754 562
754 626
754 690
754 818
754 882
754 946
755 563
755 608
755 627
755 691
755 819
755 883
755 947
755 1083
756 187
756 437
756 512
756 564
756 628
756 692
756 722
756 820
756 884
756 948
756 985
757 565
757 629
757 693
757 821
757 885
757 937
757 949
757 1261
758 286
758 566
758 614
758 630
758 694
758 822
758 886
758 950
759 54
759 357
759 373
759 567
759 631
759 695
759 823
759 871
759 887
759 951
759 1050
760 282
760 568
760 632
760 696
760 811
760 824
760 888
760 952
760 1081
761 240
761 362
761 569
761 633
761 697
761 825
761 889
761 944
761 953
761 1146
761 1200
762 42
762 343
762 570
762 634
762 698
762 826
762 890
762 954
763 571
763 635
763 699
763 827
763 891
763 955
763 1189
764 46
764 572
764 636
764 698
764 700
764 746
764 828
764 892
764 956
765 573
765 637
765 701
765 829
765 893
765 922
765 957
765 1201
766 252
766 510
766 574
766 638
766 702
766 830
766 894
766 958
767 60
767 442
767 575
767 639
767 686
767 703
767 831
767 895
767 1066
768 41
768 576
768 640
768 677
768 704
768 832
768 896
768 960
768 1191
769 269
769 577
769 641
769 705
769 833
769 897
769 961
770 143
770 200
770 264
770 325
770 389
770 461
770 525
770 578
770 642
770 706
770 709
770 776
770 834
770 898
770 901
770 962
770 1157
771 17
771 579
771 643
771 707
771 835
771 899
771 963
772 580
772 644
772 708
772 836
772 900
772 964
772 1088
773 8
773 72
773 136
773 197
773 261
773 328
773 392
773 453
773 520
773 581
773 584
773 645
773 648
773 709
773 712
773 837
773 840
773 901
773 904
773 965
773 968
773 1032
773 1096
773 1160
773 1224
774 6
774 70
774 134
774 198
774 262
774 326
774 390
774 454
774 518
774 527
774 582
774 589
774 591
774 646
774 655
774 710
774 719
774 783
774 838
774 847
774 902
774 911
774 966
774 975
774 1030
774 1039
774 1094
774 1103
774 1158
774 1167
774 1222
774 1231
775 283
775 416
775 583
775 647
775 711
775 839
775 903
775 967
776 143
776 200
776 264
776 325
776 389
776 461
776 525
776 584
776 648
776 709
776 712
776 770
776 834
776 840
776 898
776 901
776 904
776 968
777 585
777 649
777 713
777 841
777 905
777 969
778 459
778 586
778 650
778 714
778 785
778 842
778 906
778 970
779 67
779 587
779 651
779 715
779 843
779 907
779 971
779 1227
780 588
780 652
780 716
780 844
780 908
780 972
781 5
781 15
781 69
781 133
781 143
781 271
781 325
781 335
781 399
781 456
781 463
781 517
781 525
781 527
781 581
781 589
781 645
781 653
781 709
781 717
781 719
781 783
781 834
781 837
781 845
781 847
781 909
781 962
781 965
781 973
781 1029
781 1037
781 1090
781 1093
781 1101
781 1157
781 1165
781 1221
781 1229
782 7
782 590
782 654
782 718
782 846
782 910
782 974
783 5
783 15
783 70
783 133
783 134
783 198
783 262
783 326
783 335
783 390
783 399
783 454
783 463
783 518
783 527
783 582
783 589
783 591
783 645
783 646
783 653
783 655
783 710
783 717
783 719
783 774
783 781
783 837
783 838
783 847
783 902
783 911
783 962
783 965
783 966
783 973
783 975
783 1029
783 1030
783 1037
783 1039
783 1090
783 1094
783 1101
783 1103
783 1158
783 1165
783 1167
783 1221
783 1222
783 1229
783 1231
784 500
784 592
784 656
784 720
784 848
784 912
784 976
785 459
785 593
785 657
785 721
785 778
785 849
785 913
785 977
786 594
786 658
786 722
786 832
786 850
786 914
786 978
787 595
787 659
787 723
787 851
787 915
787 979
788 472
788 596
788 660
788 724
788 852
788 879
788 916
788 980
789 165
789 597
789 661
789 725
789 741
789 853
789 917
789 981
790 324
790 448
790 598
790 662
790 726
790 854
790 918
790 982
791 296
791 400
791 599
791 663
791 727
791 728
791 855
791 919
791 983
792 170
792 184
792 600
792 623
792 664
792 728
792 856
792 920
792 984
793 601
793 665
793 720
793 729
793 857
793 921
793 985
793 1061
794 103
794 231
794 535
794 602
794 613
794 666
794 730
794 858
794 922
794 986
794 1178
795 603
795 667
795 731
795 859
795 923
795 987
796 604
796 668
796 732
796 860
796 924
796 988
797 30
797 199
797 605
797 669
797 733
797 861
797 925
797 989
798 606
798 670
798 734
798 862
798 926
798 990
799 126
799 227
799 410
799 487
799 607
799 671
799 735
799 863
799 927
799 991
799 1022
800 608
800 647
800 672
800 736
800 864
800 928
800 992
801 609
801 673
801 737
801 865
801 896
801 929
801 993
802 610
802 670
802 674
802 738
802 866
802 930
802 994
803 47
803 48
803 611
803 675
803 739
803 817
803 867
803 931
803 995
804 612
804 676
804 740
804 868
804 932
804 996
805 613
805 675
805 677
805 729
805 741
805 869
805 933
805 997
805 1123
806 614
806 678
806 742
806 870
806 934
806 998
807 153
807 223
807 418
807 562
807 615
807 628
807 679
807 743
807 871
807 935
807 999
808 616
808 680
808 744
808 872
808 936
808 1000
808 1016
809 277
809 405
809 617
809 681
809 745
809 873
809 937
809 1001
810 43
810 618
810 682
810 746
810 830
810 874
810 938
810 1002
811 282
811 619
811 683
811 747
811 760
811 875
811 939
811 1003
811 1081
812 620
812 684
812 748
812 813
812 876
812 940
812 1004
812 1182
813 621
813 685
813 749
813 812
813 877
813 941
813 1005
813 1182
814 208
814 213
814 421
814 464
814 622
814 686
814 750
814 878
814 942
814 1006
814 1257
815 623
815 687
815 751
815 879
815 943
815 1007
815 1084
815 1278
816 106
816 340
816 569
816 624
816 688
816 702
816 752
816 880
816 944
816 1008
817 47
817 48
817 625
817 689
817 753
817 803
817 881
817 945
817 1009
818 98
818 626
818 690
818 754
818 882
818 946
818 1010
819 627
819 691
819 755
819 883
819 947
819 1011
820 180
820 232
820 611
820 628
820 692
820 756
820 884
820 948
820 1012
820 1070
820 1198
821 629
821 693
821 757
821 885
821 949
821 995
821 1013
821 1024
822 630
822 694
822 758
822 886
822 941
822 950
822 1014
823 174
823 336
823 631
823 695
823 759
823 887
823 951
823 1015
823 1047
823 1168
823 1240
823 1272
824 112
824 632
824 696
824 760
824 829
824 888
824 952
824 1016
824 1210
825 633
825 697
825 761
825 889
825 953
825 1017
826 318
826 441
826 698
826 762
826 890
826 954
826 1018
827 358
827 635
827 699
827 763
827 891
827 955
827 1019
828 377
828 636
828 700
828 739
828 764
828 892
828 956
828 1020
829 112
829 637
829 701
829 765
829 824
829 893
829 957
829 1021
829 1210
830 43
830 638
830 702
830 766
830 810
830 894
830 958
830 1022
831 168
831 426
831 446
831 568
831 574
831 639
831 703
831 767
831 895
831 959
831 1023
832 640
832 704
832 768
832 786
832 896
832 960
832 1024
833 385
833 641
833 705
833 769
833 897
833 961
833 1025
834 69
834 133
834 143
834 200
834 271
834 325
834 335
834 389
834 456
834 461
834 517
834 525
834 581
834 642
834 706
834 709
834 770
834 776
834 781
834 837
834 845
834 898
834 901
834 909
834 962
834 1026
834 1029
834 1090
834 1093
834 1157
834 1221
835 145
835 643
835 707
835 771
835 899
835 963
835 992
835 1027
836 644
836 708
836 772
836 900
836 964
836 988
836 1028
837 5
837 15
837 69
837 133
837 143
837 271
837 325
837 335
837 389
837 399
837 456
837 461
837 463
837 517
837 525
837 581
837 589
837 645
837 653
837 709
837 717
837 773
837 781
837 783
837 834
837 845
837 901
837 909
837 962
837 965
837 973
837 1029
837 1037
837 1090
837 1093
837 1101
837 1157
837 1165
837 1221
837 1229
838 6
838 70
838 134
838 198
838 262
838 326
838 390
838 454
838 518
838 527
838 582
838 589
838 591
838 646
838 655
838 710
838 719
838 774
838 783
838 847
838 902
838 911
838 966
838 975
838 1030
838 1037
838 1039
838 1094
838 1103
838 1158
838 1167
838 1222
838 1231
839 647
839 711
839 775
839 903
839 967
839 1031
840 8
840 72
840 136
840 197
840 261
840 328
840 392
840 453
840 520
840 584
840 648
840 712
840 773
840 776
840 904
840 968
840 1032
840 1096
840 1160
840 1224
841 649
841 713
841 777
841 905
841 969
841 1033
842 650
842 714
842 778
842 906
842 970
842 1034
843 401
843 651
843 715
843 779
843 907
843 971
843 1035
844 652
844 716
844 780
844 908
844 972
844 1036
845 5
845 15
845 69
845 133
845 143
845 271
845 325
845 335
845 389
845 399
845 456
845 461
845 463
845 517
845 525
845 581
845 645
845 653
845 709
845 717
845 781
845 834
845 837
845 909
845 962
845 965
845 973
845 1029
845 1037
845 1090
845 1093
845 1157
845 1165
845 1221
845 1229
846 263
846 654
846 718
846 782
846 910
846 974
846 1038
846 1206
847 5
847 15
847 70
847 133
847 134
847 198
847 262
847 326
847 335
847 390
847 399
847 454
847 463
847 518
847 527
847 582
847 589
847 591
847 645
847 646
847 653
847 655
847 710
847 717
847 719
847 774
847 781
847 783
847 838
847 902
847 911
847 962
847 965
847 966
847 973
847 975
847 1029
847 1030
847 1037
847 1039
847 1090
847 1094
847 1101
847 1103
847 1158
847 1165
847 1167
847 1221
847 1222
847 1229
847 1231
848 629
848 656
848 720
848 784
848 912
848 976
848 1040
849 657
849 721
849 785
849 913
849 977
849 1041
850 658
850 722
850 786
850 914
850 978
850 1042
851 659
851 723
851 787
851 915
851 979
851 1043
851 1091
851 1115
852 660
852 724
852 788
852 916
852 980
852 1044
853 661
853 725
853 789
853 882
853 917
853 936
853 981
853 1013
853 1045
854 662
854 726
854 790
854 918
854 982
854 1046
854 1185
855 253
855 663
855 689
855 727
855 791
855 919
855 983
855 1047
855 1239
856 281
856 479
856 664
856 728
856 792
856 920
856 956
856 984
856 1048
856 1073
856 1112
856 1263
857 161
857 665
857 729
857 793
857 860
857 921
857 985
857 1049
858 666
858 730
858 794
858 922
858 986
858 1050
859 391
859 667
859 731
859 795
859 923
859 987
859 1051
859 1155
860 161
860 668
860 732
860 796
860 857
860 924
860 988
860 1052
861 669
861 733
861 797
861 925
861 989
861 1053
862 609
862 670
862 734
862 735
862 798
862 926
862 990
862 1054
862 1152
862 1237
863 665
863 671
863 735
863 799
863 927
863 976
863 991
863 1055
864 465
864 672
864 736
864 800
864 928
864 992
864 1056
865 673
865 737
865 801
865 929
865 993
865 1057
866 674
866 738
866 802
866 930
866 994
866 1058
867 309
867 675
867 739
867 803
867 931
867 995
867 1059
868 0
868 676
868 740
868 804
868 932
868 996
868 1060
869 677
869 741
869 805
869 916
869 933
869 997
869 1061
870 480
870 678
870 733
870 742
870 806
870 934
870 998
870 1062
871 54
871 357
871 373
871 679
871 743
871 759
871 807
871 935
871 999
871 1050
871 1063
872 87
872 473
872 680
872 744
872 808
872 936
872 1000
872 1064
872 1194
873 25
873 485
873 681
873 745
873 809
873 937
873 1001
873 1065
874 176
874 216
874 682
874 746
874 810
874 938
874 1002
874 1066
875 55
875 212
875 248
875 683
875 747
875 811
875 939
875 1003
875 1067
876 684
876 748
876 812
876 940
876 1004
876 1068
877 146
877 685
877 749
877 813
877 941
877 1005
877 1069
878 686
878 750
878 814
878 942
878 1006
878 1052
878 1070
878 1076
879 472
879 687
879 751
879 788
879 815
879 943
879 1007
879 1071
880 432
880 683
880 688
880 752
880 816
880 944
880 1008
880 1072
881 24
881 276
881 536
881 689
881 753
881 817
881 945
881 1009
881 1073
882 690
882 754
882 818
882 853
882 936
882 946
882 1010
882 1013
882 1074
883 458
883 691
883 755
883 819
883 947
883 1011
883 1075
884 297
884 661
884 692
884 756
884 820
884 948
884 1012
884 1076
885 225
885 409
885 489
885 693
885 695
885 757
885 821
885 949
885 1009
885 1013
885 1077
885 1202
886 694
886 758
886 822
886 950
886 1014
886 1049
886 1078
887 695
887 759
887 823
887 951
887 1015
887 1079
887 1205
888 367
888 696
888 760
888 824
888 952
888 1016
888 1080
889 125
889 697
889 761
889 825
889 953
889 1017
889 1081
890 84
890 239
890 698
890 752
890 762
890 826
890 954
890 958
890 1018
890 1021
890 1082
891 365
891 627
891 699
891 763
891 827
891 955
891 1019
891 1083
892 538
892 700
892 764
892 828
892 956
892 1020
892 1084
893 408
893 552
893 701
893 765
893 829
893 957
893 1021
893 1085
893 1209
894 702
894 766
894 830
894 958
894 1022
894 1086
895 504
895 622
895 767
895 831
895 959
895 1023
895 1131
896 704
896 768
896 801
896 832
896 960
896 1024
896 1088
897 705
897 769
897 833
897 961
897 1025
897 1089
898 69
898 143
898 200
898 264
898 325
898 389
898 461
898 525
898 581
898 706
898 709
898 770
898 776
898 834
898 901
898 962
898 1026
898 1090
898 1093
898 1157
899 457
899 606
899 654
899 707
899 771
899 835
899 926
899 963
899 1027
899 1091
900 388
900 708
900 772
900 836
900 932
900 964
900 1028
900 1092
901 200
901 264
901 325
901 389
901 461
901 709
901 770
901 773
901 776
901 834
901 837
901 898
901 965
901 1029
901 1093
902 6
902 70
902 134
902 198
902 262
902 326
902 390
902 454
902 518
902 527
902 582
902 589
902 591
902 646
902 655
902 710
902 719
902 774
902 783
902 838
902 847
902 911
902 966
902 975
902 1030
902 1039
902 1094
902 1103
902 1158
902 1167
902 1222
902 1231
903 711
903 775
903 839
903 967
903 1031
903 1095
904 8
904 72
904 136
904 197
904 261
904 328
904 392
904 453
904 520
904 584
904 648
904 712
904 773
904 776
904 840
904 968
904 1032
904 1096
904 1160
904 1224
905 713
905 777
905 841
905 969
905 1033
905 1097
906 669
906 714
906 778
906 842
906 970
906 989
906 1034
906 1098
907 138
907 715
907 779
907 843
907 971
907 1035
907 1099
908 716
908 780
908 844
908 972
908 1036
908 1100
909 69
909 133
909 143
909 271
909 325
909 335
909 389
909 399
909 456
909 461
909 463
909 517
909 525
909 581
909 645
909 653
909 709
909 717
909 781
909 834
909 837
909 845
909 962
909 965
909 973
909 1029
909 1037
909 1090
909 1093
909 1101
909 1157
909 1165
909 1221
909 1229
910 38
910 349
910 718
910 782
910 846
910 974
910 1038
910 1102
911 70
911 134
911 198
911 262
911 326
911 390
911 399
911 454
911 463
911 518
911 527
911 582
911 589
911 591
911 645
911 646
911 653
911 655
911 710
911 717
911 719
911 774
911 783
911 838
911 847
911 902
911 962
911 965
911 966
911 973
911 975
911 1029
911 1030
911 1037
911 1039
911 1094
911 1101
911 1103
911 1158
911 1165
911 1167
911 1222
911 1229
911 1231
912 687
912 720
912 784
912 848
912 976
912 1040
912 1104
913 721
913 785
913 849
913 977
913 1041
913 1105
914 722
914 786
914 850
914 978
914 1042
914 1106
915 723
915 787
915 851
915 979
915 1043
915 1107
916 724
916 788
916 852
916 869
916 980
916 1044
916 1108
917 725
917 789
917 853
917 981
917 1045
917 1109
918 726
918 790
918 854
918 982
918 1046
918 1110
919 468
919 727
919 791
919 855
919 983
919 1047
919 1087
919 1111
920 298
920 728
920 792
920 856
920 980
920 984
920 1048
920 1112
921 425
921 607
921 729
921 793
921 857
921 985
921 1045
921 1049
921 1113
922 701
922 730
922 765
922 794
922 858
922 986
922 1050
922 1114
922 1201
923 209
923 731
923 795
923 859
923 987
923 1051
923 1115
923 1121
923 1228
924 214
924 438
924 732
924 796
924 860
924 988
924 1052
924 1116
925 733
925 797
925 861
925 989
925 1053
925 1117
926 457
926 606
926 654
926 734
926 798
926 862
926 899
926 990
926 1054
926 1118
927 116
927 443
927 543
927 735
927 799
927 863
927 991
927 1055
927 1119
928 736
928 800
928 864
928 992
928 1056
928 1120
928 1248
929 737
929 801
929 865
929 993
929 1057
929 1121
930 545
930 738
930 802
930 866
930 994
930 1058
930 1122
931 378
931 474
931 554
931 739
931 803
931 867
931 995
931 1059
931 1123
932 388
932 740
932 804
932 868
932 900
932 996
932 1060
932 1124
933 528
933 741
933 805
933 869
933 997
933 1061
933 1125
934 652
934 742
934 806
934 870
934 998
934 1062
934 1126
935 743
935 807
935 871
935 999
935 1063
935 1127
936 744
936 808
936 853
936 872
936 882
936 1000
936 1013
936 1064
936 1128
937 745
937 757
937 809
937 873
937 1001
937 1065
937 1129
937 1261
938 151
938 746
938 810
938 874
938 1002
938 1066
938 1130
939 505
939 558
939 747
939 811
939 875
939 1003
939 1067
939 1131
940 158
940 748
940 812
940 876
940 1004
940 1068
940 1132
941 749
941 813
941 822
941 877
941 1005
941 1069
941 1133
942 750
942 814
942 878
942 1006
942 1052
942 1070
942 1076
942 1134
943 751
943 815
943 879
943 1007
943 1071
943 1135
944 240
944 362
944 752
944 761
944 816
944 880
944 1008
944 1072
944 1136
944 1146
944 1200
945 241
945 632
945 727
945 753
945 817
945 881
945 1009
945 1073
945 1137
946 754
946 818
946 882
946 1010
946 1074
946 1138
947 755
947 819
947 883
947 970
947 1011
947 1075
947 1139
948 64
948 476
948 725
948 756
948 820
948 884
948 1012
948 1076
948 1140
949 757
949 821
949 885
949 1013
949 1077
949 1125
949 1141
950 758
950 822
950 886
950 1014
950 1078
950 1142
951 315
951 759
951 823
951 887
951 1015
951 1079
951 1143
952 57
952 314
952 760
952 824
952 888
952 1016
952 1080
952 1144
953 20
953 664
953 761
953 825
953 889
953 1017
953 1081
953 1136
953 1145
953 1262
954 762
954 826
954 890
954 1018
954 1082
955 763
955 827
955 891
955 1019
955 1083
955 1116
955 1147
956 281
956 479
956 764
956 828
956 856
956 892
956 1020
956 1073
956 1084
956 1112
956 1148
956 1263
957 61
957 175
957 597
957 765
957 829
957 893
957 1021
957 1085
957 1144
957 1149
958 84
958 239
958 752
958 766
958 830
958 890
958 894
958 1021
958 1022
958 1086
958 1150
959 58
959 317
959 831
959 895
959 1023
959 1087
960 541
960 768
960 832
960 896
960 1024
960 1046
960 1088
960 1152
961 769
961 833
961 897
961 1025
961 1089
961 1153
962 5
962 15
962 133
962 143
962 271
962 335
962 399
962 456
962 463
962 517
962 525
962 527
962 581
962 589
962 591
962 645
962 653
962 709
962 717
962 719
962 770
962 781
962 783
962 834
962 837
962 845
962 847
962 898
962 909
962 911
962 965
962 973
962 1026
962 1029
962 1037
962 1090
962 1093
962 1101
962 1154
962 1157
962 1165
962 1221
962 1229
963 771
963 835
963 899
963 1027
963 1091
963 1155
964 338
964 772
964 836
964 900
964 1028
964 1092
964 1156
965 5
965 15
965 133
965 143
965 271
965 335
965 399
965 456
965 463
965 517
965 525
965 527
965 581
965 589
965 591
965 645
965 653
965 709
965 717
965 719
965 773
965 781
965 783
965 837
965 845
965 847
965 901
965 909
965 911
965 962
965 973
965 1029
965 1037
965 1090
965 1093
965 1101
965 1157
965 1165
965 1221
965 1229
966 6
966 70
966 134
966 198
966 262
966 326
966 390
966 454
966 518
966 527
966 582
966 591
966 646
966 655
966 710
966 719
966 774
966 783
966 838
966 847
966 902
966 911
966 975
966 1030
966 1039
966 1094
966 1103
966 1158
966 1167
966 1222
966 1231
967 205
967 775
967 839
967 903
967 1031
967 1095
967 1159
968 8
968 72
968 136
968 197
968 261
968 328
968 392
968 453
968 520
968 584
968 648
968 712
968 773
968 776
968 840
968 904
968 1032
968 1096
968 1160
968 1224
969 777
969 841
969 905
969 1033
969 1097
969 1161
970 778
970 842
970 906
970 947
970 1034
970 1098
970 1162
971 2
971 779
971 843
971 907
971 1035
971 1099
971 1163
971 1169
972 780
972 844
972 908
972 1036
972 1100
972 1164
973 5
973 133
973 198
973 271
973 335
973 399
973 463
973 518
973 527
973 589
973 591
973 645
973 653
973 655
973 710
973 717
973 719
973 781
973 783
973 837
973 845
973 847
973 909
973 911
973 962
973 965
973 975
973 1029
973 1037
973 1039
973 1090
973 1101
973 1103
973 1165
973 1167
973 1221
973 1229
973 1231
974 782
974 846
974 910
974 1038
974 1102
974 1166
975 70
975 134
975 198
975 262
975 326
975 390
975 454
975 463
975 518
975 527
975 582
975 589
975 591
975 646
975 655
975 710
975 717
975 719
975 774
975 783
975 838
975 847
975 902
975 911
975 966
975 973
975 1030
975 1037
975 1039
975 1094
975 1101
975 1103
975 1158
975 1165
975 1167
975 1222
975 1229
975 1231
976 665
976 784
976 848
976 863
976 912
976 1040
976 1104
976 1168
977 785
977 849
977 913
977 1041
977 1105
977 1169
978 644
978 716
978 786
978 850
978 914
978 1042
978 1106
978 1170
979 787
979 851
979 915
979 1043
979 1107
979 1171
980 298
980 788
980 852
980 916
980 920
980 1044
980 1108
980 1172
981 289
981 681
981 789
981 853
981 917
981 996
981 1045
981 1109
981 1173
982 790
982 854
982 918
982 1046
982 1110
982 1174
982 1180
983 154
983 791
983 855
983 919
983 1047
983 1111
983 1130
983 1172
983 1175
983 1242
984 792
984 856
984 920
984 1048
984 1104
984 1112
984 1176
985 187
985 437
985 512
985 722
985 756
985 793
985 857
985 921
985 1049
985 1113
985 1177
986 794
986 858
986 922
986 1014
986 1050
986 1114
986 1178
987 521
987 795
987 859
987 923
987 1051
987 1115
987 1161
987 1179
988 796
988 836
988 860
988 924
988 1052
988 1116
988 1180
989 669
989 797
989 861
989 906
989 925
989 1053
989 1117
989 1181
990 798
990 862
990 926
990 1054
990 1118
990 1182
991 799
991 863
991 927
991 1055
991 1119
991 1183
992 145
992 800
992 835
992 864
992 928
992 1056
992 1120
992 1184
993 801
993 865
993 929
993 1057
993 1121
993 1185
994 164
994 802
994 866
994 930
994 1058
994 1122
994 1186
995 803
995 821
995 867
995 931
995 1024
995 1059
995 1123
995 1187
996 289
996 681
996 804
996 868
996 932
996 981
996 1060
996 1124
996 1188
997 306
997 417
997 805
997 869
997 933
997 1060
997 1061
997 1125
997 1189
998 806
998 870
998 934
998 1062
998 1126
998 1190
999 45
999 353
999 548
999 640
999 807
999 871
999 935
999 1063
999 1127
999 1138
999 1191
1000 808
1000 872
1000 936
1000 1064
1000 1128
1000 1192
1001 809
1001 873
1001 937
1001 1065
1001 1129
1001 1193
1002 167
1002 351
1002 810
1002 874
1002 938
1002 1066
1002 1130
1002 1194
1003 573
1003 744
1003 811
1003 875
1003 939
1003 1020
1003 1067
1003 1131
1003 1195
1004 694
1004 812
1004 876
1004 940
1004 1068
1004 1132
1004 1196
1005 813
1005 877
1005 941
1005 1069
1005 1133
1005 1197
1006 233
1006 745
1006 814
1006 878
1006 942
1006 1048
1006 1070
1006 1134
1006 1198
1007 313
1007 497
1007 815
1007 879
1007 943
1007 1071
1007 1135
1007 1199
1008 290
1008 495
1008 816
1008 880
1008 944
1008 1072
1008 1085
1008 1128
1008 1136
1008 1200
1009 225
1009 409
1009 489
1009 695
1009 817
1009 881
1009 885
1009 945
1009 1073
1009 1137
1009 1201
1009 1202
1010 601
1010 818
1010 882
1010 946
1010 1074
1010 1138
1010 1202
1011 819
1011 883
1011 947
1011 1075
1011 1139
1011 1203
1012 820
1012 884
1012 948
1012 1076
1012 1140
1012 1204
1013 821
1013 853
1013 882
1013 885
1013 936
1013 949
1013 1077
1013 1141
1013 1205
1014 822
1014 886
1014 950
1014 986
1014 1078
1014 1142
1014 1206
1015 80
1015 89
1015 823
1015 887
1015 951
1015 1079
1015 1143
1015 1175
1015 1207
1016 808
1016 824
1016 888
1016 952
1016 1080
1016 1144
1016 1208
1017 825
1017 889
1017 953
1017 1081
1017 1145
1017 1183
1017 1209
1018 35
1018 599
1018 826
1018 890
1018 954
1018 1082
1018 1146
1018 1210
1019 398
1019 827
1019 891
1019 955
1019 1083
1019 1147
1019 1211
1020 573
1020 744
1020 828
1020 892
1020 956
1020 1003
1020 1084
1020 1148
1020 1212
1021 84
1021 239
1021 752
1021 829
1021 890
1021 893
1021 957
1021 958
1021 1085
1021 1149
1021 1213
1022 126
1022 227
1022 410
1022 487
1022 799
1022 830
1022 894
1022 958
1022 1086
1022 1150
1022 1214
1023 177
1023 831
1023 895
1023 959
1023 1087
1023 1151
1024 821
1024 832
1024 896
1024 960
1024 995
1024 1088
1024 1152
1024 1216
1025 833
1025 897
1025 961
1025 1089
1025 1153
1025 1217
1026 834
1026 898
1026 962
1026 1089
1026 1090
1026 1154
1026 1218
1027 206
1027 721
1027 835
1027 899
1027 963
1027 1091
1027 1155
1027 1219
1028 482
1028 836
1028 900
1028 964
1028 1092
1028 1156
1028 1220
1028 1270
1029 5
1029 15
1029 133
1029 271
1029 335
1029 399
1029 456
1029 463
1029 517
1029 525
1029 527
1029 581
1029 589
1029 645
1029 653
1029 709
1029 717
1029 719
1029 781
1029 783
1029 834
1029 837
1029 845
1029 847
1029 901
1029 909
1029 911
1029 962
1029 965
1029 973
1029 1037
1029 1090
1029 1093
1029 1101
1029 1157
1029 1165
1029 1221
1029 1229
1030 6
1030 70
1030 134
1030 198
1030 262
1030 326
1030 390
1030 454
1030 518
1030 527
1030 582
1030 591
1030 646
1030 655
1030 710
1030 719
1030 774
1030 783
1030 838
1030 847
1030 902
1030 911
1030 966
1030 975
1030 1039
1030 1094
1030 1103
1030 1158
1030 1167
1030 1222
1030 1231
1031 526
1031 839
1031 903
1031 967
1031 1095
1031 1159
1031 1223
1032 8
1032 72
1032 136
1032 197
1032 261
1032 328
1032 392
1032 453
1032 520
1032 584
1032 648
1032 712
1032 773
1032 840
1032 904
1032 968
1032 1096
1032 1160
1032 1224
1033 841
1033 905
1033 969
1033 1097
1033 1161
1033 1225
1034 842
1034 906
1034 970
1034 1098
1034 1162
1034 1226
1035 843
1035 907
1035 971
1035 1099
1035 1163
1035 1227
1036 699
1036 844
1036 908
1036 972
1036 1100
1036 1132
1036 1164
1036 1228
1037 5
1037 198
1037 335
1037 390
1037 399
1037 463
1037 518
1037 527
1037 589
1037 591
1037 645
1037 653
1037 655
1037 710
1037 717
1037 719
1037 781
1037 783
1037 837
1037 838
1037 845
1037 847
1037 909
1037 911
1037 962
1037 965
1037 973
1037 975
1037 1029
1037 1039
1037 1090
1037 1101
1037 1103
1037 1165
1037 1167
1037 1221
1037 1229
1037 1231
1038 846
1038 910
1038 974
1038 1102
1038 1166
1038 1230
1038 1267
1039 198
1039 262
1039 326
1039 390
1039 454
1039 463
1039 518
1039 527
1039 582
1039 589
1039 591
1039 646
1039 655
1039 710
1039 717
1039 719
1039 774
1039 783
1039 838
1039 847
1039 902
1039 911
1039 966
1039 973
1039 975
1039 1030
1039 1037
1039 1094
1039 1101
1039 1103
1039 1158
1039 1165
1039 1167
1039 1222
1039 1229
1039 1231
1040 848
1040 912
1040 976
1040 1074
1040 1104
1040 1168
1040 1232
1041 593
1041 849
1041 913
1041 977
1041 1105
1041 1169
1041 1233
1042 850
1042 914
1042 978
1042 1106
1042 1170
1042 1234
1043 330
1043 851
1043 915
1043 979
1043 1107
1043 1171
1043 1226
1043 1235
1044 53
1044 100
1044 415
1044 852
1044 916
1044 980
1044 1108
1044 1172
1044 1236
1045 425
1045 607
1045 853
1045 917
1045 921
1045 981
1045 1109
1045 1173
1045 1237
1046 541
1046 854
1046 918
1046 960
1046 982
1046 1110
1046 1174
1046 1238
1047 174
1047 336
1047 823
1047 855
1047 919
1047 983
1047 1111
1047 1168
1047 1175
1047 1239
1047 1240
1047 1272
1048 233
1048 745
1048 856
1048 920
1048 984
1048 1006
1048 1112
1048 1176
1048 1240
1049 857
1049 886
1049 921
1049 985
1049 1113
1049 1177
1049 1241
1050 54
1050 357
1050 373
1050 759
1050 858
1050 871
1050 922
1050 986
1050 1114
1050 1178
1050 1242
1051 605
1051 650
1051 859
1051 923
1051 987
1051 1115
1051 1163
1051 1179
1051 1243
1052 860
1052 878
1052 924
1052 942
1052 988
1052 1076
1052 1116
1052 1180
1052 1244
1053 74
1053 861
1053 925
1053 989
1053 1117
1053 1181
1053 1245
1054 132
1054 862
1054 926
1054 990
1054 1118
1054 1181
1054 1182
1054 1246
1055 488
1055 503
1055 863
1055 927
1055 991
1055 1119
1055 1183
1055 1247
1056 864
1056 928
1056 992
1056 1120
1056 1184
1056 1248
1057 673
1057 865
1057 929
1057 993
1057 1121
1057 1185
1057 1249
1058 183
1058 660
1058 866
1058 930
1058 994
1058 1122
1058 1186
1058 1250
1059 312
1059 570
1059 867
1059 931
1059 995
1059 1123
1059 1187
1059 1251
1060 306
1060 417
1060 868
1060 932
1060 996
1060 997
1060 1124
1060 1188
1060 1252
1061 720
1061 793
1061 869
1061 933
1061 997
1061 1125
1061 1189
1061 1253
1062 870
1062 934
1062 998
1062 1110
1062 1126
1062 1190
1062 1254
1063 114
1063 724
1063 871
1063 935
1063 999
1063 1114
1063 1127
1063 1191
1063 1255
1064 86
1064 872
1064 936
1064 1000
1064 1128
1064 1192
1064 1256
1065 873
1065 937
1065 1001
1065 1129
1065 1193
1065 1247
1065 1257
1066 60
1066 442
1066 686
1066 767
1066 874
1066 938
1066 1002
1066 1130
1066 1194
1066 1258
1067 280
1067 404
1067 427
1067 624
1067 875
1067 939
1067 1003
1067 1131
1067 1195
1067 1259
1067 1277
1067 1279
1068 435
1068 876
1068 940
1068 1004
1068 1132
1068 1196
1068 1260
1069 877
1069 941
1069 1005
1069 1133
1069 1197
1069 1261
1070 180
1070 232
1070 611
1070 820
1070 878
1070 942
1070 1006
1070 1134
1070 1198
1070 1262
1071 123
1071 370
1071 879
1071 943
1071 1007
1071 1135
1071 1199
1071 1263
1072 26
1072 436
1072 880
1072 944
1072 1008
1072 1136
1072 1200
1072 1264
1073 281
1073 479
1073 856
1073 881
1073 945
1073 956
1073 1009
1073 1112
1073 1137
1073 1201
1073 1263
1073 1265
1074 882
1074 946
1074 1010
1074 1040
1074 1138
1074 1202
1074 1266
1075 883
1075 947
1075 1011
1075 1139
1075 1203
1075 1267
1076 878
1076 884
1076 942
1076 948
1076 1012
1076 1052
1076 1140
1076 1204
1076 1268
1077 228
1077 452
1077 885
1077 949
1077 1013
1077 1141
1077 1205
1077 1269
1078 347
1078 886
1078 950
1078 1014
1078 1142
1078 1206
1078 1270
1079 610
1079 887
1079 951
1079 1015
1079 1143
1079 1207
1079 1271
1080 366
1080 888
1080 952
1080 1016
1080 1144
1080 1208
1080 1272
1081 282
1081 760
1081 811
1081 889
1081 953
1081 1017
1081 1145
1081 1209
1081 1273
1082 234
1082 430
1082 697
1082 890
1082 954
1082 1018
1082 1146
1082 1210
1083 608
1083 755
1083 891
1083 955
1083 1019
1083 1147
1083 1211
1083 1275
1084 815
1084 892
1084 956
1084 1020
1084 1148
1084 1212
1084 1276
1084 1278
1085 290
1085 495
1085 893
1085 957
1085 1008
1085 1021
1085 1128
1085 1149
1085 1213
1085 1277
1086 894
1086 958
1086 1022
1086 1150
1086 1214
1086 1256
1086 1278
1087 468
1087 919
1087 959
1087 1023
1087 1151
1087 1215
1087 1279
1088 772
1088 896
1088 960
1088 1024
1088 1152
1088 1216
1089 897
1089 961
1089 1025
1089 1026
1089 1153
1089 1217
1090 15
1090 133
1090 271
1090 325
1090 335
1090 399
1090 456
1090 463
1090 517
1090 525
1090 527
1090 581
1090 589
1090 645
1090 653
1090 709
1090 717
1090 719
1090 781
1090 783
1090 834
1090 837
1090 845
1090 847
1090 898
1090 909
1090 962
1090 965
1090 973
1090 1026
1090 1029
1090 1037
1090 1093
1090 1101
1090 1154
1090 1157
1090 1165
1090 1218
1090 1221
1090 1229
1091 851
1091 899
1091 963
1091 1027
1091 1115
1091 1155
1091 1219
1092 740
1092 900
1092 964
1092 1028
1092 1156
1092 1220
1092 1244
1093 69
1093 143
1093 271
1093 325
1093 335
1093 389
1093 399
1093 456
1093 461
1093 517
1093 525
1093 581
1093 645
1093 653
1093 709
1093 781
1093 834
1093 837
1093 845
1093 898
1093 901
1093 909
1093 962
1093 965
1093 1029
1093 1090
1093 1157
1093 1165
1093 1221
1094 6
1094 70
1094 134
1094 198
1094 262
1094 326
1094 390
1094 454
1094 518
1094 527
1094 582
1094 589
1094 591
1094 646
1094 655
1094 710
1094 719
1094 774
1094 783
1094 838
1094 847
1094 902
1094 911
1094 966
1094 975
1094 1030
1094 1039
1094 1103
1094 1158
1094 1167
1094 1222
1094 1231
1095 327
1095 903
1095 967
1095 1031
1095 1159
1095 1223
1096 8
1096 72
1096 136
1096 197
1096 261
1096 328
1096 392
1096 453
1096 520
1096 584
1096 648
1096 712
1096 773
1096 840
1096 904
1096 968
1096 1032
1096 1160
1096 1224
1097 905
1097 969
1097 1033
1097 1161
1097 1225
1098 386
1098 714
1098 906
1098 970
1098 1034
1098 1162
1098 1226
1099 202
1099 544
1099 907
1099 971
1099 1035
1099 1163
1099 1227
1100 307
1100 908
1100 972
1100 1036
1100 1164
1100 1228
1101 5
1101 271
1101 335
1101 399
1101 463
1101 517
1101 518
1101 527
1101 589
1101 591
1101 645
1101 653
1101 655
1101 710
1101 717
1101 719
1101 781
1101 783
1101 837
1101 847
1101 909
1101 911
1101 962
1101 965
1101 973
1101 975
1101 1029
1101 1037
1101 1039
1101 1090
1101 1103
1101 1165
1101 1167
1101 1221
1101 1229
1101 1231
1102 910
1102 974
1102 1038
1102 1166
1102 1230
1103 198
1103 262
1103 326
1103 390
1103 454
1103 463
1103 518
1103 527
1103 582
1103 589
1103 591
1103 645
1103 646
1103 655
1103 710
1103 717
1103 719
1103 774
1103 783
1103 838
1103 847
1103 902
1103 911
1103 966
1103 973
1103 975
1103 1030
1103 1037
1103 1039
1103 1094
1103 1101
1103 1158
1103 1165
1103 1167
1103 1222
1103 1229
1103 1231
1104 912
1104 976
1104 984
1104 1040
1104 1168
1104 1232
1105 193
1105 913
1105 977
1105 1041
1105 1169
1105 1233
1106 92
1106 914
1106 978
1106 1042
1106 1170
1106 1234
1107 915
1107 979
1107 1043
1107 1171
1107 1235
1108 407
1108 561
1108 618
1108 916
1108 980
1108 1044
1108 1172
1108 1236
1109 917
1109 981
1109 1045
1109 1173
1109 1237
1110 918
1110 982
1110 1046
1110 1062
1110 1174
1110 1238
1111 439
1111 730
1111 919
1111 983
1111 1047
1111 1175
1111 1239
1112 281
1112 479
1112 856
1112 920
1112 956
1112 984
1112 1048
1112 1073
1112 1176
1112 1240
1112 1263
1113 33
1113 50
1113 921
1113 985
1113 1049
1113 1177
1113 1241
1114 114
1114 724
1114 922
1114 986
1114 1050
1114 1063
1114 1178
1114 1242
1115 851
1115 923
1115 987
1115 1051
1115 1091
1115 1179
1115 1243
1116 924
1116 955
1116 988
1116 1052
1116 1180
1116 1244
1117 925
1117 989
1117 1053
1117 1181
1117 1245
1118 926
1118 990
1118 1054
1118 1182
1118 1246
1119 533
1119 927
1119 991
1119 1055
1119 1183
1119 1247
1120 928
1120 992
1120 1056
1120 1184
1120 1248
1121 209
1121 923
1121 929
1121 993
1121 1057
1121 1185
1121 1228
1121 1249
1122 630
1122 930
1122 994
1122 1058
1122 1129
1122 1186
1122 1250
1123 675
1123 729
1123 805
1123 931
1123 995
1123 1059
1123 1187
1123 1251
1124 320
1124 501
1124 566
1124 932
1124 996
1124 1060
1124 1188
1124 1252
1125 933
1125 949
1125 997
1125 1061
1125 1189
1125 1253
1126 934
1126 998
1126 1062
1126 1190
1126 1254
1127 119
1127 935
1127 999
1127 1063
1127 1191
1127 1255
1128 290
1128 495
1128 936
1128 1000
1128 1008
1128 1064
1128 1085
1128 1192
1128 1256
1129 630
1129 937
1129 1001
1129 1065
1129 1122
1129 1193
1129 1257
1130 154
1130 938
1130 983
1130 1002
1130 1066
1130 1172
1130 1194
1130 1242
1130 1258
1131 504
1131 622
1131 895
1131 939
1131 1003
1131 1067
1131 1195
1131 1259
1132 699
1132 940
1132 1004
1132 1036
1132 1068
1132 1196
1132 1260
1133 941
1133 1005
1133 1069
1133 1197
1133 1261
1134 85
1134 942
1134 1006
1134 1070
1134 1176
1134 1198
1134 1262
1135 375
1135 604
1135 943
1135 1007
1135 1071
1135 1199
1135 1263
1136 20
1136 664
1136 944
1136 953
1136 1008
1136 1072
1136 1200
1136 1262
1136 1264
1137 423
1137 546
1137 615
1137 945
1137 1009
1137 1073
1137 1140
1137 1201
1137 1232
1137 1265
1138 45
1138 353
1138 548
1138 640
1138 946
1138 999
1138 1010
1138 1074
1138 1202
1138 1266
1139 947
1139 1011
1139 1075
1139 1197
1139 1203
1139 1267
1140 423
1140 546
1140 615
1140 948
1140 1012
1140 1076
1140 1137
1140 1204
1140 1232
1140 1268
1141 93
1141 492
1141 580
1141 949
1141 1013
1141 1077
1141 1205
1141 1269
1142 950
1142 1014
1142 1078
1142 1206
1142 1270
1143 704
1143 951
1143 1015
1143 1079
1143 1207
1143 1271
1144 61
1144 175
1144 597
1144 952
1144 957
1144 1016
1144 1080
1144 1208
1144 1272
1145 90
1145 110
1145 124
1145 637
1145 953
1145 1017
1145 1081
1145 1209
1145 1273
1146 240
1146 362
1146 761
1146 944
1146 1018
1146 1082
1146 1200
1146 1210
1146 1274
1147 955
1147 1019
1147 1083
1147 1211
1147 1275
1148 56
1148 188
1148 956
1148 1020
1148 1084
1148 1212
1148 1276
1149 293
1149 483
1149 957
1149 1021
1149 1085
1149 1213
1149 1277
1150 59
1150 958
1150 1022
1150 1086
1150 1214
1150 1278
1151 23
1151 508
1151 700
1151 1023
1151 1087
1151 1215
1151 1279
1152 609
1152 735
1152 862
1152 960
1152 1024
1152 1088
1152 1216
1152 1237
1153 961
1153 1025
1153 1089
1153 1217
1154 962
1154 1026
1154 1090
1154 1218
1155 391
1155 859
1155 963
1155 1027
1155 1091
1155 1219
1156 964
1156 1028
1156 1092
1156 1220
1157 69
1157 143
1157 271
1157 325
1157 335
1157 389
1157 399
1157 456
1157 461
1157 517
1157 525
1157 581
1157 645
1157 653
1157 709
1157 770
1157 781
1157 834
1157 837
1157 845
1157 898
1157 909
1157 962
1157 965
1157 1029
1157 1090
1157 1093
1157 1221
1158 6
1158 70
1158 134
1158 198
1158 262
1158 326
1158 390
1158 454
1158 518
1158 527
1158 582
1158 591
1158 646
1158 655
1158 710
1158 719
1158 774
1158 783
1158 838
1158 847
1158 902
1158 911
1158 966
1158 975
1158 1030
1158 1039
1158 1094
1158 1103
1158 1167
1158 1222
1158 1231
1159 329
1159 967
1159 1031
1159 1095
1159 1223
1160 8
1160 72
1160 136
1160 197
1160 261
1160 328
1160 392
1160 453
1160 520
1160 584
1160 648
1160 712
1160 773
1160 840
1160 904
1160 968
1160 1032
1160 1096
1160 1224
1161 521
1161 969
1161 987
1161 1033
1161 1097
1161 1225
1162 539
1162 970
1162 1034
1162 1098
1162 1226
1163 605
1163 650
1163 971
1163 1035
1163 1051
1163 1099
1163 1227
1164 972
1164 1036
1164 1100
1164 1228
1165 5
1165 15
1165 335
1165 399
1165 456
1165 463
1165 517
1165 527
1165 581
1165 589
1165 591
1165 645
1165 653
1165 655
1165 717
1165 719
1165 781
1165 783
1165 837
1165 845
1165 847
1165 909
1165 911
1165 962
1165 965
1165 973
1165 975
1165 1029
1165 1037
1165 1039
1165 1090
1165 1093
1165 1101
1165 1103
1165 1167
1165 1221
1165 1229
1165 1231
1166 974
1166 1038
1166 1102
1166 1230
1167 198
1167 326
1167 390
1167 454
1167 463
1167 518
1167 527
1167 582
1167 589
1167 591
1167 645
1167 646
1167 653
1167 655
1167 710
1167 717
1167 719
1167 774
1167 783
1167 838
1167 847
1167 902
1167 911
1167 966
1167 973
1167 975
1167 1030
1167 1037
1167 1039
1167 1094
1167 1101
1167 1103
1167 1158
1167 1165
1167 1222
1167 1229
1167 1231
1168 174
1168 336
1168 823
1168 976
1168 1040
1168 1047
1168 1104
1168 1232
1168 1240
1168 1272
1169 2
1169 971
1169 977
1169 1041
1169 1105
1169 1233
1170 612
1170 978
1170 1042
1170 1106
1170 1234
1171 979
1171 1043
1171 1107
1171 1235
1172 154
1172 980
1172 983
1172 1044
1172 1108
1172 1130
1172 1236
1172 1242
1173 311
1173 981
1173 1045
1173 1109
1173 1237
1174 982
1174 1046
1174 1110
1174 1238
1175 80
1175 89
1175 983
1175 1015
1175 1047
1175 1111
1175 1239
1176 85
1176 984
1176 1048
1176 1112
1176 1134
1176 1240
1177 251
1177 469
1177 631
1177 985
1177 1049
1177 1113
1177 1241
1178 103
1178 231
1178 535
1178 613
1178 794
1178 986
1178 1050
1178 1114
1178 1242
1179 267
1179 475
1179 987
1179 1051
1179 1115
1179 1243
1180 982
1180 988
1180 1052
1180 1116
1180 1244
1181 132
1181 989
1181 1053
1181 1054
1181 1117
1181 1245
1182 812
1182 813
1182 990
1182 1054
1182 1118
1182 1246
1183 991
1183 1017
1183 1055
1183 1119
1183 1247
1184 992
1184 1056
1184 1120
1184 1248
1185 854
1185 993
1185 1057
1185 1121
1185 1249
1186 534
1186 994
1186 1058
1186 1122
1186 1250
1187 39
1187 169
1187 341
1187 995
1187 1059
1187 1123
1187 1251
1188 82
1188 996
1188 1060
1188 1124
1188 1252
1189 763
1189 997
1189 1061
1189 1125
1189 1253
1190 411
1190 998
1190 1062
1190 1126
1190 1254
1191 41
1191 677
1191 768
1191 999
1191 1063
1191 1127
1191 1255
1192 37
1192 1000
1192 1064
1192 1128
1192 1256
1193 1001
1193 1065
1193 1129
1193 1257
1194 87
1194 473
1194 872
1194 1002
1194 1066
1194 1130
1194 1258
1195 62
1195 692
1195 1003
1195 1067
1195 1131
1195 1259
1196 268
1196 1004
1196 1068
1196 1132
1196 1260
1197 1005
1197 1069
1197 1133
1197 1139
1197 1261
1198 180
1198 232
1198 611
1198 820
1198 1006
1198 1070
1198 1134
1198 1262
1199 1007
1199 1071
1199 1135
1199 1263
1200 240
1200 362
1200 761
1200 944
1200 1008
1200 1072
1200 1136
1200 1146
1200 1264
1201 701
1201 765
1201 922
1201 1009
1201 1073
1201 1137
1201 1265
1202 225
1202 409
1202 489
1202 695
1202 885
1202 1009
1202 1010
1202 1074
1202 1138
1202 1266
1203 1011
1203 1075
1203 1139
1203 1267
1204 99
1204 345
1204 1012
1204 1076
1204 1140
1204 1268
1205 887
1205 1013
1205 1077
1205 1141
1205 1269
1206 263
1206 846
1206 1014
1206 1078
1206 1142
1206 1270
1207 374
1207 537
1207 1015
1207 1079
1207 1143
1207 1250
1207 1271
1208 189
1208 381
1208 559
1208 1016
1208 1080
1208 1144
1208 1272
1209 408
1209 552
1209 893
1209 1017
1209 1081
1209 1145
1209 1273
1210 112
1210 824
1210 829
1210 1018
1210 1082
1210 1146
1210 1274
1211 598
1211 1019
1211 1083
1211 1147
1211 1275
1212 111
1212 192
1212 1020
1212 1084
1212 1148
1212 1276
1213 1021
1213 1085
1213 1149
1213 1277
1214 383
1214 572
1214 619
1214 1022
1214 1086
1214 1150
1214 1278
1215 163
1215 1087
1215 1151
1215 1279
1216 396
1216 1024
1216 1088
1216 1152
1217 1025
1217 1089
1217 1153
1218 1026
1218 1090
1218 1154
1219 1027
1219 1091
1219 1155
1220 617
1220 1028
1220 1092
1220 1156
1221 15
1221 133
1221 271
1221 335
1221 399
1221 456
1221 463
1221 517
1221 525
1221 527
1221 581
1221 589
1221 645
1221 653
1221 709
1221 717
1221 719
1221 781
1221 783
1221 834
1221 837
1221 845
1221 847
1221 909
1221 962
1221 965
1221 973
1221 1029
1221 1037
1221 1090
1221 1093
1221 1101
1221 1157
1221 1165
1221 1229
1222 6
1222 70
1222 134
1222 198
1222 262
1222 326
1222 390
1222 454
1222 518
1222 527
1222 582
1222 589
1222 591
1222 646
1222 655
1222 710
1222 719
1222 774
1222 783
1222 838
1222 847
1222 902
1222 911
1222 966
1222 975
1222 1030
1222 1039
1222 1094
1222 1103
1222 1158
1222 1167
1222 1231
1223 1031
1223 1095
1223 1159
1224 8
1224 72
1224 136
1224 197
1224 261
1224 328
1224 392
1224 453
1224 520
1224 584
1224 648
1224 712
1224 773
1224 840
1224 904
1224 968
1224 1032
1224 1096
1224 1160
1225 1033
1225 1097
1225 1161
1226 330
1226 1034
1226 1043
1226 1098
1226 1162
1227 67
1227 779
1227 1035
1227 1099
1227 1163
1228 209
1228 923
1228 1036
1228 1100
1228 1121
1228 1164
1229 5
1229 15
1229 399
1229 456
1229 463
1229 517
1229 527
1229 589
1229 591
1229 645
1229 653
1229 655
1229 717
1229 719
1229 781
1229 783
1229 837
1229 845
1229 847
1229 909
1229 911
1229 962
1229 965
1229 973
1229 975
1229 1029
1229 1037
1229 1039
1229 1090
1229 1101
1229 1103
1229 1165
1229 1167
1229 1221
1229 1231
1230 731
1230 1038
1230 1102
1230 1166
1231 198
1231 262
1231 390
1231 454
1231 463
1231 518
1231 527
1231 582
1231 589
1231 591
1231 645
1231 646
1231 655
1231 710
1231 717
1231 719
1231 774
1231 783
1231 838
1231 847
1231 902
1231 911
1231 966
1231 973
1231 975
1231 1030
1231 1037
1231 1039
1231 1094
1231 1101
1231 1103
1231 1158
1231 1165
1231 1167
1231 1222
1231 1229
1232 423
1232 546
1232 615
1232 1040
1232 1104
1232 1137
1232 1140
1232 1168
1233 288
1233 1041
1233 1105
1233 1169
1234 1042
1234 1106
1234 1170
1235 1043
1235 1107
1235 1171
1236 564
1236 1044
1236 1108
1236 1172
1236 1269
1237 609
1237 735
1237 862
1237 1045
1237 1109
1237 1152
1237 1173
1238 162
1238 1046
1238 1110
1238 1174
1239 253
1239 689
1239 855
1239 1047
1239 1111
1239 1175
1240 174
1240 336
1240 823
1240 1047
1240 1048
1240 1112
1240 1168
1240 1176
1240 1272
1241 1049
1241 1113
1241 1177
1242 154
1242 983
1242 1050
1242 1114
1242 1130
1242 1172
1242 1178
1243 160
1243 1051
1243 1115
1243 1179
1244 740
1244 1052
1244 1092
1244 1116
1244 1180
1245 94
1245 1053
1245 1117
1245 1181
1246 220
1246 1054
1246 1118
1246 1182
1247 1055
1247 1065
1247 1119
1247 1183
1248 928
1248 1056
1248 1120
1248 1184
1249 1057
1249 1121
1249 1185
1250 374
1250 537
1250 1058
1250 1122
1250 1186
1250 1207
1251 31
1251 1059
1251 1123
1251 1187
1252 1060
1252 1124
1252 1188
1253 1061
1253 1125
1253 1189
1254 1062
1254 1126
1254 1190
1255 1063
1255 1127
1255 1191
1256 1064
1256 1086
1256 1128
1256 1192
1257 208
1257 213
1257 421
1257 464
1257 814
1257 1065
1257 1129
1257 1193
1258 412
1258 1066
1258 1130
1258 1194
1259 1067
1259 1131
1259 1195
1260 1068
1260 1132
1260 1196
1261 757
1261 937
1261 1069
1261 1133
1261 1197
1262 20
1262 664
1262 953
1262 1070
1262 1134
1262 1136
1262 1198
1263 281
1263 479
1263 856
1263 956
1263 1071
1263 1073
1263 1112
1263 1135
1263 1199
1264 218
1264 344
1264 753
1264 1072
1264 1136
1264 1200
1265 666
1265 696
1265 1073
1265 1137
1265 1201
1266 1074
1266 1138
1266 1202
1267 1038
1267 1075
1267 1139
1267 1203
1268 434
1268 1076
1268 1140
1268 1204
1269 564
1269 1077
1269 1141
1269 1205
1269 1236
1270 482
1270 1028
1270 1078
1270 1142
1270 1206
1271 28
1271 68
1271 379
1271 553
1271 743
1271 1079
1271 1143
1271 1207
1272 174
1272 336
1272 823
1272 1047
1272 1080
1272 1144
1272 1168
1272 1208
1272 1240
1273 292
1273 747
1273 1081
1273 1145
1273 1209
1274 1146
1274 1210
1275 266
1275 332
1275 667
1275 1083
1275 1147
1275 1211
1276 1084
1276 1148
1276 1212
1277 280
1277 404
1277 427
1277 624
1277 1067
1277 1085
1277 1149
1277 1213
1277 1279
1278 815
1278 1084
1278 1086
1278 1150
1278 1214
1279 280
1279 404
1279 427
1279 624
1279 1067
1279 1087
1279 1151
1279 1215
1279 1277
