0 64
0 128
0 192
0 467
1 65
1 129
1 193
1 238
1 603
1 844
1 870
2 66
2 130
2 194
2 893
2 1074
3 31
3 51
3 67
3 131
3 195
3 240
3 721
3 937
3 1063
4 68
4 132
4 196
4 651
4 1001
5 69
5 133
5 145
5 197
5 627
5 990
6 7
6 70
6 71
6 73
6 134
6 135
6 198
6 265
6 326
6 393
6 394
6 398
6 406
6 454
6 521
6 582
6 583
6 590
6 646
6 711
6 713
6 718
6 758
6 775
6 777
6 822
6 842
6 851
6 886
6 1034
6 1046
6 1095
6 1097
6 1167
7 6
7 71
7 73
7 135
7 199
7 326
7 327
7 393
7 394
7 398
7 406
7 454
7 521
7 582
7 583
7 590
7 646
7 647
7 711
7 713
7 718
7 758
7 775
7 777
7 842
7 846
7 851
7 854
7 886
7 975
7 1031
7 1034
7 1095
7 1097
7 1110
8 72
8 136
8 200
8 501
9 70
9 73
9 137
9 198
9 201
9 262
9 329
9 390
9 457
9 518
9 585
9 649
9 710
9 774
9 838
9 902
9 969
9 1033
9 1094
9 1161
9 1225
10 74
10 138
10 202
10 270
11 75
11 139
11 203
11 641
12 76
12 140
12 204
13 77
13 141
13 205
13 1218
14 78
14 142
14 206
14 384
15 79
15 143
15 207
16 80
16 144
16 208
16 458
17 81
17 145
17 209
18 82
18 146
18 210
19 83
19 147
19 211
19 302
19 579
20 84
20 148
20 212
21 85
21 149
21 213
21 338
22 86
22 150
22 214
23 84
23 87
23 151
23 156
23 215
23 690
23 884
23 941
24 88
24 152
24 216
24 308
24 679
25 89
25 141
25 153
25 193
25 217
25 1000
26 62
26 90
26 154
26 217
26 218
26 683
26 732
26 754
27 91
27 155
27 186
27 219
27 243
27 382
27 511
27 756
27 799
27 938
28 92
28 156
28 220
28 297
28 311
28 866
28 1072
29 93
29 157
29 221
30 94
30 158
30 222
30 800
30 901
30 1002
30 1053
31 3
31 51
31 95
31 159
31 223
31 240
31 721
31 937
31 1063
32 96
32 160
32 224
32 443
32 695
32 978
32 1130
33 97
33 161
33 225
33 767
33 1083
33 1176
34 98
34 162
34 226
34 413
35 99
35 163
35 227
35 232
35 300
35 1012
36 100
36 164
36 228
37 101
37 165
37 229
37 499
37 863
38 102
38 166
38 230
39 103
39 136
39 167
39 231
39 264
39 473
39 1081
39 1085
39 1251
40 104
40 168
40 232
41 105
41 169
41 233
42 89
42 106
42 170
42 234
42 1211
43 107
43 171
43 235
43 283
43 299
43 363
43 432
43 936
43 1114
44 108
44 114
44 172
44 236
44 371
44 525
44 922
44 1131
45 109
45 173
45 237
45 249
45 304
45 1194
45 1199
45 1201
46 110
46 132
46 174
46 226
46 238
46 397
46 1121
47 111
47 175
47 239
48 112
48 176
48 240
48 444
49 113
49 177
49 241
49 637
49 731
50 114
50 178
50 242
50 254
50 544
51 3
51 31
51 115
51 179
51 240
51 243
51 721
51 937
51 1063
52 116
52 180
52 244
52 699
53 117
53 181
53 245
53 736
54 73
54 118
54 134
54 182
54 201
54 246
54 265
54 326
54 342
54 394
54 454
54 646
54 662
54 775
54 790
54 822
54 1014
54 1216
55 119
55 177
55 183
55 247
56 120
56 129
56 184
56 248
56 685
56 991
57 121
57 185
57 249
57 556
57 664
58 122
58 186
58 250
58 653
59 123
59 187
59 251
60 124
60 188
60 252
60 509
60 529
60 561
60 824
60 1150
60 1183
61 98
61 125
61 189
61 253
61 928
62 26
62 126
62 190
62 217
62 254
62 683
62 732
62 754
63 127
63 191
63 255
63 1086
64 0
64 128
64 192
64 256
65 1
65 129
65 193
65 257
65 460
65 858
65 1127
65 1154
66 2
66 130
66 194
66 258
66 739
66 1080
67 3
67 131
67 195
67 203
67 259
67 983
68 4
68 132
68 196
68 260
68 1190
69 5
69 133
69 197
69 261
69 309
69 396
70 6
70 9
70 134
70 137
70 198
70 262
70 329
70 390
70 457
70 518
70 585
70 649
70 710
70 774
70 838
70 902
70 969
70 1033
70 1094
70 1161
70 1225
71 6
71 7
71 135
71 199
71 263
71 326
71 327
71 391
71 393
71 398
71 406
71 454
71 519
71 521
71 582
71 583
71 590
71 646
71 647
71 711
71 713
71 718
71 758
71 775
71 777
71 841
71 842
71 846
71 851
71 854
71 886
71 903
71 905
71 910
71 975
71 1031
71 1038
71 1095
71 1097
71 1110
72 8
72 136
72 200
72 264
72 623
73 6
73 7
73 9
73 54
73 134
73 137
73 201
73 265
73 326
73 342
73 393
73 394
73 398
73 406
73 454
73 521
73 582
73 590
73 646
73 662
73 718
73 758
73 775
73 777
73 790
73 822
73 886
73 1158
73 1167
73 1222
74 10
74 138
74 202
74 266
75 11
75 139
75 203
75 267
75 417
75 523
75 678
75 1143
75 1153
76 12
76 140
76 204
76 268
76 440
77 13
77 120
77 141
77 205
77 269
77 408
77 559
78 14
78 142
78 206
78 270
79 15
79 143
79 207
79 271
80 16
80 144
80 208
80 272
81 17
81 145
81 209
81 273
81 427
81 540
81 703
81 1019
81 1047
82 18
82 146
82 171
82 210
82 274
82 285
82 803
82 1071
83 19
83 147
83 211
83 275
83 295
83 742
83 1041
84 20
84 23
84 148
84 156
84 212
84 276
84 690
84 884
84 941
85 21
85 149
85 213
85 277
86 22
86 150
86 214
86 278
87 23
87 151
87 215
87 279
87 437
87 786
87 805
87 889
87 1128
88 24
88 152
88 216
88 280
88 1004
88 1132
88 1149
89 25
89 42
89 153
89 217
89 281
89 1211
90 26
90 154
90 218
90 282
90 465
91 27
91 155
91 219
91 283
91 636
91 761
92 28
92 156
92 220
92 284
93 29
93 157
93 221
93 285
94 30
94 158
94 222
94 286
94 1035
94 1254
95 31
95 159
95 223
95 287
95 1148
96 32
96 160
96 224
96 288
96 313
96 447
96 530
97 33
97 161
97 225
97 289
97 642
98 34
98 61
98 162
98 226
98 290
98 928
99 35
99 163
99 227
99 291
99 680
100 36
100 164
100 228
100 292
100 1141
101 37
101 124
101 160
101 165
101 229
101 293
101 445
101 1276
102 38
102 166
102 230
102 294
102 961
103 39
103 167
103 231
103 295
103 589
103 1075
104 40
104 168
104 231
104 232
104 296
104 780
104 802
104 959
105 41
105 158
105 169
105 233
105 297
105 370
105 933
105 1049
106 42
106 170
106 234
106 298
106 657
107 43
107 171
107 235
107 299
107 1278
108 44
108 172
108 236
108 281
108 300
109 45
109 173
109 237
109 301
109 759
109 1090
110 46
110 174
110 238
110 279
110 302
110 520
110 895
111 47
111 146
111 175
111 239
111 303
111 317
112 48
112 176
112 240
112 304
112 381
112 428
113 49
113 177
113 241
113 305
113 475
113 819
113 894
114 44
114 50
114 178
114 242
114 306
114 371
114 525
114 922
114 1131
115 51
115 179
115 243
115 307
116 52
116 180
116 244
116 308
116 435
116 436
116 1017
117 53
117 181
117 245
117 309
118 54
118 182
118 246
118 310
119 55
119 183
119 247
119 311
119 325
119 1214
120 56
120 77
120 184
120 248
120 312
120 408
120 559
121 57
121 185
121 249
121 313
121 367
122 58
122 186
122 250
122 314
122 807
122 921
123 59
123 187
123 251
123 315
123 672
124 60
124 101
124 160
124 188
124 252
124 316
124 445
124 1276
125 61
125 189
125 253
125 317
125 748
125 920
126 62
126 190
126 254
126 318
126 917
126 1196
127 63
127 191
127 255
127 319
127 792
128 0
128 64
128 192
128 256
128 320
128 650
129 1
129 56
129 65
129 193
129 257
129 321
129 685
129 991
130 2
130 66
130 194
130 258
130 322
130 401
130 515
130 876
131 3
131 67
131 195
131 259
131 323
132 4
132 46
132 68
132 196
132 226
132 260
132 324
132 397
132 1121
133 5
133 69
133 139
133 197
133 261
133 325
133 673
133 817
134 6
134 54
134 70
134 73
134 198
134 201
134 262
134 265
134 326
134 342
134 394
134 646
134 662
134 775
134 790
134 822
134 960
134 1014
134 1030
134 1216
135 6
135 7
135 71
135 199
135 263
135 326
135 327
135 391
135 393
135 398
135 406
135 454
135 455
135 519
135 521
135 582
135 583
135 590
135 646
135 647
135 711
135 713
135 718
135 758
135 775
135 777
135 841
135 842
135 846
135 851
135 854
135 886
135 903
135 905
135 910
135 966
135 967
135 975
135 1031
135 1038
135 1095
135 1110
136 8
136 39
136 72
136 200
136 264
136 328
136 473
136 1081
136 1085
136 1251
137 9
137 70
137 73
137 198
137 201
137 262
137 265
137 329
137 390
137 457
137 518
137 585
137 649
137 710
137 774
137 838
137 902
137 969
137 1033
137 1094
137 1161
137 1225
138 10
138 74
138 202
138 266
138 330
139 11
139 75
139 133
139 203
139 267
139 331
139 673
139 817
140 12
140 76
140 204
140 268
140 332
141 13
141 25
141 77
141 193
141 205
141 269
141 333
141 1000
142 14
142 78
142 206
142 270
142 334
143 15
143 79
143 207
143 271
143 335
144 16
144 80
144 208
144 272
144 336
144 1098
145 5
145 17
145 81
145 209
145 273
145 337
145 627
145 990
146 18
146 82
146 111
146 210
146 274
146 317
146 338
147 19
147 83
147 211
147 275
147 339
148 20
148 84
148 212
148 244
148 276
148 340
149 21
149 85
149 213
149 277
149 341
149 574
149 1055
149 1173
150 22
150 86
150 214
150 278
150 342
151 23
151 87
151 215
151 279
151 343
151 773
151 1101
152 24
152 88
152 216
152 280
152 344
153 25
153 89
153 217
153 281
153 345
154 26
154 90
154 218
154 282
154 346
155 27
155 91
155 219
155 283
156 23
156 28
156 84
156 92
156 220
156 284
156 348
156 690
156 884
156 941
157 29
157 93
157 221
157 285
157 349
158 30
158 94
158 105
158 222
158 286
158 350
158 370
158 933
158 1049
159 31
159 95
159 223
159 287
159 351
159 593
159 815
160 32
160 96
160 101
160 124
160 224
160 288
160 352
160 445
160 1276
161 33
161 97
161 225
161 289
161 353
162 34
162 98
162 172
162 175
162 226
162 255
162 290
162 354
162 1007
163 35
163 99
163 227
163 291
164 36
164 100
164 228
164 292
164 356
164 1250
165 37
165 101
165 229
165 293
165 357
165 602
165 1022
166 38
166 102
166 230
166 294
166 358
167 39
167 103
167 231
167 295
167 359
167 968
167 1122
167 1207
168 40
168 104
168 181
168 232
168 296
168 360
168 682
168 880
169 41
169 105
169 233
169 269
169 297
169 361
169 386
169 610
169 741
170 42
170 106
170 234
170 298
170 362
170 372
170 495
170 625
171 43
171 82
171 107
171 235
171 285
171 299
171 363
171 803
171 1071
172 44
172 108
172 162
172 175
172 236
172 255
172 300
172 364
172 1007
173 45
173 109
173 237
173 301
173 365
173 712
173 988
173 1228
174 46
174 110
174 238
174 302
174 366
175 47
175 111
175 162
175 172
175 239
175 255
175 303
175 367
175 1007
176 48
176 112
176 240
176 304
176 368
177 49
177 55
177 113
177 241
177 305
177 369
178 50
178 114
178 242
178 306
178 370
178 670
178 1021
178 1084
179 51
179 115
179 243
179 307
179 371
179 1274
180 52
180 116
180 244
180 308
180 372
180 597
180 687
180 821
181 53
181 117
181 168
181 245
181 309
181 373
181 682
181 880
182 54
182 118
182 246
182 310
182 374
183 55
183 119
183 247
183 311
183 375
183 691
183 826
184 56
184 120
184 248
184 312
184 376
184 402
184 671
184 801
185 57
185 121
185 249
185 313
185 377
185 533
186 27
186 58
186 122
186 243
186 250
186 314
186 378
186 382
186 511
186 756
186 799
186 938
187 59
187 123
187 251
187 315
187 379
187 1192
188 60
188 124
188 252
188 316
188 380
188 491
188 562
188 984
189 61
189 125
189 253
189 317
189 381
189 594
190 62
190 126
190 254
190 318
190 382
191 63
191 127
191 255
191 319
191 383
192 0
192 64
192 128
192 256
192 272
192 320
192 384
193 1
193 25
193 65
193 129
193 141
193 257
193 321
193 385
193 1000
194 2
194 66
194 130
194 258
194 293
194 322
194 360
194 386
194 1126
195 3
195 67
195 131
195 259
195 323
195 387
195 565
195 568
195 615
195 1243
195 1260
196 4
196 68
196 132
196 260
196 324
196 388
197 5
197 69
197 133
197 215
197 261
197 325
197 389
198 6
198 9
198 70
198 134
198 137
198 262
198 326
198 329
198 390
198 457
198 518
198 585
198 649
198 710
198 774
198 838
198 902
198 969
198 1033
198 1094
198 1161
198 1225
199 7
199 71
199 135
199 263
199 327
199 391
199 455
199 519
199 583
199 647
199 711
199 713
199 839
199 841
199 842
199 846
199 854
199 903
199 905
199 910
199 966
199 967
199 1031
199 1038
199 1159
200 8
200 72
200 136
200 264
200 306
200 328
200 392
200 632
200 1136
201 9
201 54
201 73
201 134
201 137
201 265
201 329
201 342
201 393
201 394
201 646
201 662
201 775
201 790
201 822
201 960
201 1014
201 1030
201 1216
202 10
202 74
202 138
202 266
202 330
202 394
203 11
203 67
203 75
203 139
203 267
203 331
203 395
203 983
204 12
204 76
204 140
204 268
204 332
204 396
204 735
204 1234
205 13
205 77
205 141
205 212
205 269
205 333
205 397
205 534
206 14
206 78
206 142
206 270
206 334
206 398
207 15
207 79
207 143
207 271
207 335
207 399
208 16
208 80
208 144
208 272
208 336
208 400
208 640
208 781
209 17
209 81
209 145
209 273
209 337
209 401
209 715
210 18
210 82
210 146
210 274
210 338
210 402
210 1065
211 19
211 83
211 147
211 275
211 339
211 403
212 20
212 84
212 148
212 205
212 276
212 340
212 404
212 534
213 21
213 85
213 149
213 277
213 341
213 405
214 22
214 86
214 150
214 278
214 342
214 406
215 23
215 87
215 151
215 197
215 279
215 343
215 407
216 24
216 88
216 152
216 280
216 344
216 408
216 789
217 25
217 26
217 62
217 89
217 153
217 281
217 345
217 409
217 683
217 732
217 754
218 26
218 90
218 154
218 282
218 346
218 410
218 667
218 890
218 927
218 952
218 1137
219 27
219 91
219 155
219 283
219 347
219 411
219 474
220 28
220 92
220 156
220 284
220 289
220 348
220 353
220 412
220 764
221 29
221 93
221 157
221 285
221 349
221 413
222 30
222 94
222 158
222 286
222 350
222 414
223 31
223 95
223 159
223 287
223 351
223 415
224 32
224 96
224 160
224 288
224 352
224 416
225 33
225 97
225 161
225 289
225 353
225 417
225 424
225 481
225 674
225 1209
226 34
226 46
226 98
226 132
226 162
226 290
226 354
226 397
226 418
226 1121
227 35
227 99
227 163
227 291
227 419
228 36
228 100
228 164
228 292
228 356
228 420
228 1032
229 37
229 101
229 165
229 293
229 357
229 421
229 587
229 956
229 1059
230 38
230 102
230 166
230 294
230 358
230 422
230 547
230 1275
231 39
231 103
231 104
231 167
231 295
231 359
231 423
231 780
231 802
231 959
232 35
232 40
232 104
232 168
232 296
232 300
232 360
232 424
232 1012
233 41
233 105
233 169
233 297
233 361
233 425
233 545
234 42
234 106
234 170
234 298
234 362
234 426
234 706
234 1111
235 43
235 107
235 171
235 299
235 363
235 427
235 600
235 1067
235 1113
236 44
236 108
236 172
236 300
236 364
236 428
236 1242
237 45
237 109
237 173
237 301
237 365
237 429
237 1191
238 1
238 46
238 110
238 174
238 302
238 366
238 430
238 603
238 844
238 870
239 47
239 111
239 175
239 303
239 364
239 367
239 379
239 431
240 3
240 31
240 48
240 51
240 112
240 176
240 304
240 368
240 432
240 721
240 937
240 1063
241 49
241 113
241 177
241 305
241 369
241 433
241 1259
242 50
242 114
242 178
242 306
242 352
242 370
242 434
242 864
242 898
243 27
243 51
243 115
243 179
243 186
243 307
243 371
243 382
243 435
243 511
243 756
243 799
243 938
244 52
244 116
244 148
244 180
244 308
244 372
244 436
245 53
245 117
245 181
245 309
245 373
245 437
245 449
245 543
245 621
246 54
246 118
246 182
246 310
246 374
246 438
246 655
246 1252
247 55
247 119
247 183
247 311
247 375
247 422
247 439
248 56
248 120
248 184
248 312
248 376
248 440
249 45
249 57
249 121
249 185
249 304
249 313
249 377
249 441
249 1194
249 1199
249 1201
250 58
250 122
250 186
250 314
250 378
250 442
250 608
251 59
251 123
251 187
251 315
251 379
251 443
252 60
252 124
252 188
252 316
252 345
252 351
252 380
252 444
253 61
253 125
253 189
253 268
253 317
253 381
253 445
254 50
254 62
254 126
254 190
254 318
254 382
254 446
254 544
255 63
255 127
255 162
255 172
255 175
255 191
255 319
255 383
255 447
255 1007
256 64
256 128
256 192
256 320
256 384
256 448
256 782
257 65
257 129
257 193
257 321
257 323
257 385
257 449
257 997
257 1187
257 1208
258 66
258 130
258 194
258 322
258 386
258 450
258 1025
258 1169
259 67
259 131
259 195
259 291
259 323
259 387
259 451
260 68
260 132
260 196
260 324
260 388
260 452
260 899
261 69
261 133
261 197
261 325
261 389
261 453
261 581
261 853
262 9
262 70
262 134
262 137
262 198
262 326
262 329
262 390
262 454
262 457
262 518
262 585
262 649
262 710
262 774
262 838
262 902
262 969
262 1033
262 1094
262 1161
262 1225
263 71
263 135
263 199
263 327
263 391
263 455
263 519
263 583
263 647
263 711
263 713
263 839
263 841
263 842
263 846
263 854
263 903
263 905
263 910
263 966
263 967
263 1031
263 1038
263 1159
264 39
264 72
264 136
264 200
264 328
264 392
264 456
264 473
264 1081
264 1085
264 1251
265 6
265 54
265 73
265 134
265 137
265 201
265 326
265 329
265 342
265 393
265 394
265 454
265 457
265 646
265 662
265 758
265 775
265 777
265 790
265 822
265 960
265 1014
265 1030
265 1034
265 1046
265 1102
265 1158
265 1216
266 74
266 138
266 202
266 275
266 330
266 394
266 458
266 542
266 976
267 75
267 139
267 203
267 331
267 395
267 459
268 76
268 140
268 204
268 253
268 332
268 396
268 460
269 77
269 141
269 169
269 205
269 333
269 386
269 397
269 461
269 610
269 741
270 10
270 78
270 142
270 206
270 334
270 398
270 462
271 79
271 143
271 207
271 335
271 399
271 463
271 804
272 80
272 144
272 192
272 208
272 336
272 400
272 464
273 81
273 145
273 209
273 337
273 349
273 401
273 465
273 506
274 82
274 146
274 210
274 338
274 402
274 466
274 747
274 931
275 83
275 147
275 211
275 266
275 339
275 403
275 467
275 542
275 976
276 84
276 148
276 212
276 340
276 404
276 468
276 629
276 788
277 85
277 149
277 213
277 341
277 405
277 469
277 730
278 86
278 150
278 214
278 342
278 406
278 470
278 1162
279 87
279 110
279 151
279 215
279 343
279 407
279 471
279 520
279 895
280 88
280 152
280 216
280 284
280 344
280 408
280 472
281 89
281 108
281 153
281 217
281 345
281 409
281 473
282 90
282 154
282 218
282 346
282 410
282 474
282 1170
283 43
283 91
283 155
283 219
283 299
283 347
283 363
283 411
283 432
283 475
283 936
283 1114
284 92
284 156
284 220
284 280
284 348
284 412
284 476
285 82
285 93
285 157
285 171
285 221
285 349
285 413
285 477
285 803
285 1071
286 94
286 158
286 222
286 350
286 414
286 478
286 885
286 1163
286 1165
287 95
287 159
287 223
287 351
287 415
287 479
287 593
287 815
288 96
288 160
288 224
288 352
288 416
288 480
289 97
289 161
289 220
289 225
289 353
289 417
289 481
289 764
290 98
290 162
290 226
290 354
290 357
290 418
290 482
290 1257
291 99
291 163
291 227
291 259
291 355
291 419
291 483
292 100
292 164
292 228
292 356
292 420
292 484
293 101
293 165
293 194
293 229
293 357
293 360
293 421
293 485
293 1126
294 102
294 166
294 230
294 358
294 422
294 486
294 686
295 83
295 103
295 167
295 231
295 359
295 423
295 487
295 742
295 1041
296 104
296 168
296 232
296 360
296 421
296 424
296 488
296 995
297 28
297 105
297 169
297 233
297 311
297 361
297 425
297 489
297 866
297 1072
298 106
298 170
298 234
298 362
298 426
298 446
298 490
298 669
298 725
299 43
299 107
299 171
299 235
299 283
299 363
299 427
299 432
299 491
299 936
299 1114
300 35
300 108
300 172
300 232
300 236
300 364
300 428
300 492
300 1012
301 109
301 173
301 237
301 365
301 429
301 493
302 19
302 110
302 174
302 238
302 366
302 430
302 494
302 579
303 111
303 175
303 239
303 367
303 431
303 495
304 45
304 112
304 176
304 240
304 249
304 368
304 432
304 496
304 1194
304 1199
304 1201
305 113
305 177
305 241
305 369
305 433
305 497
305 1139
306 114
306 178
306 200
306 242
306 370
306 434
306 498
306 632
306 1136
307 115
307 179
307 243
307 371
307 435
307 499
308 24
308 116
308 180
308 244
308 372
308 436
308 500
308 679
309 69
309 117
309 181
309 245
309 373
309 396
309 437
309 501
310 118
310 182
310 246
310 320
310 374
310 438
310 502
311 28
311 119
311 183
311 247
311 297
311 375
311 439
311 503
311 866
311 1072
312 120
312 184
312 248
312 376
312 440
312 504
312 575
312 696
312 700
313 96
313 121
313 185
313 249
313 377
313 441
313 447
313 505
313 530
314 122
314 186
314 250
314 378
314 442
314 506
315 123
315 187
315 251
315 379
315 443
315 492
315 507
315 1112
316 124
316 188
316 252
316 380
316 444
316 508
317 111
317 125
317 146
317 189
317 253
317 381
317 445
317 509
318 126
318 190
318 254
318 382
318 446
318 510
318 816
318 1279
319 127
319 191
319 255
319 383
319 447
319 511
320 128
320 192
320 256
320 310
320 384
320 448
320 512
321 129
321 193
321 257
321 385
321 449
321 450
321 485
321 513
321 1160
322 130
322 194
322 258
322 386
322 450
322 514
323 131
323 195
323 257
323 259
323 387
323 451
323 515
323 997
323 1187
323 1208
324 132
324 196
324 260
324 388
324 452
324 516
324 1156
325 119
325 133
325 197
325 261
325 389
325 453
325 517
325 1214
326 6
326 7
326 54
326 71
326 73
326 134
326 135
326 198
326 262
326 265
326 390
326 393
326 394
326 398
326 406
326 454
326 518
326 521
326 582
326 583
326 590
326 646
326 662
326 718
326 758
326 775
326 777
326 822
326 842
326 851
326 886
326 910
326 975
326 1031
326 1034
326 1038
326 1046
326 1095
326 1097
326 1110
326 1158
326 1167
326 1222
327 7
327 71
327 135
327 199
327 263
327 391
327 393
327 398
327 406
327 455
327 519
327 583
327 590
327 647
327 711
327 713
327 839
327 841
327 842
327 846
327 851
327 854
327 903
327 905
327 910
327 966
327 967
327 975
327 1031
327 1038
327 1095
327 1097
327 1110
327 1159
327 1223
328 136
328 200
328 264
328 392
328 456
328 503
328 520
328 722
328 1058
328 1277
329 9
329 70
329 137
329 198
329 201
329 262
329 265
329 390
329 393
329 457
329 518
329 521
329 585
329 649
329 710
329 774
329 838
329 902
329 969
329 1033
329 1094
329 1161
329 1225
330 138
330 202
330 266
330 394
330 458
330 522
331 139
331 203
331 267
331 395
331 459
331 523
331 1044
332 140
332 204
332 268
332 396
332 460
332 524
332 1115
333 141
333 205
333 269
333 397
333 461
333 525
334 142
334 206
334 270
334 398
334 462
334 526
334 1270
335 143
335 207
335 271
335 399
335 463
335 527
335 1039
336 144
336 208
336 272
336 400
336 464
336 528
337 145
337 209
337 273
337 401
337 465
337 529
337 1217
338 21
338 146
338 210
338 274
338 402
338 466
338 530
339 147
339 211
339 275
339 403
339 467
339 531
340 148
340 212
340 276
340 404
340 468
340 532
341 149
341 213
341 277
341 405
341 469
341 533
341 1087
342 54
342 73
342 134
342 150
342 201
342 214
342 265
342 278
342 394
342 406
342 470
342 534
342 646
342 662
342 775
342 790
342 822
342 960
342 1014
342 1030
342 1102
342 1158
342 1167
342 1216
343 151
343 215
343 279
343 407
343 471
343 535
343 765
343 958
343 1145
344 152
344 216
344 280
344 408
344 472
344 536
344 1068
345 153
345 217
345 252
345 281
345 351
345 409
345 473
345 537
346 154
346 218
346 282
346 410
346 474
346 538
346 697
346 728
346 753
346 955
347 219
347 283
347 411
347 475
347 539
348 156
348 220
348 284
348 412
348 476
348 540
348 791
349 157
349 221
349 273
349 285
349 413
349 477
349 506
349 541
350 158
350 222
350 286
350 414
350 478
350 542
350 717
350 867
351 159
351 223
351 252
351 287
351 345
351 415
351 479
351 543
352 160
352 224
352 242
352 288
352 416
352 480
352 544
352 864
352 898
353 161
353 220
353 225
353 289
353 417
353 481
353 545
353 764
354 162
354 226
354 290
354 418
354 482
354 546
354 645
355 291
355 419
355 483
355 547
356 164
356 228
356 292
356 420
356 484
356 548
356 813
356 878
356 1027
357 165
357 229
357 290
357 293
357 421
357 485
357 549
357 1257
358 166
358 230
358 294
358 422
358 486
358 550
359 167
359 231
359 295
359 423
359 487
359 551
360 168
360 194
360 232
360 293
360 296
360 424
360 488
360 552
360 1126
361 169
361 233
361 297
361 425
361 489
361 504
361 553
361 743
362 170
362 234
362 298
362 426
362 490
362 554
363 43
363 171
363 235
363 283
363 299
363 427
363 432
363 491
363 555
363 936
363 1114
364 172
364 236
364 239
364 300
364 379
364 428
364 492
364 556
365 173
365 237
365 301
365 429
365 493
365 557
365 663
366 174
366 238
366 302
366 430
366 494
366 558
367 121
367 175
367 239
367 303
367 431
367 495
367 559
368 176
368 240
368 304
368 432
368 496
368 560
369 177
369 241
369 305
369 433
369 497
369 537
369 561
369 948
370 105
370 158
370 178
370 242
370 306
370 434
370 498
370 562
370 933
370 1049
371 44
371 114
371 179
371 243
371 307
371 435
371 499
371 525
371 563
371 922
371 1131
372 170
372 180
372 244
372 308
372 436
372 495
372 500
372 564
372 625
373 181
373 245
373 309
373 437
373 501
373 565
374 182
374 246
374 310
374 438
374 502
374 566
374 1197
375 183
375 247
375 311
375 439
375 503
375 567
376 184
376 248
376 312
376 440
376 504
376 568
377 185
377 249
377 313
377 441
377 505
377 569
377 830
378 186
378 250
378 314
378 442
378 506
378 570
378 681
378 769
378 939
379 187
379 239
379 251
379 315
379 364
379 443
379 507
379 571
380 188
380 252
380 316
380 444
380 508
380 572
380 573
380 1204
381 112
381 189
381 253
381 317
381 428
381 445
381 509
381 573
382 27
382 186
382 190
382 243
382 254
382 318
382 446
382 510
382 511
382 574
382 756
382 799
382 938
383 191
383 255
383 319
383 405
383 447
383 511
383 575
383 766
383 1036
384 14
384 192
384 256
384 320
384 448
384 512
384 576
385 193
385 257
385 321
385 449
385 513
385 577
385 609
385 797
385 871
385 1229
386 169
386 194
386 258
386 269
386 322
386 450
386 514
386 578
386 610
386 741
387 195
387 259
387 323
387 451
387 515
387 551
387 579
387 810
387 934
388 196
388 260
388 324
388 452
388 516
388 580
389 197
389 261
389 325
389 453
389 517
389 581
389 949
389 1023
390 9
390 70
390 137
390 198
390 262
390 326
390 329
390 454
390 457
390 518
390 582
390 585
390 649
390 710
390 774
390 838
390 902
390 969
390 1033
390 1094
390 1161
390 1225
391 71
391 135
391 199
391 263
391 327
391 398
391 455
391 519
391 583
391 647
391 711
391 713
391 839
391 841
391 842
391 846
391 851
391 854
391 903
391 905
391 910
391 966
391 967
391 975
391 1031
391 1038
391 1110
391 1159
391 1223
392 200
392 264
392 328
392 456
392 520
392 584
393 6
393 7
393 71
393 73
393 135
393 201
393 265
393 326
393 327
393 329
393 394
393 398
393 406
393 454
393 457
393 521
393 582
393 583
393 585
393 590
393 646
393 647
393 711
393 713
393 718
393 758
393 775
393 777
393 842
393 846
393 851
393 886
393 903
393 905
393 910
393 966
393 975
393 1031
393 1034
393 1038
393 1046
393 1095
393 1097
393 1110
393 1158
393 1167
393 1222
393 1223
394 6
394 7
394 54
394 73
394 134
394 201
394 202
394 265
394 266
394 326
394 330
394 342
394 393
394 406
394 454
394 458
394 521
394 522
394 582
394 586
394 590
394 646
394 662
394 718
394 758
394 775
394 777
394 790
394 822
394 886
394 960
394 1014
394 1030
394 1034
394 1046
394 1095
394 1097
394 1102
394 1158
394 1167
394 1216
394 1222
395 203
395 267
395 331
395 459
395 523
395 587
395 1005
396 69
396 204
396 268
396 309
396 332
396 460
396 524
396 588
397 46
397 132
397 205
397 226
397 269
397 333
397 461
397 525
397 589
397 1121
398 6
398 7
398 71
398 73
398 135
398 206
398 270
398 326
398 327
398 334
398 391
398 393
398 406
398 454
398 462
398 519
398 521
398 526
398 582
398 583
398 590
398 646
398 647
398 711
398 713
398 718
398 758
398 775
398 777
398 841
398 842
398 846
398 851
398 854
398 886
398 903
398 905
398 910
398 966
398 967
398 975
398 1031
398 1034
398 1038
398 1046
398 1095
398 1097
398 1110
398 1159
398 1167
398 1222
398 1223
399 207
399 271
399 335
399 463
399 527
399 591
400 208
400 272
400 336
400 464
400 528
400 592
400 1043
401 130
401 209
401 273
401 337
401 465
401 515
401 529
401 593
401 876
402 184
402 210
402 274
402 338
402 466
402 530
402 594
402 671
402 801
403 211
403 275
403 339
403 467
403 531
403 595
403 835
404 212
404 276
404 340
404 468
404 532
404 596
404 622
404 954
405 213
405 277
405 341
405 383
405 469
405 533
405 597
405 766
405 1036
406 6
406 7
406 71
406 73
406 135
406 214
406 278
406 326
406 327
406 342
406 393
406 394
406 398
406 454
406 470
406 521
406 534
406 582
406 583
406 590
406 598
406 646
406 647
406 711
406 713
406 718
406 758
406 775
406 777
406 841
406 842
406 846
406 851
406 854
406 886
406 903
406 905
406 910
406 966
406 975
406 1031
406 1034
406 1038
406 1046
406 1095
406 1097
406 1110
406 1159
406 1167
406 1222
406 1223
407 215
407 279
407 343
407 471
407 535
407 599
408 77
408 120
408 216
408 280
408 344
408 472
408 536
408 559
408 600
409 217
409 281
409 345
409 473
409 537
409 601
409 904
409 1117
410 218
410 282
410 346
410 474
410 538
410 554
410 602
410 793
410 1195
411 219
411 283
411 347
411 475
411 539
411 603
411 1236
412 220
412 284
412 348
412 476
412 540
412 604
413 34
413 221
413 285
413 349
413 477
413 541
413 605
414 222
414 286
414 350
414 478
414 542
414 606
414 659
415 223
415 287
415 351
415 466
415 479
415 514
415 543
415 607
416 224
416 288
416 352
416 480
416 544
416 608
416 628
416 692
417 75
417 225
417 289
417 353
417 481
417 523
417 545
417 609
417 678
417 1143
417 1153
418 226
418 290
418 354
418 482
418 487
418 546
418 610
418 634
418 1061
418 1116
419 227
419 291
419 355
419 483
419 547
419 611
419 875
419 1045
419 1178
420 228
420 292
420 356
420 484
420 548
420 612
421 229
421 293
421 296
421 357
421 485
421 549
421 613
421 995
422 230
422 247
422 294
422 358
422 486
422 550
422 614
423 231
423 295
423 359
423 487
423 551
423 615
424 225
424 232
424 296
424 360
424 481
424 488
424 552
424 616
424 674
424 1209
425 233
425 297
425 361
425 489
425 553
425 617
426 234
426 298
426 362
426 490
426 554
426 618
426 892
427 81
427 235
427 299
427 363
427 491
427 540
427 555
427 619
427 703
427 1019
427 1047
428 112
428 236
428 300
428 364
428 381
428 492
428 556
428 620
429 237
429 301
429 365
429 493
429 557
429 621
429 881
429 1177
430 238
430 302
430 366
430 494
430 558
430 622
431 239
431 303
431 367
431 495
431 559
431 614
431 623
432 43
432 240
432 283
432 299
432 304
432 363
432 368
432 496
432 560
432 624
432 936
432 1114
433 241
433 305
433 369
433 453
433 497
433 561
433 625
433 891
433 1018
433 1100
434 242
434 306
434 370
434 471
434 498
434 562
434 626
434 677
434 1205
435 116
435 243
435 307
435 371
435 436
435 499
435 563
435 627
435 1017
436 116
436 244
436 308
436 372
436 435
436 500
436 564
436 628
436 1017
437 87
437 245
437 309
437 373
437 501
437 565
437 629
437 786
437 805
437 889
437 1128
438 246
438 310
438 374
438 502
438 566
438 630
439 247
439 311
439 375
439 496
439 498
439 503
439 567
439 607
439 631
439 635
440 76
440 248
440 312
440 376
440 504
440 568
440 632
441 249
441 313
441 377
441 505
441 569
441 633
442 250
442 314
442 378
442 506
442 570
442 634
443 32
443 251
443 315
443 379
443 507
443 571
443 635
443 695
443 978
443 1130
444 48
444 252
444 316
444 380
444 508
444 572
444 636
445 101
445 124
445 160
445 253
445 317
445 381
445 509
445 573
445 637
445 1276
446 254
446 298
446 318
446 382
446 510
446 574
446 638
446 669
446 725
447 96
447 255
447 313
447 319
447 383
447 511
447 530
447 575
447 639
448 256
448 320
448 384
448 512
448 576
448 640
448 1091
449 245
449 257
449 321
449 385
449 513
449 543
449 577
449 621
449 641
450 258
450 321
450 322
450 386
450 485
450 514
450 578
450 642
450 1160
451 259
451 323
451 387
451 515
451 579
451 643
452 260
452 324
452 388
452 516
452 580
452 644
453 261
453 325
453 389
453 433
453 517
453 581
453 645
453 891
453 1018
453 1100
454 6
454 7
454 54
454 71
454 73
454 135
454 262
454 265
454 326
454 390
454 393
454 394
454 398
454 406
454 518
454 521
454 582
454 583
454 590
454 646
454 662
454 718
454 758
454 775
454 777
454 822
454 842
454 851
454 886
454 910
454 975
454 1031
454 1034
454 1038
454 1046
454 1095
454 1097
454 1110
454 1158
454 1167
454 1216
454 1222
455 135
455 199
455 263
455 327
455 391
455 519
455 583
455 647
455 711
455 713
455 839
455 841
455 842
455 846
455 854
455 903
455 905
455 910
455 966
455 967
455 1031
455 1038
455 1159
455 1223
456 264
456 328
456 392
456 520
456 584
456 596
456 648
456 1181
457 9
457 70
457 137
457 198
457 262
457 265
457 329
457 390
457 393
457 518
457 521
457 585
457 649
457 710
457 774
457 838
457 902
457 969
457 1033
457 1094
457 1161
457 1225
458 16
458 266
458 330
458 394
458 522
458 586
458 650
459 267
459 331
459 395
459 523
459 587
459 651
460 65
460 268
460 332
460 396
460 524
460 588
460 652
460 858
460 1127
460 1154
461 269
461 333
461 397
461 525
461 589
461 653
462 270
462 334
462 398
462 526
462 590
462 654
462 1220
463 271
463 335
463 399
463 527
463 591
463 655
463 726
464 272
464 336
464 400
464 528
464 592
464 656
465 90
465 273
465 337
465 401
465 529
465 593
465 657
466 274
466 338
466 402
466 415
466 514
466 530
466 594
466 658
467 0
467 275
467 339
467 403
467 531
467 595
467 659
468 276
468 340
468 404
468 532
468 552
468 596
468 612
468 660
469 277
469 341
469 405
469 533
469 597
469 639
469 661
469 688
469 1020
469 1265
470 278
470 342
470 406
470 534
470 598
470 662
470 982
471 279
471 343
471 407
471 434
471 535
471 599
471 663
471 677
471 1205
472 280
472 344
472 408
472 536
472 600
472 664
473 39
473 136
473 264
473 281
473 345
473 409
473 537
473 601
473 665
473 1081
473 1085
473 1251
474 219
474 282
474 346
474 410
474 538
474 602
474 666
475 113
475 283
475 347
475 411
475 539
475 603
475 667
475 819
475 894
476 284
476 348
476 412
476 540
476 604
476 668
476 953
477 285
477 349
477 413
477 494
477 541
477 605
477 669
478 286
478 350
478 414
478 542
478 606
478 670
479 287
479 351
479 415
479 543
479 607
479 671
479 1042
479 1200
480 288
480 352
480 416
480 544
480 608
480 672
480 724
480 924
480 1015
480 1096
480 1172
481 225
481 289
481 353
481 417
481 424
481 545
481 609
481 673
481 674
481 1209
482 290
482 354
482 418
482 546
482 610
482 674
483 291
483 355
483 419
483 547
483 611
483 626
483 668
483 675
483 929
483 1266
484 292
484 356
484 420
484 548
484 612
484 676
484 873
484 1028
484 1256
485 293
485 321
485 357
485 421
485 450
485 549
485 613
485 677
485 1160
486 294
486 358
486 422
486 550
486 614
486 678
487 295
487 359
487 418
487 423
487 551
487 615
487 634
487 679
487 1061
487 1116
488 296
488 360
488 424
488 552
488 616
488 680
489 297
489 361
489 425
489 553
489 617
489 681
489 1180
490 298
490 362
490 426
490 536
490 554
490 618
490 682
491 188
491 299
491 363
491 427
491 555
491 562
491 619
491 683
491 984
492 300
492 315
492 364
492 428
492 556
492 620
492 684
492 1112
493 301
493 365
493 429
493 557
493 621
493 685
493 1029
493 1056
494 302
494 366
494 430
494 477
494 558
494 622
494 686
495 170
495 303
495 367
495 372
495 431
495 559
495 623
495 625
495 687
496 304
496 368
496 432
496 439
496 498
496 560
496 607
496 624
496 635
496 688
497 305
497 369
497 433
497 561
497 625
497 684
497 689
497 755
498 306
498 370
498 434
498 439
498 496
498 562
498 607
498 626
498 635
498 690
499 37
499 307
499 371
499 435
499 563
499 627
499 691
499 863
500 308
500 372
500 436
500 564
500 628
500 692
501 8
501 309
501 373
501 437
501 565
501 629
501 693
502 310
502 374
502 438
502 548
502 566
502 630
502 694
503 311
503 328
503 375
503 439
503 567
503 631
503 695
503 722
503 1058
503 1277
504 312
504 361
504 376
504 440
504 568
504 632
504 696
504 743
505 313
505 377
505 441
505 569
505 633
505 697
505 825
505 1202
506 273
506 314
506 349
506 378
506 442
506 570
506 634
506 698
507 315
507 379
507 443
507 571
507 635
507 699
507 794
507 812
508 316
508 380
508 444
508 572
508 636
508 638
508 700
508 827
509 60
509 317
509 381
509 445
509 529
509 561
509 573
509 637
509 701
509 824
509 1150
509 1183
510 318
510 382
510 446
510 574
510 638
510 702
511 27
511 186
511 243
511 319
511 382
511 383
511 447
511 575
511 639
511 703
511 756
511 799
511 938
512 320
512 384
512 448
512 576
512 640
512 704
513 321
513 385
513 449
513 577
513 618
513 641
513 705
513 727
514 322
514 386
514 415
514 450
514 466
514 578
514 642
514 706
515 130
515 323
515 387
515 401
515 451
515 579
515 643
515 707
515 876
516 324
516 388
516 452
516 580
516 644
516 708
516 772
517 325
517 389
517 453
517 581
517 645
517 709
517 818
518 9
518 70
518 137
518 198
518 262
518 326
518 329
518 390
518 454
518 457
518 582
518 585
518 646
518 649
518 710
518 774
518 838
518 902
518 969
518 1033
518 1094
518 1161
518 1225
519 71
519 135
519 199
519 263
519 327
519 391
519 398
519 455
519 583
519 647
519 711
519 713
519 839
519 841
519 842
519 846
519 851
519 854
519 903
519 905
519 910
519 966
519 967
519 975
519 1031
519 1038
519 1110
519 1159
519 1223
520 110
520 279
520 328
520 392
520 456
520 584
520 648
520 712
520 895
521 6
521 7
521 71
521 73
521 135
521 326
521 329
521 393
521 394
521 398
521 406
521 454
521 457
521 582
521 583
521 585
521 590
521 646
521 647
521 649
521 711
521 713
521 718
521 758
521 775
521 777
521 842
521 846
521 851
521 886
521 905
521 910
521 966
521 975
521 1031
521 1034
521 1038
521 1046
521 1095
521 1097
521 1110
521 1158
521 1167
521 1222
522 330
522 394
522 458
522 586
522 650
522 714
523 75
523 331
523 395
523 417
523 459
523 587
523 651
523 678
523 715
523 1143
523 1153
524 332
524 396
524 460
524 588
524 643
524 652
524 716
524 930
524 1246
525 44
525 114
525 333
525 371
525 397
525 461
525 589
525 653
525 717
525 922
525 1131
526 334
526 398
526 462
526 590
526 654
526 718
526 869
527 335
527 399
527 463
527 591
527 655
527 707
527 719
528 336
528 400
528 464
528 592
528 656
528 720
529 60
529 337
529 401
529 465
529 509
529 561
529 593
529 657
529 721
529 824
529 1150
529 1183
530 96
530 313
530 338
530 402
530 447
530 466
530 594
530 658
530 722
531 339
531 403
531 467
531 595
531 659
531 723
532 340
532 404
532 468
532 596
532 660
532 724
532 1189
533 185
533 341
533 405
533 469
533 597
533 661
533 725
534 205
534 212
534 342
534 406
534 470
534 598
534 662
534 726
535 343
535 407
535 471
535 599
535 663
535 727
536 344
536 408
536 472
536 490
536 600
536 664
536 728
537 345
537 369
537 409
537 473
537 601
537 665
537 729
537 948
538 346
538 410
538 474
538 602
538 666
538 730
538 1240
539 347
539 411
539 475
539 571
539 603
539 667
539 731
540 81
540 348
540 412
540 427
540 476
540 604
540 668
540 703
540 732
540 1019
540 1047
541 349
541 413
541 477
541 605
541 669
541 709
541 733
541 1193
541 1267
542 266
542 275
542 350
542 414
542 478
542 606
542 670
542 734
542 976
543 245
543 351
543 415
543 449
543 479
543 607
543 621
543 671
543 735
544 50
544 254
544 352
544 416
544 480
544 608
544 672
544 736
545 233
545 353
545 417
545 481
545 609
545 673
545 737
546 354
546 418
546 482
546 610
546 674
546 738
547 230
547 355
547 419
547 483
547 611
547 675
547 739
547 1275
548 356
548 420
548 484
548 502
548 612
548 676
548 740
549 357
549 421
549 485
549 613
549 677
549 741
549 1213
550 358
550 422
550 486
550 614
550 678
550 742
551 359
551 387
551 423
551 487
551 615
551 679
551 743
551 810
551 934
552 360
552 424
552 468
552 488
552 612
552 616
552 680
552 744
553 361
553 425
553 489
553 617
553 681
553 745
553 814
554 362
554 410
554 426
554 490
554 618
554 682
554 746
554 793
554 1195
555 363
555 427
555 491
555 619
555 683
555 747
556 57
556 364
556 428
556 492
556 620
556 664
556 684
556 748
557 365
557 429
557 493
557 621
557 685
557 749
558 366
558 430
558 494
558 622
558 686
558 750
559 77
559 120
559 367
559 408
559 431
559 495
559 623
559 687
559 751
560 368
560 432
560 496
560 624
560 666
560 688
560 752
561 60
561 369
561 433
561 497
561 509
561 529
561 625
561 689
561 753
561 824
561 1150
561 1183
562 188
562 370
562 434
562 491
562 498
562 626
562 690
562 754
562 984
563 371
563 435
563 499
563 627
563 691
563 755
564 372
564 436
564 500
564 567
564 570
564 628
564 692
564 756
565 195
565 373
565 437
565 501
565 568
565 615
565 629
565 693
565 757
565 1243
565 1260
566 374
566 438
566 502
566 630
566 694
566 758
566 862
566 972
567 375
567 439
567 503
567 564
567 570
567 631
567 695
567 759
568 195
568 376
568 440
568 504
568 565
568 615
568 632
568 696
568 760
568 1243
568 1260
569 377
569 441
569 505
569 633
569 697
569 761
569 825
569 1202
570 378
570 442
570 506
570 564
570 567
570 634
570 698
570 762
571 379
571 443
571 507
571 539
571 635
571 699
571 763
572 380
572 444
572 508
572 636
572 700
572 764
573 380
573 381
573 445
573 509
573 637
573 701
573 765
573 1204
574 149
574 382
574 446
574 510
574 638
574 702
574 766
574 1055
574 1173
575 312
575 383
575 447
575 511
575 639
575 696
575 700
575 703
575 767
576 384
576 448
576 512
576 640
576 704
576 768
577 385
577 449
577 513
577 641
577 705
577 769
578 386
578 450
578 514
578 642
578 706
578 770
578 1164
579 19
579 302
579 387
579 451
579 515
579 643
579 707
579 771
580 388
580 452
580 516
580 644
580 708
580 772
581 261
581 389
581 453
581 517
581 645
581 709
581 773
581 853
582 6
582 7
582 71
582 73
582 135
582 326
582 390
582 393
582 394
582 398
582 406
582 454
582 518
582 521
582 583
582 590
582 646
582 647
582 710
582 711
582 713
582 718
582 758
582 774
582 775
582 777
582 842
582 846
582 851
582 886
582 905
582 910
582 966
582 975
582 1031
582 1034
582 1038
582 1046
582 1095
582 1097
582 1110
582 1158
582 1167
582 1222
583 6
583 7
583 71
583 135
583 199
583 263
583 326
583 327
583 391
583 393
583 398
583 406
583 454
583 455
583 519
583 521
583 582
583 590
583 647
583 711
583 713
583 718
583 758
583 775
583 777
583 839
583 841
583 842
583 846
583 851
583 854
583 886
583 903
583 905
583 910
583 966
583 967
583 975
583 1031
583 1034
583 1038
583 1046
583 1095
583 1097
583 1110
583 1159
583 1223
584 392
584 456
584 520
584 648
584 712
584 776
584 1026
585 9
585 70
585 137
585 198
585 262
585 329
585 390
585 393
585 457
585 518
585 521
585 649
585 710
585 713
585 774
585 777
585 838
585 902
585 969
585 1033
585 1094
585 1161
585 1225
586 394
586 458
586 522
586 650
586 714
586 778
587 229
587 395
587 459
587 523
587 651
587 715
587 779
587 956
587 1059
588 396
588 460
588 524
588 652
588 716
588 729
588 780
588 859
588 919
589 103
589 397
589 461
589 525
589 653
589 717
589 781
589 1075
590 6
590 7
590 71
590 73
590 135
590 326
590 327
590 393
590 394
590 398
590 406
590 454
590 462
590 521
590 526
590 582
590 583
590 646
590 647
590 654
590 711
590 713
590 718
590 758
590 775
590 777
590 782
590 842
590 846
590 851
590 854
590 886
590 903
590 905
590 910
590 966
590 975
590 1031
590 1034
590 1038
590 1046
590 1095
590 1097
590 1110
590 1159
590 1167
590 1222
590 1223
591 399
591 463
591 527
591 655
591 656
591 719
591 783
592 400
592 464
592 528
592 656
592 720
592 784
593 159
593 287
593 401
593 465
593 529
593 657
593 721
593 785
593 815
594 189
594 402
594 466
594 530
594 658
594 722
594 786
595 403
595 467
595 531
595 659
595 723
595 787
596 404
596 456
596 468
596 532
596 660
596 724
596 788
596 1181
597 180
597 405
597 469
597 533
597 661
597 687
597 725
597 789
597 821
598 406
598 470
598 534
598 662
598 726
598 790
599 407
599 471
599 535
599 663
599 727
599 791
599 811
600 235
600 408
600 472
600 536
600 664
600 728
600 792
600 1067
600 1113
601 409
601 473
601 537
601 665
601 729
601 793
602 165
602 410
602 474
602 538
602 666
602 730
602 794
602 1022
603 1
603 238
603 411
603 475
603 539
603 667
603 731
603 795
603 844
603 870
604 412
604 476
604 540
604 668
604 732
604 796
604 1125
604 1144
604 1272
605 413
605 477
605 541
605 669
605 733
605 797
606 414
606 478
606 542
606 670
606 734
606 798
607 415
607 439
607 479
607 496
607 498
607 543
607 635
607 671
607 735
607 799
608 250
608 416
608 480
608 544
608 672
608 736
608 800
609 385
609 417
609 481
609 545
609 673
609 737
609 797
609 801
609 871
609 1229
610 169
610 269
610 386
610 418
610 482
610 546
610 674
610 738
610 741
610 802
611 419
611 483
611 547
611 620
611 675
611 739
611 803
612 420
612 468
612 484
612 548
612 552
612 676
612 740
612 804
613 421
613 485
613 549
613 677
613 741
613 805
613 986
614 422
614 431
614 486
614 550
614 678
614 742
614 806
615 195
615 423
615 487
615 551
615 565
615 568
615 679
615 743
615 807
615 1243
615 1260
616 424
616 488
616 552
616 680
616 744
616 808
616 965
617 425
617 489
617 553
617 681
617 745
617 809
618 426
618 490
618 513
618 554
618 682
618 727
618 746
618 810
619 427
619 491
619 555
619 683
619 747
619 811
619 1106
619 1140
619 1151
620 428
620 492
620 556
620 611
620 684
620 748
620 812
621 245
621 429
621 449
621 493
621 543
621 557
621 685
621 749
621 813
622 404
622 430
622 494
622 558
622 686
622 750
622 814
622 954
623 72
623 431
623 495
623 559
623 687
623 751
623 815
624 432
624 496
624 560
624 688
624 752
624 816
625 170
625 372
625 433
625 495
625 497
625 561
625 689
625 753
625 817
626 434
626 483
626 498
626 562
626 668
626 690
626 754
626 818
626 929
626 1266
627 5
627 145
627 435
627 499
627 563
627 691
627 755
627 819
627 990
628 416
628 436
628 500
628 564
628 692
628 756
628 820
629 276
629 437
629 501
629 565
629 693
629 757
629 788
629 821
630 438
630 502
630 566
630 694
630 758
630 822
631 439
631 503
631 567
631 695
631 759
631 823
632 200
632 306
632 440
632 504
632 568
632 696
632 760
632 824
632 1136
633 441
633 505
633 569
633 697
633 761
633 825
633 1263
634 418
634 442
634 487
634 506
634 570
634 698
634 762
634 826
634 1061
634 1116
635 439
635 443
635 496
635 498
635 507
635 571
635 607
635 699
635 763
635 827
636 91
636 444
636 508
636 572
636 700
636 761
636 764
636 828
637 49
637 445
637 509
637 573
637 701
637 731
637 765
637 829
638 446
638 508
638 510
638 574
638 702
638 766
638 827
638 830
639 447
639 469
639 511
639 575
639 688
639 703
639 767
639 831
639 1020
639 1265
640 208
640 448
640 512
640 576
640 704
640 768
640 781
640 832
641 11
641 449
641 513
641 577
641 705
641 769
641 833
642 97
642 450
642 514
642 578
642 706
642 770
642 834
643 451
643 515
643 524
643 579
643 707
643 771
643 835
643 930
643 1246
644 452
644 516
644 580
644 708
644 772
644 836
645 354
645 453
645 517
645 581
645 709
645 773
645 837
646 6
646 7
646 54
646 71
646 73
646 134
646 135
646 201
646 265
646 326
646 342
646 393
646 394
646 398
646 406
646 454
646 518
646 521
646 582
646 590
646 662
646 710
646 718
646 758
646 774
646 775
646 777
646 822
646 838
646 842
646 851
646 886
646 975
646 1031
646 1034
646 1046
646 1095
646 1097
646 1110
646 1158
646 1167
646 1216
646 1222
647 7
647 71
647 135
647 199
647 263
647 327
647 391
647 393
647 398
647 406
647 455
647 519
647 521
647 582
647 583
647 590
647 711
647 713
647 718
647 775
647 839
647 841
647 842
647 846
647 851
647 854
647 903
647 905
647 910
647 966
647 967
647 975
647 1031
647 1038
647 1095
647 1097
647 1110
647 1159
647 1223
648 456
648 520
648 584
648 712
648 776
648 840
648 872
648 1273
649 9
649 70
649 137
649 198
649 262
649 329
649 390
649 457
649 518
649 521
649 585
649 710
649 713
649 774
649 777
649 838
649 841
649 902
649 969
649 1033
649 1094
649 1161
649 1225
650 128
650 458
650 522
650 586
650 714
650 778
650 842
651 4
651 459
651 523
651 587
651 715
651 779
651 843
651 1001
652 460
652 524
652 588
652 716
652 780
652 844
652 1051
653 58
653 461
653 525
653 589
653 717
653 781
653 845
654 462
654 526
654 590
654 718
654 782
654 846
655 246
655 463
655 527
655 591
655 719
655 783
655 847
655 1252
656 464
656 528
656 591
656 592
656 720
656 784
656 848
657 106
657 465
657 529
657 593
657 721
657 785
657 849
658 466
658 530
658 594
658 722
658 786
658 850
659 414
659 467
659 531
659 595
659 723
659 787
659 851
660 468
660 532
660 596
660 724
660 788
660 852
660 874
660 913
660 1175
661 469
661 533
661 597
661 725
661 763
661 789
661 853
661 1203
662 54
662 73
662 134
662 201
662 265
662 326
662 342
662 394
662 454
662 470
662 534
662 598
662 646
662 726
662 775
662 790
662 822
662 854
662 960
662 1014
662 1030
662 1102
662 1158
662 1167
662 1216
662 1222
663 365
663 471
663 535
663 599
663 727
663 791
663 855
664 57
664 472
664 536
664 556
664 600
664 728
664 792
664 856
665 473
665 537
665 601
665 675
665 729
665 793
665 857
666 474
666 538
666 560
666 602
666 730
666 794
666 858
667 218
667 475
667 539
667 603
667 731
667 795
667 859
667 890
667 927
667 952
667 1137
668 476
668 483
668 540
668 604
668 626
668 732
668 796
668 860
668 929
668 1266
669 298
669 446
669 477
669 541
669 605
669 725
669 733
669 797
669 861
670 178
670 478
670 542
670 606
670 734
670 798
670 862
670 1021
670 1084
671 184
671 402
671 479
671 543
671 607
671 735
671 799
671 801
671 863
672 123
672 480
672 544
672 608
672 736
672 800
672 864
673 133
673 139
673 481
673 545
673 609
673 737
673 801
673 817
673 865
674 225
674 424
674 481
674 482
674 546
674 610
674 738
674 802
674 866
674 1209
675 483
675 547
675 611
675 665
675 739
675 803
675 867
676 484
676 548
676 612
676 740
676 804
676 868
677 434
677 471
677 485
677 549
677 613
677 741
677 805
677 869
677 1205
678 75
678 417
678 486
678 523
678 550
678 614
678 742
678 806
678 870
678 1143
678 1153
679 24
679 308
679 487
679 551
679 615
679 743
679 807
679 871
680 99
680 488
680 552
680 616
680 744
680 808
680 872
681 378
681 489
681 553
681 617
681 745
681 769
681 809
681 873
681 939
682 168
682 181
682 490
682 554
682 618
682 746
682 810
682 874
682 880
683 26
683 62
683 217
683 491
683 555
683 619
683 732
683 747
683 754
683 811
683 875
684 492
684 497
684 556
684 620
684 748
684 755
684 812
684 876
685 56
685 129
685 493
685 557
685 621
685 749
685 813
685 877
685 991
686 294
686 494
686 558
686 622
686 750
686 814
686 878
687 180
687 495
687 559
687 597
687 623
687 751
687 815
687 821
687 879
688 469
688 496
688 560
688 624
688 639
688 752
688 816
688 880
688 1020
688 1265
689 497
689 561
689 625
689 753
689 762
689 817
689 881
690 23
690 84
690 156
690 498
690 562
690 626
690 754
690 818
690 882
690 884
690 941
691 183
691 499
691 563
691 627
691 755
691 819
691 826
691 883
692 416
692 500
692 564
692 628
692 756
692 820
692 884
693 501
693 565
693 629
693 757
693 821
693 885
693 909
694 502
694 566
694 630
694 758
694 822
694 883
694 886
694 916
695 32
695 443
695 503
695 567
695 631
695 759
695 823
695 887
695 978
695 1130
696 312
696 504
696 568
696 575
696 632
696 700
696 760
696 824
696 888
697 346
697 505
697 569
697 633
697 728
697 753
697 761
697 825
697 889
697 955
698 506
698 570
698 634
698 762
698 826
698 890
699 52
699 507
699 571
699 635
699 763
699 827
699 891
700 312
700 508
700 572
700 575
700 636
700 696
700 764
700 828
700 892
701 509
701 573
701 637
701 765
701 829
701 893
701 1050
702 510
702 574
702 638
702 766
702 829
702 830
702 894
703 81
703 427
703 511
703 540
703 575
703 639
703 767
703 831
703 895
703 1019
703 1047
704 512
704 576
704 640
704 768
704 832
704 896
705 513
705 577
705 641
705 769
705 833
705 897
705 926
705 971
706 234
706 514
706 578
706 642
706 770
706 834
706 898
706 1111
707 515
707 527
707 579
707 643
707 771
707 835
707 899
708 516
708 580
708 644
708 772
708 836
708 900
709 517
709 541
709 581
709 645
709 773
709 837
709 901
709 1193
709 1267
710 9
710 70
710 137
710 198
710 262
710 329
710 390
710 457
710 518
710 582
710 585
710 646
710 649
710 774
710 838
710 902
710 969
710 1033
710 1094
710 1161
710 1225
711 6
711 7
711 71
711 135
711 199
711 263
711 327
711 391
711 393
711 398
711 406
711 455
711 519
711 521
711 582
711 583
711 590
711 647
711 713
711 718
711 758
711 775
711 777
711 839
711 841
711 842
711 846
711 851
711 854
711 886
711 903
711 905
711 910
711 966
711 967
711 975
711 1031
711 1034
711 1038
711 1046
711 1095
711 1097
711 1110
711 1159
711 1223
712 173
712 520
712 584
712 648
712 776
712 840
712 904
712 988
712 1228
713 6
713 7
713 71
713 135
713 199
713 263
713 327
713 391
713 393
713 398
713 406
713 455
713 519
713 521
713 582
713 583
713 585
713 590
713 647
713 649
713 711
713 718
713 758
713 777
713 839
713 841
713 842
713 846
713 851
713 854
713 886
713 903
713 905
713 910
713 966
713 967
713 975
713 1031
713 1034
713 1038
713 1095
713 1097
713 1110
713 1159
713 1223
714 522
714 586
714 650
714 778
714 842
714 906
715 209
715 523
715 587
715 651
715 779
715 843
715 907
716 524
716 588
716 652
716 780
716 844
716 888
716 908
716 1146
717 350
717 525
717 589
717 653
717 781
717 845
717 867
717 909
718 6
718 7
718 71
718 73
718 135
718 326
718 393
718 394
718 398
718 406
718 454
718 521
718 526
718 582
718 583
718 590
718 646
718 647
718 654
718 711
718 713
718 758
718 775
718 777
718 782
718 842
718 846
718 851
718 886
718 905
718 910
718 966
718 975
718 1031
718 1034
718 1038
718 1046
718 1095
718 1097
718 1110
718 1158
718 1167
718 1222
719 527
719 591
719 655
719 783
719 847
719 911
720 528
720 592
720 656
720 784
720 848
720 912
721 3
721 31
721 51
721 240
721 529
721 593
721 657
721 785
721 849
721 913
721 937
721 1063
722 328
722 503
722 530
722 594
722 658
722 786
722 850
722 914
722 1058
722 1277
723 531
723 595
723 659
723 787
723 851
723 915
724 480
724 532
724 596
724 660
724 788
724 852
724 916
724 924
724 1015
724 1096
724 1172
725 298
725 446
725 533
725 597
725 661
725 669
725 789
725 853
725 917
726 463
726 534
726 598
726 662
726 790
726 854
726 918
727 513
727 535
727 599
727 618
727 663
727 791
727 855
727 919
728 346
728 536
728 600
728 664
728 697
728 753
728 792
728 856
728 920
728 955
729 537
729 588
729 601
729 665
729 793
729 857
729 859
729 919
729 921
730 277
730 538
730 602
730 666
730 794
730 858
730 922
731 49
731 539
731 603
731 637
731 667
731 795
731 859
731 923
732 26
732 62
732 217
732 540
732 604
732 668
732 683
732 754
732 796
732 860
732 924
733 541
733 605
733 669
733 797
733 861
733 925
734 542
734 606
734 670
734 798
734 862
734 926
734 1247
735 204
735 543
735 607
735 671
735 799
735 863
735 927
735 1234
736 53
736 544
736 608
736 672
736 800
736 864
736 928
737 545
737 609
737 673
737 801
737 865
737 929
737 993
738 546
738 610
738 674
738 802
738 866
738 930
739 66
739 547
739 611
739 675
739 803
739 867
739 931
739 1080
740 548
740 612
740 676
740 804
740 868
740 932
741 169
741 269
741 386
741 549
741 610
741 613
741 677
741 805
741 869
741 933
742 83
742 295
742 550
742 614
742 678
742 806
742 870
742 934
742 1041
743 361
743 504
743 551
743 615
743 679
743 807
743 871
743 935
744 552
744 616
744 680
744 808
744 872
744 936
744 1237
745 553
745 617
745 681
745 809
745 873
745 937
745 985
745 1227
746 554
746 618
746 682
746 810
746 874
746 938
747 274
747 555
747 619
747 683
747 811
747 875
747 931
747 939
748 125
748 556
748 620
748 684
748 812
748 876
748 920
748 940
749 557
749 621
749 685
749 813
749 877
749 941
750 558
750 622
750 686
750 814
750 878
750 942
750 1261
751 559
751 623
751 687
751 815
751 879
751 923
751 943
752 560
752 624
752 688
752 816
752 880
752 944
752 981
752 1054
753 346
753 561
753 625
753 689
753 697
753 728
753 817
753 881
753 945
753 955
754 26
754 62
754 217
754 562
754 626
754 683
754 690
754 732
754 818
754 882
754 946
755 497
755 563
755 627
755 684
755 691
755 819
755 883
755 947
756 27
756 186
756 243
756 382
756 511
756 564
756 628
756 692
756 799
756 820
756 884
756 938
756 948
757 565
757 629
757 693
757 821
757 885
757 949
757 1082
758 6
758 7
758 71
758 73
758 135
758 265
758 326
758 393
758 394
758 398
758 406
758 454
758 521
758 566
758 582
758 583
758 590
758 630
758 646
758 694
758 711
758 713
758 718
758 775
758 777
758 822
758 842
758 846
758 851
758 886
758 905
758 910
758 950
758 966
758 975
758 1031
758 1034
758 1038
758 1046
758 1095
758 1097
758 1110
758 1158
758 1167
758 1222
759 109
759 567
759 631
759 695
759 823
759 887
759 951
759 1090
760 568
760 632
760 696
760 824
760 888
760 952
761 91
761 569
761 633
761 636
761 697
761 825
761 889
761 953
762 570
762 634
762 689
762 698
762 826
762 890
762 954
763 571
763 635
763 661
763 699
763 827
763 891
763 955
763 1203
764 220
764 289
764 353
764 572
764 636
764 700
764 828
764 892
764 956
765 343
765 573
765 637
765 701
765 829
765 893
765 957
765 958
765 1145
766 383
766 405
766 574
766 638
766 702
766 830
766 894
766 958
766 1036
767 33
767 575
767 639
767 703
767 831
767 895
767 959
767 1083
767 1176
768 576
768 640
768 704
768 832
768 896
768 918
768 960
769 378
769 577
769 641
769 681
769 705
769 833
769 897
769 939
769 961
770 578
770 642
770 706
770 834
770 898
770 907
770 962
770 1057
771 579
771 643
771 707
771 835
771 899
771 963
772 516
772 580
772 644
772 708
772 836
772 900
772 964
773 151
773 581
773 645
773 709
773 837
773 901
773 965
773 1101
774 9
774 70
774 137
774 198
774 262
774 329
774 390
774 457
774 518
774 582
774 585
774 646
774 649
774 710
774 838
774 902
774 966
774 969
774 1033
774 1094
774 1161
774 1225
775 6
775 7
775 54
775 71
775 73
775 134
775 135
775 201
775 265
775 326
775 342
775 393
775 394
775 398
775 406
775 454
775 521
775 582
775 583
775 590
775 646
775 647
775 662
775 711
775 718
775 758
775 777
775 822
775 839
775 842
775 851
775 886
775 903
775 910
775 967
775 975
775 1031
775 1034
775 1038
775 1046
775 1095
775 1097
775 1110
775 1158
775 1167
775 1216
775 1222
776 584
776 648
776 712
776 840
776 904
776 968
777 6
777 7
777 71
777 73
777 135
777 265
777 326
777 393
777 394
777 398
777 406
777 454
777 521
777 582
777 583
777 585
777 590
777 646
777 649
777 711
777 713
777 718
777 758
777 775
777 841
777 842
777 846
777 851
777 886
777 905
777 910
777 969
777 975
777 1031
777 1034
777 1038
777 1046
777 1095
777 1097
777 1110
777 1158
777 1167
777 1222
778 586
778 650
778 714
778 842
778 906
778 970
779 587
779 651
779 715
779 843
779 857
779 907
779 971
780 104
780 231
780 588
780 652
780 716
780 802
780 844
780 908
780 959
780 972
781 208
781 589
781 640
781 653
781 717
781 845
781 909
781 973
782 256
782 590
782 654
782 718
782 846
782 910
782 974
783 591
783 655
783 719
783 847
783 911
783 975
783 998
784 592
784 656
784 720
784 848
784 912
784 976
785 593
785 657
785 721
785 849
785 913
785 977
786 87
786 437
786 594
786 658
786 722
786 805
786 850
786 889
786 914
786 978
786 1128
787 595
787 659
787 723
787 851
787 915
787 979
788 276
788 596
788 629
788 660
788 724
788 852
788 916
788 980
789 216
789 597
789 661
789 725
789 853
789 917
789 981
790 54
790 73
790 134
790 201
790 265
790 342
790 394
790 598
790 662
790 726
790 822
790 854
790 918
790 960
790 982
790 1014
790 1030
790 1102
790 1158
790 1216
791 348
791 599
791 663
791 727
791 855
791 919
791 983
792 127
792 600
792 664
792 728
792 856
792 920
792 984
793 410
793 554
793 601
793 665
793 729
793 857
793 921
793 985
793 1195
794 507
794 602
794 666
794 730
794 812
794 858
794 922
794 986
795 603
795 667
795 731
795 859
795 923
795 987
796 604
796 668
796 732
796 860
796 924
796 988
797 385
797 605
797 609
797 669
797 733
797 861
797 871
797 925
797 989
797 1229
798 606
798 670
798 734
798 862
798 926
798 990
798 1262
799 27
799 186
799 243
799 382
799 511
799 607
799 671
799 735
799 756
799 863
799 927
799 938
799 991
800 30
800 608
800 672
800 736
800 864
800 901
800 928
800 992
800 1002
800 1053
801 184
801 402
801 609
801 671
801 673
801 737
801 865
801 929
801 993
802 104
802 231
802 610
802 674
802 738
802 780
802 866
802 930
802 959
802 994
803 82
803 171
803 285
803 611
803 675
803 739
803 867
803 931
803 995
803 1071
804 271
804 612
804 676
804 740
804 868
804 932
804 996
805 87
805 437
805 613
805 677
805 741
805 786
805 869
805 889
805 933
805 997
805 1128
806 614
806 678
806 742
806 870
806 934
806 998
807 122
807 615
807 679
807 743
807 871
807 921
807 935
807 999
808 616
808 680
808 744
808 872
808 936
808 1000
808 1182
809 617
809 681
809 745
809 873
809 937
809 1001
810 387
810 551
810 618
810 682
810 746
810 874
810 934
810 938
810 1002
811 599
811 619
811 683
811 747
811 875
811 939
811 1003
812 507
812 620
812 684
812 748
812 794
812 876
812 940
812 1004
813 356
813 621
813 685
813 749
813 877
813 878
813 941
813 1005
813 1027
814 553
814 622
814 686
814 750
814 878
814 942
814 1006
815 159
815 287
815 593
815 623
815 687
815 751
815 879
815 943
815 1007
816 318
816 624
816 688
816 752
816 880
816 944
816 1008
816 1279
817 133
817 139
817 625
817 673
817 689
817 753
817 881
817 945
817 1009
818 517
818 626
818 690
818 754
818 882
818 946
818 1010
819 113
819 475
819 627
819 691
819 755
819 883
819 894
819 947
819 1011
820 628
820 692
820 756
820 884
820 948
820 1012
821 180
821 597
821 629
821 687
821 693
821 757
821 885
821 949
821 1013
822 6
822 54
822 73
822 134
822 201
822 265
822 326
822 342
822 394
822 454
822 630
822 646
822 662
822 694
822 758
822 775
822 790
822 886
822 950
822 960
822 1014
822 1030
822 1046
822 1102
822 1158
822 1167
822 1216
822 1222
823 631
823 695
823 759
823 887
823 951
823 1003
823 1015
824 60
824 509
824 529
824 561
824 632
824 696
824 760
824 888
824 952
824 1016
824 1150
824 1183
825 505
825 569
825 633
825 697
825 761
825 889
825 953
825 1017
825 1202
826 183
826 634
826 691
826 698
826 762
826 890
826 954
826 1018
827 508
827 635
827 638
827 699
827 763
827 891
827 955
827 1019
828 636
828 700
828 764
828 892
828 956
828 1020
829 637
829 701
829 702
829 765
829 893
829 957
829 1021
830 377
830 638
830 702
830 766
830 894
830 958
830 1022
831 639
831 703
831 767
831 895
831 959
831 1023
832 640
832 704
832 768
832 896
832 960
832 1024
833 641
833 705
833 769
833 840
833 897
833 961
833 1025
834 642
834 706
834 770
834 898
834 962
834 1026
834 1070
835 403
835 643
835 707
835 771
835 899
835 963
835 1027
836 644
836 708
836 772
836 900
836 964
836 1028
837 645
837 709
837 773
837 901
837 965
837 1029
838 9
838 70
838 137
838 198
838 262
838 329
838 390
838 457
838 518
838 585
838 646
838 649
838 710
838 774
838 902
838 966
838 969
838 1030
838 1033
838 1094
838 1161
838 1225
839 199
839 263
839 327
839 391
839 455
839 519
839 583
839 647
839 711
839 713
839 775
839 841
839 846
839 854
839 903
839 905
839 910
839 966
839 967
839 1031
839 1038
839 1159
839 1223
840 648
840 712
840 776
840 833
840 904
840 968
840 1032
841 71
841 135
841 199
841 263
841 327
841 391
841 398
841 406
841 455
841 519
841 583
841 647
841 649
841 711
841 713
841 777
841 839
841 842
841 846
841 851
841 854
841 903
841 905
841 910
841 966
841 967
841 969
841 975
841 1031
841 1033
841 1038
841 1110
841 1159
841 1223
842 6
842 7
842 71
842 135
842 199
842 263
842 326
842 327
842 391
842 393
842 398
842 406
842 454
842 455
842 519
842 521
842 582
842 583
842 590
842 646
842 647
842 650
842 711
842 713
842 714
842 718
842 758
842 775
842 777
842 778
842 841
842 846
842 851
842 854
842 886
842 903
842 905
842 906
842 910
842 966
842 967
842 970
842 975
842 1031
842 1034
842 1038
842 1046
842 1095
842 1097
842 1110
842 1159
842 1223
843 651
843 715
843 779
843 907
843 971
843 1035
844 1
844 238
844 603
844 652
844 716
844 780
844 870
844 908
844 972
844 1036
845 653
845 717
845 781
845 909
845 973
845 1037
846 7
846 71
846 135
846 199
846 263
846 327
846 391
846 393
846 398
846 406
846 455
846 519
846 521
846 582
846 583
846 590
846 647
846 654
846 711
846 713
846 718
846 758
846 777
846 782
846 839
846 841
846 842
846 851
846 854
846 886
846 903
846 905
846 910
846 966
846 967
846 974
846 975
846 1031
846 1034
846 1038
846 1095
846 1097
846 1110
846 1159
846 1223
847 655
847 719
847 783
847 911
847 975
847 1039
848 656
848 720
848 784
848 912
848 976
848 1040
849 657
849 721
849 785
849 913
849 977
849 1041
849 1233
850 658
850 722
850 786
850 914
850 978
850 1042
851 6
851 7
851 71
851 135
851 326
851 327
851 391
851 393
851 398
851 406
851 454
851 519
851 521
851 582
851 583
851 590
851 646
851 647
851 659
851 711
851 713
851 718
851 723
851 758
851 775
851 777
851 787
851 841
851 842
851 846
851 854
851 886
851 903
851 905
851 910
851 915
851 966
851 967
851 975
851 979
851 1031
851 1034
851 1038
851 1043
851 1046
851 1095
851 1097
851 1110
851 1159
851 1167
851 1222
851 1223
852 660
852 724
852 788
852 916
852 980
852 1044
853 261
853 581
853 661
853 725
853 789
853 917
853 981
853 1045
854 7
854 71
854 135
854 199
854 263
854 327
854 391
854 398
854 406
854 455
854 519
854 583
854 590
854 647
854 662
854 711
854 713
854 726
854 790
854 839
854 841
854 842
854 846
854 851
854 903
854 905
854 910
854 918
854 966
854 967
854 975
854 982
854 1031
854 1038
854 1046
854 1095
854 1097
854 1110
854 1159
854 1223
855 663
855 727
855 791
855 919
855 983
855 1047
856 664
856 728
856 792
856 920
856 984
856 1048
856 1185
857 665
857 729
857 779
857 793
857 921
857 985
857 1049
858 65
858 460
858 666
858 730
858 794
858 922
858 986
858 1050
858 1127
858 1154
859 588
859 667
859 729
859 731
859 795
859 919
859 923
859 987
859 1051
860 668
860 732
860 796
860 924
860 988
860 1052
861 669
861 733
861 797
861 925
861 989
861 1053
862 566
862 670
862 734
862 798
862 926
862 972
862 990
862 1054
863 37
863 499
863 671
863 735
863 799
863 927
863 991
863 1055
864 242
864 352
864 672
864 736
864 800
864 898
864 928
864 992
864 1056
865 673
865 737
865 801
865 929
865 993
865 1057
866 28
866 297
866 311
866 674
866 738
866 802
866 930
866 994
866 1058
866 1072
867 350
867 675
867 717
867 739
867 803
867 931
867 995
867 1059
868 676
868 740
868 804
868 932
868 996
868 1060
869 526
869 677
869 741
869 805
869 933
869 997
869 1061
870 1
870 238
870 603
870 678
870 742
870 806
870 844
870 934
870 998
870 1062
871 385
871 609
871 679
871 743
871 797
871 807
871 935
871 999
871 1063
871 1229
872 648
872 680
872 744
872 808
872 936
872 1000
872 1064
872 1273
873 484
873 681
873 745
873 809
873 937
873 1001
873 1028
873 1065
873 1256
874 660
874 682
874 746
874 810
874 913
874 938
874 1002
874 1066
874 1175
875 419
875 683
875 747
875 811
875 939
875 1003
875 1045
875 1067
875 1178
876 130
876 401
876 515
876 684
876 748
876 812
876 940
876 1004
876 1068
877 685
877 749
877 813
877 941
877 1005
877 1069
878 356
878 686
878 750
878 813
878 814
878 942
878 1006
878 1027
878 1070
879 687
879 751
879 815
879 943
879 1007
879 1071
880 168
880 181
880 682
880 688
880 752
880 816
880 944
880 1008
880 1072
881 429
881 689
881 753
881 817
881 945
881 1009
881 1073
881 1177
882 690
882 754
882 818
882 908
882 946
882 1010
882 1074
882 1212
883 691
883 694
883 755
883 819
883 916
883 947
883 1011
883 1075
884 23
884 84
884 156
884 690
884 692
884 756
884 820
884 941
884 948
884 1012
884 1076
885 286
885 693
885 757
885 821
885 949
885 1013
885 1077
885 1163
885 1165
886 6
886 7
886 71
886 73
886 135
886 326
886 393
886 394
886 398
886 406
886 454
886 521
886 582
886 583
886 590
886 646
886 694
886 711
886 713
886 718
886 758
886 775
886 777
886 822
886 842
886 846
886 851
886 905
886 910
886 950
886 966
886 975
886 1014
886 1031
886 1034
886 1038
886 1046
886 1078
886 1095
886 1097
886 1110
886 1158
886 1167
886 1222
887 695
887 759
887 823
887 951
887 1015
887 1079
888 696
888 716
888 760
888 824
888 952
888 1016
888 1080
888 1146
889 87
889 437
889 697
889 761
889 786
889 805
889 825
889 953
889 1017
889 1081
889 1128
890 218
890 667
890 698
890 762
890 826
890 927
890 952
890 954
890 1018
890 1082
890 1137
891 433
891 453
891 699
891 763
891 827
891 955
891 1018
891 1019
891 1083
891 1100
892 426
892 700
892 764
892 828
892 956
892 1020
892 1084
893 2
893 701
893 765
893 829
893 957
893 1021
893 1074
893 1085
894 113
894 475
894 702
894 766
894 819
894 830
894 958
894 1022
894 1086
895 110
895 279
895 520
895 703
895 767
895 831
895 959
895 1023
895 1087
896 704
896 768
896 832
896 960
896 1024
896 1088
897 705
897 769
897 833
897 926
897 961
897 971
897 1025
897 1089
898 242
898 352
898 706
898 770
898 834
898 864
898 962
898 1026
898 1090
899 260
899 707
899 771
899 835
899 963
899 1027
899 1091
900 708
900 772
900 836
900 964
900 1006
900 1028
900 1092
901 30
901 709
901 773
901 800
901 837
901 965
901 1002
901 1029
901 1053
901 1093
902 9
902 70
902 137
902 198
902 262
902 329
902 390
902 457
902 518
902 585
902 649
902 710
902 774
902 838
902 966
902 969
902 1030
902 1033
902 1094
902 1161
902 1225
903 71
903 135
903 199
903 263
903 327
903 391
903 393
903 398
903 406
903 455
903 519
903 583
903 590
903 647
903 711
903 713
903 775
903 839
903 841
903 842
903 846
903 851
903 854
903 905
903 910
903 966
903 967
903 975
903 1031
903 1038
903 1095
903 1097
903 1110
903 1159
903 1223
904 409
904 712
904 776
904 840
904 968
904 1032
904 1096
904 1117
905 71
905 135
905 199
905 263
905 327
905 391
905 393
905 398
905 406
905 455
905 519
905 521
905 582
905 583
905 590
905 647
905 711
905 713
905 718
905 758
905 777
905 839
905 841
905 842
905 846
905 851
905 854
905 886
905 903
905 910
905 966
905 967
905 969
905 975
905 1031
905 1033
905 1034
905 1038
905 1095
905 1097
905 1110
905 1159
905 1223
906 714
906 778
906 842
906 970
906 1034
906 1098
907 715
907 770
907 779
907 843
907 971
907 1035
907 1057
907 1099
908 716
908 780
908 844
908 882
908 972
908 1036
908 1100
908 1212
909 693
909 717
909 781
909 845
909 973
909 1037
909 1101
910 71
910 135
910 199
910 263
910 326
910 327
910 391
910 393
910 398
910 406
910 454
910 455
910 519
910 521
910 582
910 583
910 590
910 647
910 711
910 713
910 718
910 758
910 775
910 777
910 782
910 839
910 841
910 842
910 846
910 851
910 854
910 886
910 903
910 905
910 966
910 967
910 974
910 975
910 1031
910 1034
910 1038
910 1046
910 1095
910 1097
910 1102
910 1110
910 1159
910 1223
911 719
911 783
911 847
911 975
911 1039
911 1103
912 720
912 784
912 848
912 976
912 1040
912 1104
913 660
913 721
913 785
913 849
913 874
913 977
913 1041
913 1105
913 1175
914 722
914 786
914 850
914 978
914 1008
914 1042
914 1106
914 1109
915 723
915 787
915 851
915 932
915 979
915 1043
915 1107
916 694
916 724
916 788
916 852
916 883
916 980
916 1044
916 1108
917 126
917 725
917 789
917 853
917 981
917 1045
917 1109
917 1196
918 726
918 768
918 790
918 854
918 982
918 1046
918 1110
919 588
919 727
919 729
919 791
919 855
919 859
919 983
919 1047
919 1111
920 125
920 728
920 748
920 792
920 856
920 984
920 1048
920 1112
921 122
921 729
921 793
921 807
921 857
921 985
921 1049
921 1113
922 44
922 114
922 371
922 525
922 730
922 794
922 858
922 986
922 1050
922 1114
922 1131
923 731
923 751
923 795
923 859
923 987
923 1051
923 1115
924 480
924 724
924 732
924 796
924 860
924 988
924 1015
924 1052
924 1096
924 1116
924 1172
925 733
925 797
925 861
925 989
925 1053
925 1117
925 1258
926 705
926 734
926 798
926 862
926 897
926 971
926 990
926 1054
926 1118
927 218
927 667
927 735
927 799
927 863
927 890
927 952
927 991
927 1055
927 1119
927 1137
928 61
928 98
928 736
928 800
928 864
928 992
928 1056
928 1120
929 483
929 626
929 668
929 737
929 801
929 865
929 993
929 1057
929 1121
929 1266
930 524
930 643
930 738
930 802
930 866
930 994
930 1058
930 1122
930 1246
931 274
931 739
931 747
931 803
931 867
931 995
931 1059
931 1123
932 740
932 804
932 868
932 915
932 996
932 1060
932 1124
933 105
933 158
933 370
933 741
933 805
933 869
933 997
933 1049
933 1061
933 1125
934 387
934 551
934 742
934 806
934 810
934 870
934 998
934 1062
934 1126
935 743
935 807
935 871
935 999
935 1063
935 1127
936 43
936 283
936 299
936 363
936 432
936 744
936 808
936 872
936 1000
936 1064
936 1114
936 1128
937 3
937 31
937 51
937 240
937 721
937 745
937 809
937 873
937 1001
937 1063
937 1065
937 1129
938 27
938 186
938 243
938 382
938 511
938 746
938 756
938 799
938 810
938 874
938 1002
938 1066
938 1130
939 378
939 681
939 747
939 769
939 811
939 875
939 1003
939 1067
939 1131
940 748
940 812
940 876
940 1004
940 1068
940 1132
941 23
941 84
941 156
941 690
941 749
941 813
941 877
941 884
941 1005
941 1069
941 1133
942 750
942 814
942 878
942 1006
942 1070
942 1134
943 751
943 815
943 879
943 1007
943 1071
943 1135
943 1215
944 752
944 816
944 880
944 980
944 1008
944 1010
944 1072
944 1136
945 753
945 817
945 881
945 1009
945 1073
945 1137
945 1249
946 754
946 818
946 882
946 987
946 1010
946 1074
946 1138
947 755
947 819
947 883
947 994
947 1011
947 1075
947 1139
948 369
948 537
948 756
948 820
948 884
948 1012
948 1076
948 1140
949 389
949 757
949 821
949 885
949 1013
949 1023
949 1077
949 1141
950 758
950 822
950 886
950 1014
950 1078
950 1142
950 1230
951 759
951 823
951 887
951 1015
951 1079
951 1143
952 218
952 667
952 760
952 824
952 888
952 890
952 927
952 1016
952 1080
952 1137
952 1144
953 476
953 761
953 825
953 889
953 1017
953 1081
953 1145
954 404
954 622
954 762
954 826
954 890
954 1018
954 1082
954 1146
955 346
955 697
955 728
955 753
955 763
955 827
955 891
955 1019
955 1083
955 1147
956 229
956 587
956 764
956 828
956 892
956 1020
956 1059
956 1084
956 1148
957 765
957 829
957 893
957 1021
957 1085
957 1149
958 343
958 765
958 766
958 830
958 894
958 1022
958 1086
958 1145
958 1150
959 104
959 231
959 767
959 780
959 802
959 831
959 895
959 1023
959 1087
959 1151
960 134
960 201
960 265
960 342
960 394
960 662
960 768
960 790
960 822
960 832
960 896
960 1014
960 1024
960 1030
960 1088
960 1102
960 1152
960 1158
960 1216
961 102
961 769
961 833
961 897
961 1025
961 1089
961 1153
962 770
962 834
962 898
962 1026
962 1090
962 1154
963 771
963 835
963 899
963 1027
963 1091
963 1155
964 772
964 836
964 900
964 1028
964 1092
964 1156
965 616
965 773
965 837
965 901
965 1029
965 1093
965 1157
966 135
966 199
966 263
966 327
966 391
966 393
966 398
966 406
966 455
966 519
966 521
966 582
966 583
966 590
966 647
966 711
966 713
966 718
966 758
966 774
966 838
966 839
966 841
966 842
966 846
966 851
966 854
966 886
966 902
966 903
966 905
966 910
966 967
966 975
966 1030
966 1031
966 1034
966 1038
966 1094
966 1095
966 1097
966 1110
966 1158
966 1159
966 1223
967 135
967 199
967 263
967 327
967 391
967 398
967 455
967 519
967 583
967 647
967 711
967 713
967 775
967 839
967 841
967 842
967 846
967 851
967 854
967 903
967 905
967 910
967 966
967 975
967 1031
967 1038
967 1095
967 1110
967 1159
967 1223
968 167
968 776
968 840
968 904
968 1032
968 1096
968 1122
968 1160
968 1207
969 9
969 70
969 137
969 198
969 262
969 329
969 390
969 457
969 518
969 585
969 649
969 710
969 774
969 777
969 838
969 841
969 902
969 905
969 1033
969 1094
969 1097
969 1161
969 1225
970 778
970 842
970 906
970 1034
970 1098
970 1134
970 1162
971 705
971 779
971 843
971 897
971 907
971 926
971 1035
971 1099
971 1163
972 566
972 780
972 844
972 862
972 908
972 1036
972 1100
972 1164
973 781
973 845
973 909
973 1037
973 1101
973 1165
974 782
974 846
974 910
974 1038
974 1102
974 1166
975 7
975 71
975 135
975 326
975 327
975 391
975 393
975 398
975 406
975 454
975 519
975 521
975 582
975 583
975 590
975 646
975 647
975 711
975 713
975 718
975 758
975 775
975 777
975 783
975 841
975 842
975 846
975 847
975 851
975 854
975 886
975 903
975 905
975 910
975 911
975 966
975 967
975 1031
975 1034
975 1038
975 1039
975 1046
975 1095
975 1097
975 1103
975 1110
975 1159
975 1167
975 1222
975 1223
976 266
976 275
976 542
976 784
976 848
976 912
976 1040
976 1104
976 1168
977 785
977 849
977 913
977 1041
977 1105
977 1169
977 1224
978 32
978 443
978 695
978 786
978 850
978 914
978 1042
978 1106
978 1130
978 1170
979 787
979 851
979 915
979 1043
979 1107
979 1171
980 788
980 852
980 916
980 944
980 1010
980 1044
980 1108
980 1172
981 752
981 789
981 853
981 917
981 1045
981 1054
981 1109
981 1173
982 470
982 790
982 854
982 918
982 1046
982 1110
982 1174
983 67
983 203
983 791
983 855
983 919
983 1047
983 1111
983 1175
984 188
984 491
984 562
984 792
984 856
984 920
984 1048
984 1112
984 1176
985 745
985 793
985 857
985 921
985 1049
985 1113
985 1177
985 1227
986 613
986 794
986 858
986 922
986 1050
986 1114
986 1178
987 795
987 859
987 923
987 946
987 1051
987 1115
987 1179
988 173
988 712
988 796
988 860
988 924
988 1052
988 1116
988 1180
988 1228
989 797
989 861
989 925
989 1053
989 1117
989 1133
989 1181
990 5
990 145
990 627
990 798
990 862
990 926
990 1054
990 1118
990 1182
991 56
991 129
991 685
991 799
991 863
991 927
991 1055
991 1119
991 1183
992 800
992 864
992 928
992 1056
992 1120
992 1184
992 1186
993 737
993 801
993 865
993 929
993 1057
993 1121
993 1185
994 802
994 866
994 930
994 947
994 1058
994 1122
994 1186
995 296
995 421
995 803
995 867
995 931
995 1059
995 1123
995 1187
996 804
996 868
996 932
996 1060
996 1124
996 1188
997 257
997 323
997 805
997 869
997 933
997 1061
997 1125
997 1187
997 1189
997 1208
998 783
998 806
998 870
998 934
998 1062
998 1126
998 1190
999 807
999 871
999 935
999 1063
999 1127
999 1191
1000 25
1000 141
1000 193
1000 808
1000 872
1000 936
1000 1064
1000 1128
1000 1192
1001 4
1001 651
1001 809
1001 873
1001 937
1001 1065
1001 1129
1001 1193
1002 30
1002 800
1002 810
1002 874
1002 901
1002 938
1002 1053
1002 1066
1002 1130
1002 1194
1003 811
1003 823
1003 875
1003 939
1003 1067
1003 1131
1003 1195
1004 88
1004 812
1004 876
1004 940
1004 1068
1004 1132
1004 1149
1004 1196
1005 395
1005 813
1005 877
1005 941
1005 1069
1005 1133
1005 1197
1006 814
1006 878
1006 900
1006 942
1006 1070
1006 1134
1006 1198
1007 162
1007 172
1007 175
1007 255
1007 815
1007 879
1007 943
1007 1071
1007 1135
1007 1199
1008 816
1008 880
1008 914
1008 944
1008 1072
1008 1109
1008 1136
1008 1200
1009 817
1009 881
1009 945
1009 1073
1009 1137
1009 1201
1009 1249
1010 818
1010 882
1010 944
1010 946
1010 980
1010 1074
1010 1138
1010 1202
1011 819
1011 883
1011 947
1011 1075
1011 1123
1011 1139
1011 1179
1011 1184
1011 1203
1011 1244
1012 35
1012 232
1012 300
1012 820
1012 884
1012 948
1012 1076
1012 1140
1012 1204
1013 821
1013 885
1013 949
1013 1077
1013 1141
1013 1205
1014 54
1014 134
1014 201
1014 265
1014 342
1014 394
1014 662
1014 790
1014 822
1014 886
1014 950
1014 960
1014 1030
1014 1078
1014 1102
1014 1142
1014 1158
1014 1206
1014 1216
1014 1222
1015 480
1015 724
1015 823
1015 887
1015 924
1015 951
1015 1079
1015 1096
1015 1143
1015 1172
1015 1207
1016 824
1016 888
1016 952
1016 1080
1016 1144
1016 1208
1017 116
1017 435
1017 436
1017 825
1017 889
1017 953
1017 1081
1017 1145
1017 1209
1018 433
1018 453
1018 826
1018 890
1018 891
1018 954
1018 1082
1018 1100
1018 1146
1018 1210
1019 81
1019 427
1019 540
1019 703
1019 827
1019 891
1019 955
1019 1047
1019 1083
1019 1147
1019 1211
1020 469
1020 639
1020 688
1020 828
1020 892
1020 956
1020 1084
1020 1148
1020 1212
1020 1265
1021 178
1021 670
1021 829
1021 893
1021 957
1021 1084
1021 1085
1021 1149
1021 1213
1022 165
1022 602
1022 830
1022 894
1022 958
1022 1086
1022 1150
1022 1214
1023 389
1023 831
1023 895
1023 949
1023 959
1023 1087
1023 1151
1023 1215
1024 832
1024 896
1024 960
1024 1088
1024 1152
1024 1216
1025 258
1025 833
1025 897
1025 961
1025 1089
1025 1153
1025 1169
1025 1217
1026 584
1026 834
1026 898
1026 962
1026 1090
1026 1154
1026 1218
1027 356
1027 813
1027 835
1027 878
1027 899
1027 963
1027 1091
1027 1155
1027 1219
1028 484
1028 836
1028 873
1028 900
1028 964
1028 1092
1028 1156
1028 1220
1028 1256
1029 493
1029 837
1029 901
1029 965
1029 1056
1029 1093
1029 1157
1029 1221
1030 134
1030 201
1030 265
1030 342
1030 394
1030 662
1030 790
1030 822
1030 838
1030 902
1030 960
1030 966
1030 1014
1030 1094
1030 1102
1030 1158
1030 1216
1030 1222
1031 7
1031 71
1031 135
1031 199
1031 263
1031 326
1031 327
1031 391
1031 393
1031 398
1031 406
1031 454
1031 455
1031 519
1031 521
1031 582
1031 583
1031 590
1031 646
1031 647
1031 711
1031 713
1031 718
1031 758
1031 775
1031 777
1031 839
1031 841
1031 842
1031 846
1031 851
1031 854
1031 886
1031 903
1031 905
1031 910
1031 966
1031 967
1031 975
1031 1034
1031 1038
1031 1046
1031 1095
1031 1097
1031 1110
1031 1159
1031 1167
1031 1223
1032 228
1032 840
1032 904
1032 968
1032 1096
1032 1160
1032 1224
1033 9
1033 70
1033 137
1033 198
1033 262
1033 329
1033 390
1033 457
1033 518
1033 585
1033 649
1033 710
1033 774
1033 838
1033 841
1033 902
1033 905
1033 969
1033 1094
1033 1097
1033 1161
1033 1225
1034 6
1034 7
1034 265
1034 326
1034 393
1034 394
1034 398
1034 406
1034 454
1034 521
1034 582
1034 583
1034 590
1034 646
1034 711
1034 713
1034 718
1034 758
1034 775
1034 777
1034 842
1034 846
1034 851
1034 886
1034 905
1034 906
1034 910
1034 966
1034 970
1034 975
1034 1031
1034 1038
1034 1046
1034 1095
1034 1097
1034 1098
1034 1110
1034 1158
1034 1162
1034 1167
1034 1222
1034 1226
1035 94
1035 843
1035 907
1035 971
1035 1099
1035 1163
1035 1227
1035 1254
1036 383
1036 405
1036 766
1036 844
1036 908
1036 972
1036 1100
1036 1164
1036 1228
1037 845
1037 909
1037 973
1037 1101
1037 1165
1037 1229
1038 71
1038 135
1038 199
1038 263
1038 326
1038 327
1038 391
1038 393
1038 398
1038 406
1038 454
1038 455
1038 519
1038 521
1038 582
1038 583
1038 590
1038 647
1038 711
1038 713
1038 718
1038 758
1038 775
1038 777
1038 839
1038 841
1038 842
1038 846
1038 851
1038 854
1038 886
1038 903
1038 905
1038 910
1038 966
1038 967
1038 974
1038 975
1038 1031
1038 1034
1038 1046
1038 1095
1038 1097
1038 1102
1038 1110
1038 1159
1038 1166
1038 1223
1038 1230
1039 335
1039 847
1039 911
1039 975
1039 1103
1039 1167
1039 1231
1040 848
1040 912
1040 976
1040 1104
1040 1168
1040 1232
1041 83
1041 295
1041 742
1041 849
1041 913
1041 977
1041 1105
1041 1169
1041 1233
1042 479
1042 850
1042 914
1042 978
1042 1106
1042 1170
1042 1200
1042 1234
1043 400
1043 851
1043 915
1043 979
1043 1107
1043 1171
1043 1235
1044 331
1044 852
1044 916
1044 980
1044 1108
1044 1172
1044 1236
1045 419
1045 853
1045 875
1045 917
1045 981
1045 1109
1045 1173
1045 1178
1045 1237
1046 6
1046 265
1046 326
1046 393
1046 394
1046 398
1046 406
1046 454
1046 521
1046 582
1046 583
1046 590
1046 646
1046 711
1046 718
1046 758
1046 775
1046 777
1046 822
1046 842
1046 851
1046 854
1046 886
1046 910
1046 918
1046 975
1046 982
1046 1031
1046 1034
1046 1038
1046 1095
1046 1097
1046 1110
1046 1158
1046 1167
1046 1174
1046 1216
1046 1222
1046 1238
1047 81
1047 427
1047 540
1047 703
1047 855
1047 919
1047 983
1047 1019
1047 1111
1047 1175
1047 1239
1048 856
1048 920
1048 984
1048 1112
1048 1176
1048 1240
1049 105
1049 158
1049 370
1049 857
1049 921
1049 933
1049 985
1049 1113
1049 1177
1049 1241
1050 701
1050 858
1050 922
1050 986
1050 1114
1050 1178
1050 1242
1051 652
1051 859
1051 923
1051 987
1051 1115
1051 1179
1051 1243
1052 860
1052 924
1052 988
1052 1116
1052 1180
1052 1244
1053 30
1053 800
1053 861
1053 901
1053 925
1053 989
1053 1002
1053 1117
1053 1181
1053 1245
1054 752
1054 862
1054 926
1054 981
1054 990
1054 1118
1054 1182
1054 1246
1055 149
1055 574
1055 863
1055 927
1055 991
1055 1119
1055 1173
1055 1183
1055 1247
1056 493
1056 864
1056 928
1056 992
1056 1029
1056 1120
1056 1184
1056 1248
1057 770
1057 865
1057 907
1057 929
1057 993
1057 1121
1057 1185
1057 1249
1058 328
1058 503
1058 722
1058 866
1058 930
1058 994
1058 1122
1058 1186
1058 1250
1058 1277
1059 229
1059 587
1059 867
1059 931
1059 956
1059 995
1059 1123
1059 1187
1059 1251
1060 868
1060 932
1060 996
1060 1124
1060 1188
1060 1252
1061 418
1061 487
1061 634
1061 869
1061 933
1061 997
1061 1116
1061 1125
1061 1189
1061 1253
1062 870
1062 934
1062 998
1062 1126
1062 1190
1062 1254
1063 3
1063 31
1063 51
1063 240
1063 721
1063 871
1063 935
1063 937
1063 999
1063 1127
1063 1191
1063 1255
1064 872
1064 936
1064 1000
1064 1128
1064 1192
1064 1256
1065 210
1065 873
1065 937
1065 1001
1065 1129
1065 1193
1065 1257
1066 874
1066 938
1066 1002
1066 1130
1066 1194
1066 1258
1067 235
1067 600
1067 875
1067 939
1067 1003
1067 1113
1067 1131
1067 1195
1067 1259
1068 344
1068 876
1068 940
1068 1004
1068 1132
1068 1196
1068 1260
1069 877
1069 941
1069 1005
1069 1133
1069 1197
1069 1261
1070 834
1070 878
1070 942
1070 1006
1070 1134
1070 1198
1070 1262
1071 82
1071 171
1071 285
1071 803
1071 879
1071 943
1071 1007
1071 1135
1071 1199
1071 1263
1072 28
1072 297
1072 311
1072 866
1072 880
1072 944
1072 1008
1072 1136
1072 1200
1072 1264
1073 881
1073 945
1073 1009
1073 1137
1073 1201
1073 1265
1074 2
1074 882
1074 893
1074 946
1074 1010
1074 1138
1074 1202
1074 1266
1075 103
1075 589
1075 883
1075 947
1075 1011
1075 1139
1075 1203
1075 1267
1076 884
1076 948
1076 1012
1076 1140
1076 1204
1076 1268
1077 885
1077 949
1077 1013
1077 1141
1077 1205
1077 1269
1078 886
1078 950
1078 1014
1078 1142
1078 1206
1078 1270
1079 887
1079 951
1079 1015
1079 1143
1079 1174
1079 1207
1079 1271
1080 66
1080 739
1080 888
1080 952
1080 1016
1080 1144
1080 1208
1080 1272
1081 39
1081 136
1081 264
1081 473
1081 889
1081 953
1081 1017
1081 1085
1081 1145
1081 1209
1081 1251
1081 1273
1082 757
1082 890
1082 954
1082 1018
1082 1146
1082 1210
1082 1274
1083 33
1083 767
1083 891
1083 955
1083 1019
1083 1147
1083 1176
1083 1211
1083 1275
1084 178
1084 670
1084 892
1084 956
1084 1020
1084 1021
1084 1148
1084 1212
1084 1276
1085 39
1085 136
1085 264
1085 473
1085 893
1085 957
1085 1021
1085 1081
1085 1149
1085 1213
1085 1251
1085 1277
1086 63
1086 894
1086 958
1086 1022
1086 1150
1086 1214
1086 1278
1087 341
1087 895
1087 959
1087 1023
1087 1151
1087 1215
1087 1279
1088 896
1088 960
1088 1024
1088 1152
1088 1216
1089 897
1089 961
1089 1025
1089 1153
1089 1217
1090 109
1090 759
1090 898
1090 962
1090 1026
1090 1154
1090 1218
1091 448
1091 899
1091 963
1091 1027
1091 1155
1091 1219
1092 900
1092 964
1092 1028
1092 1099
1092 1124
1092 1156
1092 1220
1093 901
1093 965
1093 1029
1093 1120
1093 1157
1093 1221
1094 9
1094 70
1094 137
1094 198
1094 262
1094 329
1094 390
1094 457
1094 518
1094 585
1094 649
1094 710
1094 774
1094 838
1094 902
1094 966
1094 969
1094 1030
1094 1033
1094 1158
1094 1161
1094 1222
1094 1225
1095 6
1095 7
1095 71
1095 135
1095 326
1095 327
1095 393
1095 394
1095 398
1095 406
1095 454
1095 521
1095 582
1095 583
1095 590
1095 646
1095 647
1095 711
1095 713
1095 718
1095 758
1095 775
1095 777
1095 842
1095 846
1095 851
1095 854
1095 886
1095 903
1095 905
1095 910
1095 966
1095 967
1095 975
1095 1031
1095 1034
1095 1038
1095 1046
1095 1097
1095 1110
1095 1158
1095 1159
1095 1167
1095 1222
1095 1223
1096 480
1096 724
1096 904
1096 924
1096 968
1096 1015
1096 1032
1096 1160
1096 1172
1096 1224
1097 6
1097 7
1097 71
1097 326
1097 327
1097 393
1097 394
1097 398
1097 406
1097 454
1097 521
1097 582
1097 583
1097 590
1097 646
1097 647
1097 711
1097 713
1097 718
1097 758
1097 775
1097 777
1097 842
1097 846
1097 851
1097 854
1097 886
1097 903
1097 905
1097 910
1097 966
1097 969
1097 975
1097 1031
1097 1033
1097 1034
1097 1038
1097 1046
1097 1095
1097 1110
1097 1158
1097 1161
1097 1167
1097 1222
1097 1223
1097 1225
1098 144
1098 906
1098 970
1098 1034
1098 1162
1098 1226
1099 907
1099 971
1099 1035
1099 1092
1099 1124
1099 1163
1099 1227
1100 433
1100 453
1100 891
1100 908
1100 972
1100 1018
1100 1036
1100 1164
1100 1228
1101 151
1101 773
1101 909
1101 973
1101 1037
1101 1165
1101 1229
1102 265
1102 342
1102 394
1102 662
1102 790
1102 822
1102 910
1102 960
1102 974
1102 1014
1102 1030
1102 1038
1102 1158
1102 1166
1102 1216
1102 1230
1103 911
1103 975
1103 1039
1103 1167
1103 1231
1104 912
1104 976
1104 1040
1104 1168
1104 1232
1105 913
1105 977
1105 1041
1105 1169
1105 1233
1106 619
1106 914
1106 978
1106 1042
1106 1140
1106 1151
1106 1170
1106 1234
1107 915
1107 979
1107 1043
1107 1171
1107 1235
1108 916
1108 980
1108 1044
1108 1172
1108 1236
1108 1269
1109 914
1109 917
1109 981
1109 1008
1109 1045
1109 1173
1109 1237
1110 7
1110 71
1110 135
1110 326
1110 327
1110 391
1110 393
1110 398
1110 406
1110 454
1110 519
1110 521
1110 582
1110 583
1110 590
1110 646
1110 647
1110 711
1110 713
1110 718
1110 758
1110 775
1110 777
1110 841
1110 842
1110 846
1110 851
1110 854
1110 886
1110 903
1110 905
1110 910
1110 918
1110 966
1110 967
1110 975
1110 982
1110 1031
1110 1034
1110 1038
1110 1046
1110 1095
1110 1097
1110 1159
1110 1167
1110 1174
1110 1222
1110 1223
1110 1238
1111 234
1111 706
1111 919
1111 983
1111 1047
1111 1175
1111 1239
1112 315
1112 492
1112 920
1112 984
1112 1048
1112 1176
1112 1240
1113 235
1113 600
1113 921
1113 985
1113 1049
1113 1067
1113 1177
1113 1241
1114 43
1114 283
1114 299
1114 363
1114 432
1114 922
1114 936
1114 986
1114 1050
1114 1178
1114 1242
1115 332
1115 923
1115 987
1115 1051
1115 1179
1115 1243
1116 418
1116 487
1116 634
1116 924
1116 988
1116 1052
1116 1061
1116 1180
1116 1244
1117 409
1117 904
1117 925
1117 989
1117 1053
1117 1181
1117 1245
1118 926
1118 990
1118 1054
1118 1182
1118 1246
1119 927
1119 991
1119 1055
1119 1183
1119 1247
1120 928
1120 992
1120 1056
1120 1093
1120 1184
1120 1248
1121 46
1121 132
1121 226
1121 397
1121 929
1121 993
1121 1057
1121 1185
1121 1249
1122 167
1122 930
1122 968
1122 994
1122 1058
1122 1186
1122 1207
1122 1250
1123 931
1123 995
1123 1011
1123 1059
1123 1179
1123 1184
1123 1187
1123 1244
1123 1251
1124 932
1124 996
1124 1060
1124 1092
1124 1099
1124 1188
1124 1252
1125 604
1125 933
1125 997
1125 1061
1125 1144
1125 1189
1125 1253
1125 1272
1126 194
1126 293
1126 360
1126 934
1126 998
1126 1062
1126 1190
1126 1254
1127 65
1127 460
1127 858
1127 935
1127 999
1127 1063
1127 1154
1127 1191
1127 1255
1128 87
1128 437
1128 786
1128 805
1128 889
1128 936
1128 1000
1128 1064
1128 1192
1128 1256
1129 937
1129 1001
1129 1065
1129 1193
1129 1257
1130 32
1130 443
1130 695
1130 938
1130 978
1130 1002
1130 1066
1130 1194
1130 1258
1131 44
1131 114
1131 371
1131 525
1131 922
1131 939
1131 1003
1131 1067
1131 1195
1131 1259
1132 88
1132 940
1132 1004
1132 1068
1132 1149
1132 1196
1132 1260
1133 941
1133 989
1133 1005
1133 1069
1133 1197
1133 1261
1134 942
1134 970
1134 1006
1134 1070
1134 1198
1134 1262
1135 943
1135 1007
1135 1071
1135 1199
1135 1263
1136 200
1136 306
1136 632
1136 944
1136 1008
1136 1072
1136 1200
1136 1264
1137 218
1137 667
1137 890
1137 927
1137 945
1137 952
1137 1009
1137 1073
1137 1201
1137 1265
1138 946
1138 1010
1138 1074
1138 1202
1138 1266
1139 305
1139 947
1139 1011
1139 1075
1139 1203
1139 1267
1140 619
1140 948
1140 1012
1140 1076
1140 1106
1140 1151
1140 1204
1140 1268
1141 100
1141 949
1141 1013
1141 1077
1141 1205
1141 1269
1142 950
1142 1014
1142 1078
1142 1206
1142 1270
1143 75
1143 417
1143 523
1143 678
1143 951
1143 1015
1143 1079
1143 1153
1143 1207
1143 1271
1144 604
1144 952
1144 1016
1144 1080
1144 1125
1144 1208
1144 1272
1145 343
1145 765
1145 953
1145 958
1145 1017
1145 1081
1145 1209
1145 1273
1146 716
1146 888
1146 954
1146 1018
1146 1082
1146 1210
1146 1274
1147 955
1147 1019
1147 1083
1147 1211
1147 1275
1148 95
1148 956
1148 1020
1148 1084
1148 1212
1148 1276
1149 88
1149 957
1149 1004
1149 1021
1149 1085
1149 1132
1149 1213
1149 1277
1150 60
1150 509
1150 529
1150 561
1150 824
1150 958
1150 1022
1150 1086
1150 1183
1150 1214
1150 1278
1151 619
1151 959
1151 1023
1151 1087
1151 1106
1151 1140
1151 1215
1151 1279
1152 960
1152 1024
1152 1088
1152 1216
1153 75
1153 417
1153 523
1153 678
1153 961
1153 1025
1153 1089
1153 1143
1153 1217
1154 65
1154 460
1154 858
1154 962
1154 1026
1154 1090
1154 1127
1154 1218
1155 963
1155 1027
1155 1091
1155 1219
1155 1226
1156 324
1156 964
1156 1028
1156 1092
1156 1220
1157 965
1157 1029
1157 1093
1157 1221
1158 73
1158 265
1158 326
1158 342
1158 393
1158 394
1158 454
1158 521
1158 582
1158 646
1158 662
1158 718
1158 758
1158 775
1158 777
1158 790
1158 822
1158 886
1158 960
1158 966
1158 1014
1158 1030
1158 1034
1158 1046
1158 1094
1158 1095
1158 1097
1158 1102
1158 1167
1158 1216
1158 1222
1159 199
1159 263
1159 327
1159 391
1159 398
1159 406
1159 455
1159 519
1159 583
1159 590
1159 647
1159 711
1159 713
1159 839
1159 841
1159 842
1159 846
1159 851
1159 854
1159 903
1159 905
1159 910
1159 966
1159 967
1159 975
1159 1031
1159 1038
1159 1095
1159 1110
1159 1223
1160 321
1160 450
1160 485
1160 968
1160 1032
1160 1096
1160 1224
1161 9
1161 70
1161 137
1161 198
1161 262
1161 329
1161 390
1161 457
1161 518
1161 585
1161 649
1161 710
1161 774
1161 838
1161 902
1161 969
1161 1033
1161 1094
1161 1097
1161 1225
1162 278
1162 970
1162 1034
1162 1098
1162 1226
1163 286
1163 885
1163 971
1163 1035
1163 1099
1163 1165
1163 1227
1164 578
1164 972
1164 1036
1164 1100
1164 1228
1165 286
1165 885
1165 973
1165 1037
1165 1101
1165 1163
1165 1229
1166 974
1166 1038
1166 1102
1166 1230
1166 1238
1167 6
1167 73
1167 326
1167 342
1167 393
1167 394
1167 398
1167 406
1167 454
1167 521
1167 582
1167 590
1167 646
1167 662
1167 718
1167 758
1167 775
1167 777
1167 822
1167 851
1167 886
1167 975
1167 1031
1167 1034
1167 1039
1167 1046
1167 1095
1167 1097
1167 1103
1167 1110
1167 1158
1167 1216
1167 1222
1167 1231
1168 976
1168 1040
1168 1104
1168 1232
1169 258
1169 977
1169 1025
1169 1041
1169 1105
1169 1233
1170 282
1170 978
1170 1042
1170 1106
1170 1234
1171 979
1171 1043
1171 1107
1171 1235
1172 480
1172 724
1172 924
1172 980
1172 1015
1172 1044
1172 1096
1172 1108
1172 1236
1173 149
1173 574
1173 981
1173 1045
1173 1055
1173 1109
1173 1237
1174 982
1174 1046
1174 1079
1174 1110
1174 1238
1175 660
1175 874
1175 913
1175 983
1175 1047
1175 1111
1175 1239
1176 33
1176 767
1176 984
1176 1048
1176 1083
1176 1112
1176 1240
1177 429
1177 881
1177 985
1177 1049
1177 1113
1177 1241
1178 419
1178 875
1178 986
1178 1045
1178 1050
1178 1114
1178 1242
1179 987
1179 1011
1179 1051
1179 1115
1179 1123
1179 1184
1179 1243
1179 1244
1180 489
1180 988
1180 1052
1180 1116
1180 1244
1181 456
1181 596
1181 989
1181 1053
1181 1117
1181 1245
1182 808
1182 990
1182 1054
1182 1118
1182 1246
1183 60
1183 509
1183 529
1183 561
1183 824
1183 991
1183 1055
1183 1119
1183 1150
1183 1247
1184 992
1184 1011
1184 1056
1184 1120
1184 1123
1184 1179
1184 1244
1184 1248
1185 856
1185 993
1185 1057
1185 1121
1185 1249
1186 992
1186 994
1186 1058
1186 1122
1186 1250
1187 257
1187 323
1187 995
1187 997
1187 1059
1187 1123
1187 1208
1187 1251
1188 996
1188 1060
1188 1124
1188 1252
1189 532
1189 997
1189 1061
1189 1125
1189 1253
1190 68
1190 998
1190 1062
1190 1126
1190 1254
1191 237
1191 999
1191 1063
1191 1127
1191 1255
1192 187
1192 1000
1192 1064
1192 1128
1192 1256
1193 541
1193 709
1193 1001
1193 1065
1193 1129
1193 1257
1193 1267
1194 45
1194 249
1194 304
1194 1002
1194 1066
1194 1130
1194 1199
1194 1201
1194 1258
1195 410
1195 554
1195 793
1195 1003
1195 1067
1195 1131
1195 1259
1196 126
1196 917
1196 1004
1196 1068
1196 1132
1196 1260
1197 374
1197 1005
1197 1069
1197 1133
1197 1261
1198 1006
1198 1070
1198 1134
1198 1262
1199 45
1199 249
1199 304
1199 1007
1199 1071
1199 1135
1199 1194
1199 1201
1199 1263
1200 479
1200 1008
1200 1042
1200 1072
1200 1136
1200 1264
1201 45
1201 249
1201 304
1201 1009
1201 1073
1201 1137
1201 1194
1201 1199
1201 1265
1202 505
1202 569
1202 825
1202 1010
1202 1074
1202 1138
1202 1266
1203 661
1203 763
1203 1011
1203 1075
1203 1139
1203 1267
1204 380
1204 573
1204 1012
1204 1076
1204 1140
1204 1268
1205 434
1205 471
1205 677
1205 1013
1205 1077
1205 1141
1205 1269
1206 1014
1206 1078
1206 1142
1206 1270
1207 167
1207 968
1207 1015
1207 1079
1207 1122
1207 1143
1207 1271
1208 257
1208 323
1208 997
1208 1016
1208 1080
1208 1144
1208 1187
1208 1272
1209 225
1209 424
1209 481
1209 674
1209 1017
1209 1081
1209 1145
1209 1273
1210 1018
1210 1082
1210 1146
1210 1274
1211 42
1211 89
1211 1019
1211 1083
1211 1147
1211 1275
1212 882
1212 908
1212 1020
1212 1084
1212 1148
1212 1276
1213 549
1213 1021
1213 1085
1213 1149
1213 1277
1214 119
1214 325
1214 1022
1214 1086
1214 1150
1214 1278
1215 943
1215 1023
1215 1087
1215 1151
1215 1279
1216 54
1216 134
1216 201
1216 265
1216 342
1216 394
1216 454
1216 646
1216 662
1216 775
1216 790
1216 822
1216 960
1216 1014
1216 1024
1216 1030
1216 1046
1216 1088
1216 1102
1216 1152
1216 1158
1216 1167
1216 1222
1217 337
1217 1025
1217 1089
1217 1153
1218 13
1218 1026
1218 1090
1218 1154
1219 1027
1219 1091
1219 1155
1220 462
1220 1028
1220 1092
1220 1156
1221 1029
1221 1093
1221 1157
1221 1264
1222 73
1222 326
1222 393
1222 394
1222 398
1222 406
1222 454
1222 521
1222 582
1222 590
1222 646
1222 662
1222 718
1222 758
1222 775
1222 777
1222 822
1222 851
1222 886
1222 975
1222 1014
1222 1030
1222 1034
1222 1046
1222 1094
1222 1095
1222 1097
1222 1110
1222 1158
1222 1167
1222 1216
1223 327
1223 391
1223 393
1223 398
1223 406
1223 455
1223 519
1223 583
1223 590
1223 647
1223 711
1223 713
1223 839
1223 841
1223 842
1223 846
1223 851
1223 854
1223 903
1223 905
1223 910
1223 966
1223 967
1223 975
1223 1031
1223 1038
1223 1095
1223 1097
1223 1110
1223 1159
1224 977
1224 1032
1224 1096
1224 1160
1225 9
1225 70
1225 137
1225 198
1225 262
1225 329
1225 390
1225 457
1225 518
1225 585
1225 649
1225 710
1225 774
1225 838
1225 902
1225 969
1225 1033
1225 1094
1225 1097
1225 1161
1226 1034
1226 1098
1226 1155
1226 1162
1227 745
1227 985
1227 1035
1227 1099
1227 1163
1228 173
1228 712
1228 988
1228 1036
1228 1100
1228 1164
1229 385
1229 609
1229 797
1229 871
1229 1037
1229 1101
1229 1165
1230 950
1230 1038
1230 1102
1230 1166
1231 1039
1231 1103
1231 1167
1232 1040
1232 1104
1232 1168
1233 849
1233 1041
1233 1105
1233 1169
1234 204
1234 735
1234 1042
1234 1106
1234 1170
1235 1043
1235 1107
1235 1171
1236 411
1236 1044
1236 1108
1236 1172
1237 744
1237 1045
1237 1109
1237 1173
1238 1046
1238 1110
1238 1166
1238 1174
1239 1047
1239 1111
1239 1175
1240 538
1240 1048
1240 1112
1240 1176
1241 1049
1241 1113
1241 1177
1241 1268
1242 236
1242 1050
1242 1114
1242 1178
1243 195
1243 565
1243 568
1243 615
1243 1051
1243 1115
1243 1179
1243 1260
1244 1011
1244 1052
1244 1116
1244 1123
1244 1179
1244 1180
1244 1184
1245 1053
1245 1117
1245 1181
1246 524
1246 643
1246 930
1246 1054
1246 1118
1246 1182
1247 734
1247 1055
1247 1119
1247 1183
1248 1056
1248 1120
1248 1184
1249 945
1249 1009
1249 1057
1249 1121
1249 1185
1250 164
1250 1058
1250 1122
1250 1186
1251 39
1251 136
1251 264
1251 473
1251 1059
1251 1081
1251 1085
1251 1123
1251 1187
1252 246
1252 655
1252 1060
1252 1124
1252 1188
1253 1061
1253 1125
1253 1189
1254 94
1254 1035
1254 1062
1254 1126
1254 1190
1255 1063
1255 1127
1255 1191
1256 484
1256 873
1256 1028
1256 1064
1256 1128
1256 1192
1257 290
1257 357
1257 1065
1257 1129
1257 1193
1258 925
1258 1066
1258 1130
1258 1194
1259 241
1259 1067
1259 1131
1259 1195
1260 195
1260 565
1260 568
1260 615
1260 1068
1260 1132
1260 1196
1260 1243
1261 750
1261 1069
1261 1133
1261 1197
1262 798
1262 1070
1262 1134
1262 1198
1263 633
1263 1071
1263 1135
1263 1199
1264 1072
1264 1136
1264 1200
1264 1221
1265 469
1265 639
1265 688
1265 1020
1265 1073
1265 1137
1265 1201
1266 483
1266 626
1266 668
1266 929
1266 1074
1266 1138
1266 1202
1267 541
1267 709
1267 1075
1267 1139
1267 1193
1267 1203
1268 1076
1268 1140
1268 1204
1268 1241
1269 1077
1269 1108
1269 1141
1269 1205
1270 334
1270 1078
1270 1142
1270 1206
1271 1079
1271 1143
1271 1207
1272 604
1272 1080
1272 1125
1272 1144
1272 1208
1273 648
1273 872
1273 1081
1273 1145
1273 1209
1274 179
1274 1082
1274 1146
1274 1210
1275 230
1275 547
1275 1083
1275 1147
1275 1211
1276 101
1276 124
1276 160
1276 445
1276 1084
1276 1148
1276 1212
1277 328
1277 503
1277 722
1277 1058
1277 1085
1277 1149
1277 1213
1278 107
1278 1086
1278 1150
1278 1214
1279 318
1279 816
1279 1087
1279 1151
1279 1215
