0 10
0 14
0 15
0 16
0 19
0 30
0 64
0 73
0 118
0 128
0 137
0 138
0 143
0 147
0 182
0 192
0 199
0 201
0 206
0 263
0 334
0 374
0 390
0 454
0 455
0 519
0 521
0 583
0 774
0 775
0 841
0 842
0 846
0 854
0 969
0 1030
0 1038
0 1166
0 1206
0 1225
1 65
1 129
1 140
1 193
1 275
2 66
2 130
2 194
2 238
3 67
3 131
3 195
3 418
4 68
4 132
4 196
5 69
5 133
5 197
5 1256
6 70
6 134
6 198
6 262
6 326
6 393
6 457
6 518
6 585
6 646
6 710
6 777
6 838
6 905
6 966
6 1033
6 1097
6 1158
6 1222
7 9
7 10
7 14
7 71
7 135
7 137
7 143
7 199
7 201
7 206
7 263
7 327
7 390
7 391
7 647
7 711
7 775
7 839
7 903
7 967
8 72
8 136
8 200
8 1064
9 7
9 10
9 14
9 71
9 73
9 135
9 137
9 143
9 199
9 201
9 206
9 263
9 327
9 390
9 391
9 647
9 711
9 775
9 839
9 903
9 967
10 0
10 7
10 9
10 14
10 15
10 16
10 19
10 30
10 71
10 73
10 74
10 118
10 137
10 138
10 143
10 182
10 199
10 201
10 202
10 206
10 263
10 327
10 334
10 374
10 390
10 391
10 454
10 455
10 519
10 583
10 647
10 711
10 774
10 775
10 839
10 841
10 846
10 854
10 1031
10 1095
10 1159
10 1161
11 46
11 75
11 139
11 203
12 76
12 140
12 181
12 204
12 411
12 657
12 1163
13 77
13 141
13 205
14 0
14 7
14 9
14 10
14 19
14 71
14 78
14 135
14 137
14 138
14 142
14 143
14 182
14 199
14 201
14 206
14 263
14 327
14 334
14 390
14 391
14 455
14 519
14 583
14 647
14 711
14 775
14 839
14 846
14 854
14 903
14 967
14 1095
14 1161
15 0
15 10
15 16
15 19
15 30
15 73
15 79
15 118
15 128
15 138
15 143
15 147
15 182
15 201
15 206
15 207
15 265
15 330
15 334
15 374
15 390
15 454
15 455
15 519
15 521
15 583
15 713
15 774
15 841
15 842
15 846
15 854
15 902
15 969
15 1030
15 1038
15 1094
15 1166
15 1206
15 1223
15 1225
16 0
16 10
16 15
16 19
16 30
16 73
16 80
16 118
16 128
16 137
16 138
16 143
16 144
16 147
16 182
16 199
16 201
16 206
16 208
16 263
16 265
16 334
16 374
16 390
16 454
16 455
16 519
16 521
16 583
16 774
16 841
16 842
16 846
16 854
16 902
16 969
16 1030
16 1038
16 1166
16 1206
16 1225
17 81
17 145
17 209
17 814
18 82
18 146
18 210
18 724
18 1077
18 1236
19 0
19 10
19 14
19 15
19 16
19 30
19 73
19 83
19 118
19 128
19 137
19 138
19 143
19 147
19 182
19 199
19 201
19 206
19 211
19 263
19 334
19 374
19 390
19 391
19 454
19 455
19 519
19 521
19 583
19 774
19 775
19 839
19 841
19 846
19 854
19 969
19 1030
19 1031
19 1038
19 1166
19 1206
20 84
20 148
20 212
21 85
21 149
21 213
21 472
21 756
21 1127
22 86
22 150
22 214
23 86
23 87
23 151
23 215
23 256
24 88
24 152
24 216
24 409
24 1100
25 26
25 89
25 153
25 217
26 25
26 90
26 154
26 218
27 91
27 155
27 219
27 678
27 995
28 92
28 156
28 220
28 998
29 93
29 157
29 221
30 0
30 10
30 15
30 16
30 19
30 73
30 94
30 118
30 128
30 138
30 143
30 147
30 158
30 182
30 201
30 206
30 222
30 265
30 330
30 334
30 374
30 390
30 454
30 455
30 519
30 521
30 583
30 713
30 774
30 841
30 842
30 846
30 854
30 902
30 969
30 1030
30 1038
30 1094
30 1166
30 1206
30 1223
30 1225
31 95
31 159
31 223
31 545
31 1090
32 96
32 160
32 224
32 317
32 638
33 97
33 161
33 225
33 482
33 861
34 98
34 162
34 226
35 99
35 163
35 227
35 1081
36 100
36 164
36 228
37 101
37 165
37 229
37 404
37 558
37 727
37 968
38 102
38 166
38 230
39 103
39 167
39 231
40 104
40 168
40 232
41 105
41 169
41 233
42 106
42 170
42 228
42 234
42 928
42 1172
43 107
43 171
43 195
43 235
44 45
44 108
44 172
44 236
44 361
44 366
44 1164
45 44
45 109
45 173
45 237
45 361
45 366
45 1164
46 11
46 110
46 174
46 238
47 111
47 175
47 239
47 769
47 898
47 933
48 112
48 176
48 240
48 446
48 997
49 113
49 177
49 241
50 114
50 178
50 242
51 115
51 179
51 243
51 1005
52 116
52 180
52 244
52 975
52 1155
53 117
53 181
53 245
53 266
54 118
54 182
54 246
55 119
55 183
55 247
56 66
56 120
56 184
56 248
56 531
56 743
56 1190
57 121
57 185
57 249
57 426
57 965
57 1266
58 122
58 169
58 186
58 250
58 1188
59 123
59 187
59 251
59 642
59 741
59 808
60 124
60 188
60 252
60 307
60 485
60 947
61 125
61 189
61 253
61 1032
62 69
62 126
62 190
62 254
62 980
63 121
63 127
63 191
63 255
63 284
63 689
64 0
64 128
64 192
64 256
64 586
65 1
65 129
65 193
65 257
66 2
66 56
66 130
66 194
66 258
66 531
66 743
66 1190
67 3
67 131
67 195
67 259
68 4
68 132
68 196
68 260
69 5
69 62
69 133
69 197
69 261
69 980
70 6
70 134
70 198
70 262
70 326
70 393
70 457
70 518
70 585
70 646
70 710
70 777
70 838
70 905
70 966
70 1033
70 1097
70 1158
70 1222
71 7
71 9
71 10
71 14
71 135
71 137
71 143
71 199
71 201
71 206
71 263
71 327
71 390
71 391
71 647
71 711
71 775
71 839
71 903
71 967
72 8
72 136
72 200
72 264
72 681
72 993
73 0
73 9
73 10
73 15
73 16
73 19
73 30
73 118
73 128
73 137
73 138
73 143
73 147
73 182
73 199
73 201
73 206
73 265
73 330
73 334
73 374
73 390
73 454
73 455
73 519
73 521
73 583
73 774
73 841
73 842
73 846
73 854
73 902
73 969
73 1030
73 1038
73 1166
73 1206
73 1223
73 1225
74 10
74 138
74 202
74 266
75 11
75 139
75 203
75 267
75 640
75 720
76 12
76 140
76 204
76 268
76 514
76 1187
77 13
77 141
77 205
77 269
78 14
78 142
78 206
78 270
79 15
79 143
79 207
79 271
80 16
80 144
80 208
80 272
80 566
81 17
81 145
81 209
81 273
82 18
82 146
82 210
82 274
82 877
83 19
83 147
83 211
83 275
83 598
84 20
84 148
84 212
84 276
85 21
85 149
85 213
85 277
85 1150
85 1277
86 22
86 23
86 150
86 214
86 256
86 278
87 23
87 151
87 215
87 279
87 476
87 745
87 759
88 24
88 152
88 216
88 280
88 618
88 820
88 943
88 1073
89 25
89 153
89 217
89 281
89 413
89 666
89 1115
90 26
90 154
90 155
90 218
90 282
90 609
91 27
91 155
91 219
91 283
91 322
91 1025
92 28
92 156
92 220
92 274
92 284
93 29
93 157
93 221
93 285
93 459
93 1089
94 30
94 158
94 222
94 286
95 31
95 159
95 223
95 287
95 855
96 32
96 160
96 224
96 264
96 288
96 565
97 33
97 161
97 225
97 289
97 994
98 34
98 162
98 226
98 290
98 715
99 35
99 163
99 227
99 291
99 1233
100 36
100 164
100 228
100 292
101 37
101 165
101 229
101 293
102 38
102 166
102 230
102 232
102 294
102 501
102 1184
103 39
103 167
103 231
103 295
104 40
104 168
104 232
104 296
105 41
105 169
105 233
105 297
105 349
106 42
106 170
106 234
106 298
106 899
107 43
107 167
107 171
107 235
107 283
107 299
107 807
108 44
108 172
108 236
108 243
108 300
108 475
108 634
108 691
108 830
108 959
108 1204
108 1247
109 45
109 173
109 237
109 301
110 46
110 174
110 238
110 302
110 900
110 1028
111 47
111 175
111 239
111 303
111 652
111 1183
112 48
112 176
112 240
112 304
113 49
113 177
113 241
113 305
113 419
113 574
114 50
114 178
114 242
114 306
114 1185
115 51
115 179
115 243
115 307
115 492
115 562
115 819
115 973
116 52
116 180
116 244
116 308
117 53
117 181
117 245
117 309
118 0
118 10
118 15
118 16
118 19
118 30
118 54
118 73
118 128
118 137
118 138
118 143
118 147
118 182
118 199
118 201
118 206
118 246
118 263
118 265
118 310
118 334
118 374
118 390
118 454
118 455
118 519
118 521
118 583
118 774
118 841
118 842
118 846
118 854
118 902
118 969
118 1030
118 1038
118 1166
118 1206
118 1225
119 55
119 183
119 213
119 216
119 247
119 311
119 328
119 439
119 483
119 680
119 748
120 56
120 184
120 217
120 248
120 287
120 312
120 363
120 511
121 57
121 63
121 185
121 249
121 284
121 313
121 689
122 58
122 186
122 250
122 314
122 515
122 651
123 59
123 187
123 251
123 315
123 628
123 1045
123 1135
123 1269
124 60
124 188
124 252
124 316
124 989
124 1157
125 61
125 189
125 253
125 317
126 62
126 190
126 254
126 318
126 796
126 1239
127 63
127 191
127 255
127 280
127 319
127 627
128 0
128 15
128 16
128 19
128 30
128 64
128 73
128 118
128 138
128 147
128 182
128 192
128 256
128 265
128 320
128 330
128 334
128 374
128 454
128 455
128 502
128 519
128 521
128 582
128 583
128 649
128 713
128 774
128 790
128 841
128 842
128 846
128 854
128 902
128 969
128 1094
128 1223
128 1225
129 1
129 65
129 193
129 257
129 321
129 461
130 2
130 66
130 194
130 258
130 292
130 322
131 3
131 67
131 153
131 184
131 195
131 259
131 323
131 599
131 1221
132 4
132 68
132 196
132 260
132 324
133 5
133 69
133 197
133 261
133 325
133 779
134 6
134 70
134 198
134 262
134 326
134 393
134 457
134 518
134 585
134 646
134 710
134 777
134 838
134 905
134 966
134 1033
134 1097
134 1158
134 1222
135 7
135 9
135 14
135 71
135 137
135 199
135 206
135 263
135 327
135 391
135 647
135 711
135 775
135 839
135 903
135 967
136 8
136 72
136 200
136 257
136 264
136 328
136 934
137 0
137 7
137 9
137 10
137 14
137 16
137 19
137 71
137 73
137 118
137 135
137 138
137 143
137 182
137 199
137 201
137 206
137 263
137 265
137 327
137 329
137 334
137 390
137 391
137 455
137 519
137 583
137 647
137 711
137 775
137 839
137 841
137 846
137 854
137 903
137 967
137 969
137 1031
137 1095
137 1159
137 1161
138 0
138 10
138 14
138 15
138 16
138 19
138 30
138 73
138 74
138 118
138 128
138 137
138 143
138 182
138 199
138 201
138 202
138 206
138 263
138 266
138 330
138 334
138 374
138 390
138 454
138 455
138 519
138 521
138 583
138 774
138 775
138 839
138 841
138 846
138 854
138 902
138 967
138 969
138 1030
138 1031
138 1038
138 1166
138 1206
139 11
139 75
139 203
139 267
139 331
139 1232
140 1
140 12
140 76
140 204
140 268
140 275
140 332
141 13
141 77
141 205
141 269
141 289
141 333
141 477
142 14
142 78
142 206
142 270
142 334
143 0
143 7
143 9
143 10
143 14
143 15
143 16
143 19
143 30
143 71
143 73
143 79
143 118
143 137
143 138
143 182
143 199
143 201
143 206
143 207
143 263
143 271
143 327
143 334
143 335
143 374
143 390
143 391
143 454
143 455
143 519
143 583
143 647
143 711
143 774
143 775
143 839
143 841
143 846
143 854
143 902
143 903
143 967
143 969
143 1031
143 1095
143 1159
143 1161
144 16
144 80
144 208
144 272
144 336
145 17
145 81
145 183
145 209
145 273
145 337
146 18
146 82
146 210
146 274
146 338
146 513
146 908
147 0
147 15
147 16
147 19
147 30
147 73
147 83
147 118
147 128
147 211
147 265
147 275
147 330
147 339
147 374
147 454
147 455
147 502
147 521
147 582
147 649
147 713
147 774
147 790
147 841
147 842
147 902
147 969
147 1094
148 20
148 84
148 212
148 276
148 340
149 21
149 85
149 213
149 277
149 341
149 667
149 922
150 22
150 86
150 214
150 278
150 342
151 23
151 87
151 215
151 279
151 343
152 24
152 88
152 216
152 280
152 344
152 352
152 432
152 858
152 1002
152 1241
153 25
153 89
153 131
153 184
153 217
153 281
153 345
153 599
153 1221
154 26
154 90
154 218
154 282
154 346
154 693
154 897
154 991
154 1069
155 27
155 90
155 91
155 219
155 283
155 347
155 609
156 28
156 92
156 220
156 284
156 348
156 677
156 1035
157 29
157 93
157 221
157 285
157 340
157 349
157 449
157 686
157 1051
158 30
158 94
158 222
158 286
158 350
159 31
159 95
159 223
159 287
159 351
159 433
159 498
159 702
159 992
160 32
160 96
160 224
160 288
160 352
161 33
161 97
161 225
161 289
161 353
162 34
162 98
162 226
162 290
162 354
163 35
163 99
163 227
163 291
163 355
164 36
164 100
164 228
164 292
164 356
164 365
165 37
165 101
165 229
165 293
165 357
165 1244
166 38
166 102
166 230
166 270
166 294
166 358
167 39
167 103
167 107
167 231
167 283
167 295
167 359
167 807
168 40
168 104
168 232
168 296
168 360
168 742
168 1134
169 41
169 58
169 105
169 233
169 297
169 361
169 1188
170 42
170 106
170 224
170 234
170 298
170 362
170 428
170 551
170 1037
171 43
171 107
171 235
171 299
171 363
171 867
172 44
172 108
172 236
172 300
172 306
172 364
172 500
172 1147
173 45
173 109
173 237
173 301
173 365
174 46
174 110
174 238
174 302
174 366
174 1043
175 47
175 111
175 239
175 303
175 367
176 48
176 112
176 235
176 240
176 304
176 368
176 496
176 892
177 49
177 113
177 241
177 293
177 305
177 369
177 837
178 50
178 114
178 242
178 306
178 370
179 51
179 115
179 243
179 307
179 371
179 490
179 537
180 52
180 116
180 244
180 308
180 372
180 916
180 1000
180 1060
181 12
181 53
181 117
181 245
181 309
181 373
181 411
181 657
181 1163
182 0
182 10
182 14
182 15
182 16
182 19
182 30
182 54
182 73
182 118
182 128
182 137
182 138
182 143
182 199
182 201
182 206
182 246
182 263
182 310
182 327
182 334
182 374
182 390
182 391
182 454
182 455
182 519
182 583
182 774
182 775
182 839
182 841
182 846
182 854
182 902
182 967
182 969
182 1031
182 1038
183 55
183 119
183 145
183 247
183 311
183 375
184 56
184 120
184 131
184 153
184 248
184 312
184 376
184 599
184 1221
185 57
185 121
185 249
185 313
185 377
186 58
186 122
186 250
186 314
186 378
186 802
186 1093
187 59
187 123
187 225
187 251
187 315
187 379
187 826
187 1129
187 1217
188 60
188 124
188 252
188 316
188 380
188 671
189 61
189 125
189 253
189 317
189 381
189 561
189 923
189 1267
190 62
190 126
190 254
190 318
190 382
190 567
190 773
191 63
191 127
191 255
191 319
191 383
192 0
192 64
192 128
192 256
192 320
192 384
193 1
193 65
193 129
193 257
193 321
193 385
193 473
193 589
193 641
194 2
194 66
194 130
194 204
194 258
194 322
194 325
194 386
194 1001
194 1262
195 3
195 43
195 67
195 131
195 259
195 323
195 387
196 4
196 68
196 132
196 260
196 324
196 388
196 904
196 1044
197 5
197 69
197 133
197 261
197 325
197 389
197 1200
198 6
198 70
198 134
198 262
198 326
198 390
198 393
198 457
198 518
198 585
198 646
198 710
198 777
198 838
198 905
198 966
198 1033
198 1097
198 1158
198 1222
199 0
199 7
199 9
199 10
199 14
199 16
199 19
199 71
199 73
199 118
199 135
199 137
199 138
199 143
199 182
199 201
199 206
199 263
199 327
199 334
199 390
199 391
199 455
199 519
199 583
199 647
199 711
199 775
199 839
199 841
199 846
199 854
199 903
199 967
199 1031
199 1038
199 1095
199 1159
199 1161
200 8
200 72
200 136
200 226
200 264
200 328
200 392
200 705
200 771
201 0
201 7
201 9
201 10
201 14
201 15
201 16
201 19
201 30
201 71
201 73
201 118
201 137
201 138
201 143
201 182
201 199
201 206
201 263
201 265
201 327
201 329
201 334
201 374
201 390
201 391
201 393
201 454
201 455
201 519
201 583
201 647
201 711
201 774
201 775
201 839
201 841
201 846
201 854
201 902
201 903
201 967
201 969
201 1030
201 1031
201 1038
201 1095
201 1159
201 1161
202 10
202 74
202 138
202 266
202 330
202 394
203 11
203 75
203 139
203 267
203 331
203 395
204 12
204 76
204 140
204 194
204 268
204 325
204 332
204 396
204 1001
204 1262
205 13
205 77
205 141
205 258
205 269
205 333
205 397
205 1167
206 0
206 7
206 9
206 10
206 14
206 15
206 16
206 19
206 30
206 71
206 73
206 78
206 118
206 135
206 137
206 138
206 142
206 143
206 182
206 199
206 201
206 263
206 270
206 327
206 334
206 390
206 391
206 398
206 454
206 455
206 519
206 583
206 647
206 711
206 775
206 839
206 841
206 846
206 854
206 903
206 967
206 969
206 1030
206 1031
206 1038
206 1095
206 1159
206 1161
207 15
207 79
207 143
207 271
207 335
207 399
208 16
208 80
208 144
208 272
208 336
208 400
209 17
209 81
209 145
209 273
209 337
209 401
209 1208
210 18
210 82
210 146
210 274
210 338
210 402
211 19
211 83
211 147
211 275
211 339
211 403
212 20
212 84
212 148
212 276
212 340
212 404
213 21
213 85
213 119
213 149
213 216
213 277
213 328
213 341
213 405
213 439
213 483
213 680
213 748
214 22
214 86
214 150
214 278
214 342
214 406
215 23
215 87
215 151
215 279
215 343
215 373
215 407
215 930
216 24
216 88
216 119
216 152
216 213
216 280
216 328
216 344
216 408
216 439
216 483
216 680
216 748
217 25
217 89
217 120
217 153
217 281
217 287
217 345
217 363
217 409
217 511
218 26
218 90
218 154
218 282
218 346
218 410
218 767
219 27
219 91
219 155
219 283
219 347
219 411
220 28
220 92
220 156
220 284
220 348
220 412
220 859
221 29
221 93
221 157
221 285
221 349
221 380
221 413
221 509
221 546
222 30
222 94
222 158
222 286
222 350
222 414
223 31
223 95
223 159
223 287
223 351
223 415
224 32
224 96
224 160
224 170
224 288
224 352
224 416
224 428
224 551
224 1037
225 33
225 97
225 161
225 187
225 289
225 353
225 417
225 826
225 1129
225 1217
226 34
226 98
226 162
226 200
226 290
226 354
226 418
226 705
226 771
227 35
227 99
227 163
227 291
227 303
227 355
227 419
227 924
228 36
228 42
228 100
228 164
228 292
228 356
228 420
228 928
228 1172
229 37
229 101
229 165
229 245
229 293
229 357
229 421
229 866
229 935
229 1082
230 38
230 102
230 166
230 294
230 358
230 422
231 39
231 103
231 167
231 295
231 359
231 421
231 423
231 706
232 40
232 102
232 104
232 168
232 296
232 360
232 424
232 501
232 1184
233 41
233 105
233 169
233 297
233 361
233 425
233 1193
234 42
234 106
234 170
234 298
234 308
234 362
234 426
234 443
234 956
234 1086
234 1275
235 43
235 107
235 171
235 176
235 299
235 363
235 427
235 496
235 892
236 44
236 108
236 172
236 300
236 364
236 428
236 600
237 45
237 109
237 173
237 301
237 365
237 429
237 448
237 915
238 2
238 46
238 110
238 174
238 302
238 366
238 430
239 47
239 111
239 175
239 303
239 367
239 431
240 48
240 112
240 176
240 304
240 368
240 432
240 564
240 883
240 884
241 49
241 113
241 177
241 305
241 369
241 433
242 50
242 114
242 178
242 306
242 343
242 364
242 370
242 434
242 682
242 1154
243 51
243 108
243 115
243 179
243 307
243 371
243 435
243 475
243 634
243 691
243 830
243 959
243 1204
243 1247
244 52
244 116
244 180
244 308
244 372
244 436
245 53
245 117
245 181
245 229
245 309
245 373
245 437
245 866
245 935
245 1082
246 54
246 118
246 182
246 310
246 374
246 438
246 847
247 55
247 119
247 183
247 305
247 311
247 375
247 439
247 887
247 944
247 946
247 1055
247 1083
248 56
248 120
248 184
248 312
248 333
248 376
248 440
249 57
249 121
249 185
249 313
249 377
249 441
250 58
250 122
250 186
250 314
250 378
250 442
250 833
250 1057
250 1245
251 59
251 123
251 187
251 315
251 379
251 443
252 60
252 124
252 188
252 281
252 316
252 380
252 444
252 607
252 735
252 1041
252 1263
253 61
253 125
253 189
253 317
253 381
253 445
253 728
253 732
254 62
254 126
254 190
254 318
254 382
254 446
255 63
255 127
255 191
255 319
255 383
255 447
255 1279
256 23
256 64
256 86
256 128
256 192
256 320
256 384
256 448
257 65
257 129
257 136
257 193
257 321
257 385
257 449
257 934
258 66
258 130
258 194
258 205
258 322
258 386
258 450
258 1167
259 67
259 131
259 195
259 323
259 387
259 451
259 685
260 68
260 132
260 196
260 324
260 358
260 388
260 452
260 467
260 750
260 1027
261 69
261 133
261 197
261 325
261 371
261 389
261 402
261 453
262 6
262 70
262 134
262 198
262 326
262 390
262 393
262 454
262 457
262 518
262 585
262 646
262 710
262 777
262 838
262 905
262 966
262 1033
262 1097
262 1158
262 1222
263 0
263 7
263 9
263 10
263 14
263 16
263 19
263 71
263 118
263 135
263 137
263 138
263 143
263 182
263 199
263 201
263 206
263 327
263 334
263 390
263 391
263 455
263 519
263 583
263 647
263 711
263 775
263 839
263 841
263 846
263 854
263 903
263 967
263 1031
263 1038
263 1095
263 1159
263 1161
264 72
264 96
264 136
264 200
264 328
264 392
264 456
264 565
265 15
265 16
265 30
265 73
265 118
265 128
265 137
265 147
265 201
265 329
265 330
265 374
265 393
265 454
265 457
265 502
265 521
265 582
265 649
265 713
265 774
265 790
265 841
265 842
265 902
265 969
265 1030
265 1038
265 1094
265 1110
265 1270
266 53
266 74
266 138
266 202
266 330
266 394
266 458
267 75
267 139
267 203
267 331
267 395
267 459
268 76
268 140
268 204
268 332
268 396
268 460
269 77
269 141
269 205
269 333
269 397
269 414
269 461
270 78
270 142
270 166
270 206
270 334
270 398
270 462
271 79
271 143
271 207
271 335
271 399
271 463
272 80
272 144
272 208
272 336
272 400
272 464
273 81
273 145
273 209
273 337
273 401
273 465
274 82
274 92
274 146
274 210
274 338
274 402
274 466
275 1
275 83
275 140
275 147
275 211
275 339
275 403
275 467
276 84
276 148
276 212
276 340
276 404
276 468
276 1026
277 85
277 149
277 213
277 341
277 405
277 427
277 469
277 538
277 913
278 86
278 150
278 214
278 342
278 406
278 470
279 87
279 151
279 215
279 343
279 407
279 471
280 88
280 127
280 152
280 216
280 344
280 408
280 472
280 627
281 89
281 153
281 217
281 252
281 345
281 409
281 473
281 607
281 735
281 1041
281 1263
282 90
282 154
282 218
282 346
282 410
282 474
282 560
282 829
282 876
283 91
283 107
283 155
283 167
283 219
283 347
283 411
283 475
283 807
284 63
284 92
284 121
284 156
284 220
284 348
284 412
284 476
284 689
285 93
285 157
285 221
285 349
285 413
285 477
285 621
285 1160
286 94
286 158
286 222
286 350
286 414
286 478
287 95
287 120
287 159
287 217
287 223
287 351
287 363
287 415
287 479
287 511
288 96
288 160
288 224
288 352
288 416
288 480
288 1271
289 97
289 141
289 161
289 225
289 353
289 417
289 477
289 481
290 98
290 162
290 226
290 354
290 418
290 482
290 504
290 577
290 1133
291 99
291 163
291 227
291 355
291 419
291 483
292 100
292 130
292 164
292 228
292 356
292 420
292 484
293 101
293 165
293 177
293 229
293 357
293 421
293 485
293 837
294 102
294 166
294 230
294 358
294 422
294 486
294 879
294 1062
295 103
295 167
295 231
295 312
295 359
295 423
295 487
295 690
295 800
296 104
296 168
296 232
296 360
296 424
296 480
296 488
296 891
296 1143
297 105
297 169
297 233
297 361
297 425
297 442
297 489
297 721
297 797
297 954
298 106
298 170
298 234
298 362
298 426
298 490
298 931
298 1074
298 1116
299 107
299 171
299 235
299 363
299 427
299 491
300 108
300 172
300 236
300 364
300 428
300 492
300 570
300 1255
301 109
301 173
301 237
301 365
301 429
301 493
302 110
302 174
302 238
302 366
302 430
302 494
302 937
303 111
303 175
303 227
303 239
303 367
303 431
303 495
303 924
304 112
304 176
304 240
304 368
304 381
304 432
304 496
304 569
304 815
305 113
305 177
305 241
305 247
305 369
305 433
305 497
305 887
305 944
305 946
305 1055
305 1083
306 114
306 172
306 178
306 242
306 370
306 434
306 498
306 500
306 1147
307 60
307 115
307 179
307 243
307 371
307 435
307 485
307 499
307 947
308 116
308 180
308 234
308 244
308 372
308 436
308 443
308 500
308 956
308 1086
308 1275
309 117
309 181
309 245
309 373
309 437
309 501
309 1198
310 118
310 182
310 246
310 374
310 399
310 438
310 502
311 119
311 183
311 247
311 375
311 439
311 503
311 817
311 985
312 120
312 184
312 248
312 295
312 376
312 440
312 504
312 690
312 800
313 121
313 185
313 249
313 377
313 441
313 505
313 889
314 122
314 186
314 250
314 378
314 442
314 506
314 862
314 1107
315 123
315 187
315 251
315 379
315 443
315 507
315 958
316 124
316 188
316 252
316 380
316 382
316 444
316 508
317 32
317 125
317 189
317 253
317 381
317 445
317 509
317 638
318 126
318 190
318 254
318 382
318 446
318 510
318 722
318 1195
319 127
319 191
319 255
319 383
319 447
319 511
319 664
319 1237
320 128
320 192
320 256
320 384
320 448
320 512
320 910
321 129
321 193
321 257
321 385
321 423
321 449
321 513
322 91
322 130
322 194
322 258
322 386
322 450
322 514
322 1025
323 131
323 195
323 259
323 387
323 451
323 515
323 554
323 1105
324 132
324 196
324 260
324 388
324 452
324 516
324 1197
325 133
325 194
325 197
325 204
325 261
325 389
325 453
325 517
325 1001
325 1262
326 6
326 70
326 134
326 198
326 262
326 390
326 393
326 454
326 457
326 518
326 585
326 646
326 710
326 777
326 838
326 905
326 966
326 1033
326 1097
326 1158
326 1222
327 7
327 9
327 10
327 14
327 71
327 135
327 137
327 143
327 182
327 199
327 201
327 206
327 263
327 334
327 390
327 391
327 455
327 519
327 583
327 647
327 711
327 775
327 839
327 903
327 967
327 1031
327 1095
327 1159
327 1161
328 119
328 136
328 200
328 213
328 216
328 264
328 392
328 439
328 456
328 483
328 520
328 680
328 748
329 137
329 201
329 265
329 330
329 393
329 457
329 502
329 521
329 582
329 649
329 713
329 790
329 1110
329 1238
330 15
330 30
330 73
330 128
330 138
330 147
330 202
330 265
330 266
330 329
330 374
330 394
330 454
330 458
330 502
330 521
330 522
330 582
330 649
330 713
330 774
330 790
330 842
330 902
330 969
330 1030
330 1094
330 1110
330 1166
330 1206
330 1270
331 139
331 203
331 267
331 395
331 459
331 523
332 140
332 204
332 268
332 396
332 460
332 524
333 141
333 205
333 248
333 269
333 397
333 461
333 525
334 0
334 10
334 14
334 15
334 16
334 19
334 30
334 73
334 118
334 128
334 137
334 138
334 142
334 143
334 182
334 199
334 201
334 206
334 263
334 270
334 327
334 374
334 390
334 391
334 398
334 454
334 455
334 462
334 519
334 526
334 583
334 647
334 711
334 774
334 775
334 839
334 841
334 846
334 854
334 902
334 903
334 967
334 969
334 1030
334 1031
334 1038
334 1094
334 1095
334 1159
334 1161
334 1166
334 1206
335 143
335 207
335 271
335 399
335 400
335 463
335 527
336 144
336 208
336 272
336 400
336 464
336 528
336 708
337 145
337 209
337 273
337 401
337 465
337 529
337 953
337 1017
337 1273
338 146
338 210
338 274
338 402
338 466
338 530
338 753
339 147
339 211
339 275
339 403
339 467
339 531
340 148
340 157
340 212
340 276
340 404
340 449
340 468
340 532
340 686
340 1051
341 149
341 213
341 277
341 405
341 469
341 533
341 1049
342 150
342 214
342 278
342 406
342 470
342 534
343 151
343 215
343 242
343 279
343 364
343 407
343 471
343 535
343 682
343 1154
344 152
344 216
344 280
344 408
344 472
344 536
344 810
345 153
345 217
345 281
345 409
345 473
345 537
346 154
346 218
346 282
346 348
346 410
346 474
346 538
347 155
347 219
347 283
347 411
347 475
347 539
348 156
348 220
348 284
348 346
348 412
348 476
348 540
349 105
349 157
349 221
349 285
349 413
349 477
349 541
350 158
350 222
350 286
350 414
350 478
350 542
351 159
351 223
351 287
351 415
351 479
351 543
352 152
352 160
352 224
352 288
352 416
352 432
352 480
352 544
352 858
352 1002
352 1241
353 161
353 225
353 289
353 417
353 481
353 545
353 762
354 162
354 226
354 290
354 418
354 482
354 546
354 643
354 1013
354 1016
354 1063
355 163
355 227
355 291
355 419
355 483
355 547
356 164
356 228
356 292
356 420
356 484
356 548
357 165
357 229
357 293
357 421
357 485
357 549
358 166
358 230
358 260
358 294
358 422
358 467
358 486
358 550
358 750
358 1027
359 167
359 231
359 295
359 423
359 487
359 551
359 1096
360 168
360 232
360 296
360 424
360 488
360 552
360 794
360 1145
360 1176
360 1201
361 44
361 45
361 169
361 233
361 297
361 366
361 425
361 489
361 553
361 1164
362 170
362 234
362 298
362 426
362 490
362 554
362 613
362 1050
363 120
363 171
363 217
363 235
363 287
363 299
363 427
363 491
363 511
363 555
364 172
364 236
364 242
364 300
364 343
364 428
364 492
364 556
364 682
364 1154
365 164
365 173
365 237
365 301
365 429
365 493
365 557
366 44
366 45
366 174
366 238
366 302
366 361
366 430
366 494
366 558
366 1164
367 175
367 239
367 303
367 431
367 495
367 525
367 559
367 568
367 856
367 1007
368 176
368 240
368 304
368 377
368 432
368 496
368 544
368 560
368 761
368 895
368 978
369 177
369 241
369 305
369 433
369 497
369 561
369 1109
369 1211
370 178
370 242
370 306
370 434
370 481
370 498
370 562
370 1215
371 179
371 243
371 261
371 307
371 402
371 435
371 499
371 563
372 180
372 244
372 308
372 436
372 500
372 564
373 181
373 215
373 245
373 309
373 437
373 501
373 565
373 930
374 0
374 10
374 15
374 16
374 19
374 30
374 73
374 118
374 128
374 138
374 143
374 147
374 182
374 201
374 246
374 265
374 310
374 330
374 334
374 390
374 438
374 454
374 455
374 502
374 519
374 521
374 566
374 583
374 713
374 774
374 841
374 842
374 846
374 854
374 902
374 969
374 1030
374 1031
374 1038
374 1094
374 1159
374 1166
374 1206
374 1223
374 1225
375 183
375 247
375 311
375 378
375 439
375 503
375 567
375 983
376 184
376 248
376 312
376 440
376 504
376 568
376 1192
377 185
377 249
377 313
377 368
377 441
377 505
377 544
377 569
377 761
377 895
377 978
378 186
378 250
378 314
378 375
378 442
378 506
378 570
378 983
379 187
379 251
379 315
379 383
379 443
379 507
379 571
380 188
380 221
380 252
380 316
380 444
380 508
380 509
380 546
380 572
381 189
381 253
381 304
381 317
381 445
381 509
381 569
381 573
381 815
382 190
382 254
382 316
382 318
382 446
382 510
382 574
383 191
383 255
383 319
383 379
383 447
383 507
383 511
383 575
384 192
384 256
384 320
384 448
384 512
384 576
385 193
385 257
385 321
385 449
385 513
385 577
385 1141
386 194
386 258
386 322
386 450
386 514
386 578
386 696
387 195
387 259
387 323
387 435
387 451
387 515
387 579
387 591
388 196
388 260
388 324
388 452
388 516
388 580
389 197
389 261
389 325
389 453
389 465
389 517
389 581
390 0
390 7
390 9
390 10
390 14
390 15
390 16
390 19
390 30
390 71
390 73
390 118
390 137
390 138
390 143
390 182
390 198
390 199
390 201
390 206
390 262
390 263
390 326
390 327
390 334
390 374
390 391
390 454
390 455
390 518
390 519
390 582
390 583
390 647
390 711
390 774
390 775
390 839
390 841
390 846
390 854
390 902
390 903
390 967
390 969
390 1030
390 1031
390 1038
390 1095
390 1159
390 1161
390 1166
390 1206
390 1225
391 7
391 9
391 10
391 14
391 19
391 71
391 135
391 137
391 143
391 182
391 199
391 201
391 206
391 263
391 327
391 334
391 390
391 455
391 519
391 583
391 647
391 711
391 775
391 839
391 903
391 967
391 1031
391 1095
391 1159
391 1161
392 200
392 264
392 328
392 456
392 520
392 581
392 584
392 587
392 1121
392 1265
393 6
393 70
393 134
393 198
393 201
393 262
393 265
393 326
393 329
393 457
393 518
393 521
393 585
393 646
393 710
393 777
393 838
393 905
393 966
393 1033
393 1097
393 1158
393 1222
394 202
394 266
394 330
394 458
394 522
394 586
395 203
395 267
395 331
395 422
395 459
395 523
395 587
396 204
396 268
396 332
396 460
396 524
396 588
396 821
397 205
397 269
397 333
397 461
397 525
397 589
397 1092
398 206
398 270
398 334
398 462
398 526
398 590
398 622
399 207
399 271
399 310
399 335
399 463
399 527
399 591
400 208
400 272
400 335
400 336
400 464
400 528
400 592
401 209
401 273
401 337
401 465
401 529
401 593
401 1149
402 210
402 261
402 274
402 338
402 371
402 466
402 530
402 594
403 211
403 275
403 339
403 467
403 531
403 595
403 890
404 37
404 212
404 276
404 340
404 468
404 532
404 558
404 596
404 727
404 968
405 213
405 277
405 341
405 469
405 533
405 597
406 214
406 278
406 342
406 470
406 534
406 598
407 215
407 279
407 343
407 471
407 535
407 599
408 216
408 280
408 344
408 472
408 536
408 600
408 615
409 24
409 217
409 281
409 345
409 473
409 537
409 601
409 1100
410 218
410 282
410 346
410 474
410 538
410 602
410 1194
411 12
411 181
411 219
411 283
411 347
411 475
411 539
411 603
411 657
411 1163
412 220
412 284
412 348
412 471
412 476
412 532
412 540
412 604
412 1138
413 89
413 221
413 285
413 349
413 477
413 541
413 605
413 666
413 1115
414 222
414 269
414 286
414 350
414 478
414 542
414 606
415 223
415 287
415 351
415 479
415 543
415 607
415 695
415 870
416 224
416 288
416 352
416 480
416 544
416 608
417 225
417 289
417 353
417 481
417 545
417 609
418 3
418 226
418 290
418 354
418 482
418 546
418 610
419 113
419 227
419 291
419 355
419 483
419 547
419 574
419 611
420 228
420 292
420 356
420 484
420 548
420 612
420 912
421 229
421 231
421 293
421 357
421 485
421 549
421 613
421 706
422 230
422 294
422 358
422 395
422 486
422 550
422 614
423 231
423 295
423 321
423 359
423 487
423 551
423 615
424 232
424 296
424 360
424 488
424 552
424 616
424 831
424 853
424 1214
425 233
425 297
425 361
425 489
425 553
425 617
425 1054
426 57
426 234
426 298
426 362
426 490
426 554
426 618
426 965
426 1266
427 235
427 277
427 299
427 363
427 491
427 538
427 555
427 619
427 913
428 170
428 224
428 236
428 300
428 364
428 492
428 551
428 556
428 620
428 1037
429 237
429 301
429 365
429 493
429 557
429 621
430 238
430 302
430 366
430 494
430 558
430 622
430 798
430 1165
431 239
431 303
431 367
431 495
431 559
431 563
431 623
432 152
432 240
432 304
432 352
432 368
432 496
432 560
432 624
432 858
432 1002
432 1241
433 159
433 241
433 305
433 369
433 497
433 498
433 561
433 625
433 702
433 992
434 242
434 306
434 370
434 498
434 562
434 626
434 1061
435 243
435 307
435 371
435 387
435 499
435 563
435 591
435 627
436 244
436 308
436 372
436 500
436 564
436 573
436 628
436 1196
437 245
437 309
437 373
437 501
437 565
437 629
438 246
438 310
438 374
438 502
438 566
438 630
439 119
439 213
439 216
439 247
439 311
439 328
439 375
439 483
439 503
439 567
439 631
439 680
439 748
440 248
440 312
440 376
440 504
440 568
440 632
441 249
441 313
441 377
441 505
441 569
441 633
441 835
441 999
441 1258
442 250
442 297
442 314
442 378
442 506
442 570
442 634
442 721
442 797
442 954
443 234
443 251
443 308
443 315
443 379
443 507
443 571
443 635
443 956
443 1086
443 1275
444 252
444 316
444 380
444 508
444 572
444 636
444 709
444 1029
445 253
445 317
445 381
445 509
445 573
445 637
445 938
445 984
446 48
446 254
446 318
446 382
446 510
446 574
446 638
446 997
447 255
447 319
447 383
447 511
447 575
447 639
447 792
448 237
448 256
448 320
448 384
448 512
448 576
448 640
448 915
449 157
449 257
449 321
449 340
449 385
449 513
449 577
449 641
449 686
449 1051
450 258
450 322
450 386
450 514
450 578
450 642
451 259
451 323
451 387
451 479
451 499
451 515
451 579
451 643
451 688
451 1169
452 260
452 324
452 388
452 516
452 580
452 644
452 1099
453 261
453 325
453 389
453 517
453 581
453 593
453 645
453 1075
454 0
454 10
454 15
454 16
454 19
454 30
454 73
454 118
454 128
454 138
454 143
454 147
454 182
454 201
454 206
454 262
454 265
454 326
454 330
454 334
454 374
454 390
454 455
454 518
454 519
454 521
454 582
454 583
454 646
454 713
454 774
454 841
454 842
454 846
454 854
454 902
454 969
454 1030
454 1031
454 1038
454 1094
454 1159
454 1161
454 1166
454 1206
454 1223
454 1225
454 1270
455 0
455 10
455 14
455 15
455 16
455 19
455 30
455 73
455 118
455 128
455 137
455 138
455 143
455 147
455 182
455 199
455 201
455 206
455 263
455 327
455 334
455 374
455 390
455 391
455 454
455 519
455 521
455 583
455 647
455 774
455 775
455 841
455 842
455 846
455 854
455 902
455 969
455 1030
455 1031
455 1038
455 1094
455 1095
455 1159
455 1161
455 1166
455 1206
455 1223
455 1225
456 264
456 328
456 392
456 520
456 584
456 648
456 949
457 6
457 70
457 134
457 198
457 262
457 265
457 326
457 329
457 393
457 518
457 521
457 585
457 646
457 649
457 710
457 777
457 838
457 905
457 966
457 1033
457 1097
457 1158
457 1222
458 266
458 330
458 394
458 522
458 586
458 650
458 718
459 93
459 267
459 331
459 395
459 523
459 587
459 651
459 1089
460 268
460 332
460 396
460 524
460 588
460 652
461 129
461 269
461 333
461 397
461 525
461 589
461 653
462 270
462 334
462 398
462 526
462 590
462 654
462 832
463 271
463 335
463 399
463 527
463 591
463 655
464 272
464 336
464 400
464 528
464 592
464 656
464 906
465 273
465 337
465 389
465 401
465 529
465 593
465 657
466 274
466 338
466 402
466 530
466 594
466 658
467 260
467 275
467 339
467 358
467 403
467 531
467 595
467 659
467 750
467 1027
468 276
468 340
468 404
468 532
468 596
468 660
469 277
469 341
469 405
469 533
469 597
469 661
469 786
470 278
470 342
470 406
470 534
470 598
470 662
471 279
471 343
471 407
471 412
471 532
471 535
471 599
471 604
471 663
471 1138
472 21
472 280
472 344
472 408
472 536
472 600
472 664
472 756
472 1127
473 193
473 281
473 345
473 409
473 537
473 589
473 601
473 641
473 665
474 282
474 346
474 410
474 510
474 538
474 602
474 665
474 666
474 1131
474 1180
474 1202
475 108
475 243
475 283
475 347
475 411
475 539
475 603
475 634
475 667
475 691
475 830
475 959
475 1204
475 1247
476 87
476 284
476 348
476 412
476 540
476 604
476 668
476 745
476 759
477 141
477 285
477 289
477 349
477 413
477 541
477 605
477 669
478 286
478 350
478 414
478 542
478 606
478 670
478 1248
479 287
479 351
479 415
479 451
479 499
479 543
479 607
479 671
479 688
479 1169
480 288
480 296
480 352
480 416
480 544
480 608
480 672
480 891
480 1143
481 289
481 353
481 370
481 417
481 545
481 609
481 673
481 1215
482 33
482 290
482 354
482 418
482 546
482 610
482 674
482 861
483 119
483 213
483 216
483 291
483 328
483 355
483 419
483 439
483 547
483 611
483 675
483 680
483 748
484 292
484 356
484 420
484 548
484 612
484 676
485 60
485 293
485 307
485 357
485 421
485 549
485 613
485 677
485 947
486 294
486 358
486 422
486 550
486 614
486 678
487 295
487 359
487 423
487 551
487 584
487 615
487 679
487 712
487 921
488 296
488 360
488 424
488 552
488 616
488 680
489 297
489 361
489 425
489 553
489 617
489 681
490 179
490 298
490 362
490 426
490 537
490 554
490 618
490 682
491 299
491 363
491 427
491 555
491 619
491 683
491 731
491 747
491 811
491 880
492 115
492 300
492 364
492 428
492 556
492 562
492 620
492 684
492 819
492 973
493 301
493 365
493 429
493 557
493 621
493 685
493 697
493 752
494 302
494 366
494 430
494 558
494 580
494 622
494 674
494 686
494 845
495 303
495 367
495 431
495 559
495 623
495 687
496 176
496 235
496 304
496 368
496 432
496 560
496 624
496 688
496 892
497 305
497 369
497 433
497 561
497 625
497 689
497 1085
497 1179
498 159
498 306
498 370
498 433
498 434
498 562
498 626
498 690
498 702
498 992
499 307
499 371
499 435
499 451
499 479
499 563
499 627
499 688
499 691
499 1169
500 172
500 306
500 308
500 372
500 436
500 564
500 628
500 692
500 1147
501 102
501 232
501 309
501 373
501 437
501 565
501 629
501 693
501 1184
502 128
502 147
502 265
502 310
502 329
502 330
502 374
502 438
502 521
502 566
502 582
502 630
502 649
502 694
502 713
502 774
502 790
502 842
502 902
502 1094
502 1110
502 1223
502 1238
502 1270
503 311
503 375
503 439
503 567
503 625
503 631
503 695
504 290
504 312
504 376
504 440
504 568
504 577
504 632
504 696
504 1133
505 313
505 377
505 441
505 569
505 633
505 697
505 1004
505 1112
506 314
506 378
506 442
506 570
506 634
506 698
506 1101
507 315
507 379
507 383
507 443
507 571
507 635
507 699
508 316
508 380
508 444
508 572
508 636
508 700
508 957
508 977
508 1009
508 1272
509 221
509 317
509 380
509 381
509 445
509 546
509 573
509 637
509 701
510 318
510 382
510 446
510 474
510 574
510 638
510 665
510 702
510 1131
510 1180
510 1202
511 120
511 217
511 287
511 319
511 363
511 383
511 447
511 575
511 639
511 703
512 320
512 384
512 448
512 576
512 640
512 704
513 146
513 321
513 385
513 449
513 577
513 641
513 705
513 908
514 76
514 322
514 386
514 450
514 578
514 642
514 706
514 1187
515 122
515 323
515 387
515 451
515 579
515 643
515 651
515 707
516 324
516 388
516 452
516 580
516 644
516 708
517 325
517 389
517 453
517 581
517 645
517 709
517 757
517 844
518 6
518 70
518 134
518 198
518 262
518 326
518 390
518 393
518 454
518 457
518 582
518 585
518 646
518 710
518 777
518 838
518 905
518 966
518 1033
518 1097
518 1158
518 1222
519 0
519 10
519 14
519 15
519 16
519 19
519 30
519 73
519 118
519 128
519 137
519 138
519 143
519 182
519 199
519 201
519 206
519 263
519 327
519 334
519 374
519 390
519 391
519 454
519 455
519 583
519 647
519 711
519 774
519 775
519 839
519 841
519 846
519 854
519 902
519 967
519 969
519 1030
519 1031
519 1038
519 1094
519 1095
519 1159
519 1161
519 1166
519 1206
519 1223
519 1225
520 328
520 392
520 456
520 584
520 648
520 712
520 1071
521 0
521 15
521 16
521 19
521 30
521 73
521 118
521 128
521 138
521 147
521 265
521 329
521 330
521 374
521 393
521 454
521 455
521 457
521 502
521 582
521 585
521 649
521 713
521 774
521 790
521 841
521 842
521 846
521 854
521 902
521 969
521 1030
521 1038
521 1094
521 1110
521 1166
521 1206
521 1223
521 1225
521 1238
521 1270
522 330
522 394
522 458
522 586
522 650
522 714
523 331
523 395
523 459
523 587
523 651
523 715
523 865
523 971
523 1126
524 332
524 396
524 460
524 588
524 652
524 716
524 888
525 333
525 367
525 397
525 461
525 568
525 589
525 653
525 717
525 856
525 1007
526 334
526 398
526 462
526 590
526 654
526 718
527 335
527 399
527 463
527 591
527 655
527 719
528 336
528 400
528 464
528 592
528 656
528 720
529 337
529 401
529 465
529 593
529 657
529 721
529 875
529 988
529 1151
530 338
530 402
530 466
530 594
530 619
530 658
530 722
530 733
530 1251
531 56
531 66
531 339
531 403
531 467
531 595
531 659
531 723
531 743
531 1190
532 340
532 404
532 412
532 468
532 471
532 596
532 604
532 660
532 724
532 1138
533 341
533 405
533 469
533 597
533 661
533 725
534 342
534 406
534 470
534 598
534 662
534 726
535 343
535 407
535 471
535 599
535 663
535 727
535 885
535 1234
535 1253
536 344
536 408
536 472
536 600
536 664
536 728
537 179
537 345
537 409
537 473
537 490
537 601
537 665
537 729
538 277
538 346
538 410
538 427
538 474
538 602
538 666
538 730
538 913
539 347
539 411
539 475
539 603
539 667
539 731
539 1084
539 1209
540 348
540 412
540 476
540 604
540 668
540 732
541 349
541 413
541 477
541 605
541 669
541 733
542 350
542 414
542 478
542 606
542 670
542 734
543 351
543 415
543 479
543 607
543 671
543 735
544 352
544 368
544 377
544 416
544 480
544 608
544 672
544 736
544 761
544 895
544 978
545 31
545 353
545 417
545 481
545 609
545 673
545 737
545 1090
546 221
546 354
546 380
546 418
546 482
546 509
546 610
546 674
546 738
547 355
547 419
547 483
547 611
547 675
547 739
547 1128
548 356
548 420
548 484
548 612
548 676
548 740
549 357
549 421
549 485
549 572
549 608
549 613
549 677
549 741
549 893
550 358
550 422
550 486
550 614
550 678
550 742
551 170
551 224
551 359
551 423
551 428
551 487
551 615
551 679
551 743
551 1037
552 360
552 424
552 488
552 616
552 679
552 680
552 744
552 1228
552 1250
553 361
553 425
553 489
553 606
553 617
553 681
553 745
553 818
554 323
554 362
554 426
554 490
554 618
554 682
554 746
554 1105
555 363
555 427
555 491
555 619
555 683
555 747
556 364
556 428
556 492
556 620
556 684
556 729
556 748
557 365
557 429
557 493
557 621
557 685
557 749
557 1207
558 37
558 366
558 404
558 430
558 494
558 622
558 686
558 727
558 750
558 968
559 367
559 431
559 495
559 594
559 623
559 687
559 751
559 765
560 282
560 368
560 432
560 496
560 624
560 688
560 752
560 829
560 876
561 189
561 369
561 433
561 497
561 625
561 689
561 753
561 923
561 1267
562 115
562 370
562 434
562 492
562 498
562 626
562 690
562 754
562 819
562 973
563 371
563 431
563 435
563 499
563 627
563 691
563 755
564 240
564 372
564 436
564 500
564 628
564 692
564 756
564 883
564 884
565 96
565 264
565 373
565 437
565 501
565 629
565 693
565 757
566 80
566 374
566 438
566 502
566 630
566 694
566 758
567 190
567 375
567 439
567 503
567 631
567 695
567 759
567 773
568 367
568 376
568 440
568 504
568 525
568 632
568 696
568 760
568 856
568 1007
569 304
569 377
569 381
569 441
569 505
569 633
569 697
569 761
569 815
570 300
570 378
570 442
570 506
570 634
570 698
570 762
570 1255
571 379
571 443
571 507
571 635
571 699
571 763
571 1120
572 380
572 444
572 508
572 549
572 608
572 636
572 700
572 764
572 893
573 381
573 436
573 445
573 509
573 637
573 701
573 765
573 1196
574 113
574 382
574 419
574 446
574 510
574 638
574 702
574 766
575 383
575 447
575 511
575 639
575 703
575 767
575 1240
576 384
576 448
576 512
576 640
576 704
576 768
576 1098
577 290
577 385
577 449
577 504
577 513
577 641
577 705
577 769
577 1133
578 386
578 450
578 514
578 642
578 706
578 770
578 849
578 963
579 387
579 451
579 515
579 643
579 707
579 771
580 388
580 452
580 494
580 516
580 644
580 674
580 708
580 772
580 845
581 389
581 392
581 453
581 517
581 587
581 645
581 709
581 773
581 1121
581 1265
582 128
582 147
582 265
582 329
582 330
582 390
582 454
582 502
582 518
582 521
582 646
582 649
582 710
582 713
582 774
582 790
582 842
582 1094
582 1110
582 1223
582 1238
582 1270
583 0
583 10
583 14
583 15
583 16
583 19
583 30
583 73
583 118
583 128
583 137
583 138
583 143
583 182
583 199
583 201
583 206
583 263
583 327
583 334
583 374
583 390
583 391
583 454
583 455
583 519
583 647
583 711
583 774
583 775
583 839
583 841
583 846
583 854
583 902
583 903
583 967
583 969
583 1030
583 1031
583 1038
583 1094
583 1095
583 1159
583 1161
583 1166
583 1206
583 1223
583 1225
584 392
584 456
584 487
584 520
584 648
584 712
584 776
584 921
585 6
585 70
585 134
585 198
585 262
585 326
585 393
585 457
585 518
585 521
585 646
585 649
585 710
585 713
585 777
585 838
585 905
585 966
585 1033
585 1097
585 1158
585 1222
586 64
586 394
586 458
586 522
586 650
586 714
586 778
587 392
587 395
587 459
587 523
587 581
587 651
587 715
587 779
587 1121
587 1265
588 396
588 460
588 524
588 652
588 716
588 780
589 193
589 397
589 461
589 473
589 525
589 641
589 653
589 717
589 781
590 398
590 462
590 526
590 654
590 718
590 782
591 387
591 399
591 435
591 463
591 527
591 655
591 719
591 783
592 400
592 464
592 528
592 656
592 720
592 784
593 401
593 453
593 465
593 529
593 657
593 721
593 785
593 1075
594 402
594 466
594 530
594 559
594 658
594 722
594 765
594 786
595 403
595 467
595 531
595 659
595 723
595 787
596 404
596 468
596 532
596 660
596 692
596 724
596 788
597 405
597 469
597 533
597 661
597 725
597 789
597 1022
598 83
598 406
598 470
598 534
598 662
598 726
598 790
599 131
599 153
599 184
599 407
599 471
599 535
599 663
599 727
599 791
599 1221
600 236
600 408
600 472
600 536
600 664
600 728
600 792
601 409
601 473
601 537
601 665
601 729
601 793
602 410
602 474
602 538
602 666
602 730
602 794
603 411
603 475
603 539
603 667
603 731
604 412
604 471
604 476
604 532
604 540
604 668
604 732
604 796
604 1138
605 413
605 477
605 541
605 669
605 733
605 797
606 414
606 478
606 542
606 553
606 670
606 734
606 798
606 818
607 252
607 281
607 415
607 479
607 543
607 671
607 735
607 799
607 1041
607 1263
608 416
608 480
608 544
608 549
608 572
608 672
608 736
608 800
608 893
609 90
609 155
609 417
609 481
609 545
609 673
609 737
609 801
610 418
610 482
610 546
610 620
610 623
610 674
610 703
610 738
610 802
611 419
611 483
611 547
611 675
611 739
612 420
612 484
612 548
612 676
612 740
612 804
613 362
613 421
613 485
613 549
613 677
613 741
613 805
613 1050
614 422
614 486
614 550
614 678
614 742
614 806
615 408
615 423
615 487
615 551
615 679
615 743
615 807
616 424
616 488
616 552
616 629
616 680
616 744
616 808
616 1130
617 425
617 489
617 553
617 681
617 717
617 745
617 809
617 834
617 1058
617 1189
618 88
618 426
618 490
618 554
618 682
618 746
618 810
618 820
618 943
618 1073
619 427
619 491
619 530
619 555
619 683
619 733
619 747
619 811
619 1251
620 428
620 492
620 556
620 610
620 623
620 684
620 703
620 748
620 812
621 285
621 429
621 493
621 557
621 685
621 749
621 813
621 1160
622 398
622 430
622 494
622 558
622 686
622 750
622 814
623 431
623 495
623 559
623 610
623 620
623 687
623 703
623 751
623 815
624 432
624 496
624 560
624 688
624 752
624 816
625 433
625 497
625 503
625 561
625 689
625 753
625 817
626 434
626 498
626 562
626 690
626 754
626 818
626 1118
627 127
627 280
627 435
627 499
627 563
627 691
627 755
627 819
628 123
628 436
628 500
628 564
628 692
628 756
628 820
628 1045
628 1135
628 1269
629 437
629 501
629 565
629 616
629 693
629 757
629 821
629 1130
630 438
630 502
630 566
630 694
630 758
630 822
631 439
631 503
631 567
631 695
631 759
631 823
631 1139
631 1274
632 440
632 504
632 568
632 696
632 760
632 824
632 850
632 1119
632 1249
633 441
633 505
633 569
633 697
633 761
633 825
633 981
634 108
634 243
634 442
634 475
634 506
634 570
634 691
634 698
634 762
634 826
634 830
634 959
634 1204
634 1247
635 443
635 507
635 571
635 699
635 763
635 827
636 444
636 508
636 572
636 700
636 764
636 828
636 939
636 1010
637 445
637 509
637 573
637 701
637 765
637 829
637 1042
638 32
638 317
638 446
638 510
638 574
638 702
638 766
638 830
639 447
639 511
639 575
639 703
639 767
639 831
640 75
640 448
640 512
640 576
640 704
640 720
640 768
640 832
641 193
641 449
641 473
641 513
641 577
641 589
641 705
641 769
641 833
642 59
642 450
642 514
642 578
642 706
642 741
642 770
642 808
642 834
643 354
643 451
643 515
643 579
643 707
643 771
643 835
643 1013
643 1016
643 1063
644 452
644 516
644 580
644 708
644 772
644 836
645 453
645 517
645 581
645 663
645 709
645 773
645 837
646 6
646 70
646 134
646 198
646 262
646 326
646 393
646 454
646 457
646 518
646 582
646 585
646 710
646 774
646 777
646 838
646 905
646 966
646 1033
646 1097
646 1158
646 1222
647 7
647 9
647 10
647 14
647 71
647 135
647 137
647 143
647 199
647 201
647 206
647 263
647 327
647 334
647 390
647 391
647 455
647 519
647 583
647 711
647 775
647 839
647 903
647 967
647 1031
647 1095
647 1159
647 1161
648 456
648 520
648 584
648 712
648 754
648 776
648 840
648 1080
649 128
649 147
649 265
649 329
649 330
649 457
649 502
649 521
649 582
649 585
649 713
649 777
649 790
649 841
649 842
649 1094
649 1110
649 1223
649 1238
649 1270
650 458
650 522
650 586
650 714
650 778
650 842
651 122
651 459
651 515
651 523
651 587
651 715
651 779
651 843
652 111
652 460
652 524
652 588
652 716
652 780
652 844
652 1183
653 461
653 525
653 589
653 660
653 717
653 781
653 845
653 982
654 462
654 526
654 590
654 718
654 782
654 846
655 463
655 527
655 591
655 719
655 783
655 847
656 464
656 528
656 592
656 720
656 784
656 848
656 1088
656 1229
657 12
657 181
657 411
657 465
657 529
657 593
657 721
657 785
657 849
657 1163
658 466
658 530
658 594
658 722
658 786
658 850
659 467
659 531
659 595
659 723
659 787
659 851
660 468
660 532
660 596
660 653
660 724
660 788
660 852
660 982
661 469
661 533
661 597
661 725
661 789
661 853
662 470
662 534
662 598
662 726
662 790
662 854
663 471
663 535
663 599
663 645
663 727
663 791
663 855
664 319
664 472
664 536
664 600
664 728
664 792
664 856
664 1237
665 473
665 474
665 510
665 537
665 601
665 729
665 793
665 857
665 1131
665 1180
665 1202
666 89
666 413
666 474
666 538
666 602
666 730
666 794
666 858
666 1115
667 149
667 475
667 539
667 603
667 731
667 795
667 859
667 922
668 476
668 540
668 604
668 732
668 737
668 796
668 801
668 860
668 1212
669 477
669 541
669 605
669 733
669 797
669 861
670 478
670 542
670 606
670 734
670 798
670 862
671 188
671 479
671 543
671 607
671 735
671 799
671 863
672 480
672 544
672 608
672 736
672 800
672 864
673 481
673 545
673 609
673 737
673 801
673 865
673 872
673 929
673 1122
674 482
674 494
674 546
674 580
674 610
674 738
674 802
674 845
674 866
675 483
675 547
675 611
675 739
675 867
676 484
676 548
676 612
676 740
676 804
676 868
677 156
677 485
677 549
677 613
677 741
677 805
677 869
677 1035
678 27
678 486
678 550
678 614
678 742
678 806
678 870
678 995
679 487
679 551
679 552
679 615
679 743
679 807
679 871
679 1228
679 1250
680 119
680 213
680 216
680 328
680 439
680 483
680 488
680 552
680 616
680 744
680 748
680 808
680 872
681 72
681 489
681 553
681 617
681 745
681 809
681 873
681 993
682 242
682 343
682 364
682 490
682 554
682 618
682 746
682 810
682 874
682 1154
683 491
683 555
683 619
683 747
683 811
683 875
683 1048
684 492
684 556
684 620
684 748
684 812
684 876
685 259
685 493
685 557
685 621
685 749
685 813
685 877
686 157
686 340
686 449
686 494
686 558
686 622
686 750
686 814
686 878
686 1051
687 495
687 559
687 623
687 751
687 812
687 815
687 827
687 879
688 451
688 479
688 496
688 499
688 560
688 624
688 752
688 816
688 880
688 1169
689 63
689 121
689 284
689 497
689 561
689 625
689 753
689 817
689 881
690 295
690 312
690 498
690 562
690 626
690 754
690 800
690 818
690 882
691 108
691 243
691 475
691 499
691 563
691 627
691 634
691 755
691 819
691 830
691 883
691 959
691 1204
691 1247
692 500
692 564
692 596
692 628
692 756
692 820
692 884
693 154
693 501
693 565
693 629
693 757
693 821
693 885
693 897
693 991
693 1069
694 502
694 566
694 630
694 758
694 822
694 886
694 1103
695 415
695 503
695 567
695 631
695 759
695 823
695 870
695 887
696 386
696 504
696 568
696 632
696 760
696 824
696 888
697 493
697 505
697 569
697 633
697 752
697 761
697 825
697 889
698 506
698 570
698 634
698 762
698 826
698 890
698 1056
699 507
699 571
699 635
699 763
699 827
699 891
700 508
700 572
700 636
700 764
700 793
700 799
700 828
700 892
701 509
701 573
701 637
701 716
701 765
701 829
701 893
702 159
702 433
702 498
702 510
702 574
702 638
702 766
702 830
702 894
702 992
703 511
703 575
703 610
703 620
703 623
703 639
703 767
703 831
703 895
704 512
704 576
704 640
704 768
704 832
704 896
704 1230
705 200
705 226
705 513
705 577
705 641
705 769
705 771
705 833
705 897
706 231
706 421
706 514
706 578
706 642
706 770
706 834
706 898
707 515
707 579
707 643
707 739
707 771
707 835
707 899
708 336
708 516
708 580
708 644
708 772
708 836
708 900
709 444
709 517
709 581
709 645
709 773
709 837
709 901
709 1029
710 6
710 70
710 134
710 198
710 262
710 326
710 393
710 457
710 518
710 582
710 585
710 646
710 774
710 777
710 838
710 902
710 905
710 966
710 1033
710 1097
710 1158
710 1222
711 7
711 9
711 10
711 14
711 71
711 135
711 137
711 143
711 199
711 201
711 206
711 263
711 327
711 334
711 390
711 391
711 519
711 583
711 647
711 775
711 839
711 903
711 967
711 1031
711 1095
711 1159
711 1161
712 487
712 520
712 584
712 648
712 776
712 840
712 904
712 921
713 15
713 30
713 128
713 147
713 265
713 329
713 330
713 374
713 454
713 502
713 521
713 582
713 585
713 649
713 774
713 777
713 790
713 841
713 842
713 902
713 905
713 1094
713 1110
713 1206
713 1223
713 1225
713 1238
713 1270
714 522
714 586
714 650
714 723
714 778
714 842
714 906
714 990
715 98
715 523
715 587
715 651
715 779
715 843
715 907
716 524
716 588
716 652
716 701
716 780
716 844
716 908
717 525
717 589
717 617
717 653
717 781
717 834
717 845
717 909
717 1058
717 1189
718 458
718 526
718 590
718 654
718 782
718 846
718 910
719 527
719 591
719 655
719 783
719 847
719 911
719 1252
720 75
720 528
720 592
720 640
720 656
720 784
720 848
720 912
721 297
721 442
721 529
721 593
721 657
721 785
721 797
721 849
721 913
721 954
722 318
722 530
722 594
722 658
722 786
722 850
722 914
722 1195
723 531
723 595
723 659
723 714
723 787
723 851
723 915
723 990
724 18
724 532
724 596
724 660
724 788
724 852
724 916
724 1077
724 1236
725 533
725 597
725 661
725 789
725 853
725 917
725 1178
726 534
726 598
726 662
726 790
726 854
726 918
727 37
727 404
727 535
727 558
727 599
727 663
727 791
727 855
727 919
727 968
728 253
728 536
728 600
728 664
728 732
728 792
728 856
728 920
729 537
729 556
729 601
729 665
729 793
729 857
729 921
730 538
730 602
730 666
730 794
730 858
730 922
731 491
731 539
731 603
731 667
731 747
731 795
731 811
731 859
731 880
731 923
732 253
732 540
732 604
732 668
732 728
732 796
732 860
732 924
733 530
733 541
733 605
733 619
733 669
733 797
733 861
733 925
733 1251
734 542
734 606
734 670
734 798
734 862
734 926
735 252
735 281
735 543
735 607
735 671
735 799
735 863
735 927
735 1041
735 1263
736 544
736 608
736 672
736 800
736 864
736 928
737 545
737 609
737 668
737 673
737 801
737 865
737 929
737 1212
738 546
738 610
738 674
738 802
738 805
738 866
738 930
739 547
739 611
739 675
739 707
739 803
739 867
739 931
740 548
740 612
740 676
740 804
740 868
740 932
741 59
741 549
741 613
741 642
741 677
741 805
741 808
741 869
741 933
742 168
742 550
742 614
742 678
742 806
742 870
742 934
742 1134
743 56
743 66
743 531
743 551
743 615
743 679
743 807
743 871
743 935
743 1190
744 552
744 616
744 680
744 808
744 869
744 872
744 936
745 87
745 476
745 553
745 617
745 681
745 759
745 809
745 873
745 937
746 554
746 618
746 682
746 810
746 874
746 894
746 938
746 1117
746 1173
747 491
747 555
747 619
747 683
747 731
747 811
747 875
747 880
747 939
748 119
748 213
748 216
748 328
748 439
748 483
748 556
748 620
748 680
748 684
748 812
748 876
748 940
749 557
749 621
749 685
749 813
749 877
749 941
750 260
750 358
750 467
750 558
750 622
750 686
750 814
750 878
750 942
750 1027
751 559
751 623
751 687
751 815
751 879
751 943
752 493
752 560
752 624
752 688
752 697
752 816
752 880
752 944
753 338
753 561
753 625
753 689
753 817
753 881
753 945
754 562
754 626
754 648
754 690
754 818
754 882
754 946
754 1080
755 563
755 627
755 691
755 819
755 883
755 947
756 21
756 472
756 564
756 628
756 692
756 820
756 884
756 948
756 1127
757 517
757 565
757 629
757 693
757 821
757 844
757 885
757 949
758 566
758 630
758 694
758 768
758 822
758 886
758 950
759 87
759 476
759 567
759 631
759 695
759 745
759 823
759 887
759 951
760 568
760 632
760 696
760 824
760 888
760 952
760 1023
760 1144
760 1148
761 368
761 377
761 544
761 569
761 633
761 697
761 825
761 889
761 895
761 953
761 978
762 353
762 570
762 634
762 698
762 826
762 890
762 954
763 571
763 635
763 699
763 827
763 891
763 940
763 955
764 572
764 636
764 700
764 828
764 892
764 956
765 559
765 573
765 594
765 637
765 701
765 829
765 893
765 957
766 574
766 638
766 702
766 830
766 894
766 958
766 1264
767 218
767 575
767 639
767 703
767 831
767 895
767 959
768 576
768 640
768 704
768 758
768 832
768 896
768 960
769 47
769 577
769 641
769 705
769 833
769 897
769 898
769 933
769 961
770 578
770 642
770 706
770 834
770 898
770 962
771 200
771 226
771 579
771 643
771 705
771 707
771 835
771 899
771 963
772 580
772 644
772 708
772 836
772 900
772 964
773 190
773 567
773 581
773 645
773 709
773 837
773 901
773 965
774 0
774 10
774 15
774 16
774 19
774 30
774 73
774 118
774 128
774 138
774 143
774 147
774 182
774 201
774 265
774 330
774 334
774 374
774 390
774 454
774 455
774 502
774 519
774 521
774 582
774 583
774 646
774 710
774 713
774 838
774 841
774 842
774 846
774 854
774 902
774 966
774 969
774 1030
774 1031
774 1038
774 1094
774 1110
774 1166
774 1206
774 1223
774 1225
774 1270
775 0
775 7
775 9
775 10
775 14
775 19
775 71
775 135
775 137
775 138
775 143
775 182
775 199
775 201
775 206
775 263
775 327
775 334
775 390
775 391
775 455
775 519
775 583
775 647
775 711
775 839
775 841
775 846
775 854
775 903
775 967
775 1031
775 1038
775 1095
775 1159
775 1161
776 584
776 648
776 712
776 840
776 904
776 951
776 968
776 1170
777 6
777 70
777 134
777 198
777 262
777 326
777 393
777 457
777 518
777 585
777 646
777 649
777 710
777 713
777 838
777 841
777 905
777 966
777 969
777 1033
777 1097
777 1158
777 1222
778 586
778 650
778 714
778 842
778 906
778 970
779 133
779 587
779 651
779 715
779 843
779 907
779 971
780 588
780 652
780 716
780 844
780 908
780 972
781 589
781 653
781 717
781 845
781 909
781 973
782 590
782 654
782 718
782 846
782 910
782 974
783 591
783 655
783 719
783 847
783 911
783 975
784 592
784 656
784 720
784 848
784 912
784 976
785 593
785 657
785 721
785 849
785 913
785 977
786 469
786 594
786 658
786 722
786 850
786 914
786 978
787 595
787 659
787 723
787 851
787 915
787 979
788 596
788 660
788 724
788 852
788 916
788 980
789 597
789 661
789 725
789 853
789 917
789 981
790 128
790 147
790 265
790 329
790 330
790 502
790 521
790 582
790 598
790 649
790 662
790 713
790 726
790 842
790 854
790 918
790 982
790 1094
790 1110
790 1223
790 1238
790 1270
791 599
791 663
791 727
791 855
791 919
791 983
791 1213
792 447
792 600
792 664
792 728
792 856
792 920
792 984
793 601
793 665
793 700
793 729
793 799
793 857
793 921
793 985
794 360
794 602
794 666
794 730
794 858
794 922
794 986
794 1145
794 1176
794 1201
795 667
795 731
795 859
795 923
795 987
796 126
796 604
796 668
796 732
796 860
796 924
796 988
796 1239
797 297
797 442
797 605
797 669
797 721
797 733
797 861
797 925
797 954
797 989
798 430
798 606
798 670
798 734
798 862
798 926
798 990
798 1165
799 607
799 671
799 700
799 735
799 793
799 863
799 927
799 991
800 295
800 312
800 608
800 672
800 690
800 736
800 864
800 928
800 992
801 609
801 668
801 673
801 737
801 865
801 929
801 993
801 1212
802 186
802 610
802 674
802 738
802 866
802 930
802 994
802 1093
803 739
803 867
803 931
803 995
804 612
804 676
804 740
804 868
804 932
804 996
804 1261
805 613
805 677
805 738
805 741
805 869
805 933
805 997
806 614
806 678
806 742
806 870
806 934
806 998
807 107
807 167
807 283
807 615
807 679
807 743
807 871
807 935
807 999
808 59
808 616
808 642
808 680
808 741
808 744
808 872
808 936
808 1000
809 617
809 681
809 745
809 873
809 937
809 952
809 1001
809 1191
810 344
810 618
810 682
810 746
810 874
810 938
810 1002
811 491
811 619
811 683
811 731
811 747
811 875
811 880
811 939
811 1003
812 620
812 684
812 687
812 748
812 827
812 876
812 940
812 1004
813 621
813 685
813 749
813 877
813 941
813 1005
813 1111
814 17
814 622
814 686
814 750
814 878
814 942
814 1006
815 304
815 381
815 569
815 623
815 687
815 751
815 879
815 943
815 1007
816 624
816 688
816 752
816 880
816 944
816 1008
817 311
817 625
817 689
817 753
817 881
817 945
817 985
817 1009
818 553
818 606
818 626
818 690
818 754
818 882
818 946
818 1010
819 115
819 492
819 562
819 627
819 691
819 755
819 883
819 947
819 973
819 1011
820 88
820 618
820 628
820 692
820 756
820 884
820 943
820 948
820 1012
820 1073
821 396
821 629
821 693
821 757
821 885
821 949
821 1013
822 630
822 694
822 758
822 886
822 950
822 1014
823 631
823 695
823 759
823 887
823 951
823 1015
824 632
824 696
824 760
824 888
824 952
824 1016
825 633
825 697
825 761
825 889
825 953
825 1017
825 1278
826 187
826 225
826 634
826 698
826 762
826 890
826 954
826 1018
826 1129
826 1217
827 635
827 687
827 699
827 763
827 812
827 891
827 955
827 1019
828 636
828 700
828 764
828 892
828 956
828 1020
828 1021
829 282
829 560
829 637
829 701
829 765
829 876
829 893
829 957
829 1021
830 108
830 243
830 475
830 634
830 638
830 691
830 702
830 766
830 894
830 958
830 959
830 1022
830 1204
830 1247
831 424
831 639
831 703
831 767
831 853
831 895
831 959
831 1023
831 1214
832 462
832 640
832 704
832 768
832 896
832 960
832 1024
833 250
833 641
833 705
833 769
833 897
833 961
833 1025
833 1057
833 1245
834 617
834 642
834 706
834 717
834 770
834 898
834 962
834 1026
834 1058
834 1189
835 441
835 643
835 707
835 771
835 899
835 963
835 999
835 1027
835 1258
836 644
836 708
836 772
836 900
836 964
836 1028
837 177
837 293
837 645
837 709
837 773
837 901
837 965
837 1029
838 6
838 70
838 134
838 198
838 262
838 326
838 393
838 457
838 518
838 585
838 646
838 710
838 774
838 777
838 902
838 905
838 966
838 1030
838 1033
838 1097
838 1158
838 1222
839 7
839 9
839 10
839 14
839 19
839 71
839 135
839 137
839 138
839 143
839 182
839 199
839 201
839 206
839 263
839 327
839 334
839 390
839 391
839 519
839 583
839 647
839 711
839 775
839 846
839 903
839 967
839 1031
839 1095
839 1159
839 1161
840 648
840 712
840 776
840 904
840 968
840 1032
841 0
841 10
841 15
841 16
841 19
841 30
841 73
841 118
841 128
841 137
841 138
841 143
841 147
841 182
841 199
841 201
841 206
841 263
841 265
841 334
841 374
841 390
841 454
841 455
841 519
841 521
841 583
841 649
841 713
841 774
841 775
841 777
841 842
841 846
841 854
841 902
841 905
841 969
841 1030
841 1031
841 1033
841 1038
841 1094
841 1095
841 1159
841 1161
841 1166
841 1206
841 1223
841 1225
842 0
842 15
842 16
842 30
842 73
842 118
842 128
842 147
842 265
842 330
842 374
842 454
842 455
842 502
842 521
842 582
842 649
842 650
842 713
842 714
842 774
842 778
842 790
842 841
842 854
842 902
842 906
842 969
842 970
842 1030
842 1034
842 1038
842 1094
842 1110
842 1166
842 1206
842 1223
842 1225
842 1238
842 1270
843 651
843 715
843 779
843 907
843 971
843 1035
844 517
844 652
844 716
844 757
844 780
844 908
844 972
844 1036
845 494
845 580
845 653
845 674
845 717
845 781
845 909
845 973
845 1037
846 0
846 10
846 14
846 15
846 16
846 19
846 30
846 73
846 118
846 128
846 137
846 138
846 143
846 182
846 199
846 201
846 206
846 263
846 334
846 374
846 390
846 454
846 455
846 519
846 521
846 583
846 654
846 718
846 774
846 775
846 782
846 839
846 841
846 854
846 902
846 910
846 967
846 969
846 974
846 1030
846 1031
846 1038
846 1094
846 1095
846 1159
846 1161
846 1166
846 1206
846 1223
846 1225
847 246
847 655
847 719
847 783
847 911
847 975
847 1039
848 656
848 720
848 784
848 912
848 976
848 1040
849 578
849 657
849 721
849 785
849 913
849 963
849 977
849 1041
850 632
850 658
850 722
850 786
850 914
850 978
850 1042
850 1119
850 1249
851 659
851 723
851 787
851 915
851 979
851 1043
852 660
852 724
852 788
852 916
852 980
852 1044
852 1070
853 424
853 661
853 725
853 789
853 831
853 917
853 981
853 1045
853 1214
854 0
854 10
854 14
854 15
854 16
854 19
854 30
854 73
854 118
854 128
854 137
854 138
854 143
854 182
854 199
854 201
854 206
854 263
854 334
854 374
854 390
854 454
854 455
854 519
854 521
854 583
854 662
854 726
854 774
854 775
854 790
854 841
854 842
854 846
854 902
854 918
854 969
854 982
854 1030
854 1031
854 1038
854 1046
854 1094
854 1095
854 1159
854 1161
854 1166
854 1206
854 1223
854 1225
855 95
855 663
855 727
855 791
855 919
855 983
855 1047
856 367
856 525
856 568
856 664
856 728
856 792
856 920
856 984
856 1007
856 1048
857 665
857 729
857 793
857 921
857 985
857 1049
858 152
858 352
858 432
858 666
858 730
858 794
858 922
858 986
858 1002
858 1050
858 1241
859 220
859 667
859 731
859 795
859 923
859 987
859 1051
860 668
860 732
860 796
860 924
860 988
860 1052
861 33
861 482
861 669
861 733
861 797
861 925
861 989
861 1053
862 314
862 670
862 734
862 798
862 926
862 990
862 1054
862 1107
863 671
863 735
863 799
863 914
863 927
863 962
863 991
863 1055
864 672
864 736
864 800
864 928
864 992
864 1056
864 1076
864 1140
865 523
865 673
865 737
865 801
865 929
865 971
865 993
865 1057
865 1126
866 229
866 245
866 674
866 738
866 802
866 930
866 935
866 994
866 1058
866 1082
867 171
867 675
867 739
867 803
867 931
867 995
867 1059
868 676
868 740
868 804
868 932
868 996
868 1060
869 677
869 741
869 744
869 805
869 933
869 997
869 1061
870 415
870 678
870 695
870 742
870 806
870 934
870 998
870 1062
871 679
871 743
871 807
871 935
871 999
871 1063
872 673
872 680
872 744
872 808
872 929
872 936
872 1000
872 1064
872 1122
873 681
873 745
873 809
873 937
873 1001
873 1065
874 682
874 746
874 810
874 938
874 1002
874 1066
875 529
875 683
875 747
875 811
875 939
875 988
875 1003
875 1067
875 1151
876 282
876 560
876 684
876 748
876 812
876 829
876 940
876 1004
876 1068
877 82
877 685
877 749
877 813
877 941
877 1005
877 1069
878 686
878 750
878 814
878 942
878 1006
878 1070
879 294
879 687
879 751
879 815
879 943
879 1007
879 1062
879 1071
880 491
880 688
880 731
880 747
880 752
880 811
880 816
880 944
880 1008
880 1072
881 689
881 753
881 817
881 901
881 945
881 1009
881 1073
882 690
882 754
882 818
882 919
882 946
882 1010
882 1074
882 1125
883 240
883 564
883 691
883 755
883 819
883 884
883 947
883 1011
883 1075
884 240
884 564
884 692
884 756
884 820
884 883
884 948
884 1012
884 1076
885 535
885 693
885 757
885 821
885 949
885 1013
885 1077
885 1234
885 1253
886 694
886 758
886 822
886 950
886 1014
886 1078
887 247
887 305
887 695
887 759
887 823
887 944
887 946
887 951
887 1015
887 1055
887 1079
887 1083
888 524
888 696
888 760
888 824
888 952
888 1016
888 1080
889 313
889 697
889 761
889 825
889 953
889 1017
889 1081
890 403
890 698
890 762
890 826
890 954
890 1018
890 1082
891 296
891 480
891 699
891 763
891 827
891 955
891 1019
891 1083
891 1143
892 176
892 235
892 496
892 700
892 764
892 828
892 956
892 1020
892 1084
893 549
893 572
893 608
893 701
893 765
893 829
893 957
893 1021
893 1085
894 702
894 746
894 766
894 830
894 958
894 1022
894 1086
894 1117
894 1173
895 368
895 377
895 544
895 703
895 761
895 767
895 831
895 959
895 978
895 1023
895 1087
896 704
896 768
896 832
896 960
896 1024
896 1088
897 154
897 693
897 705
897 769
897 833
897 961
897 991
897 1025
897 1069
897 1089
898 47
898 706
898 769
898 770
898 834
898 933
898 962
898 1026
898 1090
899 106
899 707
899 771
899 835
899 963
899 1027
899 1091
900 110
900 708
900 772
900 836
900 964
900 1028
900 1092
901 709
901 773
901 837
901 881
901 965
901 1029
901 1093
902 15
902 16
902 30
902 73
902 118
902 128
902 138
902 143
902 147
902 182
902 201
902 265
902 330
902 334
902 374
902 390
902 454
902 455
902 502
902 519
902 521
902 583
902 710
902 713
902 774
902 838
902 841
902 842
902 846
902 854
902 966
902 969
902 1030
902 1031
902 1038
902 1094
902 1110
902 1166
902 1206
902 1223
902 1225
902 1270
903 7
903 9
903 14
903 71
903 135
903 137
903 143
903 199
903 201
903 206
903 263
903 327
903 334
903 390
903 391
903 583
903 647
903 711
903 775
903 839
903 967
903 1031
903 1095
903 1159
903 1161
904 196
904 712
904 776
904 840
904 968
904 1032
904 1044
904 1096
905 6
905 70
905 134
905 198
905 262
905 326
905 393
905 457
905 518
905 585
905 646
905 710
905 713
905 777
905 838
905 841
905 966
905 969
905 1033
905 1097
905 1158
905 1222
906 464
906 714
906 778
906 842
906 970
906 1034
906 1098
907 715
907 779
907 843
907 971
907 1035
907 1099
908 146
908 513
908 716
908 780
908 844
908 972
908 1036
908 1100
909 717
909 781
909 845
909 973
909 1037
909 1101
910 320
910 718
910 782
910 846
910 974
910 1038
910 1102
911 719
911 783
911 847
911 975
911 1039
911 1103
911 1174
912 420
912 720
912 784
912 848
912 976
912 1040
912 1104
913 277
913 427
913 538
913 721
913 785
913 849
913 977
913 1041
913 1105
914 722
914 786
914 850
914 863
914 962
914 978
914 1042
914 1106
915 237
915 448
915 723
915 787
915 851
915 979
915 1043
915 1107
916 180
916 724
916 788
916 852
916 980
916 1000
916 1044
916 1060
916 1108
917 725
917 789
917 853
917 981
917 1045
917 1087
917 1109
917 1136
918 726
918 790
918 854
918 982
918 1046
918 1110
919 727
919 791
919 855
919 882
919 983
919 1047
919 1111
919 1125
920 728
920 792
920 856
920 984
920 1048
920 1112
921 487
921 584
921 712
921 729
921 793
921 857
921 985
921 1049
921 1113
922 149
922 667
922 730
922 794
922 858
922 986
922 1050
922 1114
923 189
923 561
923 731
923 795
923 859
923 987
923 1051
923 1115
923 1267
924 227
924 303
924 732
924 796
924 860
924 988
924 1052
924 1116
925 733
925 797
925 861
925 942
925 989
925 1053
925 1117
926 734
926 798
926 862
926 990
926 1054
926 1118
927 735
927 799
927 863
927 991
927 1055
927 1119
928 42
928 228
928 736
928 800
928 864
928 992
928 1056
928 1120
928 1172
929 673
929 737
929 801
929 865
929 872
929 993
929 1057
929 1121
929 1122
930 215
930 373
930 738
930 802
930 866
930 994
930 1058
930 1122
931 298
931 739
931 803
931 867
931 995
931 1059
931 1074
931 1116
931 1123
932 740
932 804
932 868
932 996
932 1060
932 1124
933 47
933 741
933 769
933 805
933 869
933 898
933 997
933 1061
933 1125
934 136
934 257
934 742
934 806
934 870
934 998
934 1062
934 1126
935 229
935 245
935 743
935 807
935 866
935 871
935 999
935 1063
935 1082
935 1127
936 744
936 808
936 872
936 1000
936 1064
936 1128
937 302
937 745
937 809
937 873
937 1001
937 1065
937 1129
938 445
938 746
938 810
938 874
938 984
938 1002
938 1066
938 1130
939 636
939 747
939 811
939 875
939 1003
939 1010
939 1067
939 1131
940 748
940 763
940 812
940 876
940 1004
940 1068
940 1132
941 749
941 813
941 877
941 1005
941 1069
941 1133
942 750
942 814
942 878
942 925
942 1006
942 1070
942 1134
943 88
943 618
943 751
943 815
943 820
943 879
943 1007
943 1071
943 1073
943 1135
944 247
944 305
944 752
944 816
944 880
944 887
944 946
944 1008
944 1055
944 1072
944 1083
944 1136
945 753
945 817
945 881
945 1009
945 1073
945 1132
945 1137
945 1203
946 247
946 305
946 754
946 818
946 882
946 887
946 944
946 1010
946 1055
946 1074
946 1083
946 1138
947 60
947 307
947 485
947 755
947 819
947 883
947 1011
947 1075
947 1139
948 756
948 820
948 884
948 1012
948 1076
948 1140
949 456
949 757
949 821
949 885
949 1013
949 1077
949 1141
950 758
950 822
950 886
950 996
950 1014
950 1078
950 1142
951 759
951 776
951 823
951 887
951 1015
951 1079
951 1143
951 1170
952 760
952 809
952 824
952 888
952 1016
952 1080
952 1144
952 1191
953 337
953 761
953 825
953 889
953 1017
953 1081
953 1145
953 1273
954 297
954 442
954 721
954 762
954 797
954 826
954 890
954 1018
954 1082
954 1146
955 763
955 827
955 891
955 1019
955 1083
955 1147
955 1242
955 1260
956 234
956 308
956 443
956 764
956 828
956 892
956 1020
956 1084
956 1086
956 1148
956 1275
957 508
957 765
957 829
957 893
957 977
957 1009
957 1021
957 1085
957 1149
957 1272
958 315
958 766
958 830
958 894
958 1022
958 1086
958 1150
959 108
959 243
959 475
959 634
959 691
959 767
959 830
959 831
959 895
959 1023
959 1087
959 1151
959 1204
959 1247
960 768
960 832
960 896
960 1024
960 1088
960 1152
961 769
961 833
961 897
961 1025
961 1066
961 1089
961 1153
961 1175
962 770
962 834
962 863
962 898
962 914
962 1026
962 1090
962 1154
963 578
963 771
963 835
963 849
963 899
963 1027
963 1091
963 1155
964 772
964 836
964 900
964 1028
964 1092
964 1156
964 1220
965 57
965 426
965 773
965 837
965 901
965 1029
965 1093
965 1157
965 1266
966 6
966 70
966 134
966 198
966 262
966 326
966 393
966 457
966 518
966 585
966 646
966 710
966 774
966 777
966 838
966 902
966 905
966 1030
966 1033
966 1094
966 1097
966 1158
966 1222
967 7
967 9
967 14
967 71
967 135
967 137
967 138
967 143
967 182
967 199
967 201
967 206
967 263
967 327
967 334
967 390
967 391
967 519
967 583
967 647
967 711
967 775
967 839
967 846
967 903
967 1031
967 1095
967 1159
967 1161
968 37
968 404
968 558
968 727
968 776
968 840
968 904
968 1032
968 1096
968 1160
969 0
969 15
969 16
969 19
969 30
969 73
969 118
969 128
969 137
969 138
969 143
969 147
969 182
969 201
969 206
969 265
969 330
969 334
969 374
969 390
969 454
969 455
969 519
969 521
969 583
969 774
969 777
969 841
969 842
969 846
969 854
969 902
969 905
969 1030
969 1031
969 1033
969 1038
969 1094
969 1095
969 1097
969 1159
969 1161
969 1166
969 1206
969 1223
969 1225
970 778
970 842
970 906
970 1034
970 1098
970 1162
971 523
971 779
971 843
971 865
971 907
971 1035
971 1099
971 1126
971 1163
972 780
972 844
972 908
972 1036
972 1091
972 1100
972 1164
973 115
973 492
973 562
973 781
973 819
973 845
973 909
973 1037
973 1101
973 1165
974 782
974 846
974 910
974 1038
974 1102
974 1166
975 52
975 783
975 847
975 911
975 1039
975 1103
975 1155
975 1167
976 784
976 848
976 912
976 1040
976 1104
976 1168
977 508
977 785
977 849
977 913
977 957
977 1009
977 1041
977 1105
977 1169
977 1272
978 368
978 377
978 544
978 761
978 786
978 850
978 895
978 914
978 1042
978 1106
978 1170
979 787
979 851
979 915
979 1043
979 1107
979 1171
980 62
980 69
980 788
980 852
980 916
980 1044
980 1108
980 1172
981 633
981 789
981 853
981 917
981 1045
981 1109
981 1173
982 653
982 660
982 790
982 854
982 918
982 1046
982 1110
982 1174
983 375
983 378
983 791
983 855
983 919
983 1047
983 1111
983 1175
984 445
984 792
984 856
984 920
984 938
984 1048
984 1112
984 1176
985 311
985 793
985 817
985 857
985 921
985 1049
985 1113
985 1177
986 794
986 858
986 922
986 1050
986 1114
986 1178
987 795
987 859
987 923
987 1019
987 1051
987 1115
987 1179
988 529
988 796
988 860
988 875
988 924
988 1052
988 1116
988 1151
988 1180
989 124
989 797
989 861
989 925
989 1053
989 1117
989 1157
989 1181
990 714
990 723
990 798
990 862
990 926
990 1054
990 1118
990 1182
991 154
991 693
991 799
991 863
991 897
991 927
991 1055
991 1069
991 1119
991 1183
992 159
992 433
992 498
992 702
992 800
992 864
992 928
992 1056
992 1120
992 1184
993 72
993 681
993 801
993 865
993 929
993 1057
993 1121
993 1185
994 97
994 802
994 866
994 930
994 1058
994 1122
994 1186
995 27
995 678
995 803
995 867
995 931
995 1059
995 1123
995 1187
996 804
996 868
996 932
996 950
996 1060
996 1124
996 1188
997 48
997 446
997 805
997 869
997 933
997 1061
997 1125
997 1189
998 28
998 806
998 870
998 934
998 1062
998 1126
998 1190
999 441
999 807
999 835
999 871
999 935
999 1063
999 1127
999 1191
999 1258
1000 180
1000 808
1000 872
1000 916
1000 936
1000 1060
1000 1064
1000 1128
1000 1192
1001 194
1001 204
1001 325
1001 809
1001 873
1001 937
1001 1065
1001 1129
1001 1193
1001 1262
1002 152
1002 352
1002 432
1002 810
1002 858
1002 874
1002 938
1002 1066
1002 1130
1002 1194
1002 1241
1003 811
1003 875
1003 939
1003 1067
1003 1131
1003 1195
1004 505
1004 812
1004 876
1004 940
1004 1068
1004 1112
1004 1132
1004 1196
1005 51
1005 813
1005 877
1005 941
1005 1069
1005 1133
1005 1197
1006 814
1006 878
1006 942
1006 1070
1006 1134
1006 1198
1007 367
1007 525
1007 568
1007 815
1007 856
1007 879
1007 943
1007 1071
1007 1135
1007 1199
1008 816
1008 880
1008 944
1008 1072
1008 1114
1008 1136
1008 1200
1009 508
1009 817
1009 881
1009 945
1009 957
1009 977
1009 1073
1009 1137
1009 1201
1009 1272
1010 636
1010 818
1010 882
1010 939
1010 946
1010 1074
1010 1138
1010 1202
1011 819
1011 883
1011 947
1011 1075
1011 1139
1011 1203
1012 820
1012 884
1012 948
1012 1015
1012 1018
1012 1076
1012 1140
1012 1204
1013 354
1013 643
1013 821
1013 885
1013 949
1013 1016
1013 1063
1013 1077
1013 1141
1013 1205
1014 822
1014 886
1014 950
1014 1078
1014 1142
1014 1206
1015 823
1015 887
1015 951
1015 1012
1015 1018
1015 1079
1015 1143
1015 1207
1016 354
1016 643
1016 824
1016 888
1016 952
1016 1013
1016 1063
1016 1080
1016 1144
1016 1208
1017 337
1017 825
1017 889
1017 953
1017 1081
1017 1145
1017 1209
1017 1273
1018 826
1018 890
1018 954
1018 1012
1018 1015
1018 1082
1018 1146
1018 1210
1019 827
1019 891
1019 955
1019 987
1019 1083
1019 1147
1019 1211
1020 828
1020 892
1020 956
1020 1084
1020 1148
1020 1212
1021 828
1021 829
1021 893
1021 957
1021 1085
1021 1149
1021 1213
1022 597
1022 830
1022 894
1022 958
1022 1086
1022 1150
1022 1214
1023 760
1023 831
1023 895
1023 959
1023 1087
1023 1144
1023 1148
1023 1151
1023 1215
1024 832
1024 896
1024 960
1024 1088
1024 1152
1024 1216
1025 91
1025 322
1025 833
1025 897
1025 961
1025 1089
1025 1153
1025 1217
1026 276
1026 834
1026 898
1026 962
1026 1090
1026 1154
1026 1218
1027 260
1027 358
1027 467
1027 750
1027 835
1027 899
1027 963
1027 1091
1027 1155
1027 1219
1028 110
1028 836
1028 900
1028 964
1028 1092
1028 1156
1028 1220
1029 444
1029 709
1029 837
1029 901
1029 965
1029 1093
1029 1157
1029 1221
1030 0
1030 15
1030 16
1030 19
1030 30
1030 73
1030 118
1030 138
1030 201
1030 206
1030 265
1030 330
1030 334
1030 374
1030 390
1030 454
1030 455
1030 519
1030 521
1030 583
1030 774
1030 838
1030 841
1030 842
1030 846
1030 854
1030 902
1030 966
1030 969
1030 1031
1030 1038
1030 1094
1030 1095
1030 1158
1030 1159
1030 1161
1030 1166
1030 1206
1030 1222
1030 1223
1030 1225
1031 10
1031 19
1031 137
1031 138
1031 143
1031 182
1031 199
1031 201
1031 206
1031 263
1031 327
1031 334
1031 374
1031 390
1031 391
1031 454
1031 455
1031 519
1031 583
1031 647
1031 711
1031 774
1031 775
1031 839
1031 841
1031 846
1031 854
1031 902
1031 903
1031 967
1031 969
1031 1030
1031 1038
1031 1095
1031 1159
1031 1161
1031 1166
1031 1206
1031 1223
1031 1225
1032 61
1032 840
1032 904
1032 968
1032 1096
1032 1160
1032 1224
1033 6
1033 70
1033 134
1033 198
1033 262
1033 326
1033 393
1033 457
1033 518
1033 585
1033 646
1033 710
1033 777
1033 838
1033 841
1033 905
1033 966
1033 969
1033 1097
1033 1158
1033 1161
1033 1222
1033 1225
1034 842
1034 906
1034 970
1034 1098
1034 1162
1034 1226
1035 156
1035 677
1035 843
1035 907
1035 971
1035 1099
1035 1163
1035 1227
1036 844
1036 908
1036 972
1036 1100
1036 1164
1036 1177
1036 1228
1037 170
1037 224
1037 428
1037 551
1037 845
1037 909
1037 973
1037 1101
1037 1165
1037 1229
1038 0
1038 15
1038 16
1038 19
1038 30
1038 73
1038 118
1038 138
1038 182
1038 199
1038 201
1038 206
1038 263
1038 265
1038 334
1038 374
1038 390
1038 454
1038 455
1038 519
1038 521
1038 583
1038 774
1038 775
1038 841
1038 842
1038 846
1038 854
1038 902
1038 910
1038 969
1038 974
1038 1030
1038 1031
1038 1094
1038 1095
1038 1102
1038 1159
1038 1161
1038 1166
1038 1206
1038 1223
1038 1225
1038 1230
1039 847
1039 911
1039 975
1039 1103
1039 1104
1039 1167
1039 1231
1040 848
1040 912
1040 976
1040 1104
1040 1168
1040 1232
1041 252
1041 281
1041 607
1041 735
1041 849
1041 913
1041 977
1041 1105
1041 1169
1041 1233
1041 1263
1042 637
1042 850
1042 914
1042 978
1042 1106
1042 1170
1042 1234
1043 174
1043 851
1043 915
1043 979
1043 1107
1043 1171
1043 1235
1044 196
1044 852
1044 904
1044 916
1044 980
1044 1108
1044 1172
1044 1236
1045 123
1045 628
1045 853
1045 917
1045 981
1045 1109
1045 1135
1045 1173
1045 1237
1045 1269
1046 854
1046 918
1046 982
1046 1110
1046 1174
1046 1238
1047 855
1047 919
1047 983
1047 1111
1047 1175
1047 1239
1047 1259
1048 683
1048 856
1048 920
1048 984
1048 1112
1048 1176
1048 1240
1049 341
1049 857
1049 921
1049 985
1049 1113
1049 1177
1049 1241
1050 362
1050 613
1050 858
1050 922
1050 986
1050 1114
1050 1178
1050 1242
1051 157
1051 340
1051 449
1051 686
1051 859
1051 923
1051 987
1051 1115
1051 1179
1051 1243
1052 860
1052 924
1052 988
1052 1116
1052 1180
1052 1244
1053 861
1053 925
1053 989
1053 1117
1053 1181
1053 1245
1054 425
1054 862
1054 926
1054 990
1054 1118
1054 1182
1054 1246
1055 247
1055 305
1055 863
1055 887
1055 927
1055 944
1055 946
1055 991
1055 1083
1055 1119
1055 1183
1055 1247
1056 698
1056 864
1056 928
1056 992
1056 1120
1056 1184
1056 1248
1057 250
1057 833
1057 865
1057 929
1057 993
1057 1121
1057 1185
1057 1245
1057 1249
1058 617
1058 717
1058 834
1058 866
1058 930
1058 994
1058 1122
1058 1186
1058 1189
1058 1250
1059 867
1059 931
1059 995
1059 1068
1059 1123
1059 1187
1059 1251
1060 180
1060 868
1060 916
1060 932
1060 996
1060 1000
1060 1124
1060 1188
1060 1252
1061 434
1061 869
1061 933
1061 997
1061 1125
1061 1189
1061 1253
1062 294
1062 870
1062 879
1062 934
1062 998
1062 1126
1062 1190
1062 1254
1063 354
1063 643
1063 871
1063 935
1063 999
1063 1013
1063 1016
1063 1127
1063 1191
1063 1255
1064 8
1064 872
1064 936
1064 1000
1064 1128
1064 1192
1064 1256
1065 873
1065 937
1065 1001
1065 1129
1065 1193
1065 1257
1066 874
1066 938
1066 961
1066 1002
1066 1130
1066 1175
1066 1194
1066 1258
1067 875
1067 939
1067 1003
1067 1131
1067 1195
1067 1259
1068 876
1068 940
1068 1004
1068 1059
1068 1132
1068 1196
1068 1260
1069 154
1069 693
1069 877
1069 897
1069 941
1069 991
1069 1005
1069 1133
1069 1197
1069 1261
1070 852
1070 878
1070 942
1070 1006
1070 1134
1070 1198
1070 1262
1071 520
1071 879
1071 943
1071 1007
1071 1135
1071 1199
1071 1263
1072 880
1072 944
1072 1008
1072 1136
1072 1200
1072 1264
1073 88
1073 618
1073 820
1073 881
1073 943
1073 945
1073 1009
1073 1137
1073 1201
1073 1265
1074 298
1074 882
1074 931
1074 946
1074 1010
1074 1116
1074 1138
1074 1202
1074 1266
1075 453
1075 593
1075 883
1075 947
1075 1011
1075 1139
1075 1203
1075 1267
1076 864
1076 884
1076 948
1076 1012
1076 1140
1076 1204
1076 1268
1077 18
1077 724
1077 885
1077 949
1077 1013
1077 1141
1077 1205
1077 1236
1077 1269
1078 886
1078 950
1078 1014
1078 1142
1078 1206
1078 1270
1079 887
1079 951
1079 1015
1079 1143
1079 1207
1079 1271
1080 648
1080 754
1080 888
1080 952
1080 1016
1080 1144
1080 1208
1080 1272
1081 35
1081 889
1081 953
1081 1017
1081 1145
1081 1209
1081 1273
1082 229
1082 245
1082 866
1082 890
1082 935
1082 954
1082 1018
1082 1146
1082 1210
1082 1274
1083 247
1083 305
1083 887
1083 891
1083 944
1083 946
1083 955
1083 1019
1083 1055
1083 1147
1083 1211
1083 1275
1084 539
1084 892
1084 956
1084 1020
1084 1148
1084 1209
1084 1212
1084 1276
1085 497
1085 893
1085 957
1085 1021
1085 1149
1085 1179
1085 1213
1085 1277
1086 234
1086 308
1086 443
1086 894
1086 956
1086 958
1086 1022
1086 1150
1086 1214
1086 1275
1086 1278
1087 895
1087 917
1087 959
1087 1023
1087 1136
1087 1151
1087 1215
1087 1279
1088 656
1088 896
1088 960
1088 1024
1088 1152
1088 1216
1088 1229
1089 93
1089 459
1089 897
1089 961
1089 1025
1089 1153
1089 1217
1090 31
1090 545
1090 898
1090 962
1090 1026
1090 1154
1090 1218
1091 899
1091 963
1091 972
1091 1027
1091 1155
1091 1219
1092 397
1092 900
1092 964
1092 1028
1092 1156
1092 1220
1093 186
1093 802
1093 901
1093 965
1093 1029
1093 1157
1093 1221
1094 15
1094 30
1094 128
1094 147
1094 265
1094 330
1094 334
1094 374
1094 454
1094 455
1094 502
1094 519
1094 521
1094 582
1094 583
1094 649
1094 713
1094 774
1094 790
1094 841
1094 842
1094 846
1094 854
1094 902
1094 966
1094 969
1094 1030
1094 1038
1094 1110
1094 1158
1094 1166
1094 1206
1094 1222
1094 1223
1094 1225
1094 1270
1095 10
1095 14
1095 137
1095 143
1095 199
1095 201
1095 206
1095 263
1095 327
1095 334
1095 390
1095 391
1095 455
1095 519
1095 583
1095 647
1095 711
1095 775
1095 839
1095 841
1095 846
1095 854
1095 903
1095 967
1095 969
1095 1030
1095 1031
1095 1038
1095 1159
1095 1161
1095 1166
1095 1223
1096 359
1096 904
1096 968
1096 1032
1096 1160
1096 1224
1097 6
1097 70
1097 134
1097 198
1097 262
1097 326
1097 393
1097 457
1097 518
1097 585
1097 646
1097 710
1097 777
1097 838
1097 905
1097 966
1097 969
1097 1033
1097 1158
1097 1161
1097 1222
1097 1225
1098 576
1098 906
1098 970
1098 1034
1098 1162
1098 1226
1099 452
1099 907
1099 971
1099 1035
1099 1163
1099 1227
1100 24
1100 409
1100 908
1100 972
1100 1036
1100 1164
1100 1228
1101 506
1101 909
1101 973
1101 1037
1101 1165
1101 1229
1102 910
1102 974
1102 1038
1102 1166
1102 1230
1103 694
1103 911
1103 975
1103 1039
1103 1167
1103 1231
1104 912
1104 976
1104 1039
1104 1040
1104 1168
1104 1232
1105 323
1105 554
1105 913
1105 977
1105 1041
1105 1169
1105 1233
1106 914
1106 978
1106 1042
1106 1170
1106 1234
1107 314
1107 862
1107 915
1107 979
1107 1043
1107 1171
1107 1235
1108 916
1108 980
1108 1044
1108 1172
1108 1236
1109 369
1109 917
1109 981
1109 1045
1109 1173
1109 1211
1109 1237
1110 265
1110 329
1110 330
1110 502
1110 521
1110 582
1110 649
1110 713
1110 774
1110 790
1110 842
1110 902
1110 918
1110 982
1110 1046
1110 1094
1110 1174
1110 1223
1110 1238
1110 1270
1111 813
1111 919
1111 983
1111 1047
1111 1175
1111 1239
1112 505
1112 920
1112 984
1112 1004
1112 1048
1112 1176
1112 1240
1113 921
1113 985
1113 1049
1113 1123
1113 1177
1113 1241
1114 922
1114 986
1114 1008
1114 1050
1114 1178
1114 1242
1115 89
1115 413
1115 666
1115 923
1115 987
1115 1051
1115 1179
1115 1243
1116 298
1116 924
1116 931
1116 988
1116 1052
1116 1074
1116 1180
1116 1244
1117 746
1117 894
1117 925
1117 989
1117 1053
1117 1173
1117 1181
1117 1245
1118 626
1118 926
1118 990
1118 1054
1118 1182
1118 1246
1119 632
1119 850
1119 927
1119 991
1119 1055
1119 1183
1119 1247
1119 1249
1120 571
1120 928
1120 992
1120 1056
1120 1184
1120 1248
1121 392
1121 581
1121 587
1121 929
1121 993
1121 1057
1121 1185
1121 1249
1121 1265
1122 673
1122 872
1122 929
1122 930
1122 994
1122 1058
1122 1186
1122 1250
1123 931
1123 995
1123 1059
1123 1113
1123 1187
1123 1251
1124 932
1124 996
1124 1060
1124 1188
1124 1252
1125 882
1125 919
1125 933
1125 997
1125 1061
1125 1189
1125 1253
1126 523
1126 865
1126 934
1126 971
1126 998
1126 1062
1126 1190
1126 1254
1127 21
1127 472
1127 756
1127 935
1127 999
1127 1063
1127 1191
1127 1255
1128 547
1128 936
1128 1000
1128 1064
1128 1192
1128 1256
1129 187
1129 225
1129 826
1129 937
1129 1001
1129 1065
1129 1193
1129 1217
1129 1257
1130 616
1130 629
1130 938
1130 1002
1130 1066
1130 1194
1130 1258
1131 474
1131 510
1131 665
1131 939
1131 1003
1131 1067
1131 1180
1131 1195
1131 1202
1131 1259
1132 940
1132 945
1132 1004
1132 1068
1132 1196
1132 1203
1132 1260
1133 290
1133 504
1133 577
1133 941
1133 1005
1133 1069
1133 1197
1133 1261
1134 168
1134 742
1134 942
1134 1006
1134 1070
1134 1198
1134 1262
1135 123
1135 628
1135 943
1135 1007
1135 1045
1135 1071
1135 1199
1135 1263
1135 1269
1136 917
1136 944
1136 1008
1136 1072
1136 1087
1136 1200
1136 1264
1137 945
1137 1009
1137 1073
1137 1201
1137 1210
1137 1265
1138 412
1138 471
1138 532
1138 604
1138 946
1138 1010
1138 1074
1138 1202
1138 1266
1139 631
1139 947
1139 1011
1139 1075
1139 1203
1139 1267
1139 1274
1140 864
1140 948
1140 1012
1140 1076
1140 1204
1140 1268
1141 385
1141 949
1141 1013
1141 1077
1141 1205
1141 1269
1142 950
1142 1014
1142 1078
1142 1206
1142 1270
1143 296
1143 480
1143 891
1143 951
1143 1015
1143 1079
1143 1207
1143 1271
1144 760
1144 952
1144 1016
1144 1023
1144 1080
1144 1148
1144 1208
1144 1272
1145 360
1145 794
1145 953
1145 1017
1145 1081
1145 1176
1145 1201
1145 1209
1145 1273
1146 954
1146 1018
1146 1082
1146 1210
1146 1274
1147 172
1147 306
1147 500
1147 955
1147 1019
1147 1083
1147 1211
1147 1275
1148 760
1148 956
1148 1020
1148 1023
1148 1084
1148 1144
1148 1212
1148 1276
1149 401
1149 957
1149 1021
1149 1085
1149 1213
1149 1277
1150 85
1150 958
1150 1022
1150 1086
1150 1214
1150 1277
1150 1278
1151 529
1151 875
1151 959
1151 988
1151 1023
1151 1087
1151 1215
1151 1279
1152 960
1152 1024
1152 1088
1152 1216
1153 961
1153 1025
1153 1089
1153 1217
1154 242
1154 343
1154 364
1154 682
1154 962
1154 1026
1154 1090
1154 1218
1155 52
1155 963
1155 975
1155 1027
1155 1091
1155 1219
1156 964
1156 1028
1156 1092
1156 1220
1157 124
1157 965
1157 989
1157 1029
1157 1093
1157 1221
1158 6
1158 70
1158 134
1158 198
1158 262
1158 326
1158 393
1158 457
1158 518
1158 585
1158 646
1158 710
1158 777
1158 838
1158 905
1158 966
1158 1030
1158 1033
1158 1094
1158 1097
1158 1222
1159 10
1159 137
1159 143
1159 199
1159 201
1159 206
1159 263
1159 327
1159 334
1159 374
1159 390
1159 391
1159 454
1159 455
1159 519
1159 583
1159 647
1159 711
1159 775
1159 839
1159 841
1159 846
1159 854
1159 903
1159 967
1159 969
1159 1030
1159 1031
1159 1038
1159 1095
1159 1161
1159 1166
1159 1206
1159 1223
1159 1225
1160 285
1160 621
1160 968
1160 1032
1160 1096
1160 1224
1161 10
1161 14
1161 137
1161 143
1161 199
1161 201
1161 206
1161 263
1161 327
1161 334
1161 390
1161 391
1161 454
1161 455
1161 519
1161 583
1161 647
1161 711
1161 775
1161 839
1161 841
1161 846
1161 854
1161 903
1161 967
1161 969
1161 1030
1161 1031
1161 1033
1161 1038
1161 1095
1161 1097
1161 1159
1161 1166
1161 1206
1161 1225
1162 970
1162 1034
1162 1098
1162 1226
1163 12
1163 181
1163 411
1163 657
1163 971
1163 1035
1163 1099
1163 1227
1164 44
1164 45
1164 361
1164 366
1164 972
1164 1036
1164 1100
1164 1228
1165 430
1165 798
1165 973
1165 1037
1165 1101
1165 1229
1166 0
1166 15
1166 16
1166 19
1166 30
1166 73
1166 118
1166 138
1166 330
1166 334
1166 374
1166 390
1166 454
1166 455
1166 519
1166 521
1166 583
1166 774
1166 841
1166 842
1166 846
1166 854
1166 902
1166 969
1166 974
1166 1030
1166 1031
1166 1038
1166 1094
1166 1095
1166 1102
1166 1159
1166 1161
1166 1206
1166 1223
1166 1225
1166 1230
1167 205
1167 258
1167 975
1167 1039
1167 1103
1167 1231
1168 976
1168 1040
1168 1104
1168 1232
1169 451
1169 479
1169 499
1169 688
1169 977
1169 1041
1169 1105
1169 1233
1170 776
1170 951
1170 978
1170 1042
1170 1106
1170 1234
1171 979
1171 1043
1171 1107
1171 1235
1172 42
1172 228
1172 928
1172 980
1172 1044
1172 1108
1172 1236
1173 746
1173 894
1173 981
1173 1045
1173 1109
1173 1117
1173 1237
1174 911
1174 982
1174 1046
1174 1110
1174 1238
1175 961
1175 983
1175 1047
1175 1066
1175 1111
1175 1239
1176 360
1176 794
1176 984
1176 1048
1176 1112
1176 1145
1176 1201
1176 1240
1177 985
1177 1036
1177 1049
1177 1113
1177 1241
1178 725
1178 986
1178 1050
1178 1114
1178 1242
1179 497
1179 987
1179 1051
1179 1085
1179 1115
1179 1243
1180 474
1180 510
1180 665
1180 988
1180 1052
1180 1116
1180 1131
1180 1202
1180 1244
1181 989
1181 1053
1181 1117
1181 1245
1182 990
1182 1054
1182 1118
1182 1246
1183 111
1183 652
1183 991
1183 1055
1183 1119
1183 1247
1184 102
1184 232
1184 501
1184 992
1184 1056
1184 1120
1184 1248
1185 114
1185 993
1185 1057
1185 1121
1185 1249
1186 994
1186 1058
1186 1122
1186 1250
1187 76
1187 514
1187 995
1187 1059
1187 1123
1187 1251
1188 58
1188 169
1188 996
1188 1060
1188 1124
1188 1252
1189 617
1189 717
1189 834
1189 997
1189 1058
1189 1061
1189 1125
1189 1253
1190 56
1190 66
1190 531
1190 743
1190 998
1190 1062
1190 1126
1190 1254
1191 809
1191 952
1191 999
1191 1063
1191 1127
1191 1255
1192 376
1192 1000
1192 1064
1192 1128
1192 1256
1193 233
1193 1001
1193 1065
1193 1129
1193 1257
1194 410
1194 1002
1194 1066
1194 1130
1194 1258
1195 318
1195 722
1195 1003
1195 1067
1195 1131
1195 1259
1196 436
1196 573
1196 1004
1196 1068
1196 1132
1196 1260
1197 324
1197 1005
1197 1069
1197 1133
1197 1261
1198 309
1198 1006
1198 1070
1198 1134
1198 1262
1199 1007
1199 1071
1199 1135
1199 1263
1200 197
1200 1008
1200 1072
1200 1136
1200 1264
1201 360
1201 794
1201 1009
1201 1073
1201 1137
1201 1145
1201 1176
1201 1265
1202 474
1202 510
1202 665
1202 1010
1202 1074
1202 1131
1202 1138
1202 1180
1202 1266
1203 945
1203 1011
1203 1075
1203 1132
1203 1139
1203 1267
1204 108
1204 243
1204 475
1204 634
1204 691
1204 830
1204 959
1204 1012
1204 1076
1204 1140
1204 1247
1204 1268
1205 1013
1205 1077
1205 1141
1205 1269
1206 0
1206 15
1206 16
1206 19
1206 30
1206 73
1206 118
1206 138
1206 330
1206 334
1206 374
1206 390
1206 454
1206 455
1206 519
1206 521
1206 583
1206 713
1206 774
1206 841
1206 842
1206 846
1206 854
1206 902
1206 969
1206 1014
1206 1030
1206 1031
1206 1038
1206 1078
1206 1094
1206 1142
1206 1159
1206 1161
1206 1166
1206 1223
1206 1225
1206 1270
1207 557
1207 1015
1207 1079
1207 1143
1207 1271
1208 209
1208 1016
1208 1080
1208 1144
1208 1272
1209 539
1209 1017
1209 1081
1209 1084
1209 1145
1209 1273
1210 1018
1210 1082
1210 1137
1210 1146
1210 1274
1211 369
1211 1019
1211 1083
1211 1109
1211 1147
1211 1275
1212 668
1212 737
1212 801
1212 1020
1212 1084
1212 1148
1212 1276
1213 791
1213 1021
1213 1085
1213 1149
1213 1277
1214 424
1214 831
1214 853
1214 1022
1214 1086
1214 1150
1214 1278
1215 370
1215 481
1215 1023
1215 1087
1215 1151
1215 1279
1216 1024
1216 1088
1216 1152
1217 187
1217 225
1217 826
1217 1025
1217 1089
1217 1129
1217 1153
1218 1026
1218 1090
1218 1154
1219 1027
1219 1091
1219 1155
1220 964
1220 1028
1220 1092
1220 1156
1221 131
1221 153
1221 184
1221 599
1221 1029
1221 1093
1221 1157
1222 6
1222 70
1222 134
1222 198
1222 262
1222 326
1222 393
1222 457
1222 518
1222 585
1222 646
1222 710
1222 777
1222 838
1222 905
1222 966
1222 1030
1222 1033
1222 1094
1222 1097
1222 1158
1223 15
1223 30
1223 73
1223 128
1223 374
1223 454
1223 455
1223 502
1223 519
1223 521
1223 582
1223 583
1223 649
1223 713
1223 774
1223 790
1223 841
1223 842
1223 846
1223 854
1223 902
1223 969
1223 1030
1223 1031
1223 1038
1223 1094
1223 1095
1223 1110
1223 1159
1223 1166
1223 1206
1223 1225
1223 1270
1224 1032
1224 1096
1224 1160
1225 0
1225 15
1225 16
1225 30
1225 73
1225 118
1225 128
1225 374
1225 390
1225 454
1225 455
1225 519
1225 521
1225 583
1225 713
1225 774
1225 841
1225 842
1225 846
1225 854
1225 902
1225 969
1225 1030
1225 1031
1225 1033
1225 1038
1225 1094
1225 1097
1225 1159
1225 1161
1225 1166
1225 1206
1225 1223
1226 1034
1226 1098
1226 1162
1227 1035
1227 1099
1227 1163
1228 552
1228 679
1228 1036
1228 1100
1228 1164
1228 1250
1229 656
1229 1037
1229 1088
1229 1101
1229 1165
1230 704
1230 1038
1230 1102
1230 1166
1231 1039
1231 1103
1231 1167
1232 139
1232 1040
1232 1104
1232 1168
1233 99
1233 1041
1233 1105
1233 1169
1234 535
1234 885
1234 1042
1234 1106
1234 1170
1234 1253
1235 1043
1235 1107
1235 1171
1236 18
1236 724
1236 1044
1236 1077
1236 1108
1236 1172
1237 319
1237 664
1237 1045
1237 1109
1237 1173
1238 329
1238 502
1238 521
1238 582
1238 649
1238 713
1238 790
1238 842
1238 1046
1238 1110
1238 1174
1238 1270
1239 126
1239 796
1239 1047
1239 1111
1239 1175
1240 575
1240 1048
1240 1112
1240 1176
1241 152
1241 352
1241 432
1241 858
1241 1002
1241 1049
1241 1113
1241 1177
1242 955
1242 1050
1242 1114
1242 1178
1242 1260
1243 1051
1243 1115
1243 1179
1244 165
1244 1052
1244 1116
1244 1180
1245 250
1245 833
1245 1053
1245 1057
1245 1117
1245 1181
1246 1054
1246 1118
1246 1182
1247 108
1247 243
1247 475
1247 634
1247 691
1247 830
1247 959
1247 1055
1247 1119
1247 1183
1247 1204
1248 478
1248 1056
1248 1120
1248 1184
1249 632
1249 850
1249 1057
1249 1119
1249 1121
1249 1185
1250 552
1250 679
1250 1058
1250 1122
1250 1186
1250 1228
1251 530
1251 619
1251 733
1251 1059
1251 1123
1251 1187
1252 719
1252 1060
1252 1124
1252 1188
1253 535
1253 885
1253 1061
1253 1125
1253 1189
1253 1234
1254 1062
1254 1126
1254 1190
1255 300
1255 570
1255 1063
1255 1127
1255 1191
1256 5
1256 1064
1256 1128
1256 1192
1257 1065
1257 1129
1257 1193
1258 441
1258 835
1258 999
1258 1066
1258 1130
1258 1194
1259 1047
1259 1067
1259 1131
1259 1195
1260 955
1260 1068
1260 1132
1260 1196
1260 1242
1261 804
1261 1069
1261 1133
1261 1197
1262 194
1262 204
1262 325
1262 1001
1262 1070
1262 1134
1262 1198
1263 252
1263 281
1263 607
1263 735
1263 1041
1263 1071
1263 1135
1263 1199
1264 766
1264 1072
1264 1136
1264 1200
1265 392
1265 581
1265 587
1265 1073
1265 1121
1265 1137
1265 1201
1266 57
1266 426
1266 965
1266 1074
1266 1138
1266 1202
1267 189
1267 561
1267 923
1267 1075
1267 1139
1267 1203
1268 1076
1268 1140
1268 1204
1269 123
1269 628
1269 1045
1269 1077
1269 1135
1269 1141
1269 1205
1270 265
1270 330
1270 454
1270 502
1270 521
1270 582
1270 649
1270 713
1270 774
1270 790
1270 842
1270 902
1270 1078
1270 1094
1270 1110
1270 1142
1270 1206
1270 1223
1270 1238
1271 288
1271 1079
1271 1143
1271 1207
1272 508
1272 957
1272 977
1272 1009
1272 1080
1272 1144
1272 1208
1273 337
1273 953
1273 1017
1273 1081
1273 1145
1273 1209
1274 631
1274 1082
1274 1139
1274 1146
1274 1210
1275 234
1275 308
1275 443
1275 956
1275 1083
1275 1086
1275 1147
1275 1211
1276 1084
1276 1148
1276 1212
1277 85
1277 1085
1277 1149
1277 1150
1277 1213
1278 825
1278 1086
1278 1150
1278 1214
1279 255
1279 1087
1279 1151
1279 1215
