0 10
0 19
0 54
0 64
0 128
0 137
0 192
0 202
0 206
0 246
0 326
0 327
0 374
0 391
0 393
0 454
0 455
0 521
0 585
0 646
0 662
0 713
0 714
0 718
0 726
0 774
0 841
0 966
0 1095
0 1097
1 65
1 129
1 193
1 333
2 66
2 130
2 164
2 194
2 1277
3 25
3 56
3 67
3 131
3 195
3 471
3 1093
4 68
4 132
4 196
4 1231
5 69
5 133
5 197
5 651
6 70
6 134
6 198
6 265
6 329
6 390
6 457
6 518
6 582
6 649
6 710
6 777
6 838
6 905
6 969
6 1030
6 1094
6 1158
6 1222
7 9
7 71
7 78
7 135
7 199
7 263
7 519
7 583
7 647
7 711
7 775
7 839
7 1159
8 72
8 129
8 136
8 200
8 806
9 7
9 10
9 15
9 54
9 71
9 73
9 78
9 135
9 137
9 199
9 201
9 206
9 262
9 263
9 327
9 391
9 455
9 519
9 583
9 647
9 711
9 713
9 718
9 726
9 775
9 839
9 841
9 903
9 967
9 1031
9 1033
9 1161
9 1166
9 1174
9 1223
9 1225
9 1230
10 0
10 9
10 15
10 54
10 71
10 73
10 74
10 78
10 135
10 138
10 202
10 206
10 246
10 262
10 326
10 327
10 391
10 393
10 455
10 646
10 647
10 711
10 713
10 718
10 726
10 774
10 839
10 841
10 902
10 903
10 910
10 1038
10 1078
10 1162
10 1171
10 1206
10 1230
11 75
11 139
11 203
11 1104
12 76
12 140
12 147
12 204
13 77
13 141
13 161
13 205
13 349
14 78
14 142
14 206
14 1153
14 1160
15 9
15 10
15 54
15 71
15 73
15 78
15 79
15 135
15 143
15 199
15 206
15 207
15 246
15 262
15 263
15 326
15 327
15 391
15 455
15 519
15 583
15 646
15 647
15 711
15 713
15 718
15 726
15 774
15 775
15 839
15 841
15 903
15 967
15 1031
15 1033
15 1162
15 1166
15 1171
15 1174
15 1223
15 1225
15 1230
16 80
16 144
16 208
17 55
17 81
17 145
17 209
18 82
18 146
18 210
18 385
18 780
18 1178
19 0
19 83
19 137
19 147
19 202
19 211
19 246
19 326
19 327
19 374
19 393
19 454
19 521
19 585
19 646
19 662
19 713
19 714
19 774
19 841
19 966
20 84
20 148
20 212
20 1170
21 85
21 149
21 213
21 539
21 794
22 86
22 150
22 214
23 87
23 151
23 215
24 88
24 152
24 216
24 224
24 304
24 730
24 874
24 1113
25 3
25 56
25 89
25 153
25 217
25 471
25 1093
26 90
26 154
26 218
26 565
26 769
26 863
26 941
27 91
27 155
27 219
27 481
28 92
28 156
28 220
28 549
28 907
28 1276
29 93
29 157
29 212
29 221
29 321
29 558
29 923
29 1164
29 1190
30 94
30 158
30 222
31 95
31 159
31 223
31 305
31 370
31 574
31 864
32 96
32 160
32 224
33 97
33 161
33 225
34 98
34 162
34 226
35 99
35 163
35 227
36 100
36 164
36 228
36 237
37 101
37 165
37 229
37 1116
38 102
38 142
38 166
38 230
39 103
39 155
39 167
39 231
39 679
40 104
40 168
40 232
40 614
40 1006
41 105
41 169
41 233
41 1060
42 96
42 106
42 170
42 234
42 300
42 423
42 909
43 107
43 171
43 235
43 739
43 1195
44 108
44 172
44 178
44 236
44 372
44 1019
45 109
45 173
45 237
46 110
46 174
46 238
46 915
47 111
47 175
47 239
48 107
48 112
48 176
48 240
48 368
48 764
49 113
49 165
49 177
49 241
49 709
49 1269
50 114
50 178
50 242
51 115
51 179
51 243
51 362
51 409
52 116
52 180
52 244
52 788
52 872
52 932
53 117
53 181
53 245
53 283
53 529
53 1035
54 0
54 9
54 10
54 15
54 71
54 73
54 78
54 118
54 135
54 182
54 199
54 206
54 246
54 262
54 263
54 326
54 327
54 391
54 455
54 646
54 647
54 711
54 713
54 718
54 726
54 774
54 839
54 841
54 903
54 910
54 1162
54 1171
54 1230
55 17
55 119
55 183
55 247
56 3
56 25
56 120
56 184
56 248
56 471
56 1093
57 121
57 185
57 249
58 122
58 186
58 250
58 674
58 965
59 97
59 123
59 187
59 251
59 698
59 1001
59 1089
59 1259
60 124
60 188
60 252
60 543
61 125
61 189
61 253
61 433
61 795
61 1139
61 1214
62 126
62 190
62 254
62 439
62 645
63 127
63 191
63 255
63 1263
64 0
64 128
64 192
64 256
65 1
65 129
65 193
65 257
65 345
65 461
65 513
66 2
66 76
66 130
66 194
66 197
66 258
66 873
66 1134
67 3
67 131
67 195
67 259
68 4
68 132
68 196
68 260
68 776
68 916
69 5
69 133
69 197
69 261
69 1072
70 6
70 134
70 198
70 262
70 265
70 329
70 390
70 457
70 518
70 582
70 649
70 710
70 777
70 838
70 905
70 969
70 1030
70 1094
70 1158
70 1222
71 7
71 9
71 10
71 15
71 54
71 73
71 78
71 135
71 199
71 206
71 262
71 263
71 327
71 391
71 455
71 519
71 583
71 647
71 711
71 713
71 718
71 726
71 775
71 839
71 903
71 910
71 967
71 1031
71 1033
71 1161
71 1166
71 1174
71 1223
71 1225
71 1230
72 8
72 98
72 136
72 200
72 264
72 577
72 643
73 9
73 10
73 15
73 54
73 71
73 78
73 135
73 137
73 199
73 201
73 206
73 246
73 262
73 263
73 265
73 326
73 327
73 391
73 455
73 519
73 583
73 646
73 647
73 711
73 713
73 718
73 726
73 774
73 775
73 839
73 841
73 902
73 903
73 910
73 967
73 1031
73 1033
73 1162
73 1166
73 1171
73 1225
73 1230
74 10
74 138
74 202
74 266
75 11
75 139
75 203
75 267
75 1157
76 12
76 66
76 140
76 197
76 204
76 268
76 873
76 1134
77 13
77 130
77 141
77 205
77 269
77 1039
78 7
78 9
78 10
78 14
78 15
78 54
78 71
78 73
78 135
78 142
78 199
78 206
78 262
78 263
78 270
78 326
78 327
78 391
78 455
78 519
78 583
78 647
78 711
78 713
78 718
78 726
78 775
78 839
78 841
78 902
78 903
78 910
78 967
78 1031
78 1033
78 1162
78 1166
78 1174
78 1223
78 1225
78 1230
79 15
79 143
79 207
79 271
80 16
80 144
80 208
80 272
81 17
81 145
81 209
81 273
81 1080
82 18
82 146
82 210
82 274
83 19
83 147
83 211
83 275
84 20
84 148
84 212
84 276
85 21
85 88
85 149
85 200
85 213
85 277
85 311
85 355
85 552
85 620
86 22
86 150
86 214
86 278
87 23
87 151
87 215
87 245
87 279
87 802
88 24
88 85
88 152
88 200
88 216
88 280
88 311
88 355
88 552
88 620
89 25
89 153
89 159
89 217
89 235
89 281
89 383
90 26
90 154
90 218
90 282
90 639
91 27
91 155
91 219
91 283
92 28
92 156
92 220
92 284
92 731
93 29
93 157
93 221
93 252
93 285
93 381
93 418
93 1248
94 30
94 158
94 222
94 286
95 31
95 159
95 223
95 287
96 32
96 42
96 160
96 224
96 288
96 300
96 423
96 909
97 33
97 59
97 161
97 225
97 289
97 698
97 1001
97 1089
97 1259
98 34
98 72
98 162
98 226
98 290
98 577
98 643
99 35
99 163
99 175
99 227
99 291
99 796
99 1273
100 36
100 164
100 228
100 292
100 800
100 1044
100 1244
101 37
101 117
101 165
101 229
101 293
101 738
101 807
101 954
102 38
102 166
102 230
102 294
103 39
103 167
103 231
103 293
103 295
103 578
104 40
104 168
104 232
104 296
104 373
104 1056
105 41
105 169
105 233
105 297
105 1065
106 42
106 170
106 180
106 234
106 298
106 315
106 828
106 958
106 1147
107 43
107 48
107 171
107 235
107 299
107 368
107 764
108 44
108 172
108 236
108 300
108 472
109 45
109 173
109 237
109 301
109 320
109 787
110 46
110 174
110 238
110 302
111 47
111 175
111 239
111 303
112 48
112 176
112 240
112 304
112 436
112 755
112 756
113 49
113 177
113 241
113 305
114 50
114 178
114 215
114 236
114 242
114 306
114 554
114 1026
115 51
115 179
115 243
115 307
115 347
115 506
115 563
115 702
115 831
115 1076
115 1119
115 1258
116 52
116 180
116 244
116 308
116 1199
117 53
117 101
117 181
117 245
117 309
117 738
117 807
117 954
118 54
118 182
118 246
118 310
118 719
119 55
119 177
119 183
119 247
119 311
119 759
119 816
119 818
119 927
119 955
120 56
120 184
120 205
120 248
120 312
120 1265
121 57
121 185
121 249
121 313
122 58
122 186
122 250
122 314
122 705
122 929
122 1117
122 1191
123 59
123 187
123 251
123 315
124 60
124 153
124 188
124 252
124 316
124 479
124 607
124 913
124 1135
125 61
125 189
125 253
125 317
125 600
125 604
126 62
126 190
126 254
126 318
127 63
127 191
127 255
127 319
127 1151
128 0
128 64
128 192
128 256
128 320
129 1
129 8
129 65
129 193
129 257
129 321
129 806
130 2
130 66
130 77
130 194
130 258
130 322
130 1039
131 3
131 67
131 195
131 259
131 323
131 557
132 4
132 68
132 196
132 230
132 260
132 324
132 339
132 622
132 899
133 5
133 69
133 197
133 243
133 261
133 274
133 325
134 6
134 70
134 198
134 262
134 265
134 326
134 329
134 390
134 457
134 518
134 582
134 649
134 710
134 777
134 838
134 905
134 969
134 1030
134 1094
134 1158
134 1222
135 7
135 9
135 10
135 15
135 54
135 71
135 73
135 78
135 199
135 206
135 262
135 263
135 327
135 391
135 455
135 519
135 583
135 647
135 711
135 713
135 718
135 726
135 775
135 839
135 903
135 910
135 967
135 1031
135 1033
135 1161
135 1166
135 1174
135 1223
135 1225
136 8
136 72
136 200
136 264
136 328
136 437
137 0
137 9
137 19
137 73
137 201
137 202
137 246
137 265
137 326
137 329
137 374
137 393
137 454
137 521
137 585
137 646
137 662
137 713
137 714
137 774
137 841
137 902
137 910
137 966
137 982
137 1142
138 10
138 74
138 202
138 266
138 330
139 11
139 75
139 203
139 267
139 331
140 12
140 76
140 204
140 268
140 332
141 13
141 77
141 205
141 269
141 286
141 333
142 14
142 38
142 78
142 206
142 270
142 334
143 15
143 79
143 207
143 271
143 335
144 16
144 80
144 208
144 272
144 336
145 17
145 81
145 209
145 273
145 337
146 18
146 82
146 210
146 274
146 338
147 12
147 19
147 83
147 211
147 275
147 339
148 20
148 84
148 212
148 276
148 340
148 898
149 21
149 85
149 213
149 277
149 299
149 341
149 410
149 785
150 22
150 86
150 214
150 278
150 342
151 23
151 87
151 215
151 279
151 343
152 24
152 88
152 216
152 280
152 344
152 499
153 25
153 89
153 124
153 217
153 281
153 345
153 479
153 607
153 913
153 1135
154 26
154 90
154 218
154 282
154 346
154 432
154 701
154 748
155 27
155 39
155 91
155 219
155 283
155 347
155 679
156 28
156 92
156 220
156 284
156 348
156 561
157 29
157 93
157 221
157 285
157 349
157 493
157 1032
158 30
158 94
158 222
158 286
158 350
159 31
159 89
159 95
159 223
159 235
159 287
159 351
159 383
160 32
160 96
160 224
160 288
160 352
160 1143
161 13
161 33
161 97
161 225
161 289
161 349
161 353
162 34
162 98
162 226
162 290
162 354
162 376
162 449
162 1005
163 35
163 99
163 227
163 291
163 355
164 2
164 36
164 100
164 228
164 292
164 356
164 1277
165 37
165 49
165 101
165 229
165 293
165 357
165 709
165 1269
166 38
166 102
166 230
166 294
166 358
166 751
166 934
167 39
167 103
167 184
167 231
167 295
167 359
167 562
167 672
167 1184
167 1218
168 40
168 104
168 232
168 296
168 352
168 360
168 763
168 1015
169 41
169 105
169 233
169 297
169 314
169 361
169 593
169 669
169 826
170 42
170 106
170 234
170 298
170 362
170 803
170 946
170 988
170 1249
171 43
171 107
171 235
171 299
171 363
172 44
172 108
172 236
172 300
172 364
172 442
172 1127
172 1241
173 45
173 109
173 237
173 301
173 365
174 46
174 110
174 238
174 302
174 366
174 809
175 47
175 99
175 111
175 239
175 303
175 367
175 796
175 1273
176 48
176 112
176 240
176 253
176 304
176 368
176 441
176 687
177 49
177 113
177 119
177 241
177 305
177 369
177 759
177 816
177 818
177 927
177 955
178 44
178 50
178 114
178 242
178 306
178 370
178 372
178 1019
179 51
179 115
179 243
179 307
179 357
179 371
179 819
179 1183
180 52
180 106
180 116
180 244
180 308
180 315
180 372
180 828
180 958
180 1147
181 53
181 117
181 245
181 309
181 373
181 1070
182 54
182 118
182 246
182 271
182 310
182 374
183 55
183 119
183 247
183 311
183 375
183 689
183 857
183 1268
184 56
184 120
184 167
184 248
184 312
184 376
184 562
184 672
184 1184
184 1218
185 57
185 121
185 249
185 313
185 377
185 761
186 58
186 122
186 250
186 314
186 378
186 734
186 979
187 59
187 123
187 251
187 315
187 379
187 830
188 60
188 124
188 252
188 254
188 316
188 380
189 61
189 125
189 253
189 317
189 381
189 510
190 62
190 126
190 254
190 318
190 382
190 594
190 1067
190 1251
191 63
191 127
191 255
191 319
191 383
191 536
191 1109
192 0
192 64
192 128
192 256
192 320
192 384
192 782
193 1
193 65
193 129
193 257
193 295
193 321
193 385
194 2
194 66
194 130
194 258
194 322
194 386
194 897
195 3
195 67
195 131
195 259
195 323
195 387
195 426
195 977
196 4
196 68
196 132
196 260
196 324
196 388
196 1069
197 5
197 66
197 69
197 76
197 133
197 261
197 325
197 389
197 873
197 1134
198 6
198 70
198 134
198 262
198 265
198 326
198 329
198 390
198 457
198 518
198 582
198 649
198 710
198 777
198 838
198 905
198 969
198 1030
198 1094
198 1158
198 1222
199 7
199 9
199 15
199 54
199 71
199 73
199 78
199 135
199 206
199 262
199 263
199 327
199 391
199 455
199 519
199 583
199 647
199 711
199 775
199 839
199 903
199 967
199 1031
199 1033
199 1159
199 1161
199 1174
199 1223
200 8
200 72
200 85
200 88
200 136
200 264
200 311
200 328
200 355
200 392
200 552
200 620
201 9
201 73
201 137
201 202
201 265
201 329
201 374
201 393
201 454
201 521
201 585
201 662
201 982
201 1110
202 0
202 10
202 19
202 74
202 137
202 138
202 201
202 246
202 266
202 326
202 330
202 374
202 393
202 394
202 454
202 521
202 585
202 646
202 662
202 714
202 774
202 841
202 902
202 966
202 982
202 1038
202 1078
202 1142
203 11
203 75
203 139
203 267
203 331
203 395
203 1175
204 12
204 76
204 140
204 268
204 332
204 396
204 1176
205 13
205 77
205 120
205 141
205 269
205 333
205 397
205 1265
206 0
206 9
206 10
206 14
206 15
206 54
206 71
206 73
206 78
206 135
206 142
206 199
206 246
206 262
206 263
206 270
206 326
206 327
206 334
206 391
206 398
206 455
206 519
206 583
206 646
206 647
206 711
206 713
206 718
206 726
206 774
206 775
206 839
206 841
206 902
206 903
206 910
206 966
206 967
206 1031
206 1033
206 1038
206 1078
206 1162
206 1171
206 1230
207 15
207 79
207 143
207 271
207 272
207 335
207 399
208 16
208 80
208 144
208 272
208 336
208 400
208 580
208 1219
209 17
209 81
209 145
209 273
209 337
209 401
209 825
209 889
209 1145
210 18
210 82
210 146
210 274
210 338
210 402
210 625
211 19
211 83
211 147
211 275
211 339
211 403
212 20
212 29
212 84
212 148
212 276
212 321
212 340
212 404
212 558
212 923
212 1164
212 1190
213 21
213 85
213 149
213 277
213 341
213 405
213 921
214 22
214 86
214 150
214 278
214 342
214 406
215 23
215 87
215 114
215 151
215 236
215 279
215 343
215 407
215 554
215 1026
216 24
216 88
216 152
216 280
216 344
216 408
216 682
217 25
217 89
217 153
217 281
217 345
217 409
218 26
218 90
218 154
218 220
218 282
218 346
218 410
219 27
219 91
219 155
219 283
219 347
219 411
220 28
220 92
220 156
220 218
220 284
220 348
220 412
221 29
221 93
221 157
221 285
221 349
221 413
221 1264
222 30
222 94
222 158
222 286
222 350
222 414
222 1220
223 31
223 95
223 159
223 287
223 351
223 415
224 24
224 32
224 96
224 160
224 288
224 304
224 352
224 416
224 730
224 874
224 1113
225 33
225 97
225 161
225 289
225 353
225 417
225 634
226 34
226 98
226 162
226 290
226 354
226 418
226 515
226 885
226 888
226 935
227 35
227 99
227 163
227 291
227 355
227 419
228 36
228 100
228 164
228 292
228 356
228 420
229 37
229 101
229 165
229 293
229 357
229 421
230 38
230 102
230 132
230 166
230 294
230 339
230 358
230 422
230 622
230 899
231 39
231 103
231 167
231 295
231 359
231 423
231 968
231 1192
232 40
232 104
232 168
232 296
232 360
232 424
232 666
232 1017
232 1048
232 1073
232 1275
233 41
233 105
233 169
233 238
233 297
233 361
233 425
233 1036
233 1208
234 42
234 106
234 170
234 298
234 362
234 426
234 485
234 922
235 43
235 89
235 107
235 159
235 171
235 299
235 363
235 383
235 427
236 44
236 108
236 114
236 172
236 215
236 300
236 364
236 428
236 554
236 1026
237 36
237 45
237 109
237 173
237 301
237 365
237 429
238 46
238 110
238 174
238 233
238 302
238 366
238 430
238 1036
238 1208
239 47
239 111
239 175
239 303
239 367
239 397
239 431
239 440
239 728
239 879
240 48
240 112
240 176
240 249
240 304
240 368
240 416
240 432
240 633
240 767
240 850
241 49
241 113
241 177
241 305
241 369
241 433
241 981
241 1083
242 50
242 114
242 178
242 306
242 353
242 370
242 434
242 1087
243 51
243 115
243 133
243 179
243 274
243 307
243 371
243 435
244 52
244 116
244 180
244 308
244 372
244 436
245 53
245 87
245 117
245 181
245 309
245 373
245 437
245 802
246 0
246 10
246 15
246 19
246 54
246 73
246 118
246 137
246 182
246 202
246 206
246 262
246 310
246 326
246 327
246 374
246 391
246 393
246 438
246 455
246 585
246 646
246 713
246 714
246 718
246 726
246 774
246 841
246 902
246 903
246 910
246 966
246 1031
246 1038
246 1078
246 1095
246 1097
246 1206
247 55
247 119
247 183
247 250
247 311
247 375
247 439
247 855
248 56
248 120
248 184
248 312
248 376
248 440
248 1064
249 57
249 121
249 185
249 240
249 313
249 377
249 416
249 441
249 633
249 767
249 850
250 58
250 122
250 186
250 247
250 314
250 378
250 442
250 855
251 59
251 123
251 187
251 255
251 315
251 379
251 443
252 60
252 93
252 124
252 188
252 316
252 380
252 381
252 418
252 444
252 1248
253 61
253 125
253 176
253 189
253 317
253 381
253 441
253 445
253 687
254 62
254 126
254 188
254 190
254 318
254 382
254 446
255 63
255 127
255 191
255 251
255 319
255 379
255 383
255 447
256 64
256 128
256 192
256 320
256 384
256 448
257 65
257 129
257 193
257 321
257 385
257 449
257 1013
257 1229
258 66
258 130
258 194
258 322
258 386
258 450
258 568
259 67
259 131
259 195
259 307
259 323
259 387
259 451
259 463
260 68
260 132
260 196
260 324
260 388
260 452
261 69
261 133
261 197
261 325
261 337
261 389
261 453
262 9
262 10
262 15
262 54
262 70
262 71
262 73
262 78
262 134
262 135
262 198
262 199
262 206
262 246
262 263
262 326
262 327
262 390
262 391
262 454
262 455
262 519
262 583
262 646
262 647
262 711
262 713
262 718
262 726
262 774
262 775
262 839
262 841
262 902
262 903
262 910
262 967
262 1031
262 1033
262 1038
262 1078
262 1097
262 1162
262 1166
262 1171
262 1223
262 1225
262 1230
263 7
263 9
263 15
263 54
263 71
263 73
263 78
263 135
263 199
263 206
263 262
263 327
263 391
263 455
263 519
263 583
263 647
263 711
263 775
263 839
263 903
263 967
263 1031
263 1033
263 1159
263 1161
263 1174
263 1223
264 72
264 136
264 200
264 328
264 392
264 453
264 456
264 459
264 993
264 1137
265 6
265 70
265 73
265 134
265 137
265 198
265 201
265 329
265 390
265 393
265 457
265 518
265 582
265 649
265 710
265 777
265 838
265 905
265 969
265 1030
265 1094
265 1158
265 1222
266 74
266 138
266 202
266 330
266 394
266 458
267 75
267 139
267 203
267 294
267 331
267 395
267 459
268 76
268 140
268 204
268 332
268 396
268 460
268 693
269 77
269 141
269 205
269 333
269 397
269 461
269 964
270 78
270 142
270 206
270 334
270 398
270 462
270 494
271 79
271 143
271 182
271 207
271 335
271 399
271 463
272 80
272 144
272 207
272 208
272 336
272 400
272 464
273 81
273 145
273 209
273 337
273 401
273 465
273 1021
274 82
274 133
274 146
274 210
274 243
274 338
274 402
274 466
275 83
275 147
275 211
275 339
275 403
275 467
275 762
276 84
276 148
276 212
276 340
276 404
276 430
276 468
276 599
276 840
276 1215
277 85
277 149
277 213
277 341
277 405
277 469
278 86
278 150
278 214
278 342
278 406
278 470
279 87
279 151
279 215
279 343
279 407
279 471
280 88
280 152
280 216
280 344
280 408
280 472
280 487
281 89
281 153
281 217
281 345
281 409
281 473
281 972
282 90
282 154
282 218
282 346
282 410
282 474
282 1066
283 53
283 91
283 155
283 219
283 347
283 411
283 475
283 529
283 1035
284 92
284 156
284 220
284 343
284 348
284 404
284 412
284 476
284 1010
284 1204
284 1261
285 93
285 157
285 221
285 349
285 413
285 477
285 538
285 987
285 1210
285 1247
285 1272
286 94
286 141
286 158
286 222
286 350
286 414
286 478
287 95
287 159
287 223
287 351
287 415
287 479
287 567
287 742
288 96
288 160
288 224
288 352
288 416
288 480
289 97
289 161
289 225
289 353
289 417
289 481
289 1266
290 98
290 162
290 226
290 354
290 418
290 482
291 99
291 163
291 227
291 355
291 419
291 446
291 483
291 1237
292 100
292 164
292 228
292 356
292 420
292 484
292 784
293 101
293 103
293 165
293 229
293 357
293 421
293 485
293 578
294 102
294 166
294 230
294 267
294 358
294 422
294 486
295 103
295 167
295 193
295 231
295 359
295 423
295 487
296 104
296 168
296 232
296 360
296 424
296 488
296 703
296 725
296 1086
297 105
297 169
297 233
297 361
297 425
297 489
297 926
298 106
298 170
298 234
298 362
298 426
298 490
298 837
298 1138
299 107
299 149
299 171
299 235
299 363
299 410
299 427
299 491
299 785
300 42
300 96
300 108
300 172
300 236
300 364
300 423
300 428
300 492
300 909
301 109
301 173
301 237
301 365
301 429
301 493
302 110
302 174
302 238
302 366
302 430
302 494
302 670
302 1037
302 1187
303 111
303 175
303 239
303 367
303 431
303 435
303 495
304 24
304 112
304 176
304 224
304 240
304 368
304 432
304 496
304 730
304 874
304 1113
305 31
305 113
305 177
305 241
305 369
305 370
305 433
305 497
305 574
305 864
306 114
306 178
306 242
306 370
306 434
306 498
306 933
307 115
307 179
307 243
307 259
307 371
307 435
307 463
307 499
308 116
308 180
308 244
308 372
308 436
308 445
308 500
308 1068
308 1240
309 117
309 181
309 245
309 373
309 437
309 501
310 118
310 182
310 246
310 374
310 438
310 502
311 85
311 88
311 119
311 183
311 200
311 247
311 355
311 375
311 439
311 503
311 552
311 620
312 120
312 184
312 248
312 376
312 440
312 504
313 121
313 185
313 249
313 377
313 441
313 505
313 707
313 871
313 1130
313 1254
314 122
314 169
314 186
314 250
314 378
314 442
314 506
314 593
314 669
314 826
315 106
315 123
315 180
315 187
315 251
315 379
315 443
315 507
315 828
315 958
315 1147
316 124
316 188
316 252
316 380
316 444
316 508
316 581
316 901
316 1173
317 125
317 189
317 253
317 381
317 445
317 509
317 810
317 856
318 126
318 190
318 254
318 382
318 446
318 510
318 869
319 127
319 191
319 255
319 383
319 447
319 511
319 664
320 109
320 128
320 192
320 256
320 384
320 448
320 512
320 787
321 29
321 129
321 193
321 212
321 257
321 385
321 449
321 513
321 558
321 923
321 1164
321 1190
322 130
322 194
322 258
322 386
322 450
322 514
322 1213
323 131
323 195
323 259
323 351
323 371
323 387
323 451
323 515
323 560
323 1041
323 1257
324 132
324 196
324 260
324 388
324 452
324 516
324 971
325 133
325 197
325 261
325 389
325 453
325 465
325 517
325 947
326 0
326 10
326 15
326 19
326 54
326 73
326 78
326 134
326 137
326 198
326 202
326 206
326 246
326 262
326 327
326 390
326 391
326 393
326 454
326 455
326 518
326 585
326 646
326 713
326 714
326 718
326 726
326 774
326 841
326 902
326 903
326 910
326 966
326 1031
326 1033
326 1038
326 1078
326 1095
326 1097
326 1142
326 1162
326 1171
326 1206
327 0
327 9
327 10
327 15
327 19
327 54
327 71
327 73
327 78
327 135
327 199
327 206
327 246
327 262
327 263
327 326
327 391
327 393
327 455
327 519
327 646
327 647
327 713
327 714
327 718
327 726
327 774
327 841
327 902
327 903
327 910
327 966
327 967
327 1031
327 1033
327 1038
327 1078
327 1095
327 1097
327 1162
327 1166
327 1171
327 1174
327 1206
328 136
328 200
328 264
328 392
328 456
328 520
328 821
329 6
329 70
329 134
329 137
329 198
329 201
329 265
329 390
329 393
329 457
329 518
329 521
329 582
329 649
329 710
329 777
329 838
329 905
329 969
329 1030
329 1094
329 1158
329 1222
330 138
330 202
330 266
330 394
330 458
330 522
330 590
331 139
331 203
331 267
331 395
331 459
331 523
331 961
332 140
332 204
332 268
332 396
332 460
332 524
333 1
333 141
333 205
333 269
333 397
333 461
333 525
334 142
334 206
334 270
334 398
334 462
334 526
334 704
335 143
335 207
335 271
335 399
335 463
335 527
336 144
336 208
336 272
336 400
336 464
336 528
336 778
337 145
337 209
337 261
337 273
337 401
337 465
337 529
338 146
338 210
338 274
338 402
338 466
338 530
339 132
339 147
339 211
339 230
339 275
339 403
339 467
339 531
339 622
339 899
340 148
340 212
340 276
340 404
340 468
340 532
341 149
341 213
341 277
341 405
341 469
341 533
341 658
342 150
342 214
342 278
342 406
342 470
342 534
343 151
343 215
343 279
343 284
343 404
343 407
343 471
343 476
343 535
343 1010
343 1204
343 1261
344 152
344 216
344 280
344 408
344 472
344 536
344 628
344 999
345 65
345 153
345 217
345 281
345 409
345 461
345 473
345 513
345 537
346 154
346 218
346 282
346 382
346 410
346 474
346 537
346 538
346 1003
346 1052
346 1074
347 115
347 155
347 219
347 283
347 411
347 475
347 506
347 539
347 563
347 702
347 831
347 1076
347 1119
347 1258
348 156
348 220
348 284
348 412
348 476
348 540
348 617
348 631
348 1186
349 13
349 157
349 161
349 221
349 285
349 413
349 477
349 541
350 158
350 222
350 286
350 414
350 478
350 542
350 1120
350 1221
351 159
351 223
351 287
351 323
351 371
351 415
351 479
351 543
351 560
351 1041
351 1257
352 160
352 168
352 224
352 288
352 416
352 480
352 544
352 763
352 1015
353 161
353 225
353 242
353 289
353 417
353 481
353 545
353 1087
354 162
354 226
354 290
354 418
354 482
354 546
354 733
355 85
355 88
355 163
355 200
355 227
355 291
355 311
355 419
355 483
355 547
355 552
355 620
356 164
356 228
356 292
356 420
356 484
356 548
357 165
357 179
357 229
357 293
357 421
357 485
357 549
357 819
357 1183
358 166
358 230
358 294
358 422
358 486
358 550
359 167
359 231
359 295
359 423
359 456
359 487
359 551
359 584
359 793
360 168
360 232
360 296
360 424
360 488
360 552
361 169
361 233
361 297
361 425
361 489
361 553
362 51
362 170
362 234
362 298
362 409
362 426
362 490
362 554
363 171
363 235
363 299
363 427
363 491
363 555
363 603
363 619
363 683
363 752
363 1256
364 172
364 236
364 300
364 428
364 434
364 492
364 556
364 691
364 845
364 1242
365 173
365 237
365 301
365 429
365 493
365 557
365 569
365 624
366 174
366 238
366 302
366 430
366 452
366 494
366 546
366 558
366 717
367 175
367 239
367 303
367 431
367 495
367 559
368 48
368 107
368 176
368 240
368 304
368 432
368 496
368 560
368 764
369 177
369 241
369 305
369 433
369 497
369 561
369 957
369 1051
370 31
370 178
370 242
370 305
370 306
370 434
370 498
370 562
370 574
370 864
371 179
371 243
371 307
371 323
371 351
371 435
371 499
371 560
371 563
371 1041
371 1257
372 44
372 178
372 180
372 244
372 308
372 436
372 500
372 564
372 1019
373 104
373 181
373 245
373 309
373 437
373 501
373 565
373 1056
374 0
374 19
374 137
374 182
374 201
374 202
374 246
374 310
374 393
374 438
374 454
374 502
374 521
374 566
374 585
374 646
374 662
374 714
374 774
374 966
374 982
374 1095
374 1110
374 1142
375 183
375 247
375 311
375 439
375 497
375 503
375 567
376 162
376 184
376 248
376 312
376 440
376 449
376 504
376 568
376 1005
377 185
377 249
377 313
377 441
377 505
377 569
377 876
377 984
378 186
378 250
378 314
378 442
378 506
378 570
378 973
379 187
379 251
379 255
379 315
379 443
379 507
379 571
380 188
380 252
380 316
380 444
380 508
380 572
380 829
380 849
380 881
380 1144
381 93
381 189
381 252
381 253
381 317
381 418
381 445
381 509
381 573
381 1248
382 190
382 254
382 318
382 346
382 446
382 510
382 537
382 574
382 1003
382 1052
382 1074
383 89
383 159
383 191
383 235
383 255
383 319
383 447
383 511
383 575
384 192
384 256
384 320
384 448
384 512
384 576
385 18
385 193
385 257
385 321
385 449
385 513
385 577
385 780
385 1178
386 194
386 258
386 322
386 450
386 514
386 578
386 1059
387 195
387 259
387 323
387 451
387 515
387 523
387 579
388 196
388 260
388 324
388 452
388 516
388 580
389 197
389 261
389 325
389 453
389 517
389 581
389 629
389 716
390 6
390 70
390 134
390 198
390 262
390 265
390 326
390 329
390 454
390 457
390 518
390 582
390 649
390 710
390 777
390 838
390 905
390 969
390 1030
390 1094
390 1158
390 1222
391 0
391 9
391 10
391 15
391 54
391 71
391 73
391 78
391 135
391 199
391 206
391 246
391 262
391 263
391 326
391 327
391 455
391 519
391 583
391 646
391 647
391 711
391 713
391 718
391 726
391 774
391 839
391 841
391 902
391 903
391 910
391 966
391 967
391 1031
391 1033
391 1038
391 1078
391 1095
391 1097
391 1161
391 1162
391 1166
391 1171
391 1174
391 1206
391 1223
391 1225
391 1230
392 200
392 264
392 328
392 456
392 520
392 584
392 943
393 0
393 10
393 19
393 137
393 201
393 202
393 246
393 265
393 326
393 327
393 329
393 374
393 454
393 457
393 521
393 585
393 646
393 662
393 713
393 714
393 718
393 726
393 774
393 841
393 902
393 910
393 966
393 982
393 1038
393 1078
393 1095
393 1097
393 1110
393 1142
393 1206
394 202
394 266
394 330
394 458
394 522
394 586
395 203
395 267
395 331
395 459
395 523
395 587
395 737
395 843
395 998
396 204
396 268
396 332
396 460
396 524
396 588
396 760
397 205
397 239
397 269
397 333
397 440
397 461
397 525
397 589
397 728
397 879
398 206
398 270
398 334
398 462
398 526
398 590
399 207
399 271
399 335
399 463
399 527
399 591
400 208
400 272
400 336
400 464
400 528
400 592
401 209
401 273
401 337
401 465
401 529
401 593
401 747
401 860
401 1023
402 210
402 274
402 338
402 466
402 491
402 530
402 594
402 605
402 1123
403 211
403 275
403 339
403 467
403 531
403 595
403 615
403 1062
404 212
404 276
404 284
404 340
404 343
404 468
404 476
404 532
404 596
404 1010
404 1204
404 1261
405 213
405 277
405 341
405 469
405 533
405 597
406 214
406 278
406 342
406 470
406 534
406 598
407 215
407 279
407 343
407 471
407 535
407 599
407 757
407 1106
407 1125
407 1209
408 216
408 280
408 344
408 472
408 536
408 600
409 51
409 217
409 281
409 345
409 362
409 473
409 537
409 601
410 149
410 218
410 282
410 299
410 346
410 474
410 538
410 602
410 785
411 219
411 283
411 347
411 475
411 539
411 603
411 956
411 1081
412 220
412 284
412 348
412 476
412 540
412 604
413 221
413 285
413 349
413 477
413 541
413 605
414 222
414 286
414 350
414 478
414 542
414 606
415 223
415 287
415 351
415 479
415 543
415 607
416 224
416 240
416 249
416 288
416 352
416 480
416 544
416 608
416 633
416 767
416 850
417 225
417 289
417 353
417 481
417 545
417 609
417 962
418 93
418 226
418 252
418 290
418 354
418 381
418 482
418 546
418 610
418 1248
419 227
419 291
419 355
419 483
419 547
419 611
419 1000
420 228
420 292
420 356
420 484
420 548
420 612
421 229
421 293
421 357
421 444
421 480
421 485
421 549
421 613
421 765
422 230
422 294
422 358
422 486
422 550
422 614
423 42
423 96
423 231
423 295
423 300
423 359
423 487
423 551
423 615
423 909
424 232
424 296
424 360
424 488
424 551
424 552
424 616
424 1100
424 1122
424 1279
425 233
425 297
425 361
425 478
425 489
425 553
425 617
425 690
425 1253
426 195
426 234
426 298
426 362
426 490
426 554
426 618
426 977
427 235
427 299
427 363
427 491
427 555
427 619
428 236
428 300
428 364
428 492
428 556
428 601
428 620
429 237
429 301
429 365
429 493
429 557
429 621
429 1079
430 238
430 276
430 302
430 366
430 494
430 558
430 599
430 622
430 840
430 1215
431 239
431 303
431 367
431 466
431 495
431 559
431 623
431 637
432 154
432 240
432 304
432 368
432 496
432 560
432 624
432 701
432 748
433 61
433 241
433 305
433 369
433 497
433 561
433 625
433 795
433 1139
433 1214
434 242
434 306
434 364
434 370
434 498
434 562
434 626
434 691
434 845
434 1242
435 243
435 303
435 307
435 371
435 499
435 563
435 627
436 112
436 244
436 308
436 372
436 500
436 564
436 628
436 755
436 756
437 136
437 245
437 309
437 373
437 501
437 565
437 629
438 246
438 310
438 374
438 502
438 566
438 630
439 62
439 247
439 311
439 375
439 503
439 567
439 631
439 645
440 239
440 248
440 312
440 376
440 397
440 504
440 568
440 632
440 728
440 879
441 176
441 249
441 253
441 313
441 377
441 505
441 569
441 633
441 687
442 172
442 250
442 314
442 378
442 506
442 570
442 634
442 1127
442 1241
443 251
443 315
443 379
443 507
443 571
443 635
443 992
444 252
444 316
444 380
444 421
444 480
444 508
444 572
444 636
444 765
445 253
445 308
445 317
445 381
445 509
445 573
445 637
445 1068
445 1240
446 254
446 291
446 318
446 382
446 510
446 574
446 638
446 1237
447 255
447 319
447 383
447 511
447 575
447 639
447 1112
448 256
448 320
448 384
448 512
448 576
448 640
448 970
449 162
449 257
449 321
449 376
449 385
449 513
449 577
449 641
449 1005
450 258
450 322
450 386
450 514
450 578
450 642
450 721
450 835
450 1196
451 259
451 323
451 387
451 515
451 579
451 643
452 260
452 324
452 366
452 388
452 516
452 546
452 580
452 644
452 717
453 261
453 264
453 325
453 389
453 459
453 517
453 581
453 645
453 993
453 1137
454 0
454 19
454 137
454 201
454 202
454 262
454 326
454 374
454 390
454 393
454 518
454 521
454 582
454 585
454 646
454 662
454 714
454 966
454 982
454 1095
454 1110
454 1142
455 0
455 9
455 10
455 15
455 54
455 71
455 73
455 78
455 135
455 199
455 206
455 246
455 262
455 263
455 326
455 327
455 391
455 519
455 583
455 646
455 647
455 711
455 713
455 718
455 726
455 774
455 775
455 839
455 841
455 902
455 903
455 910
455 966
455 967
455 1031
455 1033
455 1038
455 1078
455 1095
455 1097
455 1161
455 1162
455 1166
455 1171
455 1174
455 1206
455 1223
455 1225
455 1230
456 264
456 328
456 359
456 392
456 520
456 584
456 648
456 793
457 6
457 70
457 134
457 198
457 265
457 329
457 390
457 393
457 518
457 521
457 582
457 585
457 649
457 710
457 777
457 838
457 905
457 969
457 1030
457 1094
457 1158
457 1222
458 266
458 330
458 394
458 522
458 586
458 650
459 264
459 267
459 331
459 395
459 453
459 523
459 587
459 651
459 993
459 1137
460 268
460 332
460 396
460 524
460 588
460 652
461 65
461 269
461 333
461 345
461 397
461 513
461 525
461 589
461 653
462 270
462 334
462 398
462 526
462 590
462 654
463 259
463 271
463 307
463 335
463 399
463 527
463 591
463 655
464 272
464 336
464 400
464 528
464 592
464 656
465 273
465 325
465 337
465 401
465 529
465 593
465 657
465 947
466 274
466 338
466 402
466 431
466 530
466 594
466 637
466 658
467 275
467 339
467 403
467 531
467 595
467 659
468 276
468 340
468 404
468 532
468 564
468 596
468 660
469 277
469 341
469 405
469 533
469 597
469 661
469 894
470 278
470 342
470 406
470 534
470 598
470 662
471 3
471 25
471 56
471 279
471 343
471 407
471 535
471 599
471 663
471 1093
472 108
472 280
472 344
472 408
472 536
472 600
472 664
473 281
473 345
473 409
473 537
473 601
473 665
474 282
474 346
474 410
474 538
474 602
474 666
475 283
475 347
475 411
475 539
475 603
476 284
476 343
476 348
476 404
476 412
476 540
476 604
476 668
476 1010
476 1204
476 1261
477 285
477 349
477 413
477 541
477 605
477 669
478 286
478 350
478 414
478 425
478 542
478 606
478 670
478 690
478 1253
479 124
479 153
479 287
479 351
479 415
479 543
479 607
479 671
479 913
479 1135
480 288
480 352
480 416
480 421
480 444
480 544
480 608
480 672
480 765
481 27
481 289
481 353
481 417
481 545
481 609
481 673
482 290
482 354
482 418
482 492
482 495
482 546
482 575
482 610
482 674
483 291
483 355
483 419
483 547
483 611
484 292
484 356
484 420
484 548
484 612
484 676
485 234
485 293
485 357
485 421
485 549
485 613
485 677
485 922
486 294
486 358
486 422
486 550
486 614
486 678
487 280
487 295
487 359
487 423
487 551
487 615
487 679
488 296
488 360
488 424
488 501
488 552
488 616
488 680
488 1002
488 1200
489 297
489 361
489 425
489 553
489 589
489 617
489 681
489 706
489 930
489 1061
490 298
490 362
490 426
490 554
490 618
490 682
490 692
490 815
490 945
491 299
491 363
491 402
491 427
491 555
491 605
491 619
491 683
491 1123
492 300
492 364
492 428
492 482
492 495
492 556
492 575
492 620
492 684
493 157
493 301
493 365
493 429
493 557
493 621
493 685
493 1032
494 270
494 302
494 366
494 430
494 558
494 622
494 686
495 303
495 367
495 431
495 482
495 492
495 559
495 575
495 623
495 687
496 304
496 368
496 432
496 560
496 624
496 688
497 305
497 369
497 375
497 433
497 561
497 625
497 689
498 306
498 370
498 434
498 562
498 626
498 690
498 990
499 152
499 307
499 371
499 435
499 563
499 627
499 691
500 308
500 372
500 436
500 564
500 628
500 692
500 917
500 1007
500 1141
501 309
501 373
501 437
501 488
501 565
501 629
501 693
501 1002
501 1200
502 310
502 374
502 438
502 566
502 630
502 694
503 311
503 375
503 439
503 567
503 631
503 695
503 1011
503 1146
504 312
504 376
504 440
504 568
504 632
504 696
504 722
504 991
504 1121
505 313
505 377
505 441
505 569
505 633
505 697
505 853
506 115
506 314
506 347
506 378
506 442
506 563
506 570
506 634
506 698
506 702
506 831
506 1076
506 1119
506 1258
507 315
507 379
507 443
507 571
507 635
507 699
508 316
508 380
508 444
508 572
508 636
508 700
508 811
508 882
509 317
509 381
509 445
509 573
509 637
509 701
509 914
510 189
510 318
510 382
510 446
510 574
510 638
510 702
511 319
511 383
511 447
511 575
511 639
511 703
512 320
512 384
512 448
512 576
512 592
512 640
512 704
513 65
513 321
513 345
513 385
513 449
513 461
513 577
513 641
513 705
514 322
514 386
514 450
514 578
514 613
514 642
514 680
514 706
515 226
515 323
515 387
515 451
515 579
515 643
515 707
515 885
515 888
515 935
516 324
516 388
516 452
516 580
516 644
516 708
517 325
517 389
517 453
517 535
517 581
517 645
517 709
518 6
518 70
518 134
518 198
518 265
518 326
518 329
518 390
518 454
518 457
518 582
518 646
518 649
518 710
518 777
518 838
518 905
518 969
518 1030
518 1094
518 1158
518 1222
519 7
519 9
519 15
519 71
519 73
519 78
519 135
519 199
519 206
519 262
519 263
519 327
519 391
519 455
519 583
519 647
519 711
519 775
519 839
519 903
519 967
519 1031
519 1033
519 1159
519 1161
519 1162
519 1166
519 1174
519 1223
519 1225
519 1230
520 328
520 392
520 456
520 584
520 626
520 648
520 712
520 952
521 0
521 19
521 137
521 201
521 202
521 329
521 374
521 393
521 454
521 457
521 585
521 649
521 662
521 713
521 714
521 966
521 982
521 1095
521 1110
521 1142
522 330
522 394
522 458
522 586
522 650
522 714
523 331
523 387
523 395
523 459
523 587
523 651
523 715
524 332
524 396
524 460
524 588
524 652
524 716
524 1055
525 333
525 397
525 461
525 532
525 589
525 653
525 717
525 854
526 334
526 398
526 462
526 590
526 654
526 718
527 335
527 399
527 463
527 591
527 655
527 719
528 336
528 400
528 464
528 592
528 656
528 720
528 960
528 1101
529 53
529 283
529 337
529 401
529 465
529 593
529 657
529 721
529 1035
530 338
530 402
530 466
530 594
530 658
530 722
531 339
531 403
531 467
531 595
531 659
531 723
532 340
532 404
532 468
532 525
532 596
532 660
532 724
532 854
533 341
533 405
533 469
533 597
533 661
533 725
534 342
534 406
534 470
534 598
534 662
534 726
535 343
535 407
535 471
535 517
535 599
535 663
535 727
536 191
536 344
536 408
536 472
536 600
536 664
536 728
536 1109
537 345
537 346
537 382
537 409
537 473
537 601
537 665
537 729
537 1003
537 1052
537 1074
538 285
538 346
538 410
538 474
538 602
538 666
538 730
538 987
538 1210
538 1247
538 1272
539 21
539 347
539 411
539 475
539 603
539 667
539 731
539 794
540 348
540 412
540 476
540 604
540 609
540 668
540 673
540 732
540 1084
541 349
541 413
541 477
541 605
541 669
541 733
542 350
542 414
542 478
542 606
542 670
542 734
543 60
543 351
543 415
543 479
543 607
543 671
543 735
544 352
544 416
544 480
544 608
544 672
544 736
545 353
545 417
545 481
545 609
545 673
545 737
545 744
545 801
545 994
546 354
546 366
546 418
546 452
546 482
546 610
546 674
546 717
546 738
547 355
547 419
547 483
547 611
547 739
548 356
548 420
548 484
548 612
548 676
548 740
549 28
549 357
549 421
549 485
549 613
549 677
549 741
549 907
549 1276
550 358
550 422
550 486
550 614
550 678
550 742
550 867
551 359
551 423
551 424
551 487
551 615
551 679
551 743
551 1100
551 1122
551 1279
552 85
552 88
552 200
552 311
552 355
552 360
552 424
552 488
552 616
552 620
552 680
552 744
553 361
553 425
553 489
553 617
553 681
553 745
553 865
554 114
554 215
554 236
554 362
554 426
554 490
554 618
554 682
554 746
554 1026
555 363
555 427
555 491
555 619
555 683
555 747
555 920
556 364
556 428
556 492
556 620
556 684
556 748
557 131
557 365
557 429
557 493
557 621
557 685
557 749
558 29
558 212
558 321
558 366
558 430
558 494
558 622
558 686
558 750
558 923
558 1164
558 1190
559 367
559 431
559 495
559 623
559 684
559 687
559 699
559 751
560 323
560 351
560 368
560 371
560 432
560 496
560 624
560 688
560 752
560 1041
560 1257
561 156
561 369
561 433
561 497
561 625
561 689
561 753
562 167
562 184
562 370
562 434
562 498
562 626
562 672
562 690
562 754
562 1184
562 1218
563 115
563 347
563 371
563 435
563 499
563 506
563 627
563 691
563 702
563 755
563 831
563 1076
563 1119
563 1258
564 372
564 436
564 468
564 500
564 628
564 692
564 756
565 26
565 373
565 437
565 501
565 629
565 693
565 757
565 769
565 863
565 941
566 374
566 438
566 502
566 630
566 694
566 758
566 975
567 287
567 375
567 439
567 503
567 631
567 695
567 742
567 759
568 258
568 376
568 440
568 504
568 632
568 696
568 760
569 365
569 377
569 441
569 505
569 624
569 633
569 697
569 761
570 378
570 442
570 506
570 634
570 698
570 762
570 928
571 379
571 443
571 507
571 635
571 699
571 763
572 380
572 444
572 508
572 636
572 665
572 671
572 700
572 764
573 381
573 445
573 509
573 588
573 637
573 701
573 765
574 31
574 305
574 370
574 382
574 446
574 510
574 638
574 702
574 766
574 864
575 383
575 447
575 482
575 492
575 495
575 511
575 639
575 703
575 767
576 384
576 448
576 512
576 640
576 704
576 768
576 1102
577 72
577 98
577 385
577 449
577 513
577 641
577 643
577 705
577 769
578 103
578 293
578 386
578 450
578 514
578 642
578 706
578 770
579 387
579 451
579 515
579 611
579 643
579 707
579 771
580 208
580 388
580 452
580 516
580 644
580 708
580 772
580 1219
581 316
581 389
581 453
581 517
581 645
581 709
581 773
581 901
581 1173
582 6
582 70
582 134
582 198
582 265
582 329
582 390
582 454
582 457
582 518
582 646
582 649
582 710
582 774
582 777
582 838
582 905
582 969
582 1030
582 1094
582 1158
582 1222
583 7
583 9
583 15
583 71
583 73
583 78
583 135
583 199
583 206
583 262
583 263
583 391
583 455
583 519
583 647
583 711
583 775
583 839
583 903
583 967
583 1031
583 1033
583 1159
583 1161
583 1162
583 1166
583 1174
583 1223
583 1225
583 1230
584 359
584 392
584 456
584 520
584 648
584 712
584 776
584 793
585 0
585 19
585 137
585 201
585 202
585 246
585 326
585 374
585 393
585 454
585 457
585 521
585 646
585 649
585 662
585 713
585 714
585 774
585 777
585 966
585 982
585 1078
585 1095
585 1097
585 1110
585 1142
586 394
586 458
586 522
586 595
586 650
586 714
586 778
586 862
587 395
587 459
587 523
587 651
587 715
587 779
588 396
588 460
588 524
588 573
588 652
588 716
588 780
589 397
589 461
589 489
589 525
589 653
589 706
589 717
589 781
589 930
589 1061
590 330
590 398
590 462
590 526
590 654
590 718
590 782
591 399
591 463
591 527
591 655
591 719
591 783
591 1124
592 400
592 464
592 512
592 528
592 656
592 720
592 784
593 169
593 314
593 401
593 465
593 529
593 657
593 669
593 721
593 785
593 826
594 190
594 402
594 466
594 530
594 658
594 722
594 786
594 1067
594 1251
595 403
595 467
595 531
595 586
595 659
595 723
595 787
595 862
596 404
596 468
596 532
596 660
596 724
596 788
596 949
596 1108
597 405
597 469
597 533
597 661
597 725
597 789
597 1050
598 406
598 470
598 534
598 662
598 726
598 790
599 276
599 407
599 430
599 471
599 535
599 663
599 727
599 791
599 840
599 1215
600 125
600 408
600 472
600 536
600 604
600 664
600 728
600 792
601 409
601 428
601 473
601 537
601 665
601 729
601 793
602 410
602 474
602 538
602 666
602 730
602 794
603 363
603 411
603 475
603 539
603 619
603 667
603 683
603 731
603 752
603 795
603 1256
604 125
604 412
604 476
604 540
604 600
604 668
604 732
604 796
605 402
605 413
605 477
605 491
605 541
605 669
605 733
605 797
605 1123
606 414
606 478
606 542
606 670
606 734
606 798
606 1205
607 124
607 153
607 415
607 479
607 543
607 671
607 735
607 799
607 913
607 1135
608 416
608 480
608 544
608 672
608 736
608 800
609 417
609 481
609 540
609 545
609 673
609 737
609 801
609 1084
610 418
610 482
610 546
610 674
610 677
610 738
610 802
611 419
611 483
611 547
611 579
611 675
611 739
611 803
612 420
612 484
612 548
612 676
612 740
612 804
613 421
613 485
613 514
613 549
613 677
613 680
613 741
613 805
614 40
614 422
614 486
614 550
614 678
614 742
614 806
614 1006
615 403
615 423
615 487
615 551
615 679
615 743
615 807
615 1062
616 424
616 488
616 552
616 680
616 741
616 744
616 808
617 348
617 425
617 489
617 553
617 631
617 681
617 745
617 809
617 1186
618 426
618 490
618 554
618 682
618 746
618 766
618 810
618 989
618 1045
619 363
619 427
619 491
619 555
619 603
619 683
619 747
619 752
619 811
619 1256
620 85
620 88
620 200
620 311
620 355
620 428
620 492
620 552
620 556
620 684
620 748
620 812
621 429
621 493
621 557
621 685
621 749
621 813
622 132
622 230
622 339
622 430
622 494
622 558
622 686
622 750
622 814
622 899
623 431
623 495
623 559
623 687
623 751
623 815
624 365
624 432
624 496
624 560
624 569
624 688
624 752
624 816
625 210
625 433
625 497
625 561
625 689
625 753
625 817
626 434
626 498
626 520
626 562
626 690
626 754
626 818
626 952
627 435
627 499
627 563
627 691
627 755
627 819
628 344
628 436
628 500
628 564
628 692
628 756
628 820
628 999
629 389
629 437
629 501
629 565
629 693
629 716
629 757
629 821
630 438
630 502
630 566
630 640
630 694
630 758
630 822
631 348
631 439
631 503
631 567
631 617
631 695
631 759
631 823
631 1186
632 440
632 504
632 568
632 696
632 760
632 824
632 895
632 1016
632 1020
633 240
633 249
633 416
633 441
633 505
633 569
633 697
633 761
633 767
633 825
633 850
634 225
634 442
634 506
634 570
634 698
634 762
634 826
635 443
635 507
635 571
635 699
635 763
635 812
635 827
636 444
636 508
636 572
636 700
636 764
636 828
637 431
637 445
637 466
637 509
637 573
637 701
637 765
637 829
638 446
638 510
638 574
638 702
638 766
638 830
638 1136
639 90
639 447
639 511
639 575
639 703
639 767
639 831
640 448
640 512
640 576
640 630
640 704
640 768
640 832
641 449
641 513
641 577
641 705
641 769
641 770
641 805
641 833
642 450
642 514
642 578
642 706
642 770
642 834
643 72
643 98
643 451
643 515
643 577
643 579
643 707
643 771
643 835
644 452
644 516
644 580
644 708
644 772
644 836
645 62
645 439
645 453
645 517
645 581
645 709
645 773
645 837
646 0
646 10
646 15
646 19
646 54
646 73
646 137
646 202
646 206
646 246
646 262
646 326
646 327
646 374
646 391
646 393
646 454
646 455
646 518
646 582
646 585
646 710
646 713
646 714
646 718
646 726
646 774
646 838
646 841
646 902
646 903
646 910
646 966
646 982
646 1038
646 1078
646 1095
646 1097
646 1142
646 1162
646 1171
646 1206
646 1230
647 7
647 9
647 10
647 15
647 54
647 71
647 73
647 78
647 135
647 199
647 206
647 262
647 263
647 327
647 391
647 455
647 519
647 583
647 711
647 713
647 718
647 726
647 775
647 839
647 903
647 910
647 967
647 1031
647 1033
647 1159
647 1161
647 1162
647 1166
647 1171
647 1174
647 1223
647 1225
647 1230
648 456
648 520
648 584
648 712
648 776
648 823
648 840
648 1042
649 6
649 70
649 134
649 198
649 265
649 329
649 390
649 457
649 518
649 521
649 582
649 585
649 710
649 713
649 777
649 838
649 841
649 905
649 969
649 1030
649 1094
649 1158
649 1222
650 458
650 522
650 586
650 714
650 778
650 842
651 5
651 459
651 523
651 587
651 715
651 779
651 843
652 460
652 524
652 588
652 716
652 780
652 844
653 461
653 525
653 589
653 717
653 781
653 845
654 462
654 526
654 590
654 718
654 782
654 846
655 463
655 527
655 591
655 719
655 783
655 847
656 464
656 528
656 592
656 720
656 784
656 848
657 465
657 529
657 593
657 721
657 785
657 849
658 341
658 466
658 530
658 594
658 722
658 786
658 850
659 467
659 531
659 595
659 723
659 787
659 851
660 468
660 532
660 596
660 724
660 788
660 852
661 469
661 533
661 597
661 725
661 789
661 853
662 0
662 19
662 137
662 201
662 202
662 374
662 393
662 454
662 470
662 521
662 534
662 585
662 598
662 714
662 726
662 790
662 854
662 966
662 982
662 1095
662 1110
662 1142
663 471
663 535
663 599
663 727
663 791
663 855
663 1085
663 1278
664 319
664 472
664 536
664 600
664 728
664 792
664 856
665 473
665 537
665 572
665 601
665 671
665 729
665 793
665 857
666 232
666 474
666 538
666 602
666 730
666 794
666 858
666 1017
666 1048
666 1073
666 1275
667 539
667 603
667 731
667 795
667 859
668 476
668 540
668 604
668 732
668 796
668 860
668 1111
669 169
669 314
669 477
669 541
669 593
669 605
669 733
669 797
669 826
669 861
670 302
670 478
670 542
670 606
670 734
670 798
670 862
670 1037
670 1187
671 479
671 543
671 572
671 607
671 665
671 735
671 799
671 863
672 167
672 184
672 480
672 544
672 562
672 608
672 736
672 800
672 864
672 1184
672 1218
673 481
673 540
673 545
673 609
673 737
673 801
673 865
673 1084
674 58
674 482
674 546
674 610
674 738
674 802
674 866
674 965
675 611
675 739
675 803
675 867
676 484
676 548
676 612
676 740
676 804
676 868
676 1133
676 1198
677 485
677 549
677 610
677 613
677 741
677 805
677 869
678 486
678 550
678 614
678 742
678 806
678 870
679 39
679 155
679 487
679 551
679 615
679 743
679 807
679 871
680 488
680 514
680 552
680 613
680 616
680 744
680 808
680 872
681 489
681 553
681 617
681 745
681 809
681 824
681 873
681 1063
682 216
682 490
682 554
682 618
682 746
682 810
682 874
683 363
683 491
683 555
683 603
683 619
683 747
683 752
683 811
683 875
683 1256
684 492
684 556
684 559
684 620
684 699
684 748
684 812
684 876
685 493
685 557
685 621
685 749
685 813
685 877
685 983
686 494
686 558
686 622
686 750
686 814
686 878
687 176
687 253
687 441
687 495
687 559
687 623
687 751
687 815
687 879
688 496
688 560
688 624
688 752
688 816
688 880
689 183
689 497
689 561
689 625
689 753
689 817
689 857
689 881
689 1268
690 425
690 478
690 498
690 562
690 626
690 754
690 818
690 882
690 1253
691 364
691 434
691 499
691 563
691 627
691 755
691 819
691 845
691 883
691 1242
692 490
692 500
692 564
692 628
692 756
692 815
692 820
692 884
692 945
693 268
693 501
693 565
693 629
693 757
693 821
693 885
694 502
694 566
694 630
694 758
694 822
694 886
695 503
695 567
695 631
695 759
695 823
695 887
696 504
696 568
696 632
696 760
696 824
696 888
697 505
697 569
697 633
697 761
697 825
697 889
697 1150
698 59
698 97
698 506
698 570
698 634
698 762
698 826
698 890
698 1001
698 1089
698 1259
699 507
699 559
699 571
699 635
699 684
699 763
699 827
699 891
700 508
700 572
700 636
700 764
700 828
700 892
700 893
701 154
701 432
701 509
701 573
701 637
701 748
701 765
701 829
701 893
702 115
702 347
702 506
702 510
702 563
702 574
702 638
702 766
702 830
702 831
702 894
702 1076
702 1119
702 1258
703 296
703 511
703 575
703 639
703 725
703 767
703 831
703 895
703 1086
704 334
704 512
704 576
704 640
704 768
704 832
704 896
705 122
705 513
705 577
705 641
705 769
705 833
705 897
705 929
705 1117
705 1191
706 489
706 514
706 578
706 589
706 642
706 770
706 834
706 898
706 930
706 1061
707 313
707 515
707 579
707 643
707 771
707 835
707 871
707 899
707 1130
707 1254
708 516
708 580
708 644
708 772
708 836
708 900
709 49
709 165
709 517
709 581
709 645
709 773
709 837
709 901
709 1269
710 6
710 70
710 134
710 198
710 265
710 329
710 390
710 457
710 518
710 582
710 646
710 649
710 774
710 777
710 838
710 902
710 905
710 969
710 1030
710 1094
710 1158
710 1222
711 7
711 9
711 10
711 15
711 54
711 71
711 73
711 78
711 135
711 199
711 206
711 262
711 263
711 391
711 455
711 519
711 583
711 647
711 718
711 775
711 839
711 903
711 967
711 1031
711 1033
711 1159
711 1161
711 1162
711 1166
711 1171
711 1174
711 1223
711 1225
711 1230
712 520
712 584
712 648
712 776
712 840
712 904
713 0
713 9
713 10
713 15
713 19
713 54
713 71
713 73
713 78
713 135
713 137
713 206
713 246
713 262
713 326
713 327
713 391
713 393
713 455
713 521
713 585
713 646
713 647
713 649
713 714
713 718
713 726
713 774
713 777
713 841
713 902
713 903
713 905
713 910
713 966
713 967
713 1031
713 1033
713 1038
713 1078
713 1095
713 1097
713 1162
713 1166
713 1171
713 1206
713 1223
713 1225
713 1230
714 0
714 19
714 137
714 202
714 246
714 326
714 327
714 374
714 393
714 454
714 521
714 522
714 585
714 586
714 646
714 650
714 662
714 713
714 726
714 774
714 778
714 841
714 842
714 902
714 906
714 910
714 966
714 982
714 1038
714 1078
714 1095
714 1097
714 1110
714 1142
714 1206
715 523
715 587
715 651
715 779
715 843
715 907
716 389
716 524
716 588
716 629
716 652
716 780
716 844
716 908
717 366
717 452
717 525
717 546
717 589
717 653
717 781
717 845
717 909
718 0
718 9
718 10
718 15
718 54
718 71
718 73
718 78
718 135
718 206
718 246
718 262
718 326
718 327
718 391
718 393
718 455
718 526
718 590
718 646
718 647
718 654
718 711
718 713
718 726
718 774
718 782
718 839
718 841
718 846
718 902
718 903
718 910
718 966
718 967
718 1031
718 1033
718 1038
718 1078
718 1095
718 1097
718 1161
718 1162
718 1166
718 1171
718 1174
718 1206
718 1223
718 1225
718 1230
719 118
719 527
719 591
719 655
719 783
719 847
719 911
720 528
720 592
720 656
720 784
720 848
720 912
721 450
721 529
721 593
721 657
721 785
721 835
721 849
721 913
721 1196
722 504
722 530
722 594
722 658
722 786
722 850
722 914
722 991
722 1121
723 531
723 595
723 659
723 787
723 851
723 915
723 1155
724 532
724 596
724 660
724 788
724 852
724 916
724 942
724 1274
725 296
725 533
725 597
725 661
725 703
725 789
725 853
725 917
725 1086
726 0
726 9
726 10
726 15
726 54
726 71
726 73
726 78
726 135
726 206
726 246
726 262
726 326
726 327
726 391
726 393
726 455
726 534
726 598
726 646
726 647
726 662
726 713
726 714
726 718
726 774
726 790
726 841
726 854
726 902
726 903
726 910
726 918
726 966
726 967
726 1031
726 1033
726 1038
726 1078
726 1095
726 1097
726 1161
726 1162
726 1166
726 1171
726 1174
726 1206
726 1223
726 1225
726 1230
727 535
727 599
727 663
727 791
727 855
727 919
728 239
728 397
728 440
728 536
728 600
728 664
728 792
728 856
728 879
728 920
729 537
729 601
729 665
729 793
729 857
729 921
729 1224
730 24
730 224
730 304
730 538
730 602
730 666
730 794
730 858
730 874
730 922
730 1113
731 92
731 539
731 603
731 667
731 795
731 859
731 923
732 540
732 604
732 668
732 796
732 860
732 924
733 354
733 541
733 605
733 669
733 797
733 861
733 925
734 186
734 542
734 606
734 670
734 798
734 862
734 926
734 979
735 543
735 607
735 671
735 786
735 799
735 834
735 863
735 927
736 544
736 608
736 672
736 800
736 864
736 928
736 948
736 1012
737 395
737 545
737 609
737 673
737 801
737 843
737 865
737 929
737 998
738 101
738 117
738 546
738 610
738 674
738 802
738 807
738 866
738 930
738 954
739 43
739 547
739 611
739 675
739 803
739 867
739 931
739 1195
740 548
740 612
740 676
740 804
740 868
740 932
741 549
741 613
741 616
741 677
741 805
741 869
741 933
742 287
742 550
742 567
742 614
742 678
742 806
742 870
742 934
743 551
743 615
743 679
743 807
743 871
743 935
744 545
744 552
744 616
744 680
744 801
744 808
744 872
744 936
744 994
745 553
745 617
745 681
745 809
745 873
745 937
746 554
746 618
746 682
746 810
746 874
746 938
746 1212
747 401
747 555
747 619
747 683
747 811
747 860
747 875
747 939
747 1023
748 154
748 432
748 556
748 620
748 684
748 701
748 812
748 876
748 940
749 557
749 621
749 685
749 813
749 877
749 941
749 1201
750 558
750 622
750 686
750 814
750 878
750 942
751 166
751 559
751 623
751 687
751 815
751 879
751 934
751 943
752 363
752 560
752 603
752 619
752 624
752 683
752 688
752 816
752 880
752 944
752 1256
753 561
753 625
753 689
753 773
753 817
753 881
753 945
753 1211
754 562
754 626
754 690
754 791
754 818
754 882
754 946
754 997
755 112
755 436
755 563
755 627
755 691
755 756
755 819
755 883
755 947
756 112
756 436
756 564
756 628
756 692
756 755
756 820
756 884
756 948
757 407
757 565
757 629
757 693
757 821
757 885
757 949
757 1106
757 1125
757 1209
758 566
758 630
758 694
758 822
758 886
758 950
759 119
759 177
759 567
759 631
759 695
759 816
759 818
759 823
759 887
759 927
759 951
759 955
760 396
760 568
760 632
760 696
760 824
760 888
760 952
761 185
761 569
761 633
761 697
761 825
761 889
761 953
762 275
762 570
762 634
762 698
762 826
762 890
762 954
763 168
763 352
763 571
763 635
763 699
763 827
763 891
763 955
763 1015
764 48
764 107
764 368
764 572
764 636
764 700
764 828
764 892
764 956
765 421
765 444
765 480
765 573
765 637
765 701
765 829
765 893
765 957
766 574
766 618
766 638
766 702
766 830
766 894
766 958
766 989
766 1045
767 240
767 249
767 416
767 575
767 633
767 639
767 703
767 831
767 850
767 895
767 959
768 576
768 640
768 704
768 832
768 896
768 960
769 26
769 565
769 577
769 641
769 705
769 833
769 863
769 897
769 941
769 961
770 578
770 641
770 642
770 706
770 805
770 834
770 898
770 962
771 579
771 643
771 707
771 835
771 899
771 963
772 580
772 644
772 708
772 836
772 900
772 964
773 581
773 645
773 709
773 753
773 837
773 901
773 965
773 1211
774 0
774 10
774 15
774 19
774 54
774 73
774 137
774 202
774 206
774 246
774 262
774 326
774 327
774 374
774 391
774 393
774 455
774 582
774 585
774 646
774 710
774 713
774 714
774 718
774 726
774 838
774 841
774 902
774 903
774 910
774 966
774 982
774 1038
774 1078
774 1095
774 1097
774 1142
774 1162
774 1171
774 1206
774 1230
775 7
775 9
775 15
775 71
775 73
775 78
775 135
775 199
775 206
775 262
775 263
775 455
775 519
775 583
775 647
775 711
775 839
775 903
775 967
775 1031
775 1033
775 1159
775 1161
775 1162
775 1166
775 1174
775 1223
775 1225
775 1230
776 68
776 584
776 648
776 712
776 840
776 904
776 916
776 968
777 6
777 70
777 134
777 198
777 265
777 329
777 390
777 457
777 518
777 582
777 585
777 649
777 710
777 713
777 838
777 841
777 905
777 969
777 1030
777 1094
777 1158
777 1222
778 336
778 586
778 650
778 714
778 842
778 906
778 970
779 587
779 651
779 715
779 843
779 907
779 971
780 18
780 385
780 588
780 652
780 716
780 844
780 908
780 972
780 1178
781 589
781 653
781 717
781 845
781 909
781 973
782 192
782 590
782 654
782 718
782 846
782 910
782 974
783 591
783 655
783 719
783 847
783 911
783 975
783 1046
784 292
784 592
784 656
784 720
784 848
784 912
784 976
785 149
785 299
785 410
785 593
785 657
785 721
785 849
785 913
785 977
786 594
786 658
786 722
786 735
786 834
786 850
786 914
786 978
787 109
787 320
787 595
787 659
787 723
787 851
787 915
787 979
788 52
788 596
788 660
788 724
788 852
788 872
788 916
788 932
788 980
789 597
789 661
789 725
789 853
789 917
789 959
789 981
789 1008
790 598
790 662
790 726
790 854
790 918
790 982
791 599
791 663
791 727
791 754
791 855
791 919
791 983
791 997
792 600
792 664
792 728
792 856
792 920
792 984
793 359
793 456
793 584
793 601
793 665
793 729
793 857
793 921
793 985
794 21
794 539
794 602
794 666
794 730
794 858
794 922
794 986
795 61
795 433
795 603
795 667
795 731
795 859
795 923
795 987
795 1139
795 1214
796 99
796 175
796 604
796 668
796 732
796 860
796 924
796 988
796 1273
797 605
797 669
797 733
797 814
797 861
797 925
797 989
798 606
798 670
798 734
798 862
798 926
798 990
799 607
799 671
799 735
799 863
799 927
799 991
800 100
800 608
800 672
800 736
800 864
800 928
800 992
800 1044
800 1244
801 545
801 609
801 673
801 737
801 744
801 865
801 929
801 993
801 994
802 87
802 245
802 610
802 674
802 738
802 866
802 930
802 994
803 170
803 611
803 675
803 739
803 867
803 931
803 946
803 988
803 995
803 1249
804 612
804 676
804 740
804 868
804 932
804 996
804 1193
805 613
805 641
805 677
805 741
805 770
805 869
805 933
805 997
806 8
806 129
806 614
806 678
806 742
806 870
806 934
806 998
807 101
807 117
807 615
807 679
807 738
807 743
807 871
807 935
807 954
807 999
808 616
808 680
808 744
808 872
808 936
808 1000
809 174
809 617
809 681
809 745
809 873
809 937
809 1001
810 317
810 618
810 682
810 746
810 856
810 874
810 938
810 1002
811 508
811 619
811 683
811 747
811 875
811 882
811 939
811 1003
812 620
812 635
812 684
812 748
812 876
812 940
812 1004
813 621
813 685
813 749
813 877
813 941
813 1005
814 622
814 686
814 750
814 797
814 878
814 942
814 1006
815 490
815 623
815 687
815 692
815 751
815 879
815 943
815 945
815 1007
816 119
816 177
816 624
816 688
816 752
816 759
816 818
816 880
816 927
816 944
816 955
816 1008
817 625
817 689
817 753
817 881
817 945
817 1004
817 1009
817 1075
818 119
818 177
818 626
818 690
818 754
818 759
818 816
818 882
818 927
818 946
818 955
818 1010
819 179
819 357
819 627
819 691
819 755
819 883
819 947
819 1011
819 1183
820 628
820 692
820 756
820 884
820 948
820 1012
821 328
821 629
821 693
821 757
821 885
821 949
821 1013
822 630
822 694
822 758
822 868
822 886
822 950
822 1014
823 631
823 648
823 695
823 759
823 887
823 951
823 1015
823 1042
824 632
824 681
824 696
824 760
824 888
824 952
824 1016
824 1063
825 209
825 633
825 697
825 761
825 889
825 953
825 1017
825 1145
826 169
826 314
826 593
826 634
826 669
826 698
826 762
826 890
826 954
826 1018
827 635
827 699
827 763
827 891
827 955
827 1019
827 1114
827 1132
828 106
828 180
828 315
828 636
828 700
828 764
828 892
828 956
828 958
828 1020
828 1147
829 380
829 637
829 701
829 765
829 849
829 881
829 893
829 957
829 1021
829 1144
830 187
830 638
830 702
830 766
830 894
830 958
830 1022
831 115
831 347
831 506
831 563
831 639
831 702
831 703
831 767
831 895
831 959
831 1023
831 1076
831 1119
831 1258
832 640
832 704
832 768
832 896
832 960
832 1024
833 641
833 705
833 769
833 897
833 938
833 961
833 1025
833 1047
834 642
834 706
834 735
834 770
834 786
834 898
834 962
834 1026
835 450
835 643
835 707
835 721
835 771
835 899
835 963
835 1027
835 1196
836 644
836 708
836 772
836 900
836 964
836 1028
836 1092
837 298
837 645
837 709
837 773
837 901
837 965
837 1029
837 1138
838 6
838 70
838 134
838 198
838 265
838 329
838 390
838 457
838 518
838 582
838 646
838 649
838 710
838 774
838 777
838 902
838 905
838 966
838 969
838 1030
838 1094
838 1158
838 1222
839 7
839 9
839 10
839 15
839 54
839 71
839 73
839 78
839 135
839 199
839 206
839 262
839 263
839 391
839 455
839 519
839 583
839 647
839 711
839 718
839 775
839 903
839 967
839 1031
839 1033
839 1159
839 1161
839 1162
839 1166
839 1171
839 1174
839 1223
839 1225
839 1230
840 276
840 430
840 599
840 648
840 712
840 776
840 904
840 968
840 1032
840 1215
841 0
841 9
841 10
841 15
841 19
841 54
841 73
841 78
841 137
841 202
841 206
841 246
841 262
841 326
841 327
841 391
841 393
841 455
841 646
841 649
841 713
841 714
841 718
841 726
841 774
841 777
841 902
841 903
841 905
841 910
841 966
841 967
841 969
841 1031
841 1033
841 1038
841 1078
841 1095
841 1097
841 1162
841 1166
841 1171
841 1206
841 1225
841 1230
842 650
842 714
842 778
842 906
842 970
842 1034
843 395
843 651
843 715
843 737
843 779
843 907
843 971
843 998
843 1035
844 652
844 716
844 780
844 908
844 963
844 972
844 1036
844 1250
845 364
845 434
845 653
845 691
845 717
845 781
845 909
845 973
845 1037
845 1242
846 654
846 718
846 782
846 910
846 974
846 1038
846 1189
847 655
847 719
847 783
847 911
847 975
847 1027
847 1039
848 656
848 720
848 784
848 912
848 976
848 1040
849 380
849 657
849 721
849 785
849 829
849 881
849 913
849 977
849 1041
849 1144
850 240
850 249
850 416
850 633
850 658
850 722
850 767
850 786
850 914
850 978
850 1042
851 659
851 723
851 787
851 915
851 979
851 1043
852 660
852 724
852 788
852 916
852 980
852 1044
853 505
853 661
853 725
853 789
853 917
853 981
853 1045
854 525
854 532
854 662
854 726
854 790
854 918
854 982
854 1046
855 247
855 250
855 663
855 727
855 791
855 919
855 983
855 1047
856 317
856 664
856 728
856 792
856 810
856 920
856 984
856 1048
857 183
857 665
857 689
857 729
857 793
857 921
857 985
857 1049
857 1268
858 666
858 730
858 794
858 922
858 986
858 1050
859 667
859 731
859 795
859 891
859 923
859 987
859 1051
860 401
860 668
860 732
860 747
860 796
860 924
860 988
860 1023
860 1052
861 669
861 733
861 797
861 925
861 989
861 1029
861 1053
862 586
862 595
862 670
862 734
862 798
862 926
862 990
862 1054
863 26
863 565
863 671
863 735
863 769
863 799
863 927
863 941
863 991
863 1055
864 31
864 305
864 370
864 574
864 672
864 736
864 800
864 928
864 992
864 1056
865 553
865 673
865 737
865 801
865 929
865 993
865 1057
866 674
866 738
866 802
866 930
866 994
866 1058
867 550
867 675
867 739
867 803
867 931
867 995
867 1059
868 676
868 740
868 804
868 822
868 932
868 996
868 1060
869 318
869 677
869 741
869 805
869 933
869 997
869 1061
870 678
870 742
870 806
870 934
870 998
870 1062
871 313
871 679
871 707
871 743
871 807
871 935
871 999
871 1063
871 1130
871 1254
872 52
872 680
872 744
872 788
872 808
872 932
872 936
872 1000
872 1064
873 66
873 76
873 197
873 681
873 745
873 809
873 937
873 1001
873 1065
873 1134
874 24
874 224
874 304
874 682
874 730
874 746
874 810
874 938
874 1002
874 1066
874 1113
875 683
875 747
875 811
875 939
875 1003
875 1067
876 377
876 684
876 748
876 812
876 940
876 984
876 1004
876 1068
877 685
877 749
877 813
877 941
877 1005
877 1069
878 686
878 750
878 814
878 942
878 1006
878 1070
879 239
879 397
879 440
879 687
879 728
879 751
879 815
879 943
879 1007
879 1071
880 688
880 752
880 816
880 944
880 986
880 1008
880 1072
881 380
881 689
881 753
881 817
881 829
881 849
881 945
881 1009
881 1073
881 1144
882 508
882 690
882 754
882 811
882 818
882 946
882 1010
882 1074
883 691
883 755
883 819
883 947
883 1011
883 1075
884 692
884 756
884 820
884 887
884 890
884 948
884 1012
884 1076
885 226
885 515
885 693
885 757
885 821
885 888
885 935
885 949
885 1013
885 1077
886 694
886 758
886 822
886 950
886 1014
886 1078
886 1182
887 695
887 759
887 823
887 884
887 890
887 951
887 1015
887 1079
888 226
888 515
888 696
888 760
888 824
888 885
888 935
888 952
888 1016
888 1080
889 209
889 697
889 761
889 825
889 953
889 1017
889 1081
889 1145
890 698
890 762
890 826
890 884
890 887
890 954
890 1018
890 1082
891 699
891 763
891 827
891 859
891 955
891 1019
891 1083
892 700
892 764
892 828
892 956
892 1020
892 1084
893 700
893 701
893 765
893 829
893 957
893 1021
893 1085
894 469
894 702
894 766
894 830
894 958
894 1022
894 1086
895 632
895 703
895 767
895 831
895 959
895 1016
895 1020
895 1023
895 1087
896 704
896 768
896 832
896 960
896 1024
896 1088
897 194
897 705
897 769
897 833
897 961
897 1025
897 1089
898 148
898 706
898 770
898 834
898 962
898 1026
898 1090
899 132
899 230
899 339
899 622
899 707
899 771
899 835
899 963
899 1027
899 1091
900 708
900 772
900 836
900 964
900 1028
900 1092
901 316
901 581
901 709
901 773
901 837
901 965
901 1029
901 1093
901 1173
902 10
902 73
902 78
902 137
902 202
902 206
902 246
902 262
902 326
902 327
902 391
902 393
902 455
902 646
902 710
902 713
902 714
902 718
902 726
902 774
902 838
902 841
902 903
902 910
902 966
902 967
902 1030
902 1031
902 1033
902 1038
902 1078
902 1094
902 1095
902 1097
902 1162
902 1166
902 1171
902 1206
902 1225
902 1230
903 9
903 10
903 15
903 54
903 71
903 73
903 78
903 135
903 199
903 206
903 246
903 262
903 263
903 326
903 327
903 391
903 455
903 519
903 583
903 646
903 647
903 711
903 713
903 718
903 726
903 774
903 775
903 839
903 841
903 902
903 910
903 967
903 1031
903 1033
903 1038
903 1078
903 1095
903 1097
903 1159
903 1161
903 1162
903 1166
903 1171
903 1174
903 1206
903 1223
903 1225
903 1230
904 712
904 776
904 840
904 968
904 1032
904 1096
905 6
905 70
905 134
905 198
905 265
905 329
905 390
905 457
905 518
905 582
905 649
905 710
905 713
905 777
905 838
905 841
905 969
905 1030
905 1033
905 1094
905 1097
905 1158
905 1222
906 714
906 778
906 842
906 970
906 1034
906 1098
907 28
907 549
907 715
907 779
907 843
907 971
907 1035
907 1099
907 1276
908 716
908 780
908 844
908 972
908 1036
908 1049
908 1100
908 1179
908 1239
909 42
909 96
909 300
909 423
909 717
909 781
909 845
909 973
909 1037
909 1101
910 10
910 54
910 71
910 73
910 78
910 135
910 137
910 206
910 246
910 262
910 326
910 327
910 391
910 393
910 455
910 646
910 647
910 713
910 714
910 718
910 726
910 774
910 782
910 841
910 846
910 902
910 903
910 966
910 967
910 974
910 1031
910 1033
910 1038
910 1078
910 1095
910 1097
910 1102
910 1162
910 1166
910 1171
910 1174
910 1206
910 1223
910 1225
910 1230
911 719
911 783
911 847
911 975
911 976
911 1039
911 1103
912 720
912 784
912 848
912 976
912 1040
912 1104
913 124
913 153
913 479
913 607
913 721
913 785
913 849
913 977
913 1041
913 1105
913 1135
914 509
914 722
914 786
914 850
914 978
914 1042
914 1106
915 46
915 723
915 787
915 851
915 979
915 1043
915 1107
916 68
916 724
916 776
916 788
916 852
916 980
916 1044
916 1108
917 500
917 725
917 789
917 853
917 981
917 1007
917 1045
917 1109
917 1141
918 726
918 790
918 854
918 982
918 1046
918 1110
919 727
919 791
919 855
919 983
919 1047
919 1111
919 1131
920 555
920 728
920 792
920 856
920 984
920 1048
920 1112
921 213
921 729
921 793
921 857
921 985
921 1049
921 1113
922 234
922 485
922 730
922 794
922 858
922 986
922 1050
922 1114
923 29
923 212
923 321
923 558
923 731
923 795
923 859
923 987
923 1051
923 1115
923 1164
923 1190
924 732
924 796
924 860
924 988
924 1052
924 1116
925 733
925 797
925 861
925 989
925 1053
925 1117
926 297
926 734
926 798
926 862
926 990
926 1054
926 1118
927 119
927 177
927 735
927 759
927 799
927 816
927 818
927 863
927 955
927 991
927 1055
927 1119
928 570
928 736
928 800
928 864
928 992
928 1056
928 1120
929 122
929 705
929 737
929 801
929 865
929 993
929 1057
929 1117
929 1121
929 1191
930 489
930 589
930 706
930 738
930 802
930 866
930 994
930 1058
930 1061
930 1122
931 739
931 803
931 867
931 940
931 995
931 1059
931 1123
932 52
932 740
932 788
932 804
932 868
932 872
932 996
932 1060
932 1124
933 306
933 741
933 805
933 869
933 997
933 1061
933 1125
934 166
934 742
934 751
934 806
934 870
934 998
934 1062
934 1126
935 226
935 515
935 743
935 807
935 871
935 885
935 888
935 999
935 1063
935 1127
936 744
936 808
936 872
936 1000
936 1064
936 1128
937 745
937 809
937 873
937 1001
937 1065
937 1129
938 746
938 810
938 833
938 874
938 1002
938 1047
938 1066
938 1130
939 747
939 811
939 875
939 1003
939 1067
939 1131
940 748
940 812
940 876
940 931
940 1004
940 1068
940 1132
941 26
941 565
941 749
941 769
941 813
941 863
941 877
941 1005
941 1069
941 1133
942 724
942 750
942 814
942 878
942 1006
942 1070
942 1134
942 1274
943 392
943 751
943 815
943 879
943 1007
943 1071
943 1135
944 752
944 816
944 880
944 1008
944 1072
944 1136
945 490
945 692
945 753
945 815
945 817
945 881
945 1009
945 1073
945 1137
946 170
946 754
946 803
946 818
946 882
946 988
946 1010
946 1074
946 1138
946 1249
947 325
947 465
947 755
947 819
947 883
947 1011
947 1075
947 1139
948 736
948 756
948 820
948 884
948 1012
948 1076
948 1140
949 596
949 757
949 821
949 885
949 1013
949 1077
949 1108
949 1141
950 758
950 822
950 886
950 1014
950 1078
950 1142
951 759
951 823
951 887
951 1015
951 1079
951 1143
952 520
952 626
952 760
952 824
952 888
952 1016
952 1080
952 1144
953 761
953 825
953 889
953 1017
953 1081
953 1145
954 101
954 117
954 738
954 762
954 807
954 826
954 890
954 1018
954 1082
954 1146
955 119
955 177
955 759
955 763
955 816
955 818
955 827
955 891
955 927
955 1019
955 1083
955 1147
956 411
956 764
956 828
956 892
956 1020
956 1081
956 1084
956 1148
957 369
957 765
957 829
957 893
957 1021
957 1051
957 1085
957 1149
958 106
958 180
958 315
958 766
958 828
958 830
958 894
958 1022
958 1086
958 1147
958 1150
959 767
959 789
959 831
959 895
959 1008
959 1023
959 1087
959 1151
960 528
960 768
960 832
960 896
960 1024
960 1088
960 1101
960 1152
961 331
961 769
961 833
961 897
961 1025
961 1089
961 1153
962 417
962 770
962 834
962 898
962 1026
962 1090
962 1154
963 771
963 835
963 844
963 899
963 1027
963 1091
963 1155
963 1250
964 269
964 772
964 836
964 900
964 1028
964 1092
964 1156
965 58
965 674
965 773
965 837
965 901
965 1029
965 1093
965 1157
966 0
966 19
966 137
966 202
966 206
966 246
966 326
966 327
966 374
966 391
966 393
966 454
966 455
966 521
966 585
966 646
966 662
966 713
966 714
966 718
966 726
966 774
966 838
966 841
966 902
966 910
966 982
966 1030
966 1038
966 1078
966 1094
966 1095
966 1097
966 1142
966 1158
966 1162
966 1171
966 1206
967 9
967 15
967 71
967 73
967 78
967 135
967 199
967 206
967 262
967 263
967 327
967 391
967 455
967 519
967 583
967 647
967 711
967 713
967 718
967 726
967 775
967 839
967 841
967 902
967 903
967 910
967 1031
967 1033
967 1038
967 1095
967 1159
967 1161
967 1162
967 1166
967 1171
967 1174
967 1223
967 1225
967 1230
968 231
968 776
968 840
968 904
968 1032
968 1096
968 1160
968 1192
969 6
969 70
969 134
969 198
969 265
969 329
969 390
969 457
969 518
969 582
969 649
969 710
969 777
969 838
969 841
969 905
969 1030
969 1033
969 1094
969 1097
969 1158
969 1161
969 1222
970 448
970 778
970 842
970 906
970 1034
970 1098
970 1162
971 324
971 779
971 843
971 907
971 1035
971 1099
971 1163
972 281
972 780
972 844
972 908
972 1036
972 1100
972 1164
973 378
973 781
973 845
973 909
973 1037
973 1101
973 1165
974 782
974 846
974 910
974 1038
974 1102
974 1166
975 566
975 783
975 847
975 911
975 1039
975 1103
975 1167
976 784
976 848
976 911
976 912
976 1040
976 1104
976 1168
977 195
977 426
977 785
977 849
977 913
977 1041
977 1105
977 1169
978 786
978 850
978 914
978 1042
978 1106
978 1170
979 186
979 734
979 787
979 851
979 915
979 1043
979 1107
979 1171
980 788
980 852
980 916
980 1044
980 1108
980 1172
980 1194
980 1233
981 241
981 789
981 853
981 917
981 1045
981 1083
981 1109
981 1173
982 137
982 201
982 202
982 374
982 393
982 454
982 521
982 585
982 646
982 662
982 714
982 774
982 790
982 854
982 918
982 966
982 1046
982 1095
982 1110
982 1142
982 1174
983 685
983 791
983 855
983 919
983 1047
983 1111
983 1175
984 377
984 792
984 856
984 876
984 920
984 1048
984 1112
984 1176
985 793
985 857
985 921
985 995
985 1049
985 1113
985 1177
986 794
986 858
986 880
986 922
986 1050
986 1114
986 1178
987 285
987 538
987 795
987 859
987 923
987 1051
987 1115
987 1179
987 1210
987 1247
987 1272
988 170
988 796
988 803
988 860
988 924
988 946
988 1052
988 1116
988 1180
988 1249
989 618
989 766
989 797
989 861
989 925
989 1045
989 1053
989 1117
989 1181
990 498
990 798
990 862
990 926
990 1054
990 1118
990 1182
991 504
991 722
991 799
991 863
991 927
991 1055
991 1119
991 1121
991 1183
992 443
992 800
992 864
992 928
992 1056
992 1120
992 1184
993 264
993 453
993 459
993 801
993 865
993 929
993 1057
993 1121
993 1137
993 1185
994 545
994 744
994 801
994 802
994 866
994 930
994 1058
994 1122
994 1186
995 803
995 867
995 931
995 985
995 1059
995 1123
995 1187
996 804
996 868
996 932
996 1060
996 1124
996 1188
997 754
997 791
997 805
997 869
997 933
997 1061
997 1125
997 1189
998 395
998 737
998 806
998 843
998 870
998 934
998 1062
998 1126
998 1190
999 344
999 628
999 807
999 871
999 935
999 1063
999 1127
999 1191
1000 419
1000 808
1000 872
1000 936
1000 1064
1000 1128
1000 1192
1001 59
1001 97
1001 698
1001 809
1001 873
1001 937
1001 1065
1001 1089
1001 1129
1001 1193
1001 1259
1002 488
1002 501
1002 810
1002 874
1002 938
1002 1066
1002 1130
1002 1194
1002 1200
1003 346
1003 382
1003 537
1003 811
1003 875
1003 939
1003 1052
1003 1067
1003 1074
1003 1131
1003 1195
1004 812
1004 817
1004 876
1004 940
1004 1068
1004 1075
1004 1132
1004 1196
1005 162
1005 376
1005 449
1005 813
1005 877
1005 941
1005 1069
1005 1133
1005 1197
1006 40
1006 614
1006 814
1006 878
1006 942
1006 1070
1006 1134
1006 1198
1007 500
1007 815
1007 879
1007 917
1007 943
1007 1071
1007 1135
1007 1141
1007 1199
1008 789
1008 816
1008 880
1008 944
1008 959
1008 1072
1008 1136
1008 1200
1009 817
1009 881
1009 945
1009 1073
1009 1082
1009 1137
1009 1201
1010 284
1010 343
1010 404
1010 476
1010 818
1010 882
1010 946
1010 1074
1010 1138
1010 1202
1010 1204
1010 1261
1011 503
1011 819
1011 883
1011 947
1011 1075
1011 1139
1011 1146
1011 1203
1012 736
1012 820
1012 884
1012 948
1012 1076
1012 1140
1012 1204
1013 257
1013 821
1013 885
1013 949
1013 1077
1013 1141
1013 1205
1013 1229
1014 822
1014 886
1014 950
1014 1078
1014 1142
1014 1203
1014 1206
1014 1236
1015 168
1015 352
1015 763
1015 823
1015 887
1015 951
1015 1079
1015 1143
1015 1207
1016 632
1016 824
1016 888
1016 895
1016 952
1016 1020
1016 1080
1016 1144
1016 1208
1017 232
1017 666
1017 825
1017 889
1017 953
1017 1048
1017 1073
1017 1081
1017 1145
1017 1209
1017 1275
1018 826
1018 890
1018 954
1018 1082
1018 1146
1018 1210
1019 44
1019 178
1019 372
1019 827
1019 891
1019 955
1019 1083
1019 1147
1019 1211
1020 632
1020 828
1020 892
1020 895
1020 956
1020 1016
1020 1084
1020 1148
1020 1212
1021 273
1021 829
1021 893
1021 957
1021 1085
1021 1149
1021 1213
1022 830
1022 894
1022 958
1022 1086
1022 1149
1022 1150
1022 1214
1023 401
1023 747
1023 831
1023 860
1023 895
1023 959
1023 1087
1023 1151
1023 1215
1024 832
1024 896
1024 960
1024 1088
1024 1152
1024 1216
1025 833
1025 897
1025 961
1025 1089
1025 1153
1025 1217
1025 1246
1026 114
1026 215
1026 236
1026 554
1026 834
1026 898
1026 962
1026 1090
1026 1154
1026 1218
1027 835
1027 847
1027 899
1027 963
1027 1091
1027 1155
1027 1219
1028 836
1028 900
1028 964
1028 1092
1028 1156
1028 1220
1029 837
1029 861
1029 901
1029 965
1029 1093
1029 1157
1029 1221
1030 6
1030 70
1030 134
1030 198
1030 265
1030 329
1030 390
1030 457
1030 518
1030 582
1030 649
1030 710
1030 777
1030 838
1030 902
1030 905
1030 966
1030 969
1030 1094
1030 1158
1030 1222
1031 9
1031 15
1031 71
1031 73
1031 78
1031 135
1031 199
1031 206
1031 246
1031 262
1031 263
1031 326
1031 327
1031 391
1031 455
1031 519
1031 583
1031 647
1031 711
1031 713
1031 718
1031 726
1031 775
1031 839
1031 841
1031 902
1031 903
1031 910
1031 967
1031 1033
1031 1038
1031 1078
1031 1095
1031 1097
1031 1159
1031 1161
1031 1162
1031 1166
1031 1171
1031 1174
1031 1206
1031 1223
1031 1225
1031 1230
1032 157
1032 493
1032 840
1032 904
1032 968
1032 1096
1032 1160
1032 1224
1033 9
1033 15
1033 71
1033 73
1033 78
1033 135
1033 199
1033 206
1033 262
1033 263
1033 326
1033 327
1033 391
1033 455
1033 519
1033 583
1033 647
1033 711
1033 713
1033 718
1033 726
1033 775
1033 839
1033 841
1033 902
1033 903
1033 905
1033 910
1033 967
1033 969
1033 1031
1033 1038
1033 1078
1033 1097
1033 1159
1033 1161
1033 1162
1033 1166
1033 1171
1033 1174
1033 1206
1033 1223
1033 1225
1033 1230
1034 842
1034 906
1034 970
1034 1098
1034 1162
1034 1226
1035 53
1035 283
1035 529
1035 843
1035 907
1035 971
1035 1099
1035 1163
1035 1227
1036 233
1036 238
1036 844
1036 908
1036 972
1036 1100
1036 1164
1036 1208
1036 1228
1037 302
1037 670
1037 845
1037 909
1037 973
1037 1101
1037 1165
1037 1187
1037 1229
1038 10
1038 202
1038 206
1038 246
1038 262
1038 326
1038 327
1038 391
1038 393
1038 455
1038 646
1038 713
1038 714
1038 718
1038 726
1038 774
1038 841
1038 846
1038 902
1038 903
1038 910
1038 966
1038 967
1038 974
1038 1031
1038 1033
1038 1078
1038 1095
1038 1097
1038 1102
1038 1162
1038 1166
1038 1171
1038 1206
1038 1225
1038 1230
1039 77
1039 130
1039 847
1039 911
1039 975
1039 1103
1039 1167
1039 1231
1040 848
1040 912
1040 976
1040 1104
1040 1168
1040 1232
1041 323
1041 351
1041 371
1041 560
1041 849
1041 913
1041 977
1041 1105
1041 1169
1041 1233
1041 1257
1042 648
1042 823
1042 850
1042 914
1042 978
1042 1106
1042 1170
1042 1234
1043 851
1043 915
1043 979
1043 1107
1043 1171
1043 1235
1044 100
1044 800
1044 852
1044 916
1044 980
1044 1108
1044 1172
1044 1236
1044 1244
1045 618
1045 766
1045 853
1045 917
1045 981
1045 989
1045 1109
1045 1173
1045 1237
1046 783
1046 854
1046 918
1046 982
1046 1110
1046 1174
1046 1238
1047 833
1047 855
1047 919
1047 938
1047 983
1047 1111
1047 1175
1047 1239
1048 232
1048 666
1048 856
1048 920
1048 984
1048 1017
1048 1073
1048 1112
1048 1176
1048 1240
1048 1275
1049 857
1049 908
1049 921
1049 985
1049 1113
1049 1177
1049 1179
1049 1239
1049 1241
1050 597
1050 858
1050 922
1050 986
1050 1114
1050 1178
1050 1242
1051 369
1051 859
1051 923
1051 957
1051 987
1051 1115
1051 1179
1051 1243
1052 346
1052 382
1052 537
1052 860
1052 924
1052 988
1052 1003
1052 1074
1052 1116
1052 1180
1052 1244
1053 861
1053 925
1053 989
1053 1117
1053 1181
1053 1245
1054 862
1054 926
1054 990
1054 1118
1054 1182
1054 1246
1055 524
1055 863
1055 927
1055 991
1055 1119
1055 1183
1055 1247
1056 104
1056 373
1056 864
1056 928
1056 992
1056 1120
1056 1184
1056 1248
1057 865
1057 929
1057 993
1057 1121
1057 1185
1057 1249
1058 866
1058 930
1058 994
1058 1122
1058 1186
1058 1250
1059 386
1059 867
1059 931
1059 995
1059 1123
1059 1187
1059 1251
1060 41
1060 868
1060 932
1060 996
1060 1124
1060 1188
1060 1252
1061 489
1061 589
1061 706
1061 869
1061 930
1061 933
1061 997
1061 1125
1061 1189
1061 1253
1062 403
1062 615
1062 870
1062 934
1062 998
1062 1126
1062 1190
1062 1254
1063 681
1063 824
1063 871
1063 935
1063 999
1063 1127
1063 1191
1063 1255
1064 248
1064 872
1064 936
1064 1000
1064 1128
1064 1192
1064 1256
1065 105
1065 873
1065 937
1065 1001
1065 1129
1065 1193
1065 1257
1066 282
1066 874
1066 938
1066 1002
1066 1130
1066 1194
1066 1258
1067 190
1067 594
1067 875
1067 939
1067 1003
1067 1131
1067 1195
1067 1251
1067 1259
1068 308
1068 445
1068 876
1068 940
1068 1004
1068 1132
1068 1196
1068 1240
1068 1260
1069 196
1069 877
1069 941
1069 1005
1069 1133
1069 1197
1069 1261
1070 181
1070 878
1070 942
1070 1006
1070 1134
1070 1198
1070 1262
1071 879
1071 943
1071 1007
1071 1135
1071 1199
1071 1243
1071 1263
1072 69
1072 880
1072 944
1072 1008
1072 1136
1072 1200
1072 1264
1073 232
1073 666
1073 881
1073 945
1073 1009
1073 1017
1073 1048
1073 1137
1073 1201
1073 1265
1073 1275
1074 346
1074 382
1074 537
1074 882
1074 946
1074 1003
1074 1010
1074 1052
1074 1138
1074 1202
1074 1266
1075 817
1075 883
1075 947
1075 1004
1075 1011
1075 1139
1075 1203
1075 1267
1076 115
1076 347
1076 506
1076 563
1076 702
1076 831
1076 884
1076 948
1076 1012
1076 1119
1076 1140
1076 1204
1076 1258
1076 1268
1077 885
1077 949
1077 1013
1077 1141
1077 1205
1077 1269
1078 10
1078 202
1078 206
1078 246
1078 262
1078 326
1078 327
1078 391
1078 393
1078 455
1078 585
1078 646
1078 713
1078 714
1078 718
1078 726
1078 774
1078 841
1078 886
1078 902
1078 903
1078 910
1078 950
1078 966
1078 1014
1078 1031
1078 1033
1078 1038
1078 1095
1078 1097
1078 1142
1078 1162
1078 1166
1078 1171
1078 1206
1078 1225
1078 1230
1078 1270
1079 429
1079 887
1079 951
1079 1015
1079 1143
1079 1207
1079 1271
1080 81
1080 888
1080 952
1080 1016
1080 1144
1080 1208
1080 1272
1081 411
1081 889
1081 953
1081 956
1081 1017
1081 1145
1081 1209
1081 1273
1082 890
1082 954
1082 1009
1082 1018
1082 1146
1082 1210
1082 1274
1083 241
1083 891
1083 955
1083 981
1083 1019
1083 1147
1083 1211
1083 1275
1084 540
1084 609
1084 673
1084 892
1084 956
1084 1020
1084 1148
1084 1212
1084 1276
1085 663
1085 893
1085 957
1085 1021
1085 1149
1085 1213
1085 1277
1085 1278
1086 296
1086 703
1086 725
1086 894
1086 958
1086 1022
1086 1150
1086 1214
1086 1278
1087 242
1087 353
1087 895
1087 959
1087 1023
1087 1151
1087 1215
1087 1279
1088 896
1088 960
1088 1024
1088 1152
1088 1216
1088 1238
1089 59
1089 97
1089 698
1089 897
1089 961
1089 1001
1089 1025
1089 1153
1089 1217
1089 1259
1090 898
1090 962
1090 1026
1090 1154
1090 1218
1090 1227
1091 899
1091 963
1091 1027
1091 1155
1091 1219
1092 836
1092 900
1092 964
1092 1028
1092 1156
1092 1220
1093 3
1093 25
1093 56
1093 471
1093 901
1093 965
1093 1029
1093 1157
1093 1221
1094 6
1094 70
1094 134
1094 198
1094 265
1094 329
1094 390
1094 457
1094 518
1094 582
1094 649
1094 710
1094 777
1094 838
1094 902
1094 905
1094 966
1094 969
1094 1030
1094 1158
1094 1222
1095 0
1095 246
1095 326
1095 327
1095 374
1095 391
1095 393
1095 454
1095 455
1095 521
1095 585
1095 646
1095 662
1095 713
1095 714
1095 718
1095 726
1095 774
1095 841
1095 902
1095 903
1095 910
1095 966
1095 967
1095 982
1095 1031
1095 1038
1095 1078
1095 1097
1095 1142
1095 1159
1095 1162
1095 1171
1095 1206
1095 1223
1095 1230
1096 904
1096 968
1096 1032
1096 1160
1096 1224
1097 0
1097 246
1097 262
1097 326
1097 327
1097 391
1097 393
1097 455
1097 585
1097 646
1097 713
1097 714
1097 718
1097 726
1097 774
1097 841
1097 902
1097 903
1097 905
1097 910
1097 966
1097 969
1097 1031
1097 1033
1097 1038
1097 1078
1097 1095
1097 1161
1097 1162
1097 1166
1097 1171
1097 1206
1097 1225
1097 1230
1098 906
1098 970
1098 1034
1098 1162
1098 1226
1099 907
1099 971
1099 1035
1099 1163
1099 1177
1099 1227
1100 424
1100 551
1100 908
1100 972
1100 1036
1100 1122
1100 1164
1100 1228
1100 1279
1101 528
1101 909
1101 960
1101 973
1101 1037
1101 1165
1101 1229
1102 576
1102 910
1102 974
1102 1038
1102 1166
1102 1230
1103 911
1103 975
1103 1039
1103 1167
1103 1231
1104 11
1104 912
1104 976
1104 1040
1104 1168
1104 1232
1105 913
1105 977
1105 1041
1105 1169
1105 1233
1106 407
1106 757
1106 914
1106 978
1106 1042
1106 1125
1106 1170
1106 1209
1106 1234
1107 915
1107 979
1107 1043
1107 1171
1107 1235
1108 596
1108 916
1108 949
1108 980
1108 1044
1108 1172
1108 1236
1109 191
1109 536
1109 917
1109 981
1109 1045
1109 1173
1109 1237
1110 201
1110 374
1110 393
1110 454
1110 521
1110 585
1110 662
1110 714
1110 918
1110 982
1110 1046
1110 1142
1110 1174
1110 1238
1111 668
1111 919
1111 983
1111 1047
1111 1175
1111 1239
1112 447
1112 920
1112 984
1112 1048
1112 1176
1112 1240
1113 24
1113 224
1113 304
1113 730
1113 874
1113 921
1113 985
1113 1049
1113 1177
1113 1241
1114 827
1114 922
1114 986
1114 1050
1114 1132
1114 1178
1114 1242
1115 923
1115 987
1115 1051
1115 1179
1115 1243
1116 37
1116 924
1116 988
1116 1052
1116 1180
1116 1244
1117 122
1117 705
1117 925
1117 929
1117 989
1117 1053
1117 1181
1117 1191
1117 1245
1118 926
1118 990
1118 1054
1118 1182
1118 1246
1119 115
1119 347
1119 506
1119 563
1119 702
1119 831
1119 927
1119 991
1119 1055
1119 1076
1119 1183
1119 1247
1119 1258
1120 350
1120 928
1120 992
1120 1056
1120 1184
1120 1221
1120 1248
1121 504
1121 722
1121 929
1121 991
1121 993
1121 1057
1121 1185
1121 1249
1122 424
1122 551
1122 930
1122 994
1122 1058
1122 1100
1122 1186
1122 1250
1122 1279
1123 402
1123 491
1123 605
1123 931
1123 995
1123 1059
1123 1187
1123 1251
1124 591
1124 932
1124 996
1124 1060
1124 1188
1124 1252
1125 407
1125 757
1125 933
1125 997
1125 1061
1125 1106
1125 1189
1125 1209
1125 1253
1126 934
1126 998
1126 1062
1126 1190
1126 1254
1127 172
1127 442
1127 935
1127 999
1127 1063
1127 1191
1127 1241
1127 1255
1128 936
1128 1000
1128 1064
1128 1192
1128 1256
1129 937
1129 1001
1129 1065
1129 1193
1129 1257
1130 313
1130 707
1130 871
1130 938
1130 1002
1130 1066
1130 1194
1130 1254
1130 1258
1131 919
1131 939
1131 1003
1131 1067
1131 1195
1131 1259
1132 827
1132 940
1132 1004
1132 1068
1132 1114
1132 1196
1132 1260
1133 676
1133 941
1133 1005
1133 1069
1133 1197
1133 1198
1133 1261
1134 66
1134 76
1134 197
1134 873
1134 942
1134 1006
1134 1070
1134 1198
1134 1262
1135 124
1135 153
1135 479
1135 607
1135 913
1135 943
1135 1007
1135 1071
1135 1199
1135 1263
1136 638
1136 944
1136 1008
1136 1072
1136 1200
1136 1264
1137 264
1137 453
1137 459
1137 945
1137 993
1137 1009
1137 1073
1137 1201
1137 1265
1138 298
1138 837
1138 946
1138 1010
1138 1074
1138 1202
1138 1266
1139 61
1139 433
1139 795
1139 947
1139 1011
1139 1075
1139 1203
1139 1214
1139 1267
1140 948
1140 1012
1140 1076
1140 1204
1140 1268
1141 500
1141 917
1141 949
1141 1007
1141 1013
1141 1077
1141 1205
1141 1269
1142 137
1142 202
1142 326
1142 374
1142 393
1142 454
1142 521
1142 585
1142 646
1142 662
1142 714
1142 774
1142 950
1142 966
1142 982
1142 1014
1142 1078
1142 1095
1142 1110
1142 1206
1142 1270
1143 160
1143 951
1143 1015
1143 1079
1143 1207
1143 1271
1144 380
1144 829
1144 849
1144 881
1144 952
1144 1016
1144 1080
1144 1208
1144 1272
1145 209
1145 825
1145 889
1145 953
1145 1017
1145 1081
1145 1209
1145 1273
1146 503
1146 954
1146 1011
1146 1018
1146 1082
1146 1210
1146 1274
1147 106
1147 180
1147 315
1147 828
1147 955
1147 958
1147 1019
1147 1083
1147 1211
1147 1275
1148 956
1148 1020
1148 1084
1148 1212
1148 1276
1149 957
1149 1021
1149 1022
1149 1085
1149 1213
1149 1277
1150 697
1150 958
1150 1022
1150 1086
1150 1214
1150 1278
1151 127
1151 959
1151 1023
1151 1087
1151 1215
1151 1279
1152 960
1152 1024
1152 1088
1152 1216
1153 14
1153 961
1153 1025
1153 1089
1153 1160
1153 1217
1154 962
1154 1026
1154 1090
1154 1218
1155 723
1155 963
1155 1027
1155 1091
1155 1219
1156 964
1156 1028
1156 1092
1156 1220
1157 75
1157 965
1157 1029
1157 1093
1157 1221
1158 6
1158 70
1158 134
1158 198
1158 265
1158 329
1158 390
1158 457
1158 518
1158 582
1158 649
1158 710
1158 777
1158 838
1158 905
1158 966
1158 969
1158 1030
1158 1094
1158 1222
1159 7
1159 199
1159 263
1159 519
1159 583
1159 647
1159 711
1159 775
1159 839
1159 903
1159 967
1159 1031
1159 1033
1159 1095
1159 1161
1159 1166
1159 1174
1159 1223
1159 1225
1159 1230
1160 14
1160 968
1160 1032
1160 1096
1160 1153
1160 1224
1161 9
1161 71
1161 135
1161 199
1161 263
1161 391
1161 455
1161 519
1161 583
1161 647
1161 711
1161 718
1161 726
1161 775
1161 839
1161 903
1161 967
1161 969
1161 1031
1161 1033
1161 1097
1161 1159
1161 1162
1161 1166
1161 1171
1161 1174
1161 1223
1161 1225
1161 1230
1162 10
1162 15
1162 54
1162 73
1162 78
1162 206
1162 262
1162 326
1162 327
1162 391
1162 455
1162 519
1162 583
1162 646
1162 647
1162 711
1162 713
1162 718
1162 726
1162 774
1162 775
1162 839
1162 841
1162 902
1162 903
1162 910
1162 966
1162 967
1162 970
1162 1031
1162 1033
1162 1034
1162 1038
1162 1078
1162 1095
1162 1097
1162 1098
1162 1161
1162 1166
1162 1171
1162 1174
1162 1206
1162 1223
1162 1225
1162 1226
1162 1230
1163 971
1163 1035
1163 1099
1163 1227
1164 29
1164 212
1164 321
1164 558
1164 923
1164 972
1164 1036
1164 1100
1164 1190
1164 1228
1165 973
1165 1037
1165 1101
1165 1229
1166 9
1166 15
1166 71
1166 73
1166 78
1166 135
1166 262
1166 327
1166 391
1166 455
1166 519
1166 583
1166 647
1166 711
1166 713
1166 718
1166 726
1166 775
1166 839
1166 841
1166 902
1166 903
1166 910
1166 967
1166 974
1166 1031
1166 1033
1166 1038
1166 1078
1166 1097
1166 1102
1166 1159
1166 1161
1166 1162
1166 1171
1166 1174
1166 1206
1166 1223
1166 1225
1166 1230
1167 975
1167 1039
1167 1103
1167 1231
1168 976
1168 1040
1168 1104
1168 1232
1169 977
1169 1041
1169 1105
1169 1233
1170 20
1170 978
1170 1042
1170 1106
1170 1234
1171 10
1171 15
1171 54
1171 73
1171 206
1171 262
1171 326
1171 327
1171 391
1171 455
1171 646
1171 647
1171 711
1171 713
1171 718
1171 726
1171 774
1171 839
1171 841
1171 902
1171 903
1171 910
1171 966
1171 967
1171 979
1171 1031
1171 1033
1171 1038
1171 1043
1171 1078
1171 1095
1171 1097
1171 1107
1171 1161
1171 1162
1171 1166
1171 1174
1171 1206
1171 1223
1171 1225
1171 1230
1171 1235
1172 980
1172 1044
1172 1108
1172 1236
1173 316
1173 581
1173 901
1173 981
1173 1045
1173 1109
1173 1237
1174 9
1174 15
1174 71
1174 78
1174 135
1174 199
1174 263
1174 327
1174 391
1174 455
1174 519
1174 583
1174 647
1174 711
1174 718
1174 726
1174 775
1174 839
1174 903
1174 910
1174 967
1174 982
1174 1031
1174 1033
1174 1046
1174 1110
1174 1159
1174 1161
1174 1162
1174 1166
1174 1171
1174 1223
1174 1225
1174 1230
1174 1238
1175 203
1175 983
1175 1047
1175 1111
1175 1239
1176 204
1176 984
1176 1048
1176 1112
1176 1240
1177 985
1177 1049
1177 1099
1177 1113
1177 1241
1178 18
1178 385
1178 780
1178 986
1178 1050
1178 1114
1178 1242
1179 908
1179 987
1179 1049
1179 1051
1179 1115
1179 1239
1179 1243
1180 988
1180 1052
1180 1116
1180 1244
1181 989
1181 1053
1181 1117
1181 1245
1182 886
1182 990
1182 1054
1182 1118
1182 1246
1183 179
1183 357
1183 819
1183 991
1183 1055
1183 1119
1183 1247
1184 167
1184 184
1184 562
1184 672
1184 992
1184 1056
1184 1120
1184 1218
1184 1248
1185 993
1185 1057
1185 1121
1185 1249
1186 348
1186 617
1186 631
1186 994
1186 1058
1186 1122
1186 1250
1187 302
1187 670
1187 995
1187 1037
1187 1059
1187 1123
1187 1251
1188 996
1188 1060
1188 1124
1188 1252
1189 846
1189 997
1189 1061
1189 1125
1189 1253
1190 29
1190 212
1190 321
1190 558
1190 923
1190 998
1190 1062
1190 1126
1190 1164
1190 1254
1191 122
1191 705
1191 929
1191 999
1191 1063
1191 1117
1191 1127
1191 1255
1192 231
1192 968
1192 1000
1192 1064
1192 1128
1192 1256
1193 804
1193 1001
1193 1065
1193 1129
1193 1257
1194 980
1194 1002
1194 1066
1194 1130
1194 1233
1194 1258
1195 43
1195 739
1195 1003
1195 1067
1195 1131
1195 1259
1196 450
1196 721
1196 835
1196 1004
1196 1068
1196 1132
1196 1260
1197 1005
1197 1069
1197 1133
1197 1261
1198 676
1198 1006
1198 1070
1198 1133
1198 1134
1198 1262
1199 116
1199 1007
1199 1071
1199 1135
1199 1263
1200 488
1200 501
1200 1002
1200 1008
1200 1072
1200 1136
1200 1264
1201 749
1201 1009
1201 1073
1201 1137
1201 1265
1202 1010
1202 1074
1202 1138
1202 1228
1202 1266
1203 1011
1203 1014
1203 1075
1203 1139
1203 1236
1203 1267
1204 284
1204 343
1204 404
1204 476
1204 1010
1204 1012
1204 1076
1204 1140
1204 1261
1204 1268
1205 606
1205 1013
1205 1077
1205 1141
1205 1269
1206 10
1206 246
1206 326
1206 327
1206 391
1206 393
1206 455
1206 646
1206 713
1206 714
1206 718
1206 726
1206 774
1206 841
1206 902
1206 903
1206 910
1206 966
1206 1014
1206 1031
1206 1033
1206 1038
1206 1078
1206 1095
1206 1097
1206 1142
1206 1162
1206 1166
1206 1171
1206 1225
1206 1230
1206 1270
1207 1015
1207 1079
1207 1143
1207 1271
1208 233
1208 238
1208 1016
1208 1036
1208 1080
1208 1144
1208 1272
1209 407
1209 757
1209 1017
1209 1081
1209 1106
1209 1125
1209 1145
1209 1273
1210 285
1210 538
1210 987
1210 1018
1210 1082
1210 1146
1210 1247
1210 1272
1210 1274
1211 753
1211 773
1211 1019
1211 1083
1211 1147
1211 1275
1212 746
1212 1020
1212 1084
1212 1148
1212 1276
1213 322
1213 1021
1213 1085
1213 1149
1213 1277
1214 61
1214 433
1214 795
1214 1022
1214 1086
1214 1139
1214 1150
1214 1278
1215 276
1215 430
1215 599
1215 840
1215 1023
1215 1087
1215 1151
1215 1279
1216 1024
1216 1088
1216 1152
1217 1025
1217 1089
1217 1153
1217 1246
1218 167
1218 184
1218 562
1218 672
1218 1026
1218 1090
1218 1154
1218 1184
1219 208
1219 580
1219 1027
1219 1091
1219 1155
1220 222
1220 1028
1220 1092
1220 1156
1221 350
1221 1029
1221 1093
1221 1120
1221 1157
1222 6
1222 70
1222 134
1222 198
1222 265
1222 329
1222 390
1222 457
1222 518
1222 582
1222 649
1222 710
1222 777
1222 838
1222 905
1222 969
1222 1030
1222 1094
1222 1158
1223 9
1223 15
1223 71
1223 78
1223 135
1223 199
1223 262
1223 263
1223 391
1223 455
1223 519
1223 583
1223 647
1223 711
1223 713
1223 718
1223 726
1223 775
1223 839
1223 903
1223 910
1223 967
1223 1031
1223 1033
1223 1095
1223 1159
1223 1161
1223 1162
1223 1166
1223 1171
1223 1174
1223 1225
1223 1230
1224 729
1224 1032
1224 1096
1224 1160
1225 9
1225 15
1225 71
1225 73
1225 78
1225 135
1225 262
1225 391
1225 455
1225 519
1225 583
1225 647
1225 711
1225 713
1225 718
1225 726
1225 775
1225 839
1225 841
1225 902
1225 903
1225 910
1225 967
1225 1031
1225 1033
1225 1038
1225 1078
1225 1097
1225 1159
1225 1161
1225 1162
1225 1166
1225 1171
1225 1174
1225 1206
1225 1223
1225 1230
1226 1034
1226 1098
1226 1162
1227 1035
1227 1090
1227 1099
1227 1163
1228 1036
1228 1100
1228 1164
1228 1202
1229 257
1229 1013
1229 1037
1229 1101
1229 1165
1230 9
1230 10
1230 15
1230 54
1230 71
1230 73
1230 78
1230 206
1230 262
1230 391
1230 455
1230 519
1230 583
1230 646
1230 647
1230 711
1230 713
1230 718
1230 726
1230 774
1230 775
1230 839
1230 841
1230 902
1230 903
1230 910
1230 967
1230 1031
1230 1033
1230 1038
1230 1078
1230 1095
1230 1097
1230 1102
1230 1159
1230 1161
1230 1162
1230 1166
1230 1171
1230 1174
1230 1206
1230 1223
1230 1225
1231 4
1231 1039
1231 1103
1231 1167
1232 1040
1232 1104
1232 1168
1233 980
1233 1041
1233 1105
1233 1169
1233 1194
1234 1042
1234 1106
1234 1170
1235 1043
1235 1107
1235 1171
1235 1252
1236 1014
1236 1044
1236 1108
1236 1172
1236 1203
1237 291
1237 446
1237 1045
1237 1109
1237 1173
1238 1046
1238 1088
1238 1110
1238 1174
1239 908
1239 1047
1239 1049
1239 1111
1239 1175
1239 1179
1240 308
1240 445
1240 1048
1240 1068
1240 1112
1240 1176
1241 172
1241 442
1241 1049
1241 1113
1241 1127
1241 1177
1242 364
1242 434
1242 691
1242 845
1242 1050
1242 1114
1242 1178
1243 1051
1243 1071
1243 1115
1243 1179
1244 100
1244 800
1244 1044
1244 1052
1244 1116
1244 1180
1245 1053
1245 1117
1245 1181
1246 1025
1246 1054
1246 1118
1246 1182
1246 1217
1247 285
1247 538
1247 987
1247 1055
1247 1119
1247 1183
1247 1210
1247 1272
1248 93
1248 252
1248 381
1248 418
1248 1056
1248 1120
1248 1184
1249 170
1249 803
1249 946
1249 988
1249 1057
1249 1121
1249 1185
1250 844
1250 963
1250 1058
1250 1122
1250 1186
1251 190
1251 594
1251 1059
1251 1067
1251 1123
1251 1187
1252 1060
1252 1124
1252 1188
1252 1235
1253 425
1253 478
1253 690
1253 1061
1253 1125
1253 1189
1254 313
1254 707
1254 871
1254 1062
1254 1126
1254 1130
1254 1190
1255 1063
1255 1127
1255 1191
1256 363
1256 603
1256 619
1256 683
1256 752
1256 1064
1256 1128
1256 1192
1257 323
1257 351
1257 371
1257 560
1257 1041
1257 1065
1257 1129
1257 1193
1258 115
1258 347
1258 506
1258 563
1258 702
1258 831
1258 1066
1258 1076
1258 1119
1258 1130
1258 1194
1259 59
1259 97
1259 698
1259 1001
1259 1067
1259 1089
1259 1131
1259 1195
1260 1068
1260 1132
1260 1196
1261 284
1261 343
1261 404
1261 476
1261 1010
1261 1069
1261 1133
1261 1197
1261 1204
1262 1070
1262 1134
1262 1198
1263 63
1263 1071
1263 1135
1263 1199
1264 221
1264 1072
1264 1136
1264 1200
1265 120
1265 205
1265 1073
1265 1137
1265 1201
1266 289
1266 1074
1266 1138
1266 1202
1267 1075
1267 1139
1267 1203
1268 183
1268 689
1268 857
1268 1076
1268 1140
1268 1204
1269 49
1269 165
1269 709
1269 1077
1269 1141
1269 1205
1270 1078
1270 1142
1270 1206
1271 1079
1271 1143
1271 1207
1272 285
1272 538
1272 987
1272 1080
1272 1144
1272 1208
1272 1210
1272 1247
1273 99
1273 175
1273 796
1273 1081
1273 1145
1273 1209
1274 724
1274 942
1274 1082
1274 1146
1274 1210
1275 232
1275 666
1275 1017
1275 1048
1275 1073
1275 1083
1275 1147
1275 1211
1276 28
1276 549
1276 907
1276 1084
1276 1148
1276 1212
1277 2
1277 164
1277 1085
1277 1149
1277 1213
1278 663
1278 1085
1278 1086
1278 1150
1278 1214
1279 424
1279 551
1279 1087
1279 1100
1279 1122
1279 1151
1279 1215
