0 64
0 102
0 128
0 192
1 65
1 129
1 131
1 193
1 525
1 840
2 66
2 130
2 194
3 67
3 131
3 195
3 259
4 68
4 132
4 196
5 15
5 19
5 69
5 79
5 83
5 129
5 133
5 141
5 143
5 147
5 193
5 197
5 205
5 207
5 211
5 261
5 269
5 271
5 275
5 325
5 335
5 339
5 385
5 389
5 399
5 403
5 453
5 463
5 467
5 517
5 527
5 581
5 582
5 645
5 655
5 710
5 773
5 774
5 838
5 1103
5 1167
5 1229
5 1231
6 70
6 134
6 197
6 198
6 262
6 326
6 390
6 454
6 518
6 582
6 646
6 710
6 774
6 838
6 902
6 966
6 1030
6 1094
6 1222
7 71
7 135
7 199
7 835
8 72
8 136
8 200
8 526
8 705
9 73
9 137
9 201
9 265
9 329
9 392
9 456
9 520
9 584
9 648
9 712
9 776
9 837
9 901
9 968
9 1032
9 1093
9 1160
9 1224
10 74
10 138
10 202
11 75
11 139
11 203
12 76
12 140
12 204
13 65
13 77
13 83
13 141
13 179
13 193
13 205
13 257
13 275
13 385
13 397
13 403
13 449
13 513
13 525
13 531
13 591
13 709
13 773
13 783
13 840
13 965
13 1029
13 1101
13 1165
14 78
14 142
14 206
15 5
15 19
15 69
15 79
15 83
15 129
15 133
15 141
15 143
15 147
15 193
15 197
15 205
15 207
15 211
15 257
15 261
15 269
15 271
15 275
15 325
15 335
15 339
15 385
15 389
15 397
15 399
15 403
15 449
15 453
15 463
15 467
15 513
15 517
15 527
15 531
15 581
15 591
15 645
15 655
15 709
15 773
15 1039
15 1103
15 1229
16 80
16 144
16 208
16 533
16 836
17 81
17 145
17 209
17 258
18 82
18 146
18 210
19 5
19 15
19 69
19 79
19 83
19 129
19 133
19 141
19 143
19 147
19 193
19 197
19 205
19 207
19 211
19 261
19 269
19 271
19 275
19 325
19 335
19 339
19 385
19 389
19 399
19 403
19 453
19 463
19 467
19 517
19 527
19 581
19 582
19 645
19 655
19 710
19 773
19 774
19 838
19 1103
19 1167
19 1229
19 1231
20 84
20 148
20 174
20 176
20 212
20 559
20 751
20 832
21 85
21 149
21 213
21 226
21 438
22 68
22 86
22 150
22 214
23 87
23 151
23 215
24 57
24 88
24 120
24 152
24 216
24 884
25 61
25 89
25 153
25 217
25 628
25 1015
25 1244
26 90
26 154
26 218
26 474
26 573
26 629
26 938
27 91
27 155
27 219
27 578
28 92
28 156
28 220
28 885
29 93
29 136
29 157
29 221
30 94
30 146
30 158
30 222
31 95
31 159
31 223
31 357
31 868
31 1092
32 96
32 160
32 224
33 97
33 161
33 225
33 854
33 1078
34 59
34 98
34 162
34 226
34 310
35 99
35 163
35 227
35 255
35 829
35 1021
35 1199
36 100
36 164
36 228
36 374
37 101
37 165
37 229
37 503
38 102
38 166
38 230
38 237
38 354
38 864
39 103
39 167
39 231
39 1241
40 104
40 168
40 188
40 232
40 497
41 105
41 169
41 233
42 106
42 170
42 234
42 536
42 866
43 107
43 171
43 235
43 744
43 1200
43 1278
44 108
44 156
44 172
44 236
45 109
45 173
45 237
46 110
46 174
47 111
47 175
47 239
47 360
47 366
47 679
47 809
47 981
48 112
48 122
48 176
48 240
48 728
48 826
48 931
49 113
49 177
49 241
50 114
50 178
50 242
50 1028
51 115
51 179
51 243
51 462
52 116
52 180
52 244
53 117
53 181
53 245
53 516
54 118
54 182
54 246
54 507
55 119
55 183
55 247
55 359
55 361
55 553
55 870
55 1133
56 120
56 184
56 248
56 282
57 24
57 120
57 121
57 185
57 249
57 884
58 122
58 186
58 250
58 766
58 867
58 1050
58 1127
59 34
59 123
59 187
59 251
59 310
60 124
60 188
60 190
60 252
60 560
60 818
61 25
61 125
61 189
61 253
61 628
61 1015
61 1244
62 126
62 171
62 190
62 254
62 1009
63 127
63 191
63 255
64 0
64 128
64 192
64 256
64 437
64 469
65 1
65 13
65 77
65 129
65 131
65 179
65 193
65 257
65 397
65 449
65 513
65 525
65 709
65 783
65 840
65 904
65 1029
65 1101
66 2
66 130
66 194
66 258
67 3
67 131
67 195
67 259
68 4
68 22
68 132
68 196
68 260
69 5
69 15
69 19
69 79
69 83
69 129
69 133
69 141
69 143
69 147
69 197
69 205
69 207
69 211
69 261
69 269
69 271
69 275
69 325
69 335
69 339
69 385
69 389
69 399
69 403
69 453
69 463
69 467
69 517
69 527
69 581
69 582
69 645
69 655
69 710
69 773
69 774
69 838
69 902
69 1103
69 1167
69 1229
69 1231
70 6
70 134
70 197
70 198
70 262
70 326
70 390
70 454
70 518
70 582
70 646
70 710
70 774
70 838
70 902
70 966
70 1030
70 1094
70 1222
71 7
71 135
71 199
71 263
71 1230
72 8
72 136
72 200
72 264
72 1091
73 9
73 137
73 201
73 265
73 329
73 392
73 456
73 520
73 584
73 648
73 712
73 776
73 837
73 901
73 968
73 1032
73 1093
73 1160
73 1224
74 10
74 138
74 202
74 266
74 961
75 11
75 139
75 203
75 267
76 12
76 140
76 204
76 268
76 1166
77 13
77 65
77 83
77 129
77 141
77 179
77 193
77 205
77 257
77 269
77 275
77 339
77 385
77 397
77 403
77 449
77 467
77 513
77 531
77 591
77 655
77 709
77 773
77 783
77 911
77 965
77 1096
77 1157
77 1165
77 1221
78 14
78 142
78 206
78 270
78 585
79 5
79 15
79 19
79 69
79 83
79 129
79 133
79 141
79 143
79 147
79 193
79 197
79 205
79 207
79 211
79 257
79 261
79 269
79 271
79 275
79 325
79 335
79 339
79 385
79 389
79 397
79 399
79 403
79 453
79 463
79 467
79 517
79 527
79 531
79 581
79 591
79 645
79 655
79 709
79 773
79 911
79 1103
79 1229
80 16
80 144
80 208
80 272
81 17
81 145
81 209
81 273
82 18
82 146
82 210
82 274
82 851
82 1227
83 5
83 13
83 15
83 19
83 69
83 77
83 79
83 129
83 141
83 143
83 147
83 193
83 205
83 207
83 211
83 257
83 261
83 269
83 271
83 275
83 325
83 335
83 339
83 385
83 389
83 397
83 399
83 403
83 449
83 453
83 463
83 467
83 513
83 517
83 527
83 531
83 581
83 591
83 645
83 655
83 709
83 773
83 783
83 911
83 975
83 1039
83 1096
83 1157
84 20
84 148
84 177
84 212
84 276
84 1130
84 1232
85 21
85 149
85 213
85 277
85 677
86 22
86 150
86 214
86 278
87 23
87 151
87 215
87 279
87 930
87 1135
88 24
88 152
88 216
88 280
88 445
88 660
89 25
89 153
89 217
89 245
89 281
89 801
90 26
90 154
90 218
90 282
90 372
91 27
91 155
91 219
91 283
91 1031
92 28
92 156
92 163
92 220
92 249
92 250
92 284
92 380
92 692
93 29
93 157
93 221
93 285
94 30
94 158
94 222
94 286
95 31
95 159
95 223
95 287
95 357
95 868
95 1092
96 32
96 160
96 224
96 288
96 350
97 33
97 98
97 161
97 225
97 289
97 722
98 34
98 97
98 162
98 226
98 290
98 722
99 35
99 163
99 227
99 291
99 440
99 571
99 1065
99 1247
100 36
100 164
100 228
100 292
101 37
101 118
101 165
101 229
101 293
102 0
102 38
102 166
102 230
102 294
103 39
103 167
103 231
103 295
103 431
104 40
104 168
104 232
104 296
104 608
105 41
105 169
105 233
105 297
106 42
106 170
106 234
106 298
106 378
106 952
106 1210
107 43
107 171
107 235
107 299
107 319
107 638
107 695
107 852
107 888
108 44
108 172
108 236
108 300
109 45
109 173
109 237
109 301
109 482
109 562
109 772
110 46
110 174
110 238
110 302
110 725
111 47
111 175
111 239
111 303
111 810
111 824
111 1263
112 48
112 176
112 240
112 304
112 444
112 663
112 1148
113 49
113 177
113 241
113 305
113 937
114 50
114 178
114 242
114 306
114 355
114 423
114 1185
115 51
115 179
115 243
115 307
115 1043
115 1163
116 52
116 180
116 244
116 308
116 424
116 960
116 1141
116 1206
117 53
117 181
117 245
117 309
118 54
118 101
118 182
118 246
118 310
119 55
119 183
119 247
119 311
119 735
120 24
120 56
120 57
120 184
120 248
120 312
120 884
121 57
121 185
121 249
121 313
121 568
121 666
121 1076
122 48
122 58
122 186
122 250
122 314
122 728
122 826
122 931
123 59
123 187
123 251
123 315
123 673
123 690
124 60
124 188
124 252
124 312
124 316
124 441
124 746
124 980
124 1209
125 61
125 189
125 253
125 317
125 433
125 505
125 922
126 62
126 127
126 190
126 254
126 318
126 368
126 508
126 816
126 856
127 63
127 126
127 191
127 255
127 319
127 368
127 508
127 816
127 856
128 0
128 64
128 192
128 256
128 320
129 1
129 5
129 15
129 19
129 65
129 69
129 77
129 79
129 83
129 133
129 141
129 143
129 147
129 193
129 197
129 205
129 207
129 211
129 257
129 261
129 269
129 271
129 275
129 321
129 325
129 335
129 339
129 385
129 389
129 397
129 399
129 403
129 449
129 453
129 463
129 467
129 513
129 517
129 527
129 531
129 581
129 591
129 645
129 655
129 709
129 773
129 783
129 911
129 975
129 1039
130 2
130 66
130 194
130 258
130 322
130 641
131 1
131 3
131 65
131 67
131 179
131 195
131 259
131 323
131 525
131 840
131 904
131 965
132 4
132 68
132 196
132 260
132 324
133 5
133 15
133 19
133 69
133 79
133 129
133 141
133 143
133 147
133 197
133 205
133 207
133 211
133 261
133 269
133 271
133 275
133 325
133 335
133 339
133 389
133 399
133 403
133 453
133 463
133 467
133 517
133 527
133 581
133 582
133 645
133 646
133 655
133 710
133 773
133 774
133 838
133 902
133 966
133 1167
133 1229
133 1231
134 6
134 70
134 198
134 262
134 326
134 390
134 454
134 518
134 582
134 646
134 710
134 774
134 838
134 902
134 966
135 7
135 71
135 199
135 263
135 327
135 328
136 8
136 29
136 72
136 200
136 264
136 328
137 9
137 73
137 201
137 265
137 329
137 392
137 456
137 520
137 584
137 648
137 712
137 776
137 837
137 901
137 968
137 1032
137 1093
137 1160
137 1224
138 10
138 74
138 202
138 266
138 330
139 11
139 75
139 203
139 267
139 331
140 12
140 76
140 204
140 268
140 332
141 5
141 13
141 15
141 19
141 69
141 77
141 79
141 83
141 129
141 133
141 143
141 147
141 193
141 197
141 205
141 207
141 211
141 257
141 261
141 269
141 271
141 275
141 325
141 333
141 335
141 339
141 385
141 389
141 397
141 399
141 403
141 449
141 453
141 463
141 467
141 513
141 517
141 527
141 531
141 581
141 591
141 645
141 655
141 709
141 773
141 911
141 975
141 1039
141 1103
142 14
142 78
142 206
142 270
142 330
142 334
142 458
142 475
143 5
143 15
143 19
143 69
143 79
143 83
143 129
143 133
143 141
143 147
143 197
143 205
143 207
143 211
143 261
143 269
143 271
143 275
143 325
143 335
143 339
143 385
143 389
143 399
143 403
143 453
143 463
143 467
143 517
143 527
143 581
143 582
143 645
143 655
143 710
143 773
143 774
143 838
143 902
143 966
143 975
143 1103
143 1167
143 1229
143 1231
144 16
144 80
144 208
144 272
144 336
145 17
145 81
145 209
145 273
145 337
146 18
146 30
146 82
146 210
146 274
146 338
147 5
147 15
147 19
147 69
147 79
147 83
147 129
147 133
147 141
147 143
147 193
147 197
147 205
147 207
147 211
147 261
147 269
147 271
147 275
147 325
147 335
147 339
147 385
147 389
147 399
147 403
147 453
147 463
147 467
147 517
147 527
147 581
147 582
147 645
147 655
147 710
147 773
147 774
147 838
147 902
147 966
147 975
147 1103
147 1167
147 1229
147 1231
148 20
148 84
148 174
148 176
148 212
148 276
148 340
148 559
148 751
148 832
149 21
149 85
149 213
149 277
149 341
149 821
150 22
150 86
150 214
150 278
150 342
150 1161
151 23
151 87
151 215
151 279
151 343
152 24
152 88
152 216
152 280
152 344
152 574
152 1273
153 25
153 89
153 217
153 281
153 345
153 373
154 26
154 90
154 218
154 279
154 282
154 346
154 408
154 891
154 1109
154 1271
155 27
155 91
155 219
155 283
155 347
156 28
156 44
156 92
156 220
156 284
156 348
157 29
157 93
157 221
157 285
157 349
158 30
158 94
158 222
158 286
158 350
159 31
159 95
159 178
159 183
159 223
159 287
159 351
160 32
160 96
160 224
160 288
160 352
161 33
161 97
161 225
161 289
161 353
161 862
161 982
161 1139
162 34
162 98
162 226
162 290
162 354
162 861
162 1126
163 35
163 92
163 99
163 227
163 249
163 250
163 291
163 355
163 380
163 692
164 36
164 100
164 228
164 292
164 356
165 37
165 101
165 229
165 293
165 357
165 490
165 632
165 999
165 1266
166 38
166 102
166 230
166 294
166 358
166 539
166 706
167 39
167 103
167 231
167 295
167 359
167 804
168 40
168 104
168 232
168 296
168 306
168 351
168 360
168 1147
169 41
169 105
169 233
169 297
169 361
169 576
170 42
170 106
170 234
170 280
170 298
170 362
170 820
170 872
170 1251
171 43
171 62
171 107
171 235
171 254
171 299
171 1009
172 44
172 108
172 236
172 300
172 364
172 736
173 45
173 109
173 237
173 287
173 292
173 301
173 365
173 1024
173 1275
174 20
174 46
174 110
174 148
174 176
174 238
174 302
174 366
174 559
174 751
174 832
175 47
175 111
175 239
175 303
175 367
175 609
175 1168
176 20
176 48
176 112
176 148
176 174
176 240
176 304
176 368
176 559
176 751
176 832
177 49
177 84
177 113
177 241
177 305
177 369
177 1130
177 1232
178 50
178 114
178 159
178 183
178 242
178 306
178 370
179 13
179 51
179 65
179 77
179 115
179 131
179 243
179 257
179 307
179 371
179 397
179 449
179 513
179 525
179 591
179 709
179 783
179 840
179 904
179 965
179 1029
179 1101
180 52
180 116
180 244
180 308
180 372
180 471
180 676
180 857
180 1240
181 53
181 117
181 245
181 309
181 373
181 498
181 671
182 54
182 118
182 246
182 310
182 374
183 55
183 119
183 159
183 178
183 247
183 311
183 375
184 56
184 120
184 248
184 312
184 376
185 57
185 121
185 249
185 313
185 377
185 569
185 808
185 1066
185 1086
185 1208
185 1214
186 58
186 122
186 250
186 314
186 376
186 378
186 570
187 59
187 123
187 251
187 315
187 379
188 40
188 60
188 124
188 252
188 316
188 380
188 497
189 61
189 125
189 253
189 317
189 381
189 1128
189 1143
190 60
190 62
190 126
190 254
190 318
190 382
190 560
190 818
191 63
191 127
191 255
191 319
191 383
191 432
191 855
192 0
192 64
192 128
192 256
192 320
192 384
193 1
193 5
193 13
193 15
193 19
193 65
193 77
193 79
193 83
193 129
193 141
193 147
193 205
193 211
193 257
193 261
193 269
193 271
193 275
193 321
193 335
193 339
193 385
193 397
193 403
193 449
193 463
193 467
193 513
193 527
193 531
193 581
193 591
193 645
193 655
193 709
193 773
193 783
193 911
193 965
193 975
193 1029
193 1039
193 1096
193 1157
193 1221
194 2
194 66
194 130
194 258
194 322
194 386
195 3
195 67
195 131
195 259
195 323
195 387
196 4
196 68
196 132
196 260
196 277
196 324
196 388
197 5
197 6
197 15
197 19
197 69
197 70
197 79
197 129
197 133
197 141
197 143
197 147
197 207
197 211
197 261
197 269
197 271
197 325
197 335
197 339
197 389
197 399
197 453
197 463
197 467
197 517
197 527
197 581
197 582
197 645
197 646
197 655
197 710
197 774
197 838
197 902
197 966
197 1030
197 1039
197 1167
197 1229
197 1231
198 6
198 70
198 134
198 262
198 326
198 390
198 454
198 518
198 582
198 646
198 710
198 774
198 838
198 902
198 966
198 1030
199 7
199 71
199 135
199 263
199 327
199 391
200 8
200 72
200 136
200 264
200 328
200 392
200 905
201 9
201 73
201 137
201 265
201 329
201 392
201 393
201 456
201 520
201 584
201 648
201 712
201 776
201 837
201 901
201 968
201 1032
201 1093
201 1160
201 1224
202 10
202 74
202 138
202 266
202 330
202 394
203 11
203 75
203 139
203 267
203 331
203 395
204 12
204 76
204 140
204 268
204 332
204 396
205 5
205 13
205 15
205 19
205 69
205 77
205 79
205 83
205 129
205 133
205 141
205 143
205 147
205 193
205 207
205 211
205 257
205 261
205 269
205 271
205 275
205 325
205 333
205 335
205 339
205 385
205 389
205 397
205 399
205 403
205 449
205 453
205 463
205 467
205 513
205 517
205 527
205 531
205 581
205 591
205 645
205 655
205 709
205 773
205 783
205 911
205 975
205 1039
206 14
206 78
206 142
206 270
206 334
206 398
207 5
207 15
207 19
207 69
207 79
207 83
207 129
207 133
207 141
207 143
207 147
207 197
207 205
207 211
207 261
207 269
207 271
207 275
207 325
207 335
207 339
207 385
207 389
207 399
207 403
207 453
207 463
207 467
207 517
207 527
207 581
207 582
207 645
207 655
207 710
207 773
207 774
207 838
207 902
207 966
207 975
207 1030
207 1039
207 1103
207 1167
207 1229
207 1231
208 16
208 80
208 144
208 272
208 336
208 400
208 607
208 616
208 757
209 17
209 81
209 145
209 273
209 337
209 401
209 544
210 18
210 82
210 146
210 274
210 285
210 338
210 402
211 5
211 15
211 19
211 69
211 79
211 83
211 129
211 133
211 141
211 143
211 147
211 193
211 197
211 205
211 207
211 257
211 261
211 269
211 271
211 275
211 325
211 335
211 339
211 385
211 389
211 397
211 399
211 403
211 453
211 463
211 467
211 517
211 527
211 531
211 581
211 591
211 645
211 655
211 709
211 773
211 911
211 975
211 1039
211 1103
211 1229
212 20
212 84
212 148
212 276
212 340
212 404
212 935
212 995
212 1059
212 1064
212 1124
212 1138
213 21
213 85
213 149
213 277
213 341
213 405
214 22
214 86
214 150
214 230
214 278
214 342
214 406
214 969
215 23
215 87
215 151
215 279
215 343
215 407
215 747
215 1085
215 1265
216 24
216 88
216 152
216 280
216 344
216 408
217 25
217 89
217 153
217 281
217 345
217 409
217 640
218 26
218 90
218 154
218 282
218 346
218 410
218 1250
219 27
219 91
219 155
219 283
219 347
219 411
219 778
220 28
220 92
220 156
220 284
220 311
220 348
220 412
220 987
221 29
221 93
221 157
221 285
221 349
221 413
222 30
222 94
222 158
222 286
222 350
222 414
222 1226
223 31
223 95
223 159
223 233
223 287
223 351
223 415
223 466
224 32
224 96
224 160
224 288
224 352
224 416
225 33
225 97
225 161
225 289
225 353
225 417
226 21
226 34
226 98
226 162
226 290
226 354
226 418
226 438
227 35
227 99
227 163
227 291
227 355
227 419
227 685
227 993
227 1188
228 36
228 100
228 164
228 292
228 356
228 420
229 37
229 101
229 165
229 293
229 357
229 421
229 900
230 38
230 102
230 166
230 214
230 294
230 358
230 422
230 969
231 39
231 103
231 167
231 295
231 356
231 359
231 423
231 1211
232 40
232 104
232 168
232 296
232 360
232 424
233 41
233 105
233 169
233 223
233 297
233 361
233 425
233 466
234 42
234 106
234 170
234 298
234 346
234 362
234 426
234 682
234 983
235 43
235 107
235 171
235 299
235 363
235 427
235 675
235 1239
236 44
236 108
236 172
236 300
236 364
236 428
236 770
237 38
237 45
237 109
237 173
237 301
237 354
237 365
237 429
237 864
238 110
238 174
238 302
238 366
238 430
238 1023
238 1212
238 1259
239 47
239 111
239 175
239 303
239 367
239 431
239 986
240 48
240 112
240 176
240 253
240 304
240 368
240 432
240 893
241 49
241 113
241 177
241 305
241 343
241 369
241 375
241 433
241 597
241 613
241 1052
242 50
242 114
242 178
242 306
242 370
242 434
242 865
242 1049
242 1129
243 51
243 115
243 179
243 307
243 371
243 435
244 52
244 116
244 180
244 308
244 372
244 407
244 436
244 763
244 1010
245 53
245 89
245 117
245 181
245 309
245 373
245 437
245 801
246 54
246 118
246 182
246 310
246 374
246 438
246 548
247 55
247 119
247 183
247 311
247 375
247 439
248 56
248 120
248 184
248 312
248 376
248 440
248 596
248 912
248 948
248 1073
249 57
249 92
249 121
249 163
249 185
249 250
249 313
249 377
249 380
249 441
249 692
250 58
250 92
250 122
250 163
250 186
250 249
250 314
250 378
250 380
250 442
250 692
251 59
251 123
251 187
251 315
251 379
251 443
251 1223
252 60
252 124
252 188
252 316
252 380
252 444
252 761
252 1008
253 61
253 125
253 189
253 240
253 317
253 381
253 445
253 893
254 62
254 126
254 171
254 190
254 318
254 382
254 446
254 1009
255 35
255 63
255 127
255 191
255 319
255 383
255 447
255 829
255 1021
255 1199
256 64
256 128
256 192
256 320
256 384
256 448
257 13
257 15
257 65
257 77
257 79
257 83
257 129
257 141
257 179
257 193
257 205
257 211
257 269
257 275
257 321
257 339
257 385
257 397
257 403
257 449
257 467
257 513
257 531
257 581
257 591
257 645
257 655
257 709
257 773
257 783
257 911
257 965
257 975
257 1029
257 1039
257 1096
257 1101
257 1157
257 1165
257 1221
258 17
258 66
258 130
258 194
258 322
258 386
258 450
259 3
259 67
259 131
259 195
259 323
259 387
259 451
260 68
260 132
260 196
260 324
260 388
260 452
261 5
261 15
261 19
261 69
261 79
261 83
261 129
261 133
261 141
261 143
261 147
261 193
261 197
261 205
261 207
261 211
261 269
261 271
261 275
261 325
261 335
261 339
261 385
261 389
261 399
261 403
261 453
261 463
261 467
261 517
261 527
261 581
261 582
261 645
261 655
261 710
261 773
261 774
261 838
261 902
261 966
261 975
261 1030
261 1039
261 1094
261 1103
261 1167
261 1229
261 1231
262 6
262 70
262 134
262 198
262 326
262 390
262 454
262 518
262 582
262 646
262 710
262 774
262 838
262 902
262 966
262 1030
262 1094
263 71
263 135
263 199
263 327
263 391
263 455
263 1182
264 72
264 136
264 200
264 328
264 392
264 456
264 477
265 9
265 73
265 137
265 201
265 329
265 392
265 393
265 456
265 457
265 520
265 584
265 648
265 712
265 776
265 837
265 901
265 968
265 1032
265 1093
265 1160
265 1224
266 74
266 138
266 202
266 330
266 394
266 414
266 458
267 75
267 139
267 203
267 331
267 395
267 459
268 76
268 140
268 204
268 332
268 396
268 460
269 5
269 15
269 19
269 69
269 77
269 79
269 83
269 129
269 133
269 141
269 143
269 147
269 193
269 197
269 205
269 207
269 211
269 257
269 261
269 271
269 275
269 325
269 333
269 335
269 339
269 385
269 389
269 397
269 399
269 403
269 449
269 453
269 461
269 463
269 467
269 513
269 517
269 527
269 531
269 581
269 591
269 645
269 655
269 709
269 773
269 783
269 911
269 975
269 1039
269 1096
269 1103
270 78
270 142
270 206
270 334
270 398
270 462
271 5
271 15
271 19
271 69
271 79
271 83
271 129
271 133
271 141
271 143
271 147
271 193
271 197
271 205
271 207
271 211
271 261
271 269
271 275
271 325
271 335
271 339
271 385
271 389
271 397
271 399
271 403
271 453
271 463
271 467
271 517
271 527
271 531
271 581
271 591
271 645
271 655
271 773
271 838
271 911
271 975
271 1039
271 1103
271 1167
271 1229
272 80
272 144
272 208
272 336
272 400
272 464
273 81
273 145
273 209
273 337
273 401
273 465
273 841
274 82
274 146
274 210
274 338
274 402
274 466
275 5
275 13
275 15
275 19
275 69
275 77
275 79
275 83
275 129
275 133
275 141
275 143
275 147
275 193
275 205
275 207
275 211
275 257
275 261
275 269
275 271
275 325
275 335
275 339
275 385
275 389
275 397
275 399
275 403
275 449
275 453
275 463
275 467
275 513
275 517
275 527
275 531
275 581
275 591
275 645
275 655
275 709
275 773
275 783
275 911
275 965
275 975
275 1039
275 1096
275 1103
275 1157
276 84
276 148
276 212
276 340
276 404
276 468
276 848
276 853
276 1061
276 1104
277 85
277 149
277 196
277 213
277 341
277 405
277 469
278 86
278 150
278 214
278 342
278 406
278 470
278 546
279 87
279 151
279 154
279 215
279 343
279 407
279 408
279 471
279 891
279 1109
279 1271
280 88
280 152
280 170
280 216
280 344
280 408
280 472
280 820
280 872
280 1251
281 89
281 153
281 217
281 345
281 409
281 473
282 56
282 90
282 154
282 218
282 346
282 410
282 474
283 91
283 155
283 219
283 347
283 411
283 475
284 92
284 156
284 220
284 341
284 348
284 412
284 476
284 876
285 93
285 157
285 210
285 221
285 349
285 413
285 477
286 94
286 158
286 222
286 350
286 414
286 478
287 95
287 159
287 173
287 223
287 292
287 351
287 415
287 479
287 1024
287 1275
288 96
288 160
288 224
288 352
288 416
288 450
288 480
289 97
289 161
289 225
289 353
289 417
289 481
290 98
290 162
290 226
290 354
290 418
290 482
291 99
291 163
291 227
291 355
291 419
291 483
291 741
292 100
292 164
292 173
292 228
292 287
292 356
292 420
292 484
292 1024
292 1275
293 101
293 165
293 229
293 357
293 421
293 485
293 936
293 1040
294 102
294 166
294 230
294 358
294 422
294 486
294 797
295 103
295 167
295 231
295 315
295 359
295 423
295 487
296 104
296 168
296 232
296 360
296 424
296 481
296 488
297 105
297 169
297 233
297 361
297 425
297 489
297 978
298 106
298 170
298 234
298 362
298 419
298 426
298 490
298 665
298 1125
299 107
299 171
299 235
299 363
299 427
299 447
299 491
299 1071
299 1080
300 108
300 172
300 236
300 364
300 428
300 492
301 109
301 173
301 237
301 365
301 429
301 468
301 493
301 554
301 1204
302 110
302 174
302 238
302 366
302 430
302 494
302 830
303 111
303 175
303 239
303 367
303 431
303 495
303 674
303 950
303 1000
304 112
304 176
304 240
304 368
304 432
304 496
304 1269
305 113
305 177
305 241
305 369
305 433
305 497
305 633
305 760
306 114
306 168
306 178
306 242
306 351
306 370
306 434
306 498
306 1147
307 115
307 179
307 243
307 371
307 435
307 486
307 499
307 1107
308 116
308 180
308 244
308 372
308 436
308 500
309 117
309 181
309 245
309 373
309 437
309 501
310 34
310 59
310 118
310 182
310 246
310 374
310 438
310 502
311 119
311 183
311 220
311 247
311 375
311 439
311 503
311 987
312 120
312 124
312 184
312 248
312 376
312 440
312 441
312 504
312 746
312 980
312 1209
313 121
313 185
313 249
313 377
313 441
313 442
313 505
313 720
313 729
314 122
314 186
314 250
314 378
314 442
314 506
314 880
314 1002
315 123
315 187
315 251
315 295
315 379
315 443
315 507
316 124
316 188
316 252
316 380
316 444
316 508
316 697
316 954
317 125
317 189
317 253
317 381
317 426
317 445
317 496
317 504
317 509
317 511
317 602
317 920
317 1044
317 1067
317 1264
318 126
318 190
318 254
318 382
318 446
318 510
318 825
318 889
318 1215
319 107
319 127
319 191
319 255
319 383
319 447
319 511
319 638
319 695
319 852
319 888
320 128
320 192
320 256
320 384
320 448
320 512
320 620
321 129
321 193
321 257
321 385
321 449
321 513
322 130
322 194
322 258
322 386
322 450
322 514
322 643
323 131
323 195
323 259
323 387
323 451
323 515
324 132
324 196
324 260
324 388
324 452
324 516
324 1046
325 5
325 15
325 19
325 69
325 79
325 83
325 129
325 133
325 141
325 143
325 147
325 197
325 205
325 207
325 211
325 261
325 269
325 271
325 275
325 335
325 339
325 385
325 389
325 399
325 403
325 453
325 463
325 467
325 517
325 527
325 581
325 582
325 645
325 655
325 710
325 773
325 774
325 838
325 902
325 966
325 975
325 1030
325 1039
325 1094
325 1103
325 1158
325 1167
325 1229
325 1231
326 6
326 70
326 134
326 198
326 262
326 390
326 454
326 518
326 582
326 646
326 710
326 774
326 838
326 902
326 966
326 1030
326 1094
326 1158
327 135
327 199
327 263
327 391
327 455
327 519
327 1098
328 135
328 136
328 200
328 264
328 392
328 456
328 520
329 9
329 73
329 137
329 201
329 265
329 392
329 393
329 456
329 457
329 520
329 521
329 584
329 648
329 712
329 776
329 837
329 901
329 968
329 1032
329 1093
329 1160
329 1224
330 138
330 142
330 202
330 266
330 394
330 458
330 475
330 522
331 139
331 203
331 267
331 395
331 459
331 523
332 140
332 204
332 268
332 396
332 460
332 524
332 657
333 141
333 205
333 269
333 397
333 461
333 525
334 142
334 206
334 270
334 398
334 462
334 519
334 526
334 1034
334 1164
335 5
335 15
335 19
335 69
335 79
335 83
335 129
335 133
335 141
335 143
335 147
335 193
335 197
335 205
335 207
335 211
335 261
335 269
335 271
335 275
335 325
335 339
335 385
335 389
335 397
335 399
335 403
335 453
335 463
335 467
335 517
335 527
335 531
335 581
335 591
335 645
335 655
335 773
335 838
335 911
335 975
335 1039
335 1096
335 1103
335 1157
335 1167
335 1229
336 144
336 208
336 272
336 400
336 464
336 528
337 145
337 209
337 273
337 401
337 465
337 529
338 146
338 210
338 274
338 402
338 466
338 478
338 530
339 5
339 15
339 19
339 69
339 77
339 79
339 83
339 129
339 133
339 141
339 143
339 147
339 193
339 197
339 205
339 207
339 211
339 257
339 261
339 269
339 271
339 275
339 325
339 335
339 385
339 389
339 397
339 399
339 403
339 449
339 453
339 463
339 467
339 513
339 517
339 527
339 531
339 581
339 591
339 645
339 655
339 709
339 773
339 911
339 975
339 1039
339 1096
339 1103
339 1157
339 1167
340 148
340 212
340 276
340 404
340 468
340 532
341 149
341 213
341 277
341 284
341 405
341 469
341 533
341 876
342 150
342 214
342 278
342 406
342 470
342 534
343 151
343 215
343 241
343 279
343 375
343 407
343 471
343 535
343 597
343 613
343 1052
344 152
344 216
344 280
344 408
344 472
344 536
345 153
345 217
345 281
345 409
345 473
345 537
345 551
346 154
346 218
346 234
346 282
346 410
346 474
346 538
346 682
346 983
347 155
347 219
347 283
347 411
347 475
347 539
347 603
348 156
348 220
348 284
348 412
348 476
348 540
348 1238
349 157
349 221
349 285
349 413
349 477
349 541
350 96
350 158
350 222
350 286
350 414
350 478
350 542
351 159
351 168
351 223
351 287
351 306
351 415
351 479
351 543
351 1147
352 160
352 224
352 288
352 416
352 480
352 544
353 161
353 225
353 289
353 417
353 481
353 545
354 38
354 162
354 226
354 237
354 290
354 418
354 482
354 546
354 864
355 114
355 163
355 227
355 291
355 419
355 423
355 483
355 547
355 1185
356 164
356 228
356 231
356 292
356 420
356 484
356 548
356 1211
357 31
357 95
357 165
357 229
357 293
357 421
357 485
357 549
357 868
357 1092
358 166
358 230
358 294
358 422
358 486
358 550
359 55
359 167
359 231
359 295
359 361
359 423
359 487
359 551
359 553
359 870
359 1133
360 47
360 168
360 232
360 296
360 366
360 424
360 488
360 552
360 679
360 809
360 981
361 55
361 169
361 233
361 297
361 359
361 425
361 489
361 553
361 870
361 1133
362 170
362 234
362 298
362 426
362 483
362 490
362 554
362 814
362 976
363 235
363 299
363 427
363 491
364 172
364 236
364 300
364 428
364 492
364 556
365 173
365 237
365 301
365 429
365 493
365 557
366 47
366 174
366 238
366 302
366 360
366 430
366 494
366 558
366 679
366 809
366 981
367 175
367 239
367 303
367 431
367 495
367 559
368 126
368 127
368 176
368 240
368 304
368 432
368 496
368 508
368 560
368 816
368 856
369 177
369 241
369 305
369 433
369 497
369 561
369 791
370 178
370 242
370 306
370 434
370 498
370 562
370 759
371 179
371 243
371 307
371 435
371 499
371 563
372 90
372 180
372 244
372 308
372 436
372 500
372 564
373 153
373 181
373 245
373 309
373 437
373 501
373 565
374 36
374 182
374 246
374 310
374 438
374 502
374 566
375 183
375 241
375 247
375 311
375 343
375 439
375 503
375 567
375 597
375 613
375 1052
376 184
376 186
376 248
376 312
376 440
376 504
376 568
376 570
377 185
377 249
377 313
377 441
377 505
377 558
377 569
377 600
378 106
378 186
378 250
378 314
378 442
378 506
378 570
378 952
378 1210
379 187
379 251
379 315
379 443
379 507
379 512
379 571
379 812
380 92
380 163
380 188
380 249
380 250
380 252
380 316
380 444
380 508
380 572
380 692
381 189
381 253
381 317
381 445
381 509
381 532
381 573
381 917
381 1045
382 190
382 254
382 318
382 446
382 510
382 574
382 927
382 1020
382 1146
383 191
383 255
383 319
383 447
383 511
383 575
383 622
383 831
383 945
383 1087
384 192
384 256
384 320
384 448
384 512
384 576
384 1106
385 5
385 13
385 15
385 19
385 69
385 77
385 79
385 83
385 129
385 141
385 143
385 147
385 193
385 205
385 207
385 211
385 257
385 261
385 269
385 271
385 275
385 321
385 325
385 335
385 339
385 389
385 397
385 399
385 403
385 449
385 453
385 463
385 467
385 513
385 517
385 527
385 531
385 577
385 581
385 591
385 645
385 655
385 709
385 773
385 783
385 911
385 965
385 975
385 1029
385 1039
385 1096
385 1101
385 1103
385 1157
385 1165
385 1221
385 1229
386 194
386 258
386 322
386 450
386 514
386 578
386 650
387 195
387 259
387 323
387 411
387 451
387 515
387 579
388 196
388 260
388 324
388 452
388 516
388 580
388 1170
389 5
389 15
389 19
389 69
389 79
389 83
389 129
389 133
389 141
389 143
389 147
389 197
389 205
389 207
389 211
389 261
389 269
389 271
389 275
389 325
389 335
389 339
389 385
389 399
389 403
389 453
389 463
389 467
389 517
389 527
389 581
389 582
389 645
389 655
389 710
389 773
389 774
389 838
389 902
389 966
389 975
389 1030
389 1039
389 1094
389 1103
389 1158
389 1167
389 1222
389 1229
389 1231
390 6
390 70
390 134
390 198
390 262
390 326
390 454
390 518
390 582
390 646
390 710
390 774
390 838
390 902
390 966
390 1030
390 1094
390 1158
390 1222
391 199
391 263
391 327
391 455
391 515
391 519
391 583
392 9
392 73
392 137
392 200
392 201
392 264
392 265
392 328
392 329
392 456
392 520
392 584
392 648
392 712
392 776
392 837
392 901
392 968
392 1032
392 1093
392 1160
392 1224
393 201
393 265
393 329
393 457
393 521
393 585
394 202
394 266
394 330
394 458
394 522
394 586
395 203
395 267
395 331
395 459
395 523
395 587
396 204
396 268
396 332
396 460
396 524
396 588
396 723
397 13
397 15
397 65
397 77
397 79
397 83
397 129
397 141
397 179
397 193
397 205
397 211
397 257
397 269
397 271
397 275
397 333
397 335
397 339
397 385
397 403
397 449
397 461
397 467
397 513
397 525
397 531
397 581
397 589
397 591
397 645
397 655
397 709
397 773
397 783
397 911
397 965
397 975
397 1029
397 1039
397 1096
397 1101
397 1103
397 1157
397 1165
397 1221
398 206
398 270
398 334
398 462
398 526
398 590
399 5
399 15
399 19
399 69
399 79
399 83
399 129
399 133
399 141
399 143
399 147
399 197
399 205
399 207
399 211
399 261
399 269
399 271
399 275
399 325
399 335
399 339
399 385
399 389
399 403
399 453
399 463
399 467
399 517
399 527
399 581
399 582
399 591
399 645
399 655
399 710
399 773
399 774
399 838
399 902
399 966
399 975
399 1030
399 1039
399 1094
399 1103
399 1158
399 1167
399 1222
399 1229
399 1231
400 208
400 272
400 336
400 464
400 528
400 592
401 209
401 273
401 337
401 465
401 529
401 593
402 210
402 274
402 338
402 466
402 530
402 594
402 1190
403 5
403 13
403 15
403 19
403 69
403 77
403 79
403 83
403 129
403 133
403 141
403 143
403 147
403 193
403 205
403 207
403 211
403 257
403 261
403 269
403 271
403 275
403 325
403 335
403 339
403 385
403 389
403 397
403 399
403 449
403 453
403 463
403 467
403 513
403 517
403 527
403 531
403 581
403 591
403 595
403 645
403 655
403 709
403 773
403 783
403 911
403 975
403 1039
403 1096
403 1103
403 1157
403 1165
403 1167
403 1221
403 1229
404 212
404 276
404 340
404 439
404 468
404 532
404 596
404 789
404 1001
404 1191
405 213
405 277
405 341
405 469
405 533
405 597
405 1069
406 214
406 278
406 342
406 470
406 534
406 598
407 215
407 244
407 279
407 343
407 471
407 535
407 599
407 763
407 1010
408 154
408 216
408 279
408 280
408 344
408 472
408 536
408 600
408 891
408 1109
408 1271
409 217
409 281
409 345
409 473
409 537
409 601
409 1249
410 218
410 282
410 346
410 474
410 538
410 602
410 754
411 219
411 283
411 347
411 387
411 475
411 539
411 603
412 220
412 284
412 348
412 476
412 540
412 594
412 604
412 1121
413 221
413 285
413 349
413 477
413 541
413 605
414 222
414 266
414 286
414 350
414 478
414 542
414 606
415 223
415 287
415 351
415 479
415 543
415 607
415 1048
415 1192
416 224
416 288
416 352
416 480
416 544
416 608
416 1037
417 225
417 289
417 353
417 481
417 502
417 545
417 609
418 226
418 290
418 354
418 482
418 546
418 610
418 1197
419 227
419 291
419 298
419 355
419 483
419 547
419 611
419 665
419 1125
420 228
420 292
420 356
420 484
420 548
420 612
421 229
421 293
421 357
421 485
421 549
421 613
421 790
422 230
422 294
422 358
422 486
422 550
422 614
422 842
422 1184
423 114
423 231
423 295
423 355
423 359
423 487
423 551
423 615
423 1185
424 116
424 232
424 296
424 360
424 488
424 552
424 616
424 960
424 1141
424 1206
425 233
425 297
425 361
425 489
425 553
425 617
425 786
426 234
426 298
426 317
426 362
426 490
426 496
426 504
426 511
426 554
426 602
426 618
426 920
426 1044
426 1067
426 1264
427 235
427 299
427 363
427 491
427 555
427 619
427 675
427 1239
428 236
428 300
428 364
428 492
428 556
428 620
428 977
429 237
429 301
429 365
429 493
429 557
429 621
429 1260
430 238
430 302
430 366
430 494
430 558
430 622
430 636
430 724
430 879
431 103
431 239
431 303
431 367
431 495
431 559
431 623
432 191
432 240
432 304
432 368
432 496
432 560
432 624
432 855
433 125
433 241
433 305
433 369
433 497
433 505
433 561
433 625
433 922
434 242
434 306
434 370
434 498
434 562
434 626
434 1074
435 243
435 307
435 371
435 499
435 563
435 627
436 244
436 308
436 372
436 479
436 500
436 564
436 628
436 940
436 1203
437 64
437 245
437 309
437 373
437 469
437 501
437 565
437 629
438 21
438 226
438 246
438 310
438 374
438 502
438 566
438 630
439 247
439 311
439 375
439 404
439 503
439 567
439 631
439 789
439 1001
439 1191
440 99
440 248
440 312
440 376
440 504
440 568
440 571
440 632
440 1065
440 1247
441 124
441 249
441 312
441 313
441 377
441 505
441 569
441 633
441 746
441 980
441 1209
442 250
442 313
442 314
442 378
442 506
442 570
442 634
442 720
442 729
443 251
443 315
443 379
443 507
443 571
443 635
443 1257
444 112
444 252
444 316
444 380
444 508
444 572
444 636
444 663
444 1148
445 88
445 253
445 317
445 381
445 509
445 573
445 637
445 660
446 254
446 318
446 382
446 510
446 574
446 638
447 255
447 299
447 319
447 383
447 511
447 575
447 639
447 1071
447 1080
448 256
448 320
448 384
448 470
448 512
448 576
448 640
449 13
449 15
449 65
449 77
449 83
449 129
449 141
449 179
449 193
449 205
449 257
449 269
449 275
449 321
449 339
449 385
449 397
449 403
449 467
449 513
449 531
449 577
449 591
449 641
449 645
449 655
449 709
449 773
449 783
449 911
449 965
449 975
449 1029
449 1039
449 1096
449 1101
449 1157
449 1165
449 1221
450 258
450 288
450 322
450 386
450 514
450 578
450 642
451 259
451 323
451 387
451 515
451 579
451 643
452 260
452 324
452 388
452 516
452 580
452 644
452 1174
453 5
453 15
453 19
453 69
453 79
453 83
453 129
453 133
453 141
453 143
453 147
453 197
453 205
453 207
453 211
453 261
453 269
453 271
453 275
453 325
453 335
453 339
453 385
453 389
453 399
453 403
453 463
453 467
453 517
453 527
453 581
453 582
453 645
453 655
453 710
453 773
453 774
453 838
453 902
453 966
453 975
453 1030
453 1039
453 1094
453 1103
453 1158
453 1167
453 1222
453 1229
453 1231
454 6
454 70
454 134
454 198
454 262
454 326
454 390
454 518
454 582
454 646
454 710
454 774
454 838
454 902
454 966
454 1030
454 1094
454 1158
454 1222
455 263
455 327
455 391
455 519
455 583
455 647
456 9
456 73
456 137
456 201
456 264
456 265
456 328
456 329
456 392
456 520
456 584
456 648
456 712
456 776
456 837
456 901
456 968
456 1032
456 1093
456 1160
456 1224
457 265
457 329
457 393
457 521
457 585
457 649
458 142
458 266
458 330
458 394
458 475
458 522
458 586
458 650
459 267
459 331
459 395
459 523
459 587
459 651
460 268
460 332
460 396
460 524
460 588
460 652
461 269
461 333
461 397
461 525
461 589
461 653
462 51
462 270
462 334
462 398
462 526
462 590
462 654
463 5
463 15
463 19
463 69
463 79
463 83
463 129
463 133
463 141
463 143
463 147
463 193
463 197
463 205
463 207
463 211
463 261
463 269
463 271
463 275
463 325
463 335
463 339
463 385
463 389
463 399
463 403
463 453
463 467
463 517
463 527
463 581
463 582
463 591
463 645
463 655
463 710
463 773
463 774
463 838
463 902
463 966
463 975
463 1030
463 1039
463 1094
463 1103
463 1158
463 1167
463 1222
463 1229
463 1231
464 272
464 336
464 400
464 528
464 592
464 656
464 887
465 273
465 337
465 401
465 529
465 593
465 657
466 223
466 233
466 274
466 338
466 402
466 530
466 594
466 658
467 5
467 15
467 19
467 69
467 77
467 79
467 83
467 129
467 133
467 141
467 143
467 147
467 193
467 197
467 205
467 207
467 211
467 257
467 261
467 269
467 271
467 275
467 325
467 335
467 339
467 385
467 389
467 397
467 399
467 403
467 449
467 453
467 463
467 513
467 517
467 527
467 531
467 581
467 591
467 595
467 645
467 655
467 659
467 709
467 773
467 911
467 975
467 1039
467 1096
467 1103
467 1157
467 1167
467 1221
467 1229
467 1231
468 276
468 301
468 340
468 404
468 532
468 554
468 596
468 660
468 1204
469 64
469 277
469 341
469 405
469 437
469 533
469 597
469 661
470 278
470 342
470 406
470 448
470 534
470 598
470 662
471 180
471 279
471 343
471 407
471 535
471 599
471 663
471 676
471 857
471 1240
472 280
472 344
472 408
472 535
472 536
472 600
472 664
472 727
472 1113
473 281
473 345
473 409
473 537
473 601
473 665
473 1014
473 1177
474 26
474 282
474 346
474 410
474 538
474 573
474 602
474 629
474 666
474 938
475 142
475 283
475 330
475 347
475 411
475 458
475 539
475 603
475 667
476 284
476 348
476 412
476 540
476 604
476 626
476 668
477 264
477 285
477 349
477 413
477 541
477 605
477 669
478 286
478 338
478 350
478 414
478 542
478 606
478 670
479 287
479 351
479 415
479 436
479 543
479 607
479 671
479 940
479 1203
480 288
480 352
480 416
480 544
480 608
480 672
481 289
481 296
481 353
481 417
481 545
481 609
481 673
482 109
482 290
482 354
482 418
482 546
482 562
482 610
482 674
482 772
483 291
483 355
483 362
483 419
483 547
483 611
483 675
483 814
483 976
484 292
484 356
484 420
484 548
484 612
484 676
484 1252
485 293
485 357
485 421
485 540
485 549
485 613
485 677
486 294
486 307
486 358
486 422
486 550
486 614
486 678
486 1107
487 295
487 359
487 423
487 551
487 615
487 679
487 886
487 1110
488 296
488 360
488 424
488 552
488 555
488 616
488 680
488 1006
489 297
489 361
489 425
489 553
489 617
489 681
489 1038
490 165
490 298
490 362
490 426
490 554
490 618
490 632
490 682
490 999
490 1266
491 299
491 363
491 427
491 555
491 619
491 683
491 1007
492 300
492 364
492 428
492 556
492 620
492 684
492 859
493 301
493 365
493 429
493 557
493 621
493 685
493 726
494 302
494 366
494 430
494 558
494 622
494 686
494 869
494 1187
494 1195
494 1236
495 303
495 367
495 431
495 559
495 623
495 687
495 823
496 304
496 317
496 368
496 426
496 432
496 504
496 511
496 560
496 602
496 624
496 688
496 920
496 1044
496 1067
496 1264
497 40
497 188
497 305
497 369
497 433
497 561
497 625
497 689
498 181
498 306
498 370
498 434
498 562
498 626
498 671
498 690
499 307
499 371
499 435
499 563
499 627
499 691
500 308
500 372
500 436
500 564
500 628
500 692
501 309
501 373
501 437
501 565
501 617
501 629
501 693
501 799
501 994
502 310
502 374
502 417
502 438
502 566
502 630
502 694
503 37
503 311
503 375
503 439
503 567
503 631
503 695
504 312
504 317
504 376
504 426
504 440
504 496
504 511
504 568
504 602
504 632
504 696
504 920
504 1044
504 1067
504 1264
505 125
505 313
505 377
505 433
505 441
505 569
505 633
505 697
505 922
506 314
506 378
506 442
506 570
506 634
506 683
506 698
507 54
507 315
507 379
507 443
507 571
507 635
507 699
508 126
508 127
508 316
508 368
508 380
508 444
508 572
508 636
508 700
508 816
508 856
509 317
509 381
509 445
509 547
509 573
509 637
509 701
509 1079
510 318
510 382
510 446
510 574
510 638
510 680
510 689
510 702
511 317
511 319
511 383
511 426
511 447
511 496
511 504
511 575
511 602
511 639
511 703
511 920
511 1044
511 1067
511 1264
512 320
512 379
512 384
512 448
512 576
512 640
512 704
512 812
513 13
513 15
513 65
513 77
513 83
513 129
513 141
513 179
513 193
513 205
513 257
513 269
513 275
513 321
513 339
513 385
513 397
513 403
513 449
513 467
513 531
513 577
513 581
513 591
513 641
513 645
513 655
513 705
513 709
513 773
513 783
513 911
513 965
513 975
513 1029
513 1039
513 1096
513 1101
513 1157
513 1165
513 1221
514 322
514 386
514 450
514 578
514 642
514 706
515 323
515 387
515 391
515 451
515 579
515 643
515 707
516 53
516 324
516 388
516 452
516 580
516 644
516 708
517 5
517 15
517 19
517 69
517 79
517 83
517 129
517 133
517 141
517 143
517 147
517 197
517 205
517 207
517 211
517 261
517 269
517 271
517 275
517 325
517 335
517 339
517 385
517 389
517 399
517 403
517 453
517 463
517 467
517 527
517 581
517 582
517 645
517 655
517 709
517 710
517 773
517 774
517 838
517 902
517 966
517 975
517 1030
517 1039
517 1094
517 1103
517 1158
517 1167
517 1222
517 1229
517 1231
518 6
518 70
518 134
518 198
518 262
518 326
518 390
518 454
518 582
518 646
518 710
518 774
518 838
518 902
518 966
518 1030
518 1094
518 1158
518 1222
518 1231
519 327
519 334
519 391
519 455
519 583
519 647
519 711
519 1034
519 1164
520 9
520 73
520 137
520 201
520 265
520 328
520 329
520 392
520 456
520 584
520 648
520 712
520 776
520 837
520 901
520 968
520 1032
520 1093
520 1160
520 1224
521 329
521 393
521 457
521 585
521 649
521 713
522 330
522 394
522 458
522 586
522 650
522 714
523 331
523 395
523 459
523 587
523 651
523 715
524 332
524 396
524 460
524 588
524 652
524 716
525 1
525 13
525 65
525 131
525 179
525 333
525 397
525 461
525 589
525 653
525 717
525 783
525 840
525 904
525 965
525 1029
525 1101
525 1165
526 8
526 334
526 398
526 462
526 590
526 654
526 705
526 718
527 5
527 15
527 19
527 69
527 79
527 83
527 129
527 133
527 141
527 143
527 147
527 193
527 197
527 205
527 207
527 211
527 261
527 269
527 271
527 275
527 325
527 335
527 339
527 385
527 389
527 399
527 403
527 453
527 463
527 467
527 517
527 531
527 581
527 591
527 645
527 655
527 710
527 719
527 773
527 774
527 838
527 902
527 975
527 1030
527 1039
527 1094
527 1103
527 1158
527 1167
527 1222
527 1229
527 1231
528 336
528 400
528 464
528 592
528 656
528 720
528 929
529 337
529 401
529 465
529 593
529 657
529 721
530 338
530 402
530 466
530 594
530 658
530 722
531 13
531 15
531 77
531 79
531 83
531 129
531 141
531 193
531 205
531 211
531 257
531 269
531 271
531 275
531 335
531 339
531 385
531 397
531 403
531 449
531 467
531 513
531 527
531 581
531 591
531 595
531 645
531 655
531 659
531 709
531 723
531 773
531 783
531 911
531 965
531 975
531 1029
531 1039
531 1096
531 1101
531 1103
531 1157
531 1165
531 1221
531 1229
532 340
532 381
532 404
532 468
532 596
532 660
532 724
532 917
532 1045
533 16
533 341
533 405
533 469
533 597
533 661
533 725
533 836
534 342
534 406
534 470
534 598
534 658
534 662
534 726
535 343
535 407
535 471
535 472
535 599
535 663
535 727
535 1113
536 42
536 344
536 408
536 472
536 600
536 664
536 728
536 866
537 345
537 409
537 473
537 601
537 610
537 623
537 665
537 729
537 1140
538 346
538 410
538 474
538 602
538 666
538 730
538 738
539 166
539 347
539 411
539 475
539 603
539 667
539 706
539 731
540 348
540 412
540 476
540 485
540 604
540 668
540 732
541 349
541 413
541 477
541 605
541 669
541 733
541 785
542 350
542 414
542 478
542 606
542 670
542 734
542 780
543 351
543 415
543 479
543 607
543 671
543 735
543 1213
544 209
544 352
544 416
544 480
544 608
544 672
544 736
545 353
545 417
545 481
545 609
545 673
545 737
545 1053
546 278
546 354
546 418
546 482
546 610
546 674
546 738
547 355
547 419
547 483
547 509
547 611
547 675
547 739
547 1079
548 246
548 356
548 420
548 484
548 612
548 676
548 740
549 357
549 421
549 485
549 613
549 677
549 741
550 358
550 422
550 486
550 614
550 678
550 742
551 345
551 359
551 423
551 487
551 615
551 679
551 743
552 360
552 424
552 488
552 616
552 680
552 744
552 768
553 55
553 359
553 361
553 425
553 489
553 617
553 681
553 745
553 870
553 1133
554 301
554 362
554 426
554 468
554 490
554 618
554 682
554 746
554 1204
555 427
555 488
555 491
555 619
555 683
555 747
555 1006
556 364
556 428
556 492
556 620
556 684
556 748
557 365
557 429
557 493
557 621
557 685
557 749
558 366
558 377
558 430
558 494
558 600
558 622
558 686
558 750
559 20
559 148
559 174
559 176
559 367
559 431
559 495
559 623
559 687
559 751
559 832
560 60
560 190
560 368
560 432
560 496
560 624
560 688
560 752
560 818
561 369
561 433
561 497
561 624
561 625
561 689
561 700
561 1082
562 109
562 370
562 434
562 482
562 498
562 626
562 690
562 754
562 772
563 371
563 435
563 499
563 627
563 691
563 755
564 372
564 436
564 500
564 628
564 692
564 756
564 788
564 1012
565 373
565 437
565 501
565 629
565 693
565 739
565 757
565 985
566 374
566 438
566 502
566 630
566 694
566 758
567 375
567 439
567 503
567 631
567 695
567 759
567 990
568 121
568 376
568 440
568 504
568 632
568 666
568 696
568 760
568 1076
569 185
569 377
569 441
569 505
569 633
569 697
569 761
569 808
569 1066
569 1086
569 1208
569 1214
570 186
570 376
570 378
570 442
570 506
570 634
570 698
570 762
571 99
571 379
571 440
571 443
571 507
571 635
571 699
571 763
571 1065
571 1247
572 380
572 444
572 508
572 631
572 636
572 700
572 764
572 1145
572 1198
573 26
573 381
573 445
573 474
573 509
573 629
573 637
573 701
573 765
573 938
574 152
574 382
574 446
574 510
574 638
574 702
574 766
574 1273
575 383
575 447
575 511
575 639
575 686
575 703
575 767
576 169
576 384
576 448
576 512
576 640
576 704
576 768
577 385
577 449
577 513
577 641
577 705
577 769
578 27
578 386
578 450
578 514
578 642
578 706
578 770
579 387
579 451
579 515
579 643
579 707
579 771
580 388
580 452
580 516
580 644
580 708
580 772
581 5
581 15
581 19
581 69
581 79
581 83
581 129
581 133
581 141
581 143
581 147
581 193
581 197
581 205
581 207
581 211
581 257
581 261
581 269
581 271
581 275
581 325
581 335
581 339
581 385
581 389
581 397
581 399
581 403
581 453
581 463
581 467
581 513
581 517
581 527
581 531
581 591
581 645
581 655
581 709
581 773
581 911
581 975
581 1039
581 1096
581 1103
581 1157
581 1167
581 1221
581 1229
581 1231
582 5
582 6
582 19
582 69
582 70
582 133
582 134
582 143
582 147
582 197
582 198
582 207
582 261
582 262
582 325
582 326
582 389
582 390
582 399
582 453
582 454
582 463
582 517
582 518
582 646
582 710
582 774
582 838
582 902
582 966
582 1030
582 1094
582 1158
582 1167
582 1222
582 1231
583 391
583 455
583 519
583 647
583 711
583 716
583 775
584 9
584 73
584 137
584 201
584 265
584 329
584 392
584 456
584 520
584 648
584 712
584 776
584 837
584 901
584 968
584 1032
584 1093
584 1160
584 1224
585 78
585 393
585 457
585 521
585 649
585 713
585 777
586 394
586 458
586 522
586 650
586 714
586 778
586 1097
586 1246
587 395
587 459
587 523
587 651
587 715
587 779
588 396
588 460
588 524
588 652
588 716
588 780
589 397
589 461
589 525
589 653
589 717
589 781
590 398
590 462
590 526
590 654
590 718
590 782
591 13
591 15
591 77
591 79
591 83
591 129
591 141
591 179
591 193
591 205
591 211
591 257
591 269
591 271
591 275
591 335
591 339
591 385
591 397
591 399
591 403
591 449
591 463
591 467
591 513
591 527
591 531
591 581
591 645
591 655
591 709
591 719
591 773
591 783
591 911
591 965
591 975
591 1029
591 1039
591 1096
591 1101
591 1103
591 1157
591 1165
591 1221
592 400
592 464
592 528
592 656
592 720
592 784
592 1112
593 401
593 465
593 529
593 657
593 721
593 785
593 1095
594 402
594 412
594 466
594 530
594 658
594 722
594 786
594 1121
595 403
595 467
595 531
595 659
595 723
595 787
596 248
596 404
596 468
596 532
596 660
596 724
596 788
596 912
596 948
596 1073
597 241
597 343
597 375
597 405
597 469
597 533
597 613
597 661
597 725
597 789
597 1052
598 406
598 470
598 534
598 662
598 726
598 790
599 407
599 471
599 535
599 663
599 701
599 727
599 791
599 815
599 1237
600 377
600 408
600 472
600 536
600 558
600 664
600 728
600 792
601 409
601 473
601 537
601 665
601 687
601 688
601 729
601 793
602 317
602 410
602 426
602 474
602 496
602 504
602 511
602 538
602 666
602 730
602 794
602 920
602 1044
602 1067
602 1264
603 347
603 411
603 475
603 539
603 667
603 731
603 795
604 412
604 476
604 540
604 668
604 732
604 796
605 413
605 477
605 541
605 669
605 733
605 797
605 806
605 962
606 414
606 478
606 542
606 670
606 734
606 798
607 208
607 415
607 479
607 543
607 616
607 671
607 735
607 757
607 799
608 104
608 416
608 480
608 544
608 672
608 736
608 800
609 175
609 417
609 481
609 545
609 673
609 737
609 801
609 1168
610 418
610 482
610 537
610 546
610 623
610 674
610 738
610 802
610 1140
611 419
611 483
611 547
611 675
611 739
611 803
611 1047
611 1201
611 1258
612 420
612 484
612 548
612 676
612 740
612 804
613 241
613 343
613 375
613 421
613 485
613 549
613 597
613 677
613 741
613 805
613 1052
614 422
614 486
614 550
614 678
614 742
614 806
615 423
615 487
615 551
615 679
615 743
615 793
615 807
615 863
615 1058
615 1202
615 1268
616 208
616 424
616 488
616 552
616 607
616 680
616 744
616 757
616 808
617 425
617 489
617 501
617 553
617 681
617 745
617 799
617 809
617 994
618 426
618 490
618 554
618 682
618 746
618 794
618 810
619 427
619 491
619 555
619 683
619 747
619 1136
620 320
620 428
620 492
620 556
620 684
620 748
620 812
621 429
621 493
621 557
621 685
621 749
621 813
621 827
621 1077
621 1152
622 383
622 430
622 494
622 558
622 686
622 750
622 814
622 831
622 945
622 1087
623 431
623 495
623 537
623 559
623 610
623 687
623 751
623 815
623 1140
624 432
624 496
624 560
624 561
624 688
624 700
624 752
624 816
624 1082
625 433
625 497
625 561
625 689
625 753
625 817
625 1172
626 434
626 476
626 498
626 562
626 690
626 754
626 818
627 435
627 499
627 563
627 691
627 755
627 819
628 25
628 61
628 436
628 500
628 564
628 692
628 756
628 820
628 1015
628 1244
629 26
629 437
629 474
629 501
629 565
629 573
629 693
629 757
629 821
629 938
630 438
630 502
630 566
630 694
630 758
630 822
631 439
631 503
631 567
631 572
631 695
631 759
631 823
631 1145
631 1198
632 165
632 440
632 490
632 504
632 568
632 696
632 760
632 824
632 999
632 1266
633 305
633 441
633 505
633 569
633 697
633 760
633 761
633 825
634 442
634 506
634 570
634 698
634 762
634 826
635 443
635 507
635 571
635 699
635 763
635 827
636 430
636 444
636 508
636 572
636 700
636 724
636 764
636 828
636 879
637 445
637 509
637 573
637 701
637 765
637 829
637 1111
637 1205
638 107
638 319
638 446
638 510
638 574
638 695
638 702
638 766
638 852
638 888
639 447
639 511
639 575
639 703
639 730
639 750
639 764
639 767
639 831
639 1277
640 217
640 448
640 512
640 576
640 704
640 768
640 832
641 130
641 449
641 513
641 577
641 705
641 769
641 833
642 450
642 514
642 578
642 706
642 770
642 834
643 322
643 451
643 515
643 579
643 707
643 771
643 835
644 452
644 516
644 580
644 708
644 772
644 796
644 836
644 850
644 918
644 1180
645 5
645 15
645 19
645 69
645 79
645 83
645 129
645 133
645 141
645 143
645 147
645 193
645 197
645 205
645 207
645 211
645 257
645 261
645 269
645 271
645 275
645 325
645 335
645 339
645 385
645 389
645 397
645 399
645 403
645 449
645 453
645 463
645 467
645 513
645 517
645 527
645 531
645 581
645 591
645 655
645 709
645 773
645 837
645 911
645 975
645 1039
645 1096
645 1103
645 1157
645 1167
645 1221
645 1229
645 1231
646 6
646 70
646 133
646 134
646 197
646 198
646 262
646 326
646 390
646 454
646 518
646 582
646 710
646 774
646 838
646 902
646 966
646 1030
646 1094
646 1158
646 1222
646 1231
647 455
647 519
647 583
647 711
647 775
647 839
648 9
648 73
648 137
648 201
648 265
648 329
648 392
648 456
648 520
648 584
648 712
648 776
648 837
648 840
648 901
648 968
648 1032
648 1093
648 1160
648 1224
649 457
649 521
649 585
649 713
649 777
649 841
650 386
650 458
650 522
650 586
650 714
650 778
650 842
651 459
651 523
651 587
651 715
651 779
651 843
652 460
652 524
652 588
652 716
652 780
652 844
652 1004
653 461
653 525
653 589
653 717
653 781
653 845
654 462
654 526
654 590
654 718
654 782
654 846
655 5
655 15
655 19
655 69
655 77
655 79
655 83
655 129
655 133
655 141
655 143
655 147
655 193
655 197
655 205
655 207
655 211
655 257
655 261
655 269
655 271
655 275
655 325
655 335
655 339
655 385
655 389
655 397
655 399
655 403
655 449
655 453
655 463
655 467
655 513
655 517
655 527
655 531
655 581
655 591
655 645
655 709
655 719
655 773
655 783
655 847
655 911
655 975
655 1039
655 1096
655 1103
655 1157
655 1167
655 1221
655 1229
655 1231
656 464
656 528
656 592
656 720
656 784
656 848
657 332
657 465
657 529
657 593
657 721
657 785
657 849
658 466
658 530
658 534
658 594
658 722
658 786
658 850
659 467
659 531
659 595
659 723
659 787
659 851
660 88
660 445
660 468
660 532
660 596
660 724
660 788
660 852
661 469
661 533
661 597
661 725
661 737
661 789
661 853
661 996
662 470
662 534
662 598
662 726
662 790
662 854
662 1228
663 112
663 444
663 471
663 535
663 599
663 727
663 791
663 855
663 1148
664 472
664 536
664 600
664 728
664 792
664 856
664 916
664 1176
665 298
665 419
665 473
665 537
665 601
665 729
665 793
665 857
665 1125
666 121
666 474
666 538
666 568
666 602
666 730
666 794
666 858
666 1076
667 475
667 539
667 603
667 731
667 795
667 859
668 476
668 540
668 604
668 708
668 732
668 796
668 860
668 1019
668 1193
669 477
669 541
669 605
669 733
669 797
669 861
670 478
670 542
670 606
670 734
670 798
670 839
670 862
671 181
671 479
671 498
671 543
671 607
671 735
671 799
671 863
672 480
672 544
672 608
672 736
672 800
672 864
672 913
673 123
673 481
673 545
673 609
673 690
673 737
673 801
673 865
674 303
674 482
674 546
674 610
674 738
674 802
674 866
674 950
674 1000
675 235
675 427
675 483
675 547
675 611
675 739
675 803
675 867
675 1239
676 180
676 471
676 484
676 548
676 612
676 740
676 804
676 857
676 868
676 1240
677 85
677 485
677 549
677 613
677 741
677 805
677 869
678 486
678 550
678 614
678 742
678 806
678 870
678 989
679 47
679 360
679 366
679 487
679 551
679 615
679 743
679 807
679 809
679 871
679 981
680 488
680 510
680 552
680 616
680 689
680 744
680 808
680 872
681 489
681 553
681 617
681 745
681 809
681 873
682 234
682 346
682 490
682 554
682 618
682 746
682 810
682 874
682 983
683 491
683 506
683 555
683 619
683 747
683 811
683 875
684 492
684 556
684 620
684 748
684 812
684 876
685 227
685 493
685 557
685 621
685 749
685 813
685 877
685 993
685 1188
686 494
686 558
686 575
686 622
686 750
686 814
686 878
687 495
687 559
687 601
687 623
687 688
687 751
687 815
687 879
688 496
688 560
688 601
688 624
688 687
688 752
688 816
688 880
689 497
689 510
689 561
689 625
689 680
689 753
689 817
689 881
690 123
690 498
690 562
690 626
690 673
690 754
690 818
690 882
691 499
691 563
691 627
691 755
691 819
691 883
692 92
692 163
692 249
692 250
692 380
692 500
692 564
692 628
692 756
692 820
692 884
693 501
693 565
693 629
693 740
693 757
693 821
693 885
693 1055
694 502
694 566
694 630
694 758
694 822
694 886
694 997
694 1013
695 107
695 319
695 503
695 567
695 631
695 638
695 759
695 823
695 852
695 887
695 888
696 504
696 568
696 632
696 760
696 824
696 828
696 888
697 316
697 505
697 569
697 633
697 761
697 825
697 889
697 954
698 506
698 570
698 634
698 762
698 826
698 957
699 507
699 571
699 635
699 763
699 827
699 891
700 508
700 561
700 572
700 624
700 636
700 764
700 828
700 892
700 1082
701 509
701 573
701 599
701 637
701 765
701 815
701 829
701 893
701 1237
702 510
702 574
702 638
702 766
702 830
703 511
703 575
703 639
703 767
703 831
703 875
703 895
703 1016
704 512
704 576
704 640
704 768
704 832
704 896
704 1116
705 8
705 513
705 526
705 577
705 641
705 769
705 833
705 897
706 166
706 514
706 539
706 578
706 642
706 770
706 834
706 898
707 515
707 579
707 643
707 771
707 835
707 899
708 516
708 580
708 644
708 668
708 772
708 836
708 900
708 1019
708 1193
709 13
709 15
709 65
709 77
709 79
709 83
709 129
709 141
709 179
709 193
709 205
709 211
709 257
709 269
709 275
709 339
709 385
709 397
709 403
709 449
709 467
709 513
709 517
709 531
709 581
709 591
709 645
709 655
709 773
709 783
709 837
709 901
709 911
709 965
709 975
709 1029
709 1039
709 1096
709 1101
709 1157
709 1165
709 1221
710 5
710 6
710 19
710 69
710 70
710 133
710 134
710 143
710 147
710 197
710 198
710 207
710 261
710 262
710 325
710 326
710 389
710 390
710 399
710 453
710 454
710 463
710 517
710 518
710 527
710 582
710 646
710 774
710 838
710 902
710 966
710 1030
710 1094
710 1158
710 1167
710 1222
710 1229
710 1231
711 519
711 583
711 647
711 775
711 839
711 903
711 941
712 9
712 73
712 137
712 201
712 265
712 329
712 392
712 456
712 520
712 584
712 648
712 776
712 837
712 840
712 901
712 904
712 968
712 1032
712 1093
712 1160
712 1224
713 521
713 585
713 649
713 777
713 841
713 905
713 1089
714 522
714 586
714 650
714 778
714 842
714 906
715 523
715 587
715 651
715 779
715 843
715 907
716 524
716 583
716 588
716 652
716 775
716 780
716 844
716 908
717 525
717 589
717 653
717 781
717 845
717 909
718 526
718 590
718 654
718 782
718 846
718 910
718 992
719 527
719 591
719 655
719 783
719 847
719 911
720 313
720 442
720 528
720 592
720 656
720 729
720 784
720 848
720 912
721 529
721 593
721 657
721 785
721 849
721 913
722 97
722 98
722 530
722 594
722 658
722 786
722 850
722 914
723 396
723 531
723 595
723 659
723 787
723 851
723 915
724 430
724 532
724 596
724 636
724 660
724 788
724 852
724 879
724 916
725 110
725 533
725 597
725 661
725 789
725 853
725 917
726 493
726 534
726 598
726 662
726 790
726 854
726 918
727 472
727 535
727 599
727 663
727 791
727 855
727 919
727 1113
728 48
728 122
728 536
728 600
728 664
728 792
728 826
728 856
728 920
728 931
729 313
729 442
729 537
729 601
729 665
729 720
729 793
729 857
729 921
730 538
730 602
730 639
730 666
730 750
730 764
730 794
730 858
730 922
730 1277
731 539
731 603
731 667
731 755
731 795
731 844
731 859
731 923
732 540
732 604
732 668
732 796
732 860
732 924
733 541
733 605
733 669
733 797
733 861
733 925
733 1132
733 1220
734 542
734 606
734 670
734 798
734 862
734 926
735 119
735 543
735 607
735 671
735 799
735 863
735 927
736 172
736 544
736 608
736 672
736 800
736 864
736 928
737 545
737 609
737 661
737 673
737 801
737 865
737 929
737 996
738 538
738 546
738 610
738 674
738 802
738 866
738 930
739 547
739 565
739 611
739 675
739 803
739 867
739 931
739 985
740 548
740 612
740 676
740 693
740 804
740 868
740 932
740 1055
741 291
741 549
741 613
741 677
741 805
741 869
741 933
742 550
742 614
742 678
742 806
742 870
742 934
743 551
743 615
743 679
743 807
743 871
743 935
743 1175
743 1253
744 43
744 552
744 616
744 680
744 808
744 872
744 936
744 1200
744 1278
745 553
745 617
745 681
745 809
745 873
745 937
746 124
746 312
746 441
746 554
746 618
746 682
746 810
746 874
746 938
746 980
746 1209
747 215
747 555
747 619
747 683
747 811
747 875
747 1085
747 1265
748 556
748 620
748 684
748 812
748 876
748 940
748 1142
749 557
749 621
749 685
749 813
749 877
749 941
750 558
750 622
750 639
750 686
750 730
750 764
750 814
750 878
750 1277
751 20
751 148
751 174
751 176
751 559
751 623
751 687
751 815
751 832
751 879
751 943
752 560
752 624
752 688
752 816
752 880
752 944
753 625
753 689
753 817
753 881
753 919
753 945
754 410
754 562
754 626
754 690
754 818
754 882
754 946
755 563
755 627
755 691
755 731
755 819
755 844
755 883
755 947
756 564
756 628
756 692
756 820
756 884
756 948
756 1083
756 1183
757 208
757 565
757 607
757 616
757 629
757 693
757 821
757 885
757 949
758 566
758 630
758 694
758 822
758 886
758 950
759 370
759 567
759 631
759 695
759 823
759 887
759 951
760 305
760 568
760 632
760 633
760 696
760 824
760 888
760 952
761 252
761 569
761 633
761 697
761 825
761 889
761 1008
762 570
762 634
762 698
762 826
762 954
763 244
763 407
763 571
763 635
763 699
763 827
763 891
763 955
763 1010
764 572
764 636
764 639
764 700
764 730
764 750
764 828
764 892
764 1277
765 573
765 637
765 701
765 829
765 893
766 58
766 574
766 638
766 702
766 830
766 867
766 894
766 958
766 1050
766 1127
767 575
767 639
767 703
767 831
767 895
768 552
768 576
768 640
768 704
768 832
768 896
768 960
769 577
769 641
769 705
769 833
769 897
769 961
770 236
770 578
770 642
770 706
770 834
770 898
770 962
771 579
771 643
771 707
771 835
771 899
771 963
771 1033
772 109
772 482
772 562
772 580
772 644
772 708
772 836
772 900
772 964
773 5
773 13
773 15
773 19
773 69
773 77
773 79
773 83
773 129
773 133
773 141
773 143
773 147
773 193
773 205
773 207
773 211
773 257
773 261
773 269
773 271
773 275
773 325
773 335
773 339
773 385
773 389
773 397
773 399
773 403
773 449
773 453
773 463
773 467
773 513
773 517
773 527
773 531
773 581
773 591
773 645
773 655
773 709
773 783
773 837
773 901
773 911
773 965
773 975
773 1039
773 1096
773 1103
773 1157
773 1165
773 1167
773 1221
773 1229
774 5
774 6
774 19
774 69
774 70
774 133
774 134
774 143
774 147
774 197
774 198
774 207
774 261
774 262
774 325
774 326
774 389
774 390
774 399
774 453
774 454
774 463
774 517
774 518
774 527
774 582
774 646
774 710
774 838
774 902
774 966
774 1030
774 1094
774 1158
774 1167
774 1222
774 1229
774 1231
775 583
775 647
775 711
775 716
775 839
775 903
775 967
776 9
776 73
776 137
776 201
776 265
776 329
776 392
776 456
776 520
776 584
776 648
776 712
776 837
776 840
776 901
776 904
776 968
776 1032
776 1093
776 1160
776 1224
777 585
777 649
777 713
777 841
777 905
777 969
778 219
778 586
778 650
778 714
778 842
778 906
778 970
779 587
779 651
779 715
779 843
779 907
779 971
780 542
780 588
780 652
780 716
780 844
780 908
780 972
781 589
781 653
781 717
781 845
781 909
781 973
782 590
782 654
782 718
782 846
782 910
782 974
783 13
783 65
783 77
783 83
783 129
783 179
783 193
783 205
783 257
783 269
783 275
783 385
783 397
783 403
783 449
783 513
783 525
783 531
783 591
783 655
783 709
783 719
783 773
783 847
783 911
783 965
783 975
783 1029
783 1039
783 1096
783 1101
783 1157
783 1165
783 1221
784 592
784 656
784 720
784 848
784 912
784 976
785 541
785 593
785 657
785 721
785 849
785 913
785 977
786 425
786 594
786 658
786 722
786 850
786 914
786 978
787 595
787 659
787 723
787 851
787 915
787 979
788 564
788 596
788 660
788 724
788 852
788 916
788 980
788 1012
789 404
789 439
789 597
789 661
789 725
789 853
789 917
789 981
789 1001
789 1191
790 421
790 598
790 662
790 726
790 854
790 918
790 982
791 369
791 599
791 663
791 727
791 855
791 919
791 983
792 600
792 664
792 728
792 856
792 920
792 984
792 1003
793 601
793 615
793 665
793 729
793 857
793 863
793 921
793 985
793 1058
793 1202
793 1268
794 602
794 618
794 666
794 730
794 858
794 922
794 986
795 603
795 667
795 731
795 859
795 923
795 987
795 1090
796 604
796 644
796 668
796 732
796 850
796 860
796 918
796 924
796 988
796 1180
797 294
797 605
797 669
797 733
797 861
797 925
797 989
798 606
798 670
798 734
798 862
798 926
798 990
799 501
799 607
799 617
799 671
799 735
799 863
799 927
799 991
799 994
800 608
800 672
800 736
800 864
800 928
800 992
801 89
801 245
801 609
801 673
801 737
801 865
801 929
801 993
802 610
802 674
802 738
802 866
802 930
802 994
803 611
803 675
803 739
803 867
803 931
803 995
804 167
804 612
804 676
804 740
804 868
804 932
804 996
805 613
805 677
805 741
805 869
805 933
805 997
806 605
806 614
806 678
806 742
806 870
806 934
806 962
806 998
807 615
807 679
807 743
807 871
807 935
807 991
807 999
808 185
808 569
808 616
808 680
808 744
808 872
808 936
808 1000
808 1066
808 1086
808 1208
808 1214
809 47
809 360
809 366
809 617
809 679
809 681
809 745
809 873
809 937
809 981
809 1001
810 111
810 618
810 682
810 746
810 824
810 874
810 938
810 1002
810 1263
811 683
811 747
811 875
812 379
812 512
812 620
812 684
812 748
812 876
812 940
812 1004
813 621
813 685
813 749
813 877
813 941
813 1005
814 362
814 483
814 622
814 686
814 750
814 878
814 942
814 976
814 1006
815 599
815 623
815 687
815 701
815 751
815 879
815 943
815 1007
815 1237
816 126
816 127
816 368
816 508
816 624
816 688
816 752
816 856
816 880
816 944
816 1008
817 625
817 689
817 753
817 881
817 945
818 60
818 190
818 560
818 626
818 690
818 754
818 882
818 946
818 1010
819 627
819 691
819 755
819 883
819 947
819 1011
820 170
820 280
820 628
820 692
820 756
820 872
820 884
820 948
820 1012
820 1251
821 149
821 629
821 693
821 757
821 885
821 949
821 1013
822 630
822 694
822 758
822 886
822 950
822 1014
822 1100
823 495
823 631
823 695
823 759
823 887
823 951
823 1015
824 111
824 632
824 696
824 760
824 810
824 888
824 952
824 1016
824 1263
825 318
825 633
825 697
825 761
825 889
825 953
825 1017
825 1215
826 48
826 122
826 634
826 698
826 728
826 762
826 890
826 931
826 954
826 1018
827 621
827 635
827 699
827 763
827 891
827 955
827 1019
827 1077
827 1152
828 636
828 696
828 700
828 764
828 892
828 956
828 1020
829 35
829 255
829 637
829 701
829 765
829 893
829 957
829 1021
829 1199
830 302
830 702
830 766
830 894
830 958
831 383
831 622
831 639
831 703
831 767
831 895
831 945
831 959
831 1023
831 1087
832 20
832 148
832 174
832 176
832 559
832 640
832 704
832 751
832 768
832 896
832 960
832 1024
833 641
833 705
833 769
833 897
833 961
833 1025
834 642
834 706
834 770
834 898
834 962
834 1026
835 7
835 643
835 707
835 771
835 899
835 963
835 1027
836 16
836 533
836 644
836 708
836 772
836 900
836 964
836 1028
837 9
837 73
837 137
837 201
837 265
837 329
837 392
837 456
837 520
837 584
837 645
837 648
837 709
837 712
837 773
837 776
837 901
837 965
837 968
837 1029
837 1032
837 1093
837 1160
837 1224
838 5
838 6
838 19
838 69
838 70
838 133
838 134
838 143
838 147
838 197
838 198
838 207
838 261
838 262
838 271
838 325
838 326
838 335
838 389
838 390
838 399
838 453
838 454
838 463
838 517
838 518
838 527
838 582
838 646
838 710
838 774
838 902
838 966
838 1030
838 1094
838 1103
838 1158
838 1167
838 1222
838 1229
838 1231
839 647
839 670
839 711
839 775
839 903
839 967
839 1031
840 1
840 13
840 65
840 131
840 179
840 525
840 648
840 712
840 776
840 904
840 965
840 968
840 1029
840 1032
840 1101
841 273
841 649
841 713
841 777
841 905
841 969
841 1033
842 422
842 650
842 714
842 778
842 906
842 970
842 1034
842 1184
843 651
843 715
843 779
843 907
843 971
843 1035
844 652
844 716
844 731
844 755
844 780
844 908
844 972
844 1036
845 653
845 717
845 781
845 909
845 973
845 1037
846 654
846 718
846 782
846 910
846 974
846 1038
847 655
847 719
847 783
847 911
847 975
847 1039
848 276
848 656
848 720
848 784
848 853
848 912
848 976
848 1040
848 1061
848 1104
849 657
849 721
849 785
849 913
849 977
849 1041
850 644
850 658
850 722
850 786
850 796
850 914
850 918
850 978
850 1042
850 1180
851 82
851 659
851 723
851 787
851 915
851 979
851 1043
851 1227
852 107
852 319
852 638
852 660
852 695
852 724
852 788
852 888
852 916
852 980
852 1044
853 276
853 661
853 725
853 789
853 848
853 917
853 981
853 1045
853 1061
853 1104
854 33
854 662
854 726
854 790
854 918
854 982
854 1046
854 1078
855 191
855 432
855 663
855 727
855 791
855 919
855 983
855 1047
856 126
856 127
856 368
856 508
856 664
856 728
856 792
856 816
856 920
856 984
856 1048
857 180
857 471
857 665
857 676
857 729
857 793
857 921
857 985
857 1049
857 1240
858 666
858 730
858 794
858 922
858 984
858 986
858 1050
859 492
859 667
859 731
859 795
859 923
859 987
859 1051
860 668
860 732
860 796
860 924
860 988
860 1052
861 162
861 669
861 733
861 797
861 925
861 989
861 1053
861 1126
862 161
862 670
862 734
862 798
862 926
862 982
862 990
862 1054
862 1139
863 615
863 671
863 735
863 793
863 799
863 927
863 991
863 1055
863 1058
863 1202
863 1268
864 38
864 237
864 354
864 672
864 736
864 800
864 928
864 992
864 1056
865 242
865 673
865 737
865 801
865 929
865 993
865 1049
865 1057
865 1129
866 42
866 536
866 674
866 738
866 802
866 930
866 994
866 1058
867 58
867 675
867 739
867 766
867 803
867 931
867 995
867 1050
867 1059
867 1127
868 31
868 95
868 357
868 676
868 740
868 804
868 932
868 996
868 1060
868 1092
869 494
869 677
869 741
869 805
869 933
869 997
869 1061
869 1187
869 1195
869 1236
870 55
870 359
870 361
870 553
870 678
870 742
870 806
870 934
870 998
870 1062
870 1133
871 679
871 743
871 807
871 935
871 999
871 1063
871 1175
871 1253
872 170
872 280
872 680
872 744
872 808
872 820
872 936
872 1000
872 1064
872 1251
873 681
873 745
873 809
873 937
873 1001
873 1065
874 682
874 746
874 810
874 938
874 1002
874 1066
874 1070
875 683
875 703
875 747
875 811
875 939
875 1003
875 1016
875 1067
876 284
876 341
876 684
876 748
876 812
876 940
876 1004
876 1068
877 685
877 749
877 813
877 941
877 1005
877 1069
878 686
878 750
878 814
878 942
878 1006
879 430
879 636
879 687
879 724
879 751
879 815
879 943
879 1007
879 1071
880 314
880 688
880 752
880 816
880 944
880 1002
880 1008
880 1072
881 689
881 753
881 817
881 945
881 1009
881 1073
881 1272
882 690
882 754
882 818
882 946
882 1010
882 1074
883 691
883 755
883 819
883 947
883 1011
883 1075
884 24
884 57
884 120
884 692
884 756
884 820
884 948
884 1012
884 1076
885 28
885 693
885 757
885 821
885 949
885 1013
885 1077
886 487
886 694
886 758
886 822
886 950
886 1014
886 1078
886 1110
887 464
887 695
887 759
887 823
887 951
887 1015
887 1079
888 107
888 319
888 638
888 695
888 696
888 760
888 824
888 852
888 952
888 1016
888 1080
889 318
889 697
889 761
889 825
889 953
889 1017
889 1215
890 826
890 954
890 1018
891 154
891 279
891 408
891 699
891 763
891 827
891 955
891 1019
891 1083
891 1109
891 1271
892 700
892 764
892 828
892 956
892 1020
892 1084
892 1150
893 240
893 253
893 701
893 765
893 829
893 957
893 1021
893 1085
894 766
894 830
894 958
894 1022
894 1086
895 703
895 767
895 831
895 959
895 1023
895 1087
895 1279
896 704
896 768
896 832
896 960
896 1024
896 1088
896 1189
897 705
897 769
897 833
897 961
897 1025
897 1089
898 706
898 770
898 834
898 962
898 1026
898 1090
899 707
899 771
899 835
899 963
899 1027
899 1091
899 1154
900 229
900 708
900 772
900 836
900 964
900 1028
900 1092
901 9
901 73
901 137
901 201
901 265
901 329
901 392
901 456
901 520
901 584
901 648
901 709
901 712
901 773
901 776
901 837
901 965
901 968
901 1029
901 1032
901 1093
901 1160
901 1224
902 6
902 69
902 70
902 133
902 134
902 143
902 147
902 197
902 198
902 207
902 261
902 262
902 325
902 326
902 389
902 390
902 399
902 453
902 454
902 463
902 517
902 518
902 527
902 582
902 646
902 710
902 774
902 838
902 966
902 1030
902 1094
902 1158
902 1167
902 1222
902 1229
902 1231
903 711
903 775
903 839
903 967
903 1031
903 1095
904 65
904 131
904 179
904 525
904 712
904 776
904 840
904 968
904 1029
904 1032
904 1096
904 1101
905 200
905 713
905 777
905 841
905 969
905 1033
905 1097
906 714
906 778
906 842
906 970
906 972
906 1034
906 1098
907 715
907 779
907 843
907 971
907 1035
907 1099
907 1115
908 716
908 780
908 844
908 972
908 1036
908 1100
909 717
909 781
909 845
909 973
909 1037
909 1101
910 718
910 782
910 846
910 974
910 1038
910 1102
911 77
911 79
911 83
911 129
911 141
911 193
911 205
911 211
911 257
911 269
911 271
911 275
911 335
911 339
911 385
911 397
911 403
911 449
911 467
911 513
911 531
911 581
911 591
911 645
911 655
911 709
911 719
911 773
911 783
911 847
911 965
911 975
911 1029
911 1039
911 1096
911 1101
911 1103
911 1157
911 1165
911 1221
912 248
912 596
912 720
912 784
912 848
912 948
912 976
912 1040
912 1073
912 1104
913 672
913 721
913 785
913 849
913 977
913 1041
913 1105
914 722
914 786
914 850
914 978
914 1042
914 1106
915 723
915 787
915 851
915 979
915 1043
915 1107
916 664
916 724
916 788
916 852
916 980
916 1044
916 1108
916 1176
917 381
917 532
917 725
917 789
917 853
917 981
917 1045
917 1109
918 644
918 726
918 790
918 796
918 850
918 854
918 982
918 1046
918 1110
918 1180
919 727
919 753
919 791
919 855
919 983
919 1047
919 1111
920 317
920 426
920 496
920 504
920 511
920 602
920 728
920 792
920 856
920 984
920 1044
920 1048
920 1067
920 1112
920 1264
921 729
921 793
921 857
921 985
921 1049
921 1113
921 1119
922 125
922 433
922 505
922 730
922 794
922 858
922 986
922 1050
922 1114
923 731
923 795
923 859
923 987
923 1051
923 1056
923 1115
924 732
924 796
924 860
924 988
924 1052
924 1054
924 1116
925 733
925 797
925 861
925 989
925 1053
925 1117
926 734
926 798
926 862
926 990
926 1054
926 1118
926 1254
927 382
927 735
927 799
927 863
927 991
927 1020
927 1055
927 1119
927 1146
928 736
928 800
928 864
928 992
928 1056
928 1120
929 528
929 737
929 801
929 865
929 993
929 1057
929 1121
930 87
930 738
930 802
930 866
930 994
930 1058
930 1122
930 1135
931 48
931 122
931 728
931 739
931 803
931 826
931 867
931 995
931 1059
931 1123
932 740
932 804
932 868
932 996
932 1060
932 1124
933 741
933 805
933 869
933 997
933 1061
933 1123
933 1125
934 742
934 806
934 870
934 998
934 1062
934 1126
935 212
935 743
935 807
935 871
935 995
935 999
935 1059
935 1063
935 1064
935 1124
935 1127
935 1138
936 293
936 744
936 808
936 872
936 1000
936 1040
936 1064
936 1128
937 113
937 745
937 809
937 873
937 1001
937 1065
937 1129
938 26
938 474
938 573
938 629
938 746
938 810
938 874
938 1002
938 1066
938 1130
939 875
939 1003
939 1067
940 436
940 479
940 748
940 812
940 876
940 1004
940 1068
940 1132
940 1203
941 711
941 749
941 813
941 877
941 1005
941 1069
941 1133
942 814
942 878
942 1006
942 1022
942 1070
942 1131
943 751
943 815
943 879
943 1007
943 1071
943 1084
943 1135
943 1276
944 752
944 816
944 880
944 1008
944 1072
945 383
945 622
945 753
945 817
945 831
945 881
945 1009
945 1073
945 1087
945 1137
946 754
946 818
946 882
946 1010
946 1057
946 1074
946 1138
947 755
947 819
947 883
947 1011
947 1075
947 1139
948 248
948 596
948 756
948 820
948 884
948 912
948 1012
948 1073
948 1076
948 1140
949 757
949 821
949 885
949 1013
949 1077
949 1141
950 303
950 674
950 758
950 822
950 886
950 1000
950 1014
950 1078
950 1142
951 759
951 823
951 887
951 1015
951 1079
951 1143
952 106
952 378
952 760
952 824
952 888
952 1016
952 1080
952 1144
952 1210
953 825
953 889
953 1017
953 1081
953 1137
953 1145
954 316
954 697
954 762
954 826
954 890
954 1018
954 1082
954 1146
955 763
955 827
955 891
955 1019
955 1083
955 1147
956 828
956 892
956 959
956 1020
956 1084
957 698
957 829
957 893
957 1021
957 1085
958 766
958 830
958 894
958 1022
958 1081
958 1086
958 1150
959 831
959 895
959 956
959 1023
959 1087
960 116
960 424
960 768
960 832
960 896
960 1024
960 1088
960 1141
960 1152
960 1206
961 74
961 769
961 833
961 897
961 1025
961 1089
961 1153
962 605
962 770
962 806
962 834
962 898
962 1026
962 1090
962 1154
963 771
963 835
963 899
963 1027
963 1091
963 1155
964 772
964 836
964 900
964 1028
964 1088
964 1092
964 1156
965 13
965 77
965 131
965 179
965 193
965 257
965 275
965 385
965 397
965 449
965 513
965 525
965 531
965 591
965 709
965 773
965 783
965 837
965 840
965 901
965 911
965 975
965 1029
965 1093
965 1096
965 1101
965 1157
965 1165
965 1221
966 6
966 70
966 133
966 134
966 143
966 147
966 197
966 198
966 207
966 261
966 262
966 325
966 326
966 389
966 390
966 399
966 453
966 454
966 463
966 517
966 518
966 582
966 646
966 710
966 774
966 838
966 902
966 1030
966 1094
966 1158
966 1167
966 1222
966 1231
967 775
967 839
967 903
967 1031
967 1095
967 1159
968 9
968 73
968 137
968 201
968 265
968 329
968 392
968 456
968 520
968 584
968 648
968 712
968 776
968 837
968 840
968 901
968 904
968 1032
968 1093
968 1096
968 1160
968 1224
969 214
969 230
969 777
969 841
969 905
969 1033
969 1097
969 1161
970 778
970 842
970 906
970 1034
970 1098
970 1162
971 779
971 843
971 907
971 1035
971 1099
971 1163
972 780
972 844
972 906
972 908
972 1036
972 1100
972 1164
973 781
973 845
973 909
973 1037
973 1101
973 1165
974 782
974 846
974 910
974 1038
974 1102
974 1166
975 83
975 129
975 141
975 143
975 147
975 193
975 205
975 207
975 211
975 257
975 261
975 269
975 271
975 275
975 325
975 335
975 339
975 385
975 389
975 397
975 399
975 403
975 449
975 453
975 463
975 467
975 513
975 517
975 527
975 531
975 581
975 591
975 645
975 655
975 709
975 773
975 783
975 847
975 911
975 965
975 1029
975 1039
975 1096
975 1103
975 1157
975 1165
975 1167
975 1221
975 1229
976 362
976 483
976 784
976 814
976 848
976 912
976 1040
976 1104
976 1168
977 428
977 785
977 849
977 913
977 1041
977 1105
977 1169
978 297
978 786
978 850
978 914
978 1042
978 1106
978 1170
979 787
979 851
979 915
979 1043
979 1107
979 1171
980 124
980 312
980 441
980 746
980 788
980 852
980 916
980 1044
980 1108
980 1172
980 1209
981 47
981 360
981 366
981 679
981 789
981 809
981 853
981 917
981 1045
981 1109
981 1173
982 161
982 790
982 854
982 862
982 918
982 1046
982 1110
982 1139
982 1174
983 234
983 346
983 682
983 791
983 855
983 919
983 1047
983 1111
983 1175
984 792
984 856
984 858
984 920
984 1048
984 1112
984 1176
985 565
985 739
985 793
985 857
985 921
985 1049
985 1113
985 1177
986 239
986 794
986 858
986 922
986 1050
986 1114
986 1178
987 220
987 311
987 795
987 859
987 923
987 1051
987 1115
987 1179
988 796
988 860
988 924
988 1052
988 1116
988 1180
988 1242
989 678
989 797
989 861
989 925
989 1053
989 1117
989 1181
990 567
990 798
990 862
990 926
990 1054
990 1118
990 1182
991 799
991 807
991 863
991 927
991 1055
991 1119
991 1183
992 718
992 800
992 864
992 928
992 1056
992 1120
992 1184
993 227
993 685
993 801
993 865
993 929
993 1057
993 1121
993 1185
993 1188
994 501
994 617
994 799
994 802
994 866
994 930
994 1058
994 1122
994 1186
995 212
995 803
995 867
995 931
995 935
995 1059
995 1064
995 1123
995 1124
995 1138
995 1187
996 661
996 737
996 804
996 868
996 932
996 1060
996 1124
996 1188
997 694
997 805
997 869
997 933
997 1013
997 1061
997 1125
997 1189
998 806
998 870
998 934
998 1062
998 1126
998 1190
999 165
999 490
999 632
999 807
999 871
999 935
999 1063
999 1127
999 1191
999 1266
1000 303
1000 674
1000 808
1000 872
1000 936
1000 950
1000 1064
1000 1128
1000 1192
1001 404
1001 439
1001 789
1001 809
1001 873
1001 937
1001 1065
1001 1129
1001 1191
1001 1193
1002 314
1002 810
1002 874
1002 880
1002 938
1002 1066
1002 1130
1002 1194
1003 792
1003 875
1003 939
1003 1067
1003 1131
1003 1195
1004 652
1004 812
1004 876
1004 940
1004 1068
1004 1132
1004 1196
1005 813
1005 877
1005 941
1005 1069
1005 1133
1005 1197
1005 1267
1006 488
1006 555
1006 814
1006 878
1006 942
1006 1070
1006 1134
1006 1198
1007 491
1007 815
1007 879
1007 943
1007 1071
1007 1135
1007 1199
1008 252
1008 761
1008 816
1008 880
1008 944
1008 1072
1008 1136
1008 1200
1009 62
1009 171
1009 254
1009 881
1009 945
1009 1073
1009 1137
1009 1201
1010 244
1010 407
1010 763
1010 818
1010 882
1010 946
1010 1074
1010 1138
1010 1202
1011 819
1011 883
1011 947
1011 1075
1011 1139
1011 1203
1012 564
1012 788
1012 820
1012 884
1012 948
1012 1076
1012 1140
1012 1204
1013 694
1013 821
1013 885
1013 949
1013 997
1013 1077
1013 1141
1013 1205
1014 473
1014 822
1014 886
1014 950
1014 1078
1014 1142
1014 1177
1014 1206
1015 25
1015 61
1015 628
1015 823
1015 887
1015 951
1015 1079
1015 1143
1015 1207
1015 1244
1016 703
1016 824
1016 875
1016 888
1016 952
1016 1080
1016 1144
1016 1208
1017 825
1017 889
1017 953
1017 1081
1017 1145
1017 1209
1018 826
1018 890
1018 954
1018 1082
1018 1114
1018 1146
1018 1194
1018 1210
1019 668
1019 708
1019 827
1019 891
1019 955
1019 1083
1019 1147
1019 1193
1019 1211
1020 382
1020 828
1020 892
1020 927
1020 956
1020 1084
1020 1146
1020 1148
1020 1212
1021 35
1021 255
1021 829
1021 893
1021 957
1021 1085
1021 1149
1021 1199
1021 1213
1022 894
1022 942
1022 958
1022 1086
1022 1131
1022 1150
1022 1214
1023 238
1023 831
1023 895
1023 959
1023 1087
1023 1151
1023 1212
1023 1215
1023 1259
1024 173
1024 287
1024 292
1024 832
1024 896
1024 960
1024 1088
1024 1152
1024 1216
1024 1275
1025 833
1025 897
1025 961
1025 1089
1025 1153
1025 1217
1026 834
1026 898
1026 962
1026 1090
1026 1154
1026 1218
1027 835
1027 899
1027 963
1027 1091
1027 1155
1027 1219
1028 50
1028 836
1028 900
1028 964
1028 1092
1028 1156
1028 1220
1029 13
1029 65
1029 179
1029 193
1029 257
1029 385
1029 397
1029 449
1029 513
1029 525
1029 531
1029 591
1029 709
1029 783
1029 837
1029 840
1029 901
1029 904
1029 911
1029 965
1029 975
1029 1093
1029 1096
1029 1101
1029 1157
1029 1165
1029 1221
1030 6
1030 70
1030 197
1030 198
1030 207
1030 261
1030 262
1030 325
1030 326
1030 389
1030 390
1030 399
1030 453
1030 454
1030 463
1030 517
1030 518
1030 527
1030 582
1030 646
1030 710
1030 774
1030 838
1030 902
1030 966
1030 1094
1030 1158
1030 1167
1030 1222
1030 1229
1030 1231
1031 91
1031 839
1031 903
1031 967
1031 1095
1031 1159
1031 1223
1032 9
1032 73
1032 137
1032 201
1032 265
1032 329
1032 392
1032 456
1032 520
1032 584
1032 648
1032 712
1032 776
1032 837
1032 840
1032 901
1032 904
1032 968
1032 1093
1032 1096
1032 1160
1032 1224
1033 771
1033 841
1033 905
1033 969
1033 1097
1033 1161
1033 1225
1034 334
1034 519
1034 842
1034 906
1034 970
1034 1098
1034 1162
1034 1164
1034 1226
1035 843
1035 907
1035 971
1035 1099
1035 1163
1035 1219
1035 1227
1036 844
1036 908
1036 972
1036 1100
1036 1164
1036 1228
1037 416
1037 845
1037 909
1037 973
1037 1101
1037 1165
1037 1229
1038 489
1038 846
1038 910
1038 974
1038 1102
1038 1166
1038 1230
1039 15
1039 83
1039 129
1039 141
1039 193
1039 197
1039 205
1039 207
1039 211
1039 257
1039 261
1039 269
1039 271
1039 275
1039 325
1039 335
1039 339
1039 385
1039 389
1039 397
1039 399
1039 403
1039 449
1039 453
1039 463
1039 467
1039 513
1039 517
1039 527
1039 531
1039 581
1039 591
1039 645
1039 655
1039 709
1039 773
1039 783
1039 847
1039 911
1039 975
1039 1096
1039 1103
1039 1157
1039 1165
1039 1167
1039 1221
1039 1229
1039 1231
1040 293
1040 848
1040 912
1040 936
1040 976
1040 1104
1040 1168
1040 1232
1041 849
1041 913
1041 977
1041 1105
1041 1169
1041 1233
1042 850
1042 914
1042 978
1042 1106
1042 1170
1042 1234
1043 115
1043 851
1043 915
1043 979
1043 1107
1043 1163
1043 1171
1043 1235
1044 317
1044 426
1044 496
1044 504
1044 511
1044 602
1044 852
1044 916
1044 920
1044 980
1044 1067
1044 1108
1044 1172
1044 1236
1044 1264
1045 381
1045 532
1045 853
1045 917
1045 981
1045 1109
1045 1173
1045 1237
1046 324
1046 854
1046 918
1046 982
1046 1110
1046 1174
1046 1238
1047 611
1047 855
1047 919
1047 983
1047 1111
1047 1175
1047 1201
1047 1239
1047 1258
1048 415
1048 856
1048 920
1048 984
1048 1112
1048 1176
1048 1192
1048 1240
1049 242
1049 857
1049 865
1049 921
1049 985
1049 1113
1049 1129
1049 1177
1049 1241
1050 58
1050 766
1050 858
1050 867
1050 922
1050 986
1050 1114
1050 1127
1050 1178
1050 1242
1051 859
1051 923
1051 987
1051 1115
1051 1179
1051 1243
1052 241
1052 343
1052 375
1052 597
1052 613
1052 860
1052 924
1052 988
1052 1116
1052 1180
1052 1244
1053 545
1053 861
1053 925
1053 989
1053 1117
1053 1181
1053 1245
1054 862
1054 924
1054 926
1054 990
1054 1118
1054 1182
1054 1246
1055 693
1055 740
1055 863
1055 927
1055 991
1055 1119
1055 1183
1055 1247
1056 864
1056 923
1056 928
1056 992
1056 1120
1056 1184
1056 1248
1057 865
1057 929
1057 946
1057 993
1057 1121
1057 1185
1057 1249
1058 615
1058 793
1058 863
1058 866
1058 930
1058 994
1058 1122
1058 1186
1058 1202
1058 1250
1058 1268
1059 212
1059 867
1059 931
1059 935
1059 995
1059 1064
1059 1123
1059 1124
1059 1138
1059 1187
1059 1251
1060 868
1060 932
1060 996
1060 1068
1060 1118
1060 1124
1060 1188
1060 1252
1061 276
1061 848
1061 853
1061 869
1061 933
1061 997
1061 1104
1061 1125
1061 1189
1061 1253
1062 870
1062 934
1062 998
1062 1126
1062 1190
1062 1254
1063 871
1063 935
1063 999
1063 1127
1063 1186
1063 1191
1063 1255
1064 212
1064 872
1064 935
1064 936
1064 995
1064 1000
1064 1059
1064 1124
1064 1128
1064 1138
1064 1192
1064 1256
1065 99
1065 440
1065 571
1065 873
1065 937
1065 1001
1065 1129
1065 1193
1065 1247
1065 1257
1066 185
1066 569
1066 808
1066 874
1066 938
1066 1002
1066 1086
1066 1130
1066 1194
1066 1208
1066 1214
1066 1258
1067 317
1067 426
1067 496
1067 504
1067 511
1067 602
1067 875
1067 920
1067 939
1067 1003
1067 1044
1067 1131
1067 1195
1067 1259
1067 1264
1068 876
1068 940
1068 1004
1068 1060
1068 1118
1068 1132
1068 1196
1068 1260
1069 405
1069 877
1069 941
1069 1005
1069 1133
1069 1197
1069 1261
1070 874
1070 942
1070 1006
1070 1134
1070 1198
1071 299
1071 447
1071 879
1071 943
1071 1007
1071 1080
1071 1135
1071 1199
1071 1263
1072 880
1072 944
1072 1008
1072 1136
1072 1200
1072 1264
1073 248
1073 596
1073 881
1073 912
1073 945
1073 948
1073 1009
1073 1137
1073 1201
1073 1265
1074 434
1074 882
1074 946
1074 1010
1074 1138
1074 1202
1074 1266
1075 883
1075 947
1075 1011
1075 1139
1075 1203
1075 1267
1076 121
1076 568
1076 666
1076 884
1076 948
1076 1012
1076 1140
1076 1204
1076 1268
1077 621
1077 827
1077 885
1077 949
1077 1013
1077 1141
1077 1152
1077 1205
1077 1269
1078 33
1078 854
1078 886
1078 950
1078 1014
1078 1142
1078 1206
1078 1270
1079 509
1079 547
1079 887
1079 951
1079 1015
1079 1143
1079 1207
1079 1271
1080 299
1080 447
1080 888
1080 952
1080 1016
1080 1071
1080 1144
1080 1208
1080 1272
1081 953
1081 958
1081 1017
1081 1145
1081 1209
1081 1273
1082 561
1082 624
1082 700
1082 954
1082 1018
1082 1146
1082 1210
1083 756
1083 891
1083 955
1083 1019
1083 1147
1083 1183
1083 1211
1083 1275
1084 892
1084 943
1084 956
1084 1020
1084 1148
1084 1212
1084 1276
1085 215
1085 747
1085 893
1085 957
1085 1021
1085 1149
1085 1213
1085 1265
1085 1277
1086 185
1086 569
1086 808
1086 894
1086 958
1086 1022
1086 1066
1086 1150
1086 1208
1086 1214
1086 1278
1087 383
1087 622
1087 831
1087 895
1087 945
1087 959
1087 1023
1087 1151
1087 1215
1087 1279
1088 896
1088 960
1088 964
1088 1024
1088 1152
1088 1216
1089 713
1089 897
1089 961
1089 1025
1089 1153
1089 1217
1090 795
1090 898
1090 962
1090 1026
1090 1154
1090 1218
1091 72
1091 899
1091 963
1091 1027
1091 1155
1091 1219
1092 31
1092 95
1092 357
1092 868
1092 900
1092 964
1092 1028
1092 1156
1092 1220
1093 9
1093 73
1093 137
1093 201
1093 265
1093 329
1093 392
1093 456
1093 520
1093 584
1093 648
1093 712
1093 776
1093 837
1093 901
1093 965
1093 968
1093 1029
1093 1032
1093 1157
1093 1160
1093 1221
1093 1224
1094 6
1094 70
1094 261
1094 262
1094 325
1094 326
1094 389
1094 390
1094 399
1094 453
1094 454
1094 463
1094 517
1094 518
1094 527
1094 582
1094 646
1094 710
1094 774
1094 838
1094 902
1094 966
1094 1030
1094 1158
1094 1167
1094 1222
1094 1229
1094 1231
1095 593
1095 903
1095 967
1095 1031
1095 1159
1095 1223
1096 77
1096 83
1096 193
1096 257
1096 269
1096 275
1096 335
1096 339
1096 385
1096 397
1096 403
1096 449
1096 467
1096 513
1096 531
1096 581
1096 591
1096 645
1096 655
1096 709
1096 773
1096 783
1096 904
1096 911
1096 965
1096 968
1096 975
1096 1029
1096 1032
1096 1039
1096 1101
1096 1103
1096 1157
1096 1160
1096 1165
1096 1221
1096 1224
1097 586
1097 905
1097 969
1097 1033
1097 1161
1097 1225
1097 1246
1098 327
1098 906
1098 970
1098 1034
1098 1162
1098 1226
1099 907
1099 971
1099 1035
1099 1163
1099 1227
1100 822
1100 908
1100 972
1100 1036
1100 1164
1100 1228
1101 13
1101 65
1101 179
1101 257
1101 385
1101 397
1101 449
1101 513
1101 525
1101 531
1101 591
1101 709
1101 783
1101 840
1101 904
1101 909
1101 911
1101 965
1101 973
1101 1029
1101 1037
1101 1096
1101 1157
1101 1165
1101 1221
1101 1229
1102 910
1102 974
1102 1038
1102 1166
1102 1230
1103 5
1103 15
1103 19
1103 69
1103 79
1103 141
1103 143
1103 147
1103 207
1103 211
1103 261
1103 269
1103 271
1103 275
1103 325
1103 335
1103 339
1103 385
1103 389
1103 397
1103 399
1103 403
1103 453
1103 463
1103 467
1103 517
1103 527
1103 531
1103 581
1103 591
1103 645
1103 655
1103 773
1103 838
1103 911
1103 975
1103 1039
1103 1096
1103 1157
1103 1167
1103 1229
1103 1231
1104 276
1104 848
1104 853
1104 912
1104 976
1104 1040
1104 1061
1104 1168
1104 1232
1105 913
1105 977
1105 1041
1105 1169
1105 1233
1106 384
1106 914
1106 978
1106 1042
1106 1170
1106 1234
1107 307
1107 486
1107 915
1107 979
1107 1043
1107 1171
1107 1235
1108 916
1108 980
1108 1044
1108 1172
1108 1236
1109 154
1109 279
1109 408
1109 891
1109 917
1109 981
1109 1045
1109 1173
1109 1237
1109 1271
1110 487
1110 886
1110 918
1110 982
1110 1046
1110 1174
1110 1238
1111 637
1111 919
1111 983
1111 1047
1111 1175
1111 1205
1111 1239
1112 592
1112 920
1112 984
1112 1048
1112 1176
1112 1240
1113 472
1113 535
1113 727
1113 921
1113 985
1113 1049
1113 1177
1113 1241
1114 922
1114 986
1114 1018
1114 1050
1114 1178
1114 1194
1114 1242
1115 907
1115 923
1115 987
1115 1051
1115 1179
1115 1243
1116 704
1116 924
1116 988
1116 1052
1116 1180
1116 1244
1117 925
1117 989
1117 1053
1117 1181
1117 1245
1118 926
1118 990
1118 1054
1118 1060
1118 1068
1118 1182
1118 1246
1119 921
1119 927
1119 991
1119 1055
1119 1183
1119 1247
1120 928
1120 992
1120 1056
1120 1184
1120 1248
1121 412
1121 594
1121 929
1121 993
1121 1057
1121 1185
1121 1249
1122 930
1122 994
1122 1058
1122 1186
1122 1250
1123 931
1123 933
1123 995
1123 1059
1123 1187
1123 1251
1124 212
1124 932
1124 935
1124 995
1124 996
1124 1059
1124 1060
1124 1064
1124 1138
1124 1188
1124 1252
1125 298
1125 419
1125 665
1125 933
1125 997
1125 1061
1125 1189
1125 1253
1126 162
1126 861
1126 934
1126 998
1126 1062
1126 1190
1126 1254
1127 58
1127 766
1127 867
1127 935
1127 999
1127 1050
1127 1063
1127 1191
1127 1255
1128 189
1128 936
1128 1000
1128 1064
1128 1143
1128 1192
1128 1256
1129 242
1129 865
1129 937
1129 1001
1129 1049
1129 1065
1129 1193
1129 1257
1130 84
1130 177
1130 938
1130 1002
1130 1066
1130 1194
1130 1232
1130 1258
1131 942
1131 1003
1131 1022
1131 1067
1131 1195
1131 1259
1132 733
1132 940
1132 1004
1132 1068
1132 1196
1132 1220
1132 1260
1133 55
1133 359
1133 361
1133 553
1133 870
1133 941
1133 1005
1133 1069
1133 1197
1133 1261
1134 1006
1134 1070
1134 1198
1134 1262
1135 87
1135 930
1135 943
1135 1007
1135 1071
1135 1199
1135 1263
1136 619
1136 1008
1136 1072
1136 1200
1136 1264
1137 945
1137 953
1137 1009
1137 1073
1137 1201
1137 1265
1138 212
1138 935
1138 946
1138 995
1138 1010
1138 1059
1138 1064
1138 1074
1138 1124
1138 1202
1138 1266
1139 161
1139 862
1139 947
1139 982
1139 1011
1139 1075
1139 1203
1139 1267
1140 537
1140 610
1140 623
1140 948
1140 1012
1140 1076
1140 1204
1140 1268
1141 116
1141 424
1141 949
1141 960
1141 1013
1141 1077
1141 1205
1141 1206
1141 1269
1142 748
1142 950
1142 1014
1142 1078
1142 1206
1142 1270
1143 189
1143 951
1143 1015
1143 1079
1143 1128
1143 1207
1143 1271
1144 952
1144 1016
1144 1080
1144 1208
1144 1262
1144 1272
1145 572
1145 631
1145 953
1145 1017
1145 1081
1145 1198
1145 1209
1145 1273
1146 382
1146 927
1146 954
1146 1018
1146 1020
1146 1082
1146 1210
1146 1274
1147 168
1147 306
1147 351
1147 955
1147 1019
1147 1083
1147 1211
1147 1275
1148 112
1148 444
1148 663
1148 1020
1148 1084
1148 1212
1148 1276
1149 1021
1149 1085
1149 1213
1149 1277
1150 892
1150 958
1150 1022
1150 1086
1150 1214
1150 1278
1151 1023
1151 1087
1151 1215
1151 1279
1152 621
1152 827
1152 960
1152 1024
1152 1077
1152 1088
1152 1216
1153 961
1153 1025
1153 1089
1153 1217
1154 899
1154 962
1154 1026
1154 1090
1154 1218
1155 963
1155 1027
1155 1091
1155 1219
1156 964
1156 1028
1156 1092
1156 1220
1156 1261
1157 77
1157 83
1157 193
1157 257
1157 275
1157 335
1157 339
1157 385
1157 397
1157 403
1157 449
1157 467
1157 513
1157 531
1157 581
1157 591
1157 645
1157 655
1157 709
1157 773
1157 783
1157 911
1157 965
1157 975
1157 1029
1157 1039
1157 1093
1157 1096
1157 1101
1157 1103
1157 1165
1157 1221
1158 325
1158 326
1158 389
1158 390
1158 399
1158 453
1158 454
1158 463
1158 517
1158 518
1158 527
1158 582
1158 646
1158 710
1158 774
1158 838
1158 902
1158 966
1158 1030
1158 1094
1158 1167
1158 1222
1158 1229
1158 1231
1159 967
1159 1031
1159 1095
1159 1223
1160 9
1160 73
1160 137
1160 201
1160 265
1160 329
1160 392
1160 456
1160 520
1160 584
1160 648
1160 712
1160 776
1160 837
1160 901
1160 968
1160 1032
1160 1093
1160 1096
1160 1224
1161 150
1161 969
1161 1033
1161 1097
1161 1225
1162 970
1162 1034
1162 1098
1162 1226
1163 115
1163 971
1163 1035
1163 1043
1163 1099
1163 1227
1164 334
1164 519
1164 972
1164 1034
1164 1036
1164 1100
1164 1228
1165 13
1165 77
1165 257
1165 385
1165 397
1165 403
1165 449
1165 513
1165 525
1165 531
1165 591
1165 709
1165 773
1165 783
1165 911
1165 965
1165 973
1165 975
1165 1029
1165 1037
1165 1039
1165 1096
1165 1101
1165 1157
1165 1221
1165 1229
1166 76
1166 974
1166 1038
1166 1102
1166 1230
1167 5
1167 19
1167 69
1167 133
1167 143
1167 147
1167 197
1167 207
1167 261
1167 271
1167 325
1167 335
1167 339
1167 389
1167 399
1167 403
1167 453
1167 463
1167 467
1167 517
1167 527
1167 581
1167 582
1167 645
1167 655
1167 710
1167 773
1167 774
1167 838
1167 902
1167 966
1167 975
1167 1030
1167 1039
1167 1094
1167 1103
1167 1158
1167 1222
1167 1229
1167 1231
1168 175
1168 609
1168 976
1168 1040
1168 1104
1168 1232
1169 977
1169 1041
1169 1105
1169 1233
1170 388
1170 978
1170 1042
1170 1106
1170 1234
1171 979
1171 1043
1171 1107
1171 1235
1172 625
1172 980
1172 1044
1172 1108
1172 1236
1173 981
1173 1045
1173 1109
1173 1237
1174 452
1174 982
1174 1046
1174 1110
1174 1238
1175 743
1175 871
1175 983
1175 1047
1175 1111
1175 1239
1175 1253
1176 664
1176 916
1176 984
1176 1048
1176 1112
1176 1240
1177 473
1177 985
1177 1014
1177 1049
1177 1113
1177 1241
1178 986
1178 1050
1178 1114
1178 1242
1179 987
1179 1051
1179 1115
1179 1243
1180 644
1180 796
1180 850
1180 918
1180 988
1180 1052
1180 1116
1180 1244
1181 989
1181 1053
1181 1117
1181 1245
1182 263
1182 990
1182 1054
1182 1118
1182 1246
1183 756
1183 991
1183 1055
1183 1083
1183 1119
1183 1247
1184 422
1184 842
1184 992
1184 1056
1184 1120
1184 1248
1185 114
1185 355
1185 423
1185 993
1185 1057
1185 1121
1185 1249
1186 994
1186 1058
1186 1063
1186 1122
1186 1250
1186 1255
1187 494
1187 869
1187 995
1187 1059
1187 1123
1187 1195
1187 1236
1187 1251
1188 227
1188 685
1188 993
1188 996
1188 1060
1188 1124
1188 1252
1189 896
1189 997
1189 1061
1189 1125
1189 1253
1190 402
1190 998
1190 1062
1190 1126
1190 1254
1191 404
1191 439
1191 789
1191 999
1191 1001
1191 1063
1191 1127
1191 1255
1192 415
1192 1000
1192 1048
1192 1064
1192 1128
1192 1256
1193 668
1193 708
1193 1001
1193 1019
1193 1065
1193 1129
1193 1257
1194 1002
1194 1018
1194 1066
1194 1114
1194 1130
1194 1258
1195 494
1195 869
1195 1003
1195 1067
1195 1131
1195 1187
1195 1236
1195 1259
1196 1004
1196 1068
1196 1132
1196 1260
1197 418
1197 1005
1197 1069
1197 1133
1197 1261
1198 572
1198 631
1198 1006
1198 1070
1198 1134
1198 1145
1198 1262
1199 35
1199 255
1199 829
1199 1007
1199 1021
1199 1071
1199 1135
1199 1263
1200 43
1200 744
1200 1008
1200 1072
1200 1136
1200 1264
1200 1278
1201 611
1201 1009
1201 1047
1201 1073
1201 1137
1201 1258
1201 1265
1202 615
1202 793
1202 863
1202 1010
1202 1058
1202 1074
1202 1138
1202 1266
1202 1268
1203 436
1203 479
1203 940
1203 1011
1203 1075
1203 1139
1203 1267
1204 301
1204 468
1204 554
1204 1012
1204 1076
1204 1140
1204 1268
1205 637
1205 1013
1205 1077
1205 1111
1205 1141
1205 1269
1206 116
1206 424
1206 960
1206 1014
1206 1078
1206 1141
1206 1142
1206 1270
1207 1015
1207 1079
1207 1143
1207 1271
1208 185
1208 569
1208 808
1208 1016
1208 1066
1208 1080
1208 1086
1208 1144
1208 1214
1208 1272
1209 124
1209 312
1209 441
1209 746
1209 980
1209 1017
1209 1081
1209 1145
1209 1273
1210 106
1210 378
1210 952
1210 1018
1210 1082
1210 1146
1210 1274
1211 231
1211 356
1211 1019
1211 1083
1211 1147
1211 1275
1212 238
1212 1020
1212 1023
1212 1084
1212 1148
1212 1259
1212 1276
1213 543
1213 1021
1213 1085
1213 1149
1213 1277
1214 185
1214 569
1214 808
1214 1022
1214 1066
1214 1086
1214 1150
1214 1208
1214 1278
1215 318
1215 825
1215 889
1215 1023
1215 1087
1215 1151
1215 1279
1216 1024
1216 1088
1216 1152
1217 1025
1217 1089
1217 1153
1218 1026
1218 1090
1218 1154
1219 1027
1219 1035
1219 1091
1219 1155
1220 733
1220 1028
1220 1092
1220 1132
1220 1156
1221 77
1221 193
1221 257
1221 385
1221 397
1221 403
1221 449
1221 467
1221 513
1221 531
1221 581
1221 591
1221 645
1221 655
1221 709
1221 773
1221 783
1221 911
1221 965
1221 975
1221 1029
1221 1039
1221 1093
1221 1096
1221 1101
1221 1157
1221 1165
1222 6
1222 70
1222 389
1222 390
1222 399
1222 453
1222 454
1222 463
1222 517
1222 518
1222 527
1222 582
1222 646
1222 710
1222 774
1222 838
1222 902
1222 966
1222 1030
1222 1094
1222 1158
1222 1167
1222 1229
1222 1231
1223 251
1223 1031
1223 1095
1223 1159
1224 9
1224 73
1224 137
1224 201
1224 265
1224 329
1224 392
1224 456
1224 520
1224 584
1224 648
1224 712
1224 776
1224 837
1224 901
1224 968
1224 1032
1224 1093
1224 1096
1224 1160
1225 1033
1225 1097
1225 1161
1226 222
1226 1034
1226 1098
1226 1162
1227 82
1227 851
1227 1035
1227 1099
1227 1163
1228 662
1228 1036
1228 1100
1228 1164
1229 5
1229 15
1229 19
1229 69
1229 79
1229 133
1229 143
1229 147
1229 197
1229 207
1229 211
1229 261
1229 271
1229 325
1229 335
1229 385
1229 389
1229 399
1229 403
1229 453
1229 463
1229 467
1229 517
1229 527
1229 531
1229 581
1229 645
1229 655
1229 710
1229 773
1229 774
1229 838
1229 902
1229 975
1229 1030
1229 1037
1229 1039
1229 1094
1229 1101
1229 1103
1229 1158
1229 1165
1229 1167
1229 1222
1229 1231
1230 71
1230 1038
1230 1102
1230 1166
1231 5
1231 19
1231 69
1231 133
1231 143
1231 147
1231 197
1231 207
1231 261
1231 325
1231 389
1231 399
1231 453
1231 463
1231 467
1231 517
1231 518
1231 527
1231 581
1231 582
1231 645
1231 646
1231 655
1231 710
1231 774
1231 838
1231 902
1231 966
1231 1030
1231 1039
1231 1094
1231 1103
1231 1158
1231 1167
1231 1222
1231 1229
1232 84
1232 177
1232 1040
1232 1104
1232 1130
1232 1168
1233 1041
1233 1105
1233 1169
1234 1042
1234 1106
1234 1170
1235 1043
1235 1107
1235 1171
1236 494
1236 869
1236 1044
1236 1108
1236 1172
1236 1187
1236 1195
1237 599
1237 701
1237 815
1237 1045
1237 1109
1237 1173
1238 348
1238 1046
1238 1110
1238 1174
1239 235
1239 427
1239 675
1239 1047
1239 1111
1239 1175
1240 180
1240 471
1240 676
1240 857
1240 1048
1240 1112
1240 1176
1241 39
1241 1049
1241 1113
1241 1177
1242 988
1242 1050
1242 1114
1242 1178
1243 1051
1243 1115
1243 1179
1244 25
1244 61
1244 628
1244 1015
1244 1052
1244 1116
1244 1180
1245 1053
1245 1117
1245 1181
1246 586
1246 1054
1246 1097
1246 1118
1246 1182
1247 99
1247 440
1247 571
1247 1055
1247 1065
1247 1119
1247 1183
1248 1056
1248 1120
1248 1184
1249 409
1249 1057
1249 1121
1249 1185
1250 218
1250 1058
1250 1122
1250 1186
1251 170
1251 280
1251 820
1251 872
1251 1059
1251 1123
1251 1187
1252 484
1252 1060
1252 1124
1252 1188
1253 743
1253 871
1253 1061
1253 1125
1253 1175
1253 1189
1254 926
1254 1062
1254 1126
1254 1190
1255 1063
1255 1127
1255 1186
1255 1191
1256 1064
1256 1128
1256 1192
1257 443
1257 1065
1257 1129
1257 1193
1258 611
1258 1047
1258 1066
1258 1130
1258 1194
1258 1201
1259 238
1259 1023
1259 1067
1259 1131
1259 1195
1259 1212
1260 429
1260 1068
1260 1132
1260 1196
1261 1069
1261 1133
1261 1156
1261 1197
1262 1134
1262 1144
1262 1198
1263 111
1263 810
1263 824
1263 1071
1263 1135
1263 1199
1264 317
1264 426
1264 496
1264 504
1264 511
1264 602
1264 920
1264 1044
1264 1067
1264 1072
1264 1136
1264 1200
1265 215
1265 747
1265 1073
1265 1085
1265 1137
1265 1201
1266 165
1266 490
1266 632
1266 999
1266 1074
1266 1138
1266 1202
1267 1005
1267 1075
1267 1139
1267 1203
1268 615
1268 793
1268 863
1268 1058
1268 1076
1268 1140
1268 1202
1268 1204
1269 304
1269 1077
1269 1141
1269 1205
1270 1078
1270 1142
1270 1206
1271 154
1271 279
1271 408
1271 891
1271 1079
1271 1109
1271 1143
1271 1207
1272 881
1272 1080
1272 1144
1272 1208
1273 152
1273 574
1273 1081
1273 1145
1273 1209
1274 1146
1274 1210
1275 173
1275 287
1275 292
1275 1024
1275 1083
1275 1147
1275 1211
1276 943
1276 1084
1276 1148
1276 1212
1277 639
1277 730
1277 750
1277 764
1277 1085
1277 1149
1277 1213
1278 43
1278 744
1278 1086
1278 1150
1278 1200
1278 1214
1279 895
1279 1087
1279 1151
1279 1215
