0 64
0 128
0 192
1 65
1 129
1 193
1 678
2 66
2 130
2 194
2 911
3 67
3 131
3 195
3 429
4 68
4 102
4 132
4 196
4 211
4 494
4 771
5 69
5 115
5 133
5 146
5 197
6 70
6 134
6 137
6 198
6 201
6 262
6 329
6 390
6 454
6 521
6 582
6 649
6 710
6 777
6 841
6 902
6 966
6 1030
6 1094
6 1161
6 1225
7 71
7 78
7 134
7 135
7 199
7 263
7 327
7 391
7 455
7 519
7 583
7 585
7 590
7 598
7 647
7 711
7 775
7 782
7 839
7 903
7 905
7 1033
7 1038
7 1046
7 1095
7 1097
7 1158
7 1159
8 72
8 136
8 200
8 309
9 73
9 74
9 118
9 137
9 198
9 201
9 246
9 265
9 326
9 393
9 457
9 518
9 534
9 585
9 586
9 646
9 713
9 774
9 782
9 838
9 854
9 1014
10 74
10 138
10 202
11 75
11 139
11 203
12 76
12 140
12 204
13 77
13 141
13 158
13 205
14 78
14 142
14 206
15 79
15 143
15 207
16 80
16 144
16 208
17 81
17 145
17 209
18 82
18 146
18 210
19 83
19 147
19 211
20 84
20 148
20 212
20 770
21 85
21 149
21 171
21 213
21 282
21 657
22 86
22 150
22 214
22 1156
23 87
23 151
23 215
24 88
24 152
24 216
24 371
25 89
25 153
25 217
25 351
25 479
25 785
25 1007
26 90
26 154
26 218
26 304
26 573
26 620
27 91
27 155
27 219
27 551
28 92
28 156
28 220
28 433
29 93
29 157
29 221
29 365
29 904
29 1180
30 94
30 158
30 222
31 95
31 107
31 159
31 223
31 255
31 1278
32 96
32 160
32 224
32 1015
32 1195
33 97
33 161
33 221
33 225
34 98
34 162
34 226
34 248
34 321
34 877
34 1183
35 99
35 163
35 227
36 100
36 164
36 228
36 1149
37 101
37 165
37 229
37 581
37 1141
37 1215
38 102
38 166
38 230
38 623
38 806
39 56
39 103
39 167
39 231
39 434
39 544
39 1056
39 1090
40 104
40 168
40 224
40 232
40 635
40 887
40 1170
41 105
41 169
41 186
41 233
41 465
41 541
41 698
42 106
42 170
42 234
42 675
42 818
42 860
42 1121
43 107
43 171
43 235
44 108
44 172
44 236
44 314
44 999
44 1113
45 109
45 173
45 237
46 110
46 174
46 238
46 681
47 111
47 175
47 239
47 668
47 1145
48 112
48 125
48 176
48 240
48 313
48 559
49 113
49 177
49 241
49 631
49 688
49 690
49 799
49 827
50 114
50 178
50 242
50 244
50 891
51 115
51 179
51 229
51 243
51 691
51 1055
52 116
52 180
52 187
52 244
52 700
52 830
52 1019
53 117
53 181
53 245
53 942
54 118
54 143
54 182
54 246
55 119
55 183
55 247
55 561
55 729
55 1140
56 39
56 120
56 184
56 248
56 434
56 544
56 1056
56 1090
57 121
57 185
57 249
57 633
58 122
58 186
58 250
58 606
58 851
59 123
59 187
59 251
59 702
60 124
60 126
60 188
60 252
61 125
61 189
61 253
61 382
62 126
62 190
62 254
62 466
62 939
62 1123
63 127
63 191
63 255
63 408
63 981
64 0
64 128
64 192
64 256
64 654
65 1
65 129
65 167
65 193
65 257
66 2
66 130
66 194
66 258
66 769
67 3
67 131
67 195
67 259
67 298
67 849
68 4
68 132
68 196
68 260
68 941
69 5
69 133
69 197
69 261
69 745
69 1006
70 6
70 134
70 137
70 198
70 201
70 262
70 329
70 390
70 454
70 521
70 582
70 649
70 710
70 777
70 841
70 902
70 966
70 1030
70 1094
70 1161
70 1225
71 7
71 78
71 134
71 135
71 199
71 263
71 327
71 391
71 455
71 519
71 583
71 647
71 711
71 775
71 839
71 903
71 905
71 1031
71 1033
71 1046
71 1095
71 1159
72 8
72 136
72 183
72 200
72 227
72 264
72 424
72 492
72 1204
73 9
73 74
73 137
73 201
73 246
73 265
73 326
73 393
73 457
73 534
73 854
73 982
73 1152
73 1206
73 1222
74 9
74 10
74 73
74 118
74 138
74 198
74 202
74 246
74 265
74 266
74 326
74 393
74 457
74 518
74 534
74 586
74 646
74 713
74 774
74 838
74 854
74 910
74 950
74 1014
75 11
75 139
75 203
75 267
75 1047
76 12
76 140
76 204
76 268
76 1048
77 13
77 141
77 205
77 269
77 1137
77 1201
78 7
78 14
78 71
78 118
78 134
78 135
78 142
78 198
78 199
78 206
78 263
78 270
78 327
78 391
78 455
78 518
78 519
78 583
78 585
78 590
78 598
78 646
78 647
78 711
78 713
78 774
78 775
78 782
78 838
78 839
78 903
78 905
78 910
78 950
78 1034
78 1043
78 1102
78 1167
78 1223
78 1230
79 15
79 143
79 144
79 207
79 271
80 16
80 144
80 208
80 272
80 452
80 1091
81 17
81 145
81 209
81 273
81 697
81 761
81 1017
82 18
82 146
82 210
82 274
82 497
83 19
83 147
83 211
83 275
84 20
84 148
84 193
84 212
84 276
84 430
84 795
84 1036
84 1062
85 21
85 149
85 213
85 277
85 793
86 22
86 150
86 214
86 278
87 23
87 108
87 151
87 215
87 279
87 426
87 898
88 24
88 152
88 216
88 280
88 554
89 25
89 153
89 217
89 281
90 26
90 92
90 154
90 218
90 282
91 27
91 155
91 219
91 283
91 1244
92 28
92 90
92 156
92 220
92 284
93 29
93 157
93 221
93 285
93 1136
93 1172
93 1202
94 30
94 158
94 222
94 286
94 1092
94 1198
95 31
95 159
95 223
95 287
96 32
96 160
96 176
96 224
96 288
96 602
96 746
96 985
97 33
97 161
97 225
97 289
97 506
98 34
98 162
98 226
98 290
98 387
98 757
98 760
98 807
99 35
99 163
99 227
99 291
100 36
100 164
100 228
100 292
101 37
101 165
101 229
101 293
102 4
102 38
102 166
102 211
102 230
102 294
102 494
102 771
103 39
103 167
103 231
103 295
103 840
103 1064
104 40
104 168
104 232
104 296
104 538
104 889
104 920
104 945
104 1147
105 41
105 110
105 169
105 233
105 297
105 908
105 1080
106 42
106 170
106 234
106 298
106 357
106 794
106 1214
107 31
107 43
107 171
107 235
107 255
107 299
107 1278
108 44
108 87
108 172
108 236
108 300
108 426
108 898
109 45
109 173
109 237
109 301
110 46
110 105
110 174
110 238
110 302
110 908
110 1080
111 47
111 175
111 239
111 269
111 303
111 312
111 600
111 751
112 48
112 121
112 176
112 240
112 288
112 304
112 505
112 639
112 722
113 49
113 177
113 241
113 305
113 853
113 955
114 50
114 178
114 225
114 242
114 306
114 959
114 1275
115 5
115 51
115 146
115 179
115 243
115 307
116 52
116 180
116 244
116 308
117 53
117 181
117 245
117 309
117 674
118 9
118 54
118 74
118 78
118 134
118 182
118 198
118 199
118 246
118 263
118 265
118 310
118 327
118 457
118 518
118 585
118 586
118 590
118 598
118 646
118 713
118 774
118 775
118 782
118 838
118 903
118 910
118 950
118 967
118 969
118 1078
118 1226
118 1238
119 55
119 122
119 183
119 247
119 311
119 727
120 56
120 184
120 248
120 312
120 936
121 57
121 112
121 185
121 249
121 288
121 313
121 505
121 639
121 722
122 58
122 119
122 186
122 250
122 314
122 727
123 59
123 127
123 187
123 251
123 315
124 60
124 188
124 252
124 253
124 290
124 316
124 1120
125 48
125 61
125 189
125 253
125 313
125 317
125 559
126 60
126 62
126 190
126 254
126 318
127 63
127 123
127 191
127 251
127 255
127 319
128 0
128 64
128 192
128 256
128 320
128 1162
129 1
129 65
129 193
129 257
129 321
129 885
129 1101
130 2
130 66
130 194
130 258
130 322
130 440
131 3
131 67
131 179
131 195
131 259
131 323
131 335
132 4
132 68
132 196
132 260
132 324
133 5
133 69
133 197
133 209
133 261
133 325
134 6
134 7
134 70
134 71
134 78
134 118
134 135
134 198
134 199
134 262
134 263
134 326
134 327
134 391
134 455
134 518
134 519
134 583
134 585
134 590
134 598
134 646
134 647
134 711
134 713
134 774
134 775
134 782
134 839
134 903
134 905
134 910
134 950
134 969
134 1034
134 1038
134 1043
134 1095
134 1097
134 1102
134 1158
134 1223
134 1230
135 7
135 71
135 78
135 134
135 199
135 263
135 327
135 391
135 455
135 519
135 583
135 647
135 711
135 775
135 839
135 903
135 905
135 1031
135 1033
135 1046
135 1095
135 1159
136 8
136 72
136 200
136 264
136 325
136 328
136 331
136 865
136 1009
137 6
137 9
137 70
137 73
137 201
137 262
137 265
137 329
137 390
137 454
137 521
137 582
137 649
137 710
137 777
137 841
137 902
137 966
137 1030
137 1094
137 1161
137 1225
138 10
138 74
138 202
138 266
138 330
139 11
139 75
139 166
139 203
139 267
139 331
140 12
140 76
140 204
140 268
140 332
140 565
141 13
141 77
141 205
141 269
141 333
141 836
142 14
142 78
142 206
142 270
142 334
142 366
143 15
143 54
143 79
143 207
143 271
143 335
144 16
144 79
144 80
144 208
144 272
144 336
145 17
145 81
145 209
145 273
145 337
145 893
145 1242
146 5
146 18
146 82
146 115
146 210
146 274
146 338
147 19
147 83
147 211
147 275
147 339
147 634
148 20
148 84
148 212
148 276
148 302
148 340
148 471
148 712
148 1087
149 21
149 85
149 213
149 277
149 341
150 22
150 86
150 214
150 278
150 342
151 23
151 87
151 215
151 279
151 343
152 24
152 88
152 216
152 280
152 344
152 359
152 1160
153 25
153 89
153 217
153 281
153 345
153 844
153 1243
154 26
154 90
154 218
154 282
154 346
154 938
155 27
155 91
155 219
155 283
155 347
155 401
155 907
156 28
156 92
156 215
156 220
156 276
156 284
156 348
156 882
156 1076
156 1133
157 29
157 93
157 221
157 285
157 349
157 410
157 859
157 1082
157 1119
157 1144
158 13
158 30
158 94
158 222
158 286
158 350
159 31
159 95
159 223
159 287
159 351
159 439
159 614
160 32
160 96
160 224
160 288
160 352
161 33
161 97
161 225
161 289
161 353
161 1138
161 1179
162 34
162 98
162 226
162 290
162 354
163 35
163 99
163 227
163 291
163 318
163 355
163 1109
164 36
164 100
164 228
164 292
164 356
164 656
165 37
165 101
165 229
165 293
165 357
165 450
165 1217
166 38
166 102
166 139
166 230
166 294
166 358
167 39
167 65
167 103
167 231
167 295
167 359
168 40
168 104
168 232
168 296
168 360
168 575
168 597
168 958
168 1228
169 41
169 105
169 233
169 297
169 361
169 798
170 42
170 106
170 234
170 298
170 362
170 709
170 1010
171 21
171 43
171 107
171 235
171 282
171 299
171 363
171 657
172 44
172 108
172 236
172 295
172 300
172 364
172 781
172 1267
173 45
173 109
173 237
173 301
173 365
174 46
174 110
174 238
174 302
174 366
174 542
174 909
174 1059
175 47
175 111
175 239
175 303
175 307
175 367
176 48
176 96
176 112
176 240
176 304
176 368
176 602
176 746
176 985
177 49
177 113
177 241
177 242
177 305
177 369
177 446
177 736
178 50
178 114
178 242
178 306
178 370
178 805
178 1178
179 51
179 115
179 131
179 243
179 307
179 335
179 371
180 52
180 116
180 244
180 308
180 317
180 372
180 940
180 1112
181 53
181 117
181 245
181 309
181 373
182 54
182 118
182 246
182 310
182 374
182 1270
183 55
183 72
183 119
183 227
183 247
183 311
183 375
183 424
183 492
183 1204
184 56
184 120
184 248
184 312
184 376
185 57
185 121
185 249
185 313
185 377
185 579
185 743
185 1002
185 1126
186 41
186 58
186 122
186 250
186 314
186 378
186 465
186 541
186 698
187 52
187 59
187 123
187 251
187 315
187 379
187 700
187 830
187 1019
188 60
188 124
188 252
188 316
188 380
188 453
188 773
188 1045
189 61
189 125
189 253
189 317
189 381
189 682
189 728
190 62
190 126
190 254
190 318
190 382
190 741
191 63
191 127
191 255
191 319
191 383
191 536
191 1260
192 0
192 64
192 128
192 256
192 320
192 384
192 659
193 1
193 65
193 84
193 129
193 257
193 321
193 385
193 430
193 795
193 1036
193 1062
194 2
194 66
194 130
194 258
194 322
194 386
194 1085
194 1266
195 3
195 67
195 131
195 223
195 243
195 259
195 323
195 387
195 432
195 913
195 1129
195 1255
196 4
196 68
196 132
196 260
196 324
196 388
196 843
196 1193
197 5
197 69
197 133
197 261
197 325
197 337
197 389
197 819
197 1182
198 6
198 9
198 70
198 74
198 78
198 118
198 134
198 199
198 262
198 263
198 265
198 326
198 327
198 390
198 457
198 518
198 585
198 586
198 590
198 598
198 646
198 713
198 774
198 775
198 782
198 838
198 903
198 905
198 910
198 950
198 967
198 969
198 1014
198 1034
198 1043
198 1078
198 1226
198 1238
199 7
199 71
199 78
199 118
199 134
199 135
199 198
199 263
199 265
199 327
199 391
199 518
199 519
199 585
199 586
199 590
199 598
199 646
199 713
199 774
199 775
199 782
199 838
199 839
199 903
199 905
199 910
199 950
199 967
199 969
199 1034
199 1038
199 1043
199 1046
199 1078
199 1167
199 1223
199 1226
200 8
200 72
200 136
200 264
200 328
200 392
200 693
201 6
201 9
201 70
201 73
201 137
201 262
201 265
201 329
201 390
201 393
201 454
201 521
201 582
201 649
201 710
201 777
201 841
201 902
201 966
201 1030
201 1094
201 1161
201 1225
202 10
202 74
202 138
202 266
202 330
202 394
202 462
203 11
203 75
203 139
203 267
203 331
203 395
203 833
204 12
204 76
204 140
204 268
204 332
204 396
205 13
205 77
205 141
205 269
205 333
205 397
206 14
206 78
206 142
206 270
206 334
206 398
206 576
207 15
207 79
207 143
207 271
207 335
207 399
208 16
208 80
208 144
208 272
208 336
208 400
208 650
209 17
209 81
209 133
209 145
209 273
209 337
209 401
210 18
210 82
210 146
210 274
210 338
210 402
211 4
211 19
211 83
211 102
211 147
211 275
211 339
211 403
211 494
211 771
212 20
212 84
212 148
212 276
212 340
212 404
213 21
213 85
213 149
213 277
213 341
213 405
213 530
214 22
214 86
214 150
214 278
214 342
214 406
215 23
215 87
215 151
215 156
215 276
215 279
215 343
215 348
215 407
215 882
215 1076
215 1133
216 24
216 88
216 152
216 280
216 344
216 408
216 500
216 871
217 25
217 89
217 153
217 281
217 333
217 345
217 385
217 409
217 1192
218 26
218 90
218 154
218 254
218 282
218 346
218 409
218 410
218 875
218 924
218 946
219 27
219 91
219 155
219 283
219 347
219 378
219 411
219 435
219 574
219 703
219 948
219 991
219 1130
220 28
220 92
220 156
220 284
220 348
220 412
220 489
220 503
220 1058
220 1264
221 29
221 33
221 93
221 157
221 285
221 349
221 413
222 30
222 94
222 158
222 286
222 350
222 414
222 992
222 1093
222 1194
222 1245
223 31
223 95
223 159
223 195
223 243
223 287
223 351
223 415
223 432
223 913
223 1129
223 1255
224 32
224 40
224 96
224 160
224 288
224 352
224 416
224 635
224 887
224 1170
225 33
225 97
225 114
225 161
225 289
225 353
225 417
225 959
225 1275
226 34
226 98
226 162
226 290
226 354
226 418
226 605
227 35
227 72
227 99
227 163
227 183
227 291
227 355
227 419
227 424
227 492
227 1204
228 36
228 100
228 164
228 292
228 356
228 420
229 37
229 51
229 101
229 165
229 293
229 357
229 421
229 691
229 1055
230 38
230 102
230 166
230 294
230 358
230 422
231 39
231 103
231 167
231 295
231 328
231 359
231 423
231 456
231 665
231 1273
231 1277
232 40
232 104
232 168
232 296
232 360
232 424
233 41
233 105
233 169
233 297
233 361
233 425
234 42
234 106
234 170
234 281
234 298
234 362
234 426
235 43
235 107
235 171
235 299
235 363
235 427
235 475
235 491
235 555
235 624
235 1128
236 44
236 108
236 172
236 300
236 306
236 364
236 428
236 563
236 717
236 1114
237 45
237 109
237 173
237 301
237 365
237 429
237 441
237 496
238 46
238 110
238 174
238 302
238 324
238 366
238 418
238 430
238 589
239 47
239 111
239 175
239 303
239 367
239 431
240 48
240 112
240 176
240 304
240 368
240 432
240 636
241 49
241 113
241 177
241 305
241 369
241 433
241 829
241 923
242 50
242 114
242 177
242 178
242 306
242 370
242 434
242 446
242 736
243 51
243 115
243 179
243 195
243 223
243 307
243 371
243 432
243 435
243 913
243 1129
243 1255
244 50
244 52
244 116
244 180
244 308
244 372
244 436
244 891
245 53
245 117
245 181
245 309
245 373
245 437
245 928
246 9
246 54
246 73
246 74
246 118
246 182
246 265
246 310
246 326
246 374
246 393
246 438
246 457
246 518
246 534
246 586
246 646
246 838
246 854
246 967
246 982
246 1014
246 1206
247 55
247 119
247 183
247 311
247 369
247 375
247 439
248 34
248 56
248 120
248 184
248 312
248 321
248 376
248 440
248 877
248 1183
249 57
249 121
249 185
249 313
249 377
249 441
249 748
249 856
250 58
250 122
250 186
250 314
250 378
250 442
250 845
251 59
251 123
251 127
251 187
251 315
251 379
251 443
252 60
252 124
252 188
252 316
252 380
252 444
252 701
252 721
252 753
252 1016
253 61
253 124
253 125
253 189
253 290
253 317
253 381
253 445
253 1120
254 62
254 126
254 190
254 218
254 318
254 382
254 409
254 446
254 875
254 924
254 946
255 31
255 63
255 107
255 127
255 191
255 319
255 383
255 447
255 1278
256 64
256 128
256 192
256 320
256 384
256 448
257 65
257 129
257 193
257 321
257 385
257 449
257 652
257 1050
258 66
258 130
258 194
258 322
258 386
258 450
258 931
258 1272
259 67
259 131
259 195
259 323
259 387
259 395
259 451
259 1175
260 68
260 132
260 196
260 324
260 388
260 452
261 69
261 133
261 197
261 325
261 389
261 453
261 501
261 588
262 6
262 70
262 134
262 137
262 198
262 201
262 326
262 329
262 390
262 454
262 521
262 582
262 649
262 710
262 777
262 841
262 902
262 966
262 1030
262 1094
262 1161
262 1225
263 7
263 71
263 78
263 118
263 134
263 135
263 198
263 199
263 327
263 391
263 455
263 518
263 519
263 583
263 585
263 590
263 598
263 646
263 711
263 713
263 774
263 775
263 782
263 838
263 839
263 903
263 905
263 910
263 950
263 967
263 969
263 1033
263 1034
263 1038
263 1043
263 1046
263 1078
263 1095
263 1097
263 1102
263 1167
263 1223
263 1230
264 72
264 136
264 200
264 328
264 392
264 456
264 815
265 9
265 73
265 74
265 118
265 137
265 198
265 199
265 201
265 246
265 326
265 329
265 393
265 457
265 518
265 534
265 585
265 586
265 590
265 598
265 646
265 713
265 774
265 782
265 838
265 854
265 910
265 950
265 967
265 969
265 982
265 1014
265 1078
266 74
266 138
266 202
266 330
266 394
266 458
267 75
267 139
267 203
267 331
267 395
267 459
267 609
267 715
267 870
268 76
268 140
268 204
268 332
268 396
268 460
268 632
269 77
269 111
269 141
269 205
269 312
269 333
269 397
269 461
269 600
269 751
270 78
270 142
270 206
270 334
270 398
270 462
271 79
271 143
271 207
271 335
271 399
271 463
272 80
272 144
272 208
272 336
272 400
272 464
273 81
273 145
273 209
273 337
273 401
273 465
273 619
273 732
273 895
273 1211
273 1239
274 82
274 146
274 210
274 338
274 363
274 402
274 466
274 477
274 995
274 1263
275 83
275 147
275 211
275 339
275 403
275 467
275 487
275 934
275 1233
276 84
276 148
276 156
276 212
276 215
276 340
276 348
276 404
276 468
276 882
276 1076
276 1133
277 85
277 149
277 213
277 341
277 405
277 469
278 86
278 150
278 214
278 342
278 406
278 470
279 87
279 151
279 215
279 343
279 407
279 471
279 629
279 978
279 997
279 1081
280 88
280 152
280 216
280 344
280 408
280 472
280 1196
281 89
281 153
281 217
281 234
281 345
281 409
281 473
282 21
282 90
282 154
282 171
282 218
282 346
282 410
282 474
282 657
283 91
283 155
283 219
283 347
283 411
283 475
283 828
283 953
284 92
284 156
284 220
284 348
284 412
284 476
285 93
285 157
285 221
285 349
285 413
285 477
286 94
286 158
286 222
286 350
286 414
286 478
286 1227
287 95
287 159
287 223
287 351
287 415
287 479
288 96
288 112
288 121
288 160
288 224
288 352
288 416
288 480
288 505
288 639
288 722
289 97
289 161
289 225
289 353
289 417
289 481
289 834
290 98
290 124
290 162
290 226
290 253
290 354
290 418
290 482
290 1120
291 99
291 163
291 227
291 355
291 419
291 483
291 872
292 100
292 164
292 228
292 356
292 420
292 484
293 101
293 165
293 229
293 316
293 352
293 357
293 421
293 485
293 637
294 102
294 166
294 230
294 358
294 422
294 486
294 1153
295 103
295 167
295 172
295 231
295 359
295 423
295 487
295 781
295 1267
296 104
296 168
296 232
296 360
296 423
296 424
296 488
296 972
296 994
296 1151
297 105
297 169
297 233
297 350
297 361
297 425
297 489
297 562
297 1125
297 1241
298 67
298 106
298 170
298 234
298 362
298 426
298 490
298 849
299 107
299 171
299 235
299 363
299 427
299 491
300 108
300 172
300 236
300 364
300 428
300 473
300 492
301 109
301 173
301 237
301 365
301 429
301 493
301 951
302 110
302 148
302 174
302 238
302 366
302 430
302 471
302 494
302 712
302 1087
303 111
303 175
303 239
303 338
303 367
303 431
303 495
303 509
304 26
304 112
304 176
304 240
304 368
304 432
304 496
304 573
304 620
305 113
305 177
305 241
305 369
305 433
305 497
305 667
305 1011
305 1086
306 114
306 178
306 236
306 242
306 370
306 434
306 498
306 563
306 717
306 1114
307 115
307 175
307 179
307 243
307 371
307 435
307 499
308 116
308 180
308 244
308 372
308 436
308 500
308 627
308 628
308 1209
309 8
309 117
309 181
309 245
309 373
309 437
309 501
310 118
310 182
310 246
310 374
310 438
310 502
311 119
311 183
311 247
311 375
311 439
311 503
311 517
312 111
312 120
312 184
312 248
312 269
312 376
312 440
312 504
312 600
312 751
313 48
313 121
313 125
313 185
313 249
313 377
313 441
313 505
313 559
314 44
314 122
314 186
314 250
314 378
314 442
314 506
314 999
314 1113
315 123
315 187
315 251
315 379
315 443
315 507
315 864
316 124
316 188
316 252
316 293
316 352
316 380
316 444
316 508
316 637
317 125
317 180
317 189
317 253
317 381
317 445
317 509
317 940
317 1112
318 126
318 163
318 190
318 254
318 382
318 446
318 510
318 1109
319 127
319 191
319 255
319 383
319 447
319 511
319 984
320 128
320 192
320 256
320 384
320 448
320 512
320 842
321 34
321 129
321 193
321 248
321 257
321 385
321 449
321 513
321 877
321 1183
322 130
322 194
322 258
322 386
322 450
322 514
322 593
322 707
322 1068
323 131
323 195
323 259
323 387
323 451
323 515
324 132
324 196
324 238
324 260
324 388
324 418
324 452
324 516
324 589
325 133
325 136
325 197
325 261
325 331
325 389
325 453
325 517
325 865
325 1009
326 9
326 73
326 74
326 134
326 198
326 246
326 262
326 265
326 390
326 393
326 454
326 457
326 518
326 534
326 586
326 838
326 854
326 967
326 982
326 1014
326 1152
326 1206
326 1222
327 7
327 71
327 78
327 118
327 134
327 135
327 198
327 199
327 263
327 391
327 455
327 518
327 519
327 583
327 585
327 590
327 598
327 646
327 647
327 711
327 713
327 774
327 775
327 782
327 838
327 839
327 903
327 905
327 910
327 950
327 967
327 969
327 1033
327 1034
327 1038
327 1043
327 1046
327 1078
327 1095
327 1097
327 1102
327 1158
327 1159
327 1167
327 1223
327 1230
328 136
328 200
328 231
328 264
328 392
328 456
328 520
328 665
328 1273
328 1277
329 6
329 70
329 137
329 201
329 262
329 265
329 390
329 393
329 454
329 457
329 521
329 582
329 649
329 710
329 777
329 841
329 902
329 966
329 1030
329 1094
329 1161
329 1225
330 138
330 202
330 266
330 394
330 458
330 522
331 136
331 139
331 203
331 267
331 325
331 395
331 459
331 523
331 865
331 1009
332 140
332 204
332 268
332 396
332 460
332 524
333 141
333 205
333 217
333 269
333 385
333 397
333 461
333 525
333 1192
334 142
334 206
334 270
334 398
334 462
334 526
335 131
335 143
335 179
335 207
335 271
335 399
335 463
335 527
336 144
336 208
336 272
336 400
336 464
336 528
337 145
337 197
337 209
337 273
337 401
337 465
337 529
337 819
337 1182
338 146
338 210
338 274
338 303
338 402
338 466
338 509
338 530
339 147
339 211
339 275
339 403
339 467
339 531
340 148
340 212
340 276
340 404
340 436
340 468
340 532
341 149
341 213
341 277
341 405
341 469
341 533
341 766
341 1247
342 150
342 214
342 278
342 406
342 470
342 534
343 151
343 215
343 279
343 407
343 471
343 535
343 965
344 152
344 216
344 280
344 408
344 472
344 536
345 153
345 217
345 281
345 409
345 473
345 537
346 154
346 218
346 282
346 410
346 474
346 538
347 155
347 219
347 283
347 411
347 475
348 156
348 215
348 220
348 276
348 284
348 412
348 476
348 540
348 882
348 1076
348 1133
349 157
349 221
349 285
349 413
349 477
349 541
350 158
350 222
350 286
350 297
350 414
350 478
350 542
350 562
350 1125
350 1241
351 25
351 159
351 223
351 287
351 415
351 479
351 543
351 785
351 1007
352 160
352 224
352 288
352 293
352 316
352 416
352 480
352 544
352 637
353 161
353 225
353 289
353 417
353 481
353 545
354 162
354 226
354 290
354 364
354 367
354 418
354 447
354 482
354 546
354 1199
355 163
355 227
355 291
355 419
355 483
356 164
356 228
356 292
356 420
356 484
356 548
357 106
357 165
357 229
357 293
357 421
357 485
357 549
357 794
357 1214
358 166
358 230
358 294
358 422
358 486
358 550
359 152
359 167
359 231
359 295
359 423
359 487
359 551
359 1160
360 168
360 232
360 296
360 373
360 424
360 488
360 552
360 874
360 1072
361 169
361 233
361 297
361 425
361 461
361 489
361 553
361 578
361 802
361 933
362 170
362 234
362 298
362 426
362 490
362 554
362 564
362 687
362 817
363 171
363 235
363 274
363 299
363 427
363 477
363 491
363 555
363 995
363 1263
364 172
364 236
364 300
364 354
364 367
364 428
364 447
364 492
364 556
364 1199
365 29
365 173
365 237
365 301
365 429
365 493
365 557
365 904
365 1180
366 142
366 174
366 238
366 302
366 430
366 494
366 558
367 175
367 239
367 303
367 354
367 364
367 431
367 447
367 495
367 559
367 1199
368 176
368 240
368 304
368 432
368 496
368 560
369 177
369 241
369 247
369 305
369 433
369 497
369 561
370 178
370 242
370 306
370 434
370 498
370 562
370 862
370 1213
370 1276
371 24
371 179
371 243
371 307
371 435
371 499
371 563
372 180
372 244
372 308
372 436
372 500
372 564
372 789
372 879
372 1013
373 181
373 245
373 309
373 360
373 437
373 501
373 565
373 874
373 1072
374 182
374 246
374 310
374 438
374 502
374 566
375 183
375 247
375 311
375 439
375 503
375 567
375 883
375 1018
376 184
376 248
376 312
376 440
376 504
376 568
376 594
376 863
376 993
377 185
377 249
377 313
377 441
377 505
377 569
377 725
378 186
378 219
378 250
378 314
378 435
378 442
378 506
378 570
378 574
378 703
378 948
378 991
378 1130
379 187
379 251
379 315
379 443
379 507
379 571
380 188
380 252
380 316
380 444
380 508
380 572
380 683
380 754
380 1176
381 189
381 253
381 317
381 445
381 509
381 573
381 786
382 61
382 190
382 254
382 318
382 446
382 510
382 574
383 191
383 255
383 319
383 447
383 511
383 575
384 192
384 256
384 320
384 448
384 464
384 512
384 576
385 193
385 217
385 257
385 321
385 333
385 449
385 513
385 577
385 1192
386 194
386 258
386 322
386 450
386 485
386 514
386 552
386 578
387 98
387 195
387 259
387 323
387 451
387 515
387 579
387 757
387 760
387 807
388 196
388 260
388 324
388 452
388 516
388 580
389 197
389 261
389 325
389 407
389 453
389 517
389 581
390 6
390 70
390 137
390 198
390 201
390 262
390 326
390 329
390 454
390 518
390 521
390 582
390 649
390 710
390 777
390 841
390 902
390 966
390 1030
390 1094
390 1161
390 1225
391 7
391 71
391 78
391 134
391 135
391 199
391 263
391 327
391 455
391 519
391 583
391 647
391 711
391 775
391 839
391 903
391 905
391 1031
391 1033
391 1034
391 1038
391 1046
391 1095
391 1097
391 1102
391 1158
391 1159
391 1223
391 1230
392 200
392 264
392 328
392 456
392 498
392 520
392 584
392 824
393 9
393 73
393 74
393 201
393 246
393 265
393 326
393 329
393 457
393 521
393 534
393 585
393 586
393 838
393 854
393 967
393 982
393 1014
393 1152
393 1206
393 1222
394 202
394 266
394 330
394 458
394 522
394 586
395 203
395 259
395 267
395 331
395 459
395 523
395 587
395 1175
396 204
396 268
396 332
396 460
396 524
396 588
396 927
397 205
397 269
397 333
397 404
397 461
397 525
397 589
397 726
398 206
398 270
398 334
398 462
398 526
398 590
399 207
399 271
399 335
399 463
399 527
399 591
400 208
400 272
400 336
400 464
400 528
400 592
400 832
400 973
401 155
401 209
401 273
401 337
401 465
401 529
401 593
401 907
402 210
402 274
402 338
402 466
402 530
402 594
402 1257
403 211
403 275
403 339
403 467
403 531
403 595
404 212
404 276
404 340
404 397
404 468
404 532
404 596
404 726
405 213
405 277
405 341
405 469
405 533
405 597
406 214
406 278
406 342
406 470
406 534
406 598
407 215
407 279
407 343
407 389
407 471
407 535
407 599
408 63
408 216
408 280
408 344
408 472
408 536
408 600
408 981
409 217
409 218
409 254
409 281
409 345
409 473
409 537
409 601
409 875
409 924
409 946
410 157
410 218
410 282
410 346
410 474
410 538
410 602
410 859
410 1082
410 1119
410 1144
411 219
411 283
411 347
411 475
411 539
411 603
411 666
412 220
412 284
412 348
412 476
412 481
412 540
412 545
412 604
412 956
413 221
413 285
413 349
413 477
413 541
413 605
414 222
414 286
414 350
414 478
414 542
414 606
415 223
415 287
415 351
415 479
415 543
415 607
416 224
416 288
416 352
416 480
416 544
416 608
417 225
417 289
417 353
417 481
417 545
417 609
417 616
417 673
417 866
418 226
418 238
418 290
418 324
418 354
418 482
418 546
418 589
418 610
419 227
419 291
419 355
419 483
419 611
420 228
420 292
420 356
420 484
420 548
420 612
420 1224
421 229
421 293
421 357
421 485
421 549
421 613
421 779
421 1148
421 1251
422 230
422 294
422 358
422 486
422 550
422 614
422 739
423 231
423 295
423 296
423 359
423 487
423 551
423 615
423 972
423 994
423 1151
424 72
424 183
424 227
424 232
424 296
424 360
424 488
424 492
424 552
424 616
424 1204
425 233
425 297
425 361
425 489
425 553
425 617
425 737
426 87
426 108
426 234
426 298
426 362
426 490
426 554
426 618
426 898
427 235
427 299
427 363
427 491
427 555
427 619
427 792
427 1259
428 236
428 300
428 364
428 492
428 556
428 620
429 3
429 237
429 301
429 365
429 493
429 557
429 621
430 84
430 193
430 238
430 302
430 366
430 494
430 558
430 622
430 795
430 1036
430 1062
431 239
431 303
431 367
431 495
431 556
431 559
431 571
431 623
432 195
432 223
432 240
432 243
432 304
432 368
432 496
432 560
432 624
432 913
432 1129
432 1255
433 28
433 241
433 305
433 369
433 497
433 561
433 625
434 39
434 56
434 242
434 306
434 370
434 498
434 544
434 562
434 626
434 1056
434 1090
435 219
435 243
435 307
435 371
435 378
435 499
435 563
435 574
435 627
435 703
435 948
435 991
435 1130
436 244
436 308
436 340
436 372
436 500
436 564
436 628
437 245
437 309
437 373
437 501
437 565
437 629
437 641
437 735
437 813
438 246
438 310
438 374
438 502
438 566
438 630
438 847
439 159
439 247
439 311
439 375
439 503
439 567
439 614
439 631
440 130
440 248
440 312
440 376
440 504
440 568
440 632
441 237
441 249
441 313
441 377
441 496
441 505
441 569
441 633
442 250
442 314
442 378
442 506
442 570
442 634
442 800
443 251
443 315
443 379
443 507
443 571
443 635
444 252
444 316
444 380
444 508
444 537
444 543
444 572
444 636
445 253
445 317
445 381
445 460
445 509
445 573
445 637
446 177
446 242
446 254
446 318
446 382
446 510
446 574
446 638
446 736
447 255
447 319
447 354
447 364
447 367
447 383
447 511
447 575
447 639
447 1199
448 256
448 320
448 384
448 512
448 576
448 640
448 974
449 257
449 321
449 385
449 513
449 515
449 577
449 641
449 1189
450 165
450 258
450 322
450 386
450 514
450 578
450 642
450 1217
451 259
451 323
451 387
451 483
451 515
451 579
451 643
452 80
452 260
452 324
452 388
452 516
452 580
452 644
452 1091
453 188
453 261
453 325
453 389
453 517
453 581
453 645
453 773
453 1045
454 6
454 70
454 137
454 201
454 262
454 326
454 329
454 390
454 518
454 521
454 582
454 646
454 649
454 710
454 777
454 841
454 902
454 966
454 1030
454 1094
454 1161
454 1225
455 7
455 71
455 78
455 134
455 135
455 263
455 327
455 391
455 519
455 583
455 647
455 711
455 775
455 839
455 903
455 905
455 1031
455 1033
455 1034
455 1038
455 1046
455 1095
455 1097
455 1102
455 1158
455 1159
455 1223
455 1230
456 231
456 264
456 328
456 392
456 520
456 584
456 648
456 665
456 1273
456 1277
457 9
457 73
457 74
457 118
457 198
457 246
457 265
457 326
457 329
457 393
457 518
457 521
457 534
457 585
457 586
457 646
457 649
457 838
457 854
457 950
457 967
457 969
457 982
457 1014
457 1152
457 1206
457 1222
457 1226
457 1238
458 266
458 330
458 394
458 467
458 522
458 586
458 650
458 734
458 1168
459 267
459 331
459 395
459 523
459 587
459 651
460 268
460 332
460 396
460 445
460 524
460 588
460 652
461 269
461 333
461 361
461 397
461 525
461 578
461 589
461 653
461 802
461 933
462 202
462 270
462 334
462 398
462 526
462 590
462 654
463 271
463 335
463 399
463 527
463 591
463 655
463 996
464 272
464 336
464 384
464 400
464 528
464 592
464 656
465 41
465 186
465 273
465 337
465 401
465 529
465 541
465 593
465 657
465 698
466 62
466 274
466 338
466 402
466 530
466 594
466 658
466 939
466 1123
467 275
467 339
467 403
467 458
467 531
467 595
467 659
467 734
467 1168
468 276
468 340
468 404
468 532
468 596
468 660
468 821
468 980
469 277
469 341
469 405
469 533
469 597
469 661
469 922
470 278
470 342
470 406
470 534
470 598
470 662
471 148
471 279
471 302
471 343
471 407
471 535
471 599
471 663
471 712
471 1087
472 280
472 344
472 408
472 476
472 536
472 600
472 664
473 281
473 300
473 345
473 409
473 537
473 601
473 665
474 282
474 346
474 410
474 538
474 602
474 666
475 235
475 283
475 347
475 411
475 491
475 539
475 555
475 603
475 624
475 667
475 1128
476 284
476 348
476 412
476 472
476 540
476 604
476 668
477 274
477 285
477 349
477 363
477 413
477 541
477 605
477 669
477 995
477 1263
478 286
478 350
478 414
478 542
478 606
478 670
478 1077
479 25
479 287
479 351
479 415
479 543
479 607
479 671
479 785
479 1007
480 288
480 352
480 416
480 544
480 608
480 672
481 289
481 353
481 412
481 417
481 545
481 609
481 673
481 956
482 290
482 354
482 418
482 546
482 549
482 610
482 674
483 291
483 355
483 419
483 451
483 547
483 611
483 675
484 292
484 356
484 420
484 548
484 612
484 676
485 293
485 357
485 386
485 421
485 549
485 552
485 613
485 677
486 294
486 358
486 422
486 550
486 614
486 678
486 878
487 275
487 295
487 359
487 423
487 551
487 615
487 679
487 934
487 1233
488 296
488 360
488 424
488 552
488 613
488 616
488 680
488 1187
489 220
489 297
489 361
489 425
489 503
489 553
489 617
489 681
489 1058
489 1264
490 298
490 362
490 426
490 554
490 618
490 638
490 682
490 861
490 917
491 235
491 299
491 363
491 427
491 475
491 555
491 619
491 624
491 683
491 1128
492 72
492 183
492 227
492 300
492 364
492 424
492 428
492 556
492 620
492 684
492 1204
493 301
493 365
493 429
493 557
493 621
493 685
494 4
494 102
494 211
494 302
494 366
494 430
494 558
494 622
494 686
494 771
495 303
495 367
495 431
495 559
495 623
495 687
496 237
496 304
496 368
496 432
496 441
496 560
496 624
496 688
497 82
497 305
497 369
497 433
497 561
497 625
497 689
498 306
498 370
498 392
498 434
498 562
498 626
498 690
498 824
499 307
499 371
499 435
499 563
499 627
499 691
500 216
500 308
500 372
500 436
500 564
500 628
500 692
500 871
501 261
501 309
501 373
501 437
501 565
501 588
501 629
501 693
502 310
502 374
502 438
502 512
502 566
502 630
502 694
503 220
503 311
503 375
503 439
503 489
503 567
503 631
503 695
503 1058
503 1264
504 312
504 376
504 440
504 568
504 632
504 696
504 767
504 888
504 892
505 112
505 121
505 288
505 313
505 377
505 441
505 569
505 633
505 639
505 697
505 722
506 97
506 314
506 378
506 442
506 570
506 634
506 698
507 315
507 379
507 443
507 571
507 635
507 684
507 699
508 316
508 380
508 444
508 572
508 636
508 700
509 303
509 317
509 338
509 381
509 445
509 573
509 637
509 701
510 318
510 382
510 446
510 574
510 638
510 702
510 1008
511 319
511 383
511 447
511 575
511 639
511 703
512 320
512 384
512 448
512 502
512 576
512 640
512 704
513 321
513 385
513 449
513 577
513 641
513 642
513 677
513 705
514 322
514 386
514 450
514 578
514 642
514 706
515 323
515 387
515 449
515 451
515 579
515 643
515 707
515 1189
516 324
516 388
516 452
516 580
516 644
516 708
517 311
517 325
517 389
517 453
517 581
517 645
517 709
518 9
518 74
518 78
518 118
518 134
518 198
518 199
518 246
518 263
518 265
518 326
518 327
518 390
518 454
518 457
518 582
518 585
518 586
518 590
518 598
518 646
518 710
518 713
518 774
518 775
518 782
518 838
518 854
518 910
518 950
518 967
518 969
518 1014
518 1034
518 1043
518 1078
518 1102
518 1167
518 1223
518 1226
518 1230
518 1238
519 7
519 71
519 78
519 134
519 135
519 199
519 263
519 327
519 391
519 455
519 583
519 585
519 590
519 598
519 647
519 711
519 775
519 782
519 839
519 903
519 905
519 1031
519 1033
519 1034
519 1038
519 1043
519 1046
519 1095
519 1097
519 1102
519 1158
519 1159
519 1167
519 1223
519 1230
520 328
520 392
520 456
520 584
520 648
520 695
520 712
520 914
520 1250
521 6
521 70
521 137
521 201
521 262
521 329
521 390
521 393
521 454
521 457
521 582
521 585
521 649
521 710
521 713
521 777
521 841
521 902
521 966
521 1030
521 1094
521 1161
521 1225
522 330
522 394
522 458
522 586
522 650
522 714
523 331
523 395
523 459
523 587
523 651
523 715
523 1236
524 332
524 396
524 460
524 588
524 652
524 716
525 333
525 397
525 461
525 589
525 653
525 717
526 334
526 398
526 462
526 590
526 654
526 718
527 335
527 399
527 463
527 591
527 655
527 719
527 1231
528 336
528 400
528 464
528 592
528 656
528 720
529 337
529 401
529 465
529 593
529 657
529 721
530 213
530 338
530 402
530 466
530 594
530 658
530 722
531 339
531 403
531 467
531 595
531 659
531 723
532 340
532 404
532 468
532 596
532 660
532 724
533 341
533 405
533 469
533 597
533 661
533 725
533 1279
534 9
534 73
534 74
534 246
534 265
534 326
534 342
534 393
534 406
534 457
534 470
534 586
534 598
534 662
534 726
534 838
534 854
534 967
534 982
534 1014
534 1152
534 1206
534 1222
535 343
535 407
535 471
535 599
535 663
535 727
535 957
535 1150
536 191
536 344
536 408
536 472
536 600
536 664
536 728
536 1260
537 345
537 409
537 444
537 473
537 543
537 601
537 665
537 729
538 104
538 346
538 410
538 474
538 602
538 666
538 730
538 889
538 920
538 945
538 1147
539 411
539 475
539 603
539 667
539 731
540 348
540 412
540 476
540 604
540 668
540 732
540 983
541 41
541 186
541 349
541 413
541 465
541 477
541 605
541 669
541 698
541 733
542 174
542 350
542 414
542 478
542 606
542 670
542 734
542 909
542 1059
543 351
543 415
543 444
543 479
543 537
543 607
543 671
543 735
544 39
544 56
544 352
544 416
544 434
544 480
544 608
544 672
544 736
544 1056
544 1090
545 353
545 412
545 417
545 481
545 609
545 673
545 737
545 956
546 354
546 418
546 482
546 610
546 674
546 738
546 837
547 483
547 611
547 675
547 739
548 356
548 420
548 484
548 612
548 676
548 740
548 1005
548 1070
548 1219
549 357
549 421
549 482
549 485
549 613
549 677
549 741
550 358
550 422
550 486
550 614
550 678
550 742
551 27
551 359
551 423
551 487
551 615
551 679
551 743
552 360
552 386
552 424
552 485
552 488
552 616
552 680
552 744
553 361
553 425
553 489
553 617
553 681
553 696
553 745
553 935
554 88
554 362
554 426
554 490
554 618
554 682
554 746
555 235
555 363
555 427
555 475
555 491
555 619
555 624
555 683
555 747
555 1128
556 364
556 428
556 431
556 492
556 571
556 620
556 684
556 748
557 365
557 429
557 493
557 621
557 685
557 749
557 855
558 366
558 430
558 494
558 622
558 686
558 750
559 48
559 125
559 313
559 367
559 431
559 495
559 623
559 687
559 751
560 368
560 432
560 496
560 624
560 688
560 752
561 55
561 369
561 433
561 497
561 625
561 689
561 729
561 753
561 1140
562 297
562 350
562 370
562 434
562 498
562 626
562 690
562 754
562 1125
562 1241
563 236
563 306
563 371
563 435
563 499
563 627
563 691
563 717
563 755
563 1114
564 362
564 372
564 436
564 500
564 628
564 687
564 692
564 756
564 817
565 140
565 373
565 437
565 501
565 629
565 693
565 757
566 374
566 438
566 502
566 630
566 694
566 758
567 375
567 439
567 503
567 631
567 695
567 759
568 376
568 440
568 504
568 632
568 696
568 760
569 377
569 441
569 505
569 633
569 697
569 761
569 1022
570 378
570 442
570 506
570 634
570 698
570 762
570 873
570 961
570 1131
571 379
571 431
571 443
571 507
571 556
571 635
571 699
571 763
572 380
572 444
572 508
572 636
572 700
572 764
572 765
573 26
573 304
573 381
573 445
573 509
573 620
573 637
573 701
573 765
574 219
574 378
574 382
574 435
574 446
574 510
574 638
574 702
574 703
574 766
574 948
574 991
574 1130
575 168
575 383
575 447
575 511
575 597
575 639
575 703
575 767
575 958
575 1228
576 206
576 384
576 448
576 512
576 640
576 704
576 768
577 385
577 449
577 513
577 641
577 705
577 769
577 801
577 989
577 1063
578 361
578 386
578 450
578 461
578 514
578 642
578 706
578 770
578 802
578 933
579 185
579 387
579 451
579 515
579 643
579 707
579 743
579 771
579 1002
579 1126
580 388
580 452
580 516
580 644
580 708
580 772
581 37
581 389
581 453
581 517
581 645
581 709
581 773
581 1141
581 1215
582 6
582 70
582 137
582 201
582 262
582 329
582 390
582 454
582 518
582 521
582 646
582 649
582 710
582 774
582 777
582 841
582 902
582 966
582 1030
582 1094
582 1161
582 1225
583 7
583 71
583 78
583 134
583 135
583 263
583 327
583 391
583 455
583 519
583 590
583 647
583 711
583 775
583 839
583 903
583 905
583 1031
583 1033
583 1034
583 1038
583 1043
583 1046
583 1095
583 1097
583 1102
583 1158
583 1159
583 1167
583 1223
583 1230
584 392
584 456
584 520
584 648
584 712
584 776
585 7
585 9
585 78
585 118
585 134
585 198
585 199
585 263
585 265
585 327
585 393
585 457
585 518
585 519
585 521
585 586
585 590
585 598
585 646
585 649
585 713
585 774
585 775
585 777
585 782
585 838
585 839
585 903
585 905
585 910
585 950
585 967
585 969
585 1034
585 1038
585 1043
585 1078
585 1095
585 1097
585 1102
585 1158
585 1167
585 1223
585 1226
585 1230
585 1238
586 9
586 74
586 118
586 198
586 199
586 246
586 265
586 326
586 393
586 394
586 457
586 458
586 518
586 522
586 534
586 585
586 598
586 646
586 650
586 713
586 714
586 774
586 778
586 782
586 838
586 854
586 910
586 950
586 967
586 969
586 982
586 1014
586 1078
586 1152
586 1206
586 1222
586 1226
586 1238
587 395
587 459
587 523
587 651
587 715
587 779
587 1197
588 261
588 396
588 460
588 501
588 524
588 652
588 716
588 780
589 238
589 324
589 397
589 418
589 461
589 525
589 653
589 717
589 781
590 7
590 78
590 118
590 134
590 198
590 199
590 263
590 265
590 327
590 398
590 462
590 518
590 519
590 526
590 583
590 585
590 598
590 646
590 654
590 711
590 713
590 718
590 774
590 775
590 782
590 838
590 839
590 903
590 905
590 910
590 950
590 967
590 969
590 1033
590 1034
590 1038
590 1043
590 1046
590 1078
590 1095
590 1097
590 1102
590 1158
590 1159
590 1167
590 1223
590 1226
590 1230
590 1238
591 399
591 463
591 527
591 655
591 719
591 783
592 400
592 464
592 528
592 656
592 720
592 784
592 1235
593 322
593 401
593 465
593 529
593 657
593 707
593 721
593 785
593 1068
594 376
594 402
594 466
594 530
594 658
594 722
594 786
594 863
594 993
595 403
595 467
595 531
595 659
595 723
595 787
595 1027
596 404
596 468
596 532
596 660
596 724
596 788
596 814
596 1146
597 168
597 405
597 469
597 533
597 575
597 661
597 725
597 789
597 958
597 1228
598 7
598 78
598 118
598 134
598 198
598 199
598 263
598 265
598 327
598 406
598 470
598 518
598 519
598 534
598 585
598 586
598 590
598 646
598 662
598 713
598 726
598 774
598 775
598 782
598 790
598 838
598 839
598 903
598 905
598 910
598 950
598 967
598 969
598 1033
598 1034
598 1038
598 1043
598 1046
598 1078
598 1095
598 1097
598 1102
598 1158
598 1167
598 1223
598 1226
598 1230
598 1238
599 407
599 471
599 535
599 663
599 727
599 791
600 111
600 269
600 312
600 408
600 472
600 536
600 664
600 728
600 751
600 792
601 409
601 473
601 537
601 665
601 729
601 793
601 1096
602 96
602 176
602 410
602 474
602 538
602 666
602 730
602 746
602 794
602 985
603 411
603 475
603 539
603 667
603 731
603 795
604 412
604 476
604 540
604 668
604 732
604 796
605 226
605 413
605 477
605 541
605 669
605 733
605 797
606 58
606 414
606 478
606 542
606 670
606 734
606 798
606 851
607 415
607 479
607 543
607 658
607 671
607 706
607 735
607 799
608 416
608 480
608 544
608 672
608 736
608 800
608 820
608 884
609 267
609 417
609 481
609 545
609 673
609 715
609 737
609 801
609 870
610 418
610 482
610 546
610 674
610 679
610 738
610 802
610 826
610 1253
611 419
611 483
611 547
611 675
611 739
611 803
611 1067
611 1237
612 420
612 484
612 548
612 676
612 740
612 804
613 421
613 485
613 488
613 549
613 677
613 741
613 805
613 1187
614 159
614 422
614 439
614 486
614 550
614 678
614 742
614 806
615 423
615 487
615 551
615 679
615 743
615 807
616 417
616 424
616 488
616 552
616 673
616 680
616 744
616 808
616 866
617 425
617 489
617 553
617 681
617 745
617 809
618 426
618 490
618 554
618 682
618 746
618 810
618 1084
619 273
619 427
619 491
619 555
619 683
619 732
619 747
619 811
619 895
619 1211
619 1239
620 26
620 304
620 428
620 492
620 556
620 573
620 684
620 748
620 812
621 429
621 493
621 557
621 685
621 749
621 813
621 1073
622 430
622 494
622 558
622 686
622 750
622 814
623 38
623 431
623 495
623 559
623 687
623 751
623 806
623 815
624 235
624 432
624 475
624 491
624 496
624 555
624 560
624 688
624 752
624 816
624 1128
625 433
625 497
625 561
625 645
625 689
625 753
625 817
625 1083
625 1210
626 434
626 498
626 562
626 663
626 690
626 754
626 818
626 869
627 308
627 435
627 499
627 563
627 628
627 691
627 755
627 819
627 1209
628 308
628 436
628 500
628 564
628 627
628 692
628 756
628 820
628 1209
629 279
629 437
629 501
629 565
629 693
629 757
629 821
629 978
629 997
629 1081
630 438
630 502
630 566
630 694
630 758
630 822
631 49
631 439
631 503
631 567
631 688
631 690
631 695
631 759
631 799
631 823
631 827
632 268
632 440
632 504
632 568
632 696
632 760
632 824
633 57
633 441
633 505
633 569
633 697
633 761
633 825
634 147
634 442
634 506
634 570
634 698
634 762
634 826
635 40
635 224
635 443
635 507
635 571
635 699
635 763
635 827
635 887
635 1170
636 240
636 444
636 508
636 572
636 700
636 764
636 828
637 293
637 316
637 352
637 445
637 509
637 573
637 701
637 765
637 829
638 446
638 490
638 510
638 574
638 702
638 766
638 830
638 861
638 917
639 112
639 121
639 288
639 447
639 505
639 511
639 575
639 703
639 722
639 767
639 831
640 448
640 512
640 576
640 704
640 768
640 832
641 437
641 449
641 513
641 577
641 705
641 735
641 769
641 813
641 833
642 450
642 513
642 514
642 578
642 677
642 706
642 770
642 834
643 451
643 515
643 579
643 707
643 771
643 835
644 452
644 516
644 580
644 708
644 772
644 836
645 453
645 517
645 581
645 625
645 709
645 773
645 837
645 1083
645 1210
646 9
646 74
646 78
646 118
646 134
646 198
646 199
646 246
646 263
646 265
646 327
646 454
646 457
646 518
646 582
646 585
646 586
646 590
646 598
646 710
646 713
646 774
646 775
646 782
646 838
646 854
646 910
646 950
646 967
646 969
646 1014
646 1034
646 1043
646 1078
646 1102
646 1167
646 1223
646 1226
646 1230
646 1238
647 7
647 71
647 78
647 134
647 135
647 327
647 391
647 455
647 519
647 583
647 711
647 775
647 839
647 903
647 905
647 1031
647 1033
647 1034
647 1038
647 1046
647 1095
647 1097
647 1102
647 1158
647 1159
647 1223
647 1230
648 456
648 520
648 584
648 712
648 776
648 788
648 840
649 6
649 70
649 137
649 201
649 262
649 329
649 390
649 454
649 457
649 521
649 582
649 585
649 710
649 713
649 777
649 841
649 902
649 966
649 1030
649 1094
649 1161
649 1225
650 208
650 458
650 522
650 586
650 714
650 778
650 842
651 459
651 523
651 587
651 715
651 779
651 843
652 257
652 460
652 524
652 588
652 716
652 780
652 844
652 1050
653 461
653 525
653 589
653 717
653 781
653 845
654 64
654 462
654 526
654 590
654 718
654 782
654 846
655 463
655 527
655 591
655 719
655 783
655 847
655 918
656 164
656 464
656 528
656 592
656 720
656 784
656 848
657 21
657 171
657 282
657 465
657 529
657 593
657 721
657 785
657 849
658 466
658 530
658 594
658 607
658 706
658 722
658 786
658 850
659 192
659 467
659 531
659 595
659 723
659 787
659 851
660 468
660 532
660 596
660 724
660 744
660 788
660 804
660 852
661 469
661 533
661 597
661 725
661 789
661 831
661 853
661 880
661 1212
662 470
662 534
662 598
662 726
662 790
662 854
662 1174
663 471
663 535
663 599
663 626
663 727
663 791
663 855
663 869
664 472
664 536
664 600
664 728
664 792
664 856
665 231
665 328
665 456
665 473
665 537
665 601
665 729
665 793
665 857
665 1273
665 1277
666 411
666 474
666 538
666 602
666 730
666 794
666 858
667 305
667 475
667 539
667 603
667 731
667 795
667 859
667 1011
667 1086
668 47
668 476
668 540
668 604
668 732
668 796
668 860
668 1145
669 477
669 541
669 605
669 686
669 733
669 797
669 861
670 478
670 542
670 606
670 734
670 798
670 862
671 479
671 543
671 607
671 735
671 799
671 863
671 1234
672 480
672 544
672 608
672 736
672 800
672 864
672 916
672 1116
672 1207
673 417
673 481
673 545
673 609
673 616
673 737
673 801
673 865
673 866
674 117
674 482
674 546
674 610
674 738
674 802
674 866
675 42
675 483
675 547
675 611
675 739
675 803
675 818
675 860
675 867
675 1121
676 484
676 548
676 612
676 740
676 804
676 868
676 1065
676 1220
677 485
677 513
677 549
677 613
677 642
677 741
677 805
677 869
678 1
678 486
678 550
678 614
678 742
678 806
678 870
679 487
679 551
679 610
679 615
679 743
679 807
679 826
679 871
679 1253
680 488
680 552
680 616
680 744
680 808
680 872
681 46
681 489
681 553
681 617
681 745
681 809
681 873
682 189
682 490
682 554
682 618
682 728
682 746
682 810
682 874
683 380
683 491
683 555
683 619
683 747
683 754
683 811
683 875
683 1176
684 492
684 507
684 556
684 620
684 748
684 812
684 876
685 493
685 557
685 621
685 749
685 813
685 877
685 1221
685 1248
686 494
686 558
686 622
686 669
686 750
686 814
686 878
687 362
687 495
687 559
687 564
687 623
687 751
687 815
687 817
687 879
688 49
688 496
688 560
688 624
688 631
688 690
688 752
688 799
688 816
688 827
688 880
689 497
689 561
689 625
689 753
689 817
689 876
689 881
689 947
690 49
690 498
690 562
690 626
690 631
690 688
690 754
690 799
690 818
690 827
690 882
691 51
691 229
691 499
691 563
691 627
691 755
691 819
691 883
691 1055
692 500
692 564
692 628
692 756
692 820
692 884
693 200
693 501
693 565
693 629
693 757
693 821
693 885
694 502
694 566
694 630
694 740
694 758
694 822
694 886
695 503
695 520
695 567
695 631
695 759
695 823
695 887
695 914
695 1250
696 504
696 553
696 568
696 632
696 760
696 824
696 888
696 935
697 81
697 505
697 569
697 633
697 761
697 825
697 889
697 1017
698 41
698 186
698 465
698 506
698 541
698 570
698 634
698 762
698 826
698 890
699 507
699 571
699 635
699 763
699 827
699 891
699 986
699 1004
700 52
700 187
700 508
700 572
700 636
700 764
700 828
700 830
700 892
700 1019
701 252
701 509
701 573
701 637
701 721
701 753
701 765
701 829
701 893
701 1016
702 59
702 510
702 574
702 638
702 766
702 830
702 894
703 219
703 378
703 435
703 511
703 574
703 575
703 639
703 767
703 831
703 895
703 948
703 991
703 1130
704 512
704 576
704 640
704 768
704 832
704 896
705 513
705 577
705 641
705 769
705 810
705 833
705 897
705 919
706 514
706 578
706 607
706 642
706 658
706 770
706 834
706 898
707 322
707 515
707 579
707 593
707 643
707 771
707 835
707 899
707 1068
708 516
708 580
708 644
708 772
708 836
708 900
708 964
709 170
709 517
709 581
709 645
709 773
709 837
709 901
709 1010
710 6
710 70
710 137
710 201
710 262
710 329
710 390
710 454
710 518
710 521
710 582
710 646
710 649
710 774
710 777
710 838
710 841
710 902
710 966
710 1030
710 1094
710 1161
710 1225
711 7
711 71
711 78
711 134
711 135
711 263
711 327
711 391
711 455
711 519
711 583
711 590
711 647
711 775
711 839
711 903
711 905
711 1031
711 1033
711 1034
711 1038
711 1043
711 1046
711 1095
711 1097
711 1102
711 1158
711 1159
711 1167
711 1223
711 1230
712 148
712 302
712 471
712 520
712 584
712 648
712 776
712 840
712 904
712 1087
713 9
713 74
713 78
713 118
713 134
713 198
713 199
713 263
713 265
713 327
713 518
713 521
713 585
713 586
713 590
713 598
713 646
713 649
713 774
713 775
713 777
713 782
713 838
713 839
713 841
713 903
713 905
713 910
713 950
713 967
713 969
713 1034
713 1038
713 1043
713 1078
713 1097
713 1102
713 1158
713 1167
713 1223
713 1226
713 1230
713 1238
714 522
714 586
714 650
714 778
714 842
714 906
715 267
715 523
715 587
715 609
715 651
715 779
715 843
715 870
715 907
716 524
716 588
716 652
716 780
716 835
716 844
716 908
716 1122
717 236
717 306
717 525
717 563
717 589
717 653
717 781
717 845
717 909
717 1114
718 526
718 590
718 654
718 782
718 846
718 910
718 1061
719 527
719 591
719 655
719 783
719 847
719 899
719 911
720 528
720 592
720 656
720 784
720 848
720 912
721 252
721 529
721 593
721 657
721 701
721 753
721 785
721 849
721 913
721 1016
722 112
722 121
722 288
722 505
722 530
722 594
722 639
722 658
722 786
722 850
722 914
723 531
723 595
723 659
723 787
723 851
723 915
724 532
724 596
724 660
724 788
724 852
724 916
725 377
725 533
725 597
725 661
725 789
725 853
725 917
726 397
726 404
726 534
726 598
726 662
726 790
726 854
726 918
727 119
727 122
727 535
727 599
727 663
727 791
727 855
727 919
728 189
728 536
728 600
728 664
728 682
728 792
728 856
728 920
729 55
729 537
729 561
729 601
729 665
729 793
729 857
729 921
729 1140
730 538
730 602
730 666
730 794
730 858
730 922
731 539
731 603
731 667
731 763
731 795
731 859
731 923
732 273
732 540
732 604
732 619
732 668
732 796
732 860
732 895
732 924
732 1211
732 1239
733 541
733 605
733 669
733 797
733 861
733 901
733 925
734 458
734 467
734 542
734 606
734 670
734 798
734 862
734 926
734 1168
735 437
735 543
735 607
735 641
735 671
735 799
735 813
735 863
735 927
736 177
736 242
736 446
736 544
736 608
736 672
736 800
736 864
736 928
737 425
737 545
737 609
737 673
737 801
737 865
737 929
738 546
738 610
738 674
738 802
738 866
738 930
739 422
739 547
739 611
739 675
739 803
739 867
739 931
740 548
740 612
740 676
740 694
740 804
740 868
740 932
741 190
741 549
741 613
741 677
741 805
741 869
741 933
742 550
742 614
742 678
742 806
742 870
742 934
743 185
743 551
743 579
743 615
743 679
743 807
743 871
743 935
743 1002
743 1126
744 552
744 616
744 660
744 680
744 804
744 808
744 872
744 936
745 69
745 553
745 617
745 681
745 809
745 873
745 937
745 1006
746 96
746 176
746 554
746 602
746 618
746 682
746 810
746 874
746 938
746 985
747 555
747 619
747 683
747 811
747 875
747 939
748 249
748 556
748 620
748 684
748 812
748 856
748 876
748 940
749 557
749 621
749 685
749 813
749 877
749 941
750 558
750 622
750 686
750 814
750 878
750 942
751 111
751 269
751 312
751 559
751 600
751 623
751 687
751 815
751 879
751 943
752 560
752 624
752 688
752 816
752 858
752 880
752 944
753 252
753 561
753 625
753 689
753 701
753 721
753 817
753 881
753 945
753 1016
754 380
754 562
754 626
754 683
754 690
754 818
754 882
754 946
754 1176
755 563
755 627
755 691
755 819
755 883
755 947
756 564
756 628
756 692
756 759
756 762
756 820
756 884
756 948
757 98
757 387
757 565
757 629
757 693
757 760
757 807
757 821
757 885
757 949
758 566
758 630
758 694
758 822
758 886
758 950
758 1054
758 1164
759 567
759 631
759 695
759 756
759 762
759 823
759 887
759 951
760 98
760 387
760 568
760 632
760 696
760 757
760 807
760 824
760 888
760 952
761 81
761 569
761 633
761 697
761 825
761 889
761 953
761 1017
762 570
762 634
762 698
762 756
762 759
762 826
762 890
762 954
763 571
763 635
763 699
763 731
763 827
763 891
763 955
764 572
764 636
764 700
764 828
764 892
764 956
765 572
765 573
765 637
765 701
765 829
765 893
765 957
766 341
766 574
766 638
766 702
766 830
766 894
766 958
766 1247
767 504
767 575
767 639
767 703
767 831
767 888
767 892
767 895
767 959
768 576
768 640
768 704
768 832
768 896
768 960
769 66
769 577
769 641
769 705
769 833
769 897
769 961
770 20
770 578
770 642
770 706
770 834
770 898
770 962
771 4
771 102
771 211
771 494
771 579
771 643
771 707
771 835
771 899
771 963
772 580
772 644
772 708
772 836
772 900
772 964
773 188
773 453
773 581
773 645
773 709
773 837
773 901
773 965
773 1045
774 9
774 74
774 78
774 118
774 134
774 198
774 199
774 263
774 265
774 327
774 518
774 582
774 585
774 586
774 590
774 598
774 646
774 710
774 713
774 775
774 782
774 838
774 839
774 902
774 903
774 905
774 910
774 950
774 966
774 967
774 969
774 1034
774 1038
774 1043
774 1078
774 1097
774 1102
774 1158
774 1167
774 1223
774 1226
774 1230
774 1238
775 7
775 71
775 78
775 118
775 134
775 135
775 198
775 199
775 263
775 327
775 391
775 455
775 518
775 519
775 583
775 585
775 590
775 598
775 646
775 647
775 711
775 713
775 774
775 782
775 839
775 903
775 905
775 910
775 950
775 967
775 969
775 1031
775 1033
775 1034
775 1038
775 1043
775 1046
775 1078
775 1095
775 1097
775 1102
775 1158
775 1159
775 1167
775 1223
775 1226
775 1230
775 1238
776 584
776 648
776 712
776 840
776 904
776 968
776 1218
777 6
777 70
777 137
777 201
777 262
777 329
777 390
777 454
777 521
777 582
777 585
777 649
777 710
777 713
777 841
777 902
777 905
777 966
777 969
777 1030
777 1094
777 1161
777 1225
778 586
778 650
778 714
778 842
778 906
778 970
779 421
779 587
779 651
779 715
779 843
779 907
779 971
779 1148
779 1251
780 588
780 652
780 716
780 844
780 908
780 921
780 972
780 1051
780 1111
781 172
781 295
781 589
781 653
781 717
781 845
781 909
781 973
781 1267
782 7
782 9
782 78
782 118
782 134
782 198
782 199
782 263
782 265
782 327
782 518
782 519
782 585
782 586
782 590
782 598
782 646
782 654
782 713
782 718
782 774
782 775
782 838
782 839
782 846
782 903
782 905
782 910
782 950
782 967
782 969
782 974
782 1034
782 1038
782 1043
782 1046
782 1078
782 1095
782 1097
782 1102
782 1158
782 1167
782 1223
782 1226
782 1230
782 1238
783 591
783 655
783 719
783 847
783 848
783 911
783 975
784 592
784 656
784 720
784 848
784 912
784 976
785 25
785 351
785 479
785 593
785 657
785 721
785 849
785 913
785 977
785 1007
786 381
786 594
786 658
786 722
786 850
786 914
786 978
787 595
787 659
787 723
787 851
787 915
787 979
788 596
788 648
788 660
788 724
788 852
788 916
788 980
789 372
789 597
789 661
789 725
789 853
789 879
789 917
789 981
789 1013
790 598
790 662
790 726
790 854
790 918
790 982
791 599
791 663
791 727
791 855
791 919
791 983
791 1003
792 427
792 600
792 664
792 728
792 856
792 920
792 984
792 1259
793 85
793 601
793 665
793 729
793 857
793 921
793 985
794 106
794 357
794 602
794 666
794 730
794 858
794 922
794 986
794 1214
795 84
795 193
795 430
795 603
795 667
795 731
795 859
795 923
795 987
795 1036
795 1062
796 604
796 668
796 732
796 860
796 924
796 988
797 605
797 669
797 733
797 861
797 925
797 989
798 169
798 606
798 670
798 734
798 862
798 926
798 990
799 49
799 607
799 631
799 671
799 688
799 690
799 735
799 827
799 863
799 927
799 991
800 442
800 608
800 672
800 736
800 864
800 928
800 992
801 577
801 609
801 673
801 737
801 865
801 929
801 989
801 993
801 1063
802 361
802 461
802 578
802 610
802 674
802 738
802 866
802 930
802 933
802 994
803 611
803 675
803 739
803 812
803 867
803 931
803 995
804 612
804 660
804 676
804 740
804 744
804 868
804 932
804 996
805 178
805 613
805 677
805 741
805 869
805 933
805 997
805 1178
806 38
806 614
806 623
806 678
806 742
806 870
806 934
806 998
807 98
807 387
807 615
807 679
807 743
807 757
807 760
807 871
807 935
807 999
808 616
808 680
808 744
808 872
808 936
808 1000
808 1157
809 617
809 681
809 745
809 873
809 937
809 1001
810 618
810 682
810 705
810 746
810 874
810 919
810 938
810 1002
811 619
811 683
811 747
811 875
811 939
811 1003
812 620
812 684
812 748
812 803
812 876
812 940
812 1004
813 437
813 621
813 641
813 685
813 735
813 749
813 877
813 941
813 1005
814 596
814 622
814 686
814 750
814 878
814 942
814 1006
814 1146
815 264
815 623
815 687
815 751
815 879
815 943
815 1007
816 624
816 688
816 752
816 880
816 944
816 1008
817 362
817 564
817 625
817 687
817 689
817 753
817 881
817 945
817 1009
818 42
818 626
818 675
818 690
818 754
818 860
818 882
818 946
818 1010
818 1121
819 197
819 337
819 627
819 691
819 755
819 883
819 947
819 1011
819 1182
820 608
820 628
820 692
820 756
820 884
820 948
820 1012
821 468
821 629
821 693
821 757
821 885
821 949
821 980
821 1013
822 630
822 694
822 758
822 886
822 950
822 1014
823 631
823 695
823 759
823 887
823 951
823 1015
824 392
824 498
824 632
824 696
824 760
824 888
824 952
824 1016
825 633
825 697
825 761
825 889
825 953
825 1017
826 610
826 634
826 679
826 698
826 762
826 890
826 954
826 1018
826 1253
827 49
827 631
827 635
827 688
827 690
827 699
827 763
827 799
827 891
827 955
827 1019
828 283
828 636
828 700
828 764
828 892
828 953
828 956
828 1020
829 241
829 637
829 701
829 765
829 893
829 923
829 957
829 1021
830 52
830 187
830 638
830 700
830 702
830 766
830 894
830 958
830 1019
830 1022
831 639
831 661
831 703
831 767
831 880
831 895
831 959
831 1023
831 1212
832 400
832 640
832 704
832 768
832 896
832 960
832 973
832 1024
833 203
833 641
833 705
833 769
833 897
833 961
833 1025
834 289
834 642
834 706
834 770
834 898
834 962
834 1026
835 643
835 707
835 716
835 771
835 899
835 963
835 1027
835 1122
836 141
836 644
836 708
836 772
836 900
836 964
836 1028
837 546
837 645
837 709
837 773
837 901
837 965
837 1029
838 9
838 74
838 78
838 118
838 198
838 199
838 246
838 263
838 265
838 326
838 327
838 393
838 457
838 518
838 534
838 585
838 586
838 590
838 598
838 646
838 710
838 713
838 774
838 782
838 854
838 902
838 910
838 950
838 966
838 967
838 969
838 1014
838 1030
838 1034
838 1043
838 1078
838 1167
838 1223
838 1226
838 1238
839 7
839 71
839 78
839 134
839 135
839 199
839 263
839 327
839 391
839 455
839 519
839 583
839 585
839 590
839 598
839 647
839 711
839 713
839 774
839 775
839 782
839 903
839 905
839 910
839 967
839 1031
839 1033
839 1034
839 1038
839 1043
839 1046
839 1095
839 1097
839 1102
839 1158
839 1159
839 1167
839 1223
839 1230
840 103
840 648
840 712
840 776
840 904
840 968
840 1032
840 1064
841 6
841 70
841 137
841 201
841 262
841 329
841 390
841 454
841 521
841 582
841 649
841 710
841 713
841 777
841 902
841 905
841 966
841 969
841 1030
841 1033
841 1094
841 1161
841 1225
842 320
842 650
842 714
842 778
842 906
842 970
842 1034
843 196
843 651
843 715
843 779
843 907
843 971
843 1035
843 1193
844 153
844 652
844 716
844 780
844 908
844 972
844 1036
844 1243
845 250
845 653
845 717
845 781
845 909
845 973
845 1037
846 654
846 718
846 782
846 910
846 974
846 1038
847 438
847 655
847 719
847 783
847 911
847 975
847 1039
848 656
848 720
848 783
848 784
848 912
848 976
848 1040
849 67
849 298
849 657
849 721
849 785
849 913
849 977
849 1041
850 658
850 722
850 786
850 914
850 978
850 1042
851 58
851 606
851 659
851 723
851 787
851 915
851 979
851 1043
852 660
852 724
852 788
852 916
852 980
852 1044
852 1066
852 1105
853 113
853 661
853 725
853 789
853 917
853 955
853 981
853 1045
854 9
854 73
854 74
854 246
854 265
854 326
854 393
854 457
854 518
854 534
854 586
854 646
854 662
854 726
854 790
854 838
854 918
854 967
854 982
854 1014
854 1046
854 1152
854 1206
854 1222
855 557
855 663
855 727
855 791
855 919
855 983
855 1047
856 249
856 664
856 728
856 748
856 792
856 920
856 984
856 1048
857 665
857 729
857 793
857 867
857 921
857 985
857 1049
858 666
858 730
858 752
858 794
858 922
858 986
858 1050
859 157
859 410
859 667
859 731
859 795
859 923
859 987
859 1051
859 1082
859 1119
859 1144
860 42
860 668
860 675
860 732
860 796
860 818
860 924
860 988
860 1052
860 1121
861 490
861 638
861 669
861 733
861 797
861 917
861 925
861 989
861 1053
862 370
862 670
862 734
862 798
862 926
862 990
862 1054
862 1213
862 1276
863 376
863 594
863 671
863 735
863 799
863 927
863 991
863 993
863 1055
864 315
864 672
864 736
864 800
864 928
864 992
864 1056
865 136
865 325
865 331
865 673
865 737
865 801
865 929
865 993
865 1009
865 1057
866 417
866 616
866 673
866 674
866 738
866 802
866 930
866 994
866 1058
867 675
867 739
867 803
867 857
867 931
867 995
867 1059
868 676
868 740
868 804
868 932
868 996
868 1060
869 626
869 663
869 677
869 741
869 805
869 933
869 997
869 1061
870 267
870 609
870 678
870 715
870 742
870 806
870 934
870 998
870 1062
871 216
871 500
871 679
871 743
871 807
871 935
871 999
871 1063
872 291
872 680
872 744
872 808
872 936
872 1000
872 1064
873 570
873 681
873 745
873 809
873 937
873 961
873 1001
873 1065
873 1131
874 360
874 373
874 682
874 746
874 810
874 938
874 1002
874 1066
874 1072
875 218
875 254
875 409
875 683
875 747
875 811
875 924
875 939
875 946
875 1003
875 1067
876 684
876 689
876 748
876 812
876 940
876 947
876 1004
876 1068
877 34
877 248
877 321
877 685
877 749
877 813
877 941
877 1005
877 1069
877 1183
878 486
878 686
878 750
878 814
878 942
878 1006
878 1070
879 372
879 687
879 751
879 789
879 815
879 943
879 1007
879 1013
879 1071
880 661
880 688
880 752
880 816
880 831
880 944
880 1008
880 1072
880 1212
881 689
881 753
881 817
881 945
881 954
881 1009
881 1073
882 156
882 215
882 276
882 348
882 690
882 754
882 818
882 946
882 1010
882 1074
882 1076
882 1133
883 375
883 691
883 755
883 819
883 947
883 1011
883 1018
883 1075
884 608
884 692
884 756
884 820
884 948
884 1012
884 1076
885 129
885 693
885 757
885 821
885 949
885 1013
885 1077
885 1101
886 694
886 758
886 822
886 950
886 1014
886 1075
886 1078
886 1108
887 40
887 224
887 635
887 695
887 759
887 823
887 951
887 1015
887 1079
887 1170
888 504
888 696
888 760
888 767
888 824
888 892
888 952
888 1016
888 1080
889 104
889 538
889 697
889 761
889 825
889 920
889 945
889 953
889 1017
889 1081
889 1147
890 698
890 762
890 826
890 954
890 1018
890 1082
891 50
891 244
891 699
891 763
891 827
891 955
891 1019
891 1083
892 504
892 700
892 764
892 767
892 828
892 888
892 956
892 1020
892 1084
893 145
893 701
893 765
893 829
893 957
893 1021
893 1085
893 1242
894 702
894 766
894 830
894 958
894 1021
894 1022
894 1086
895 273
895 619
895 703
895 732
895 767
895 831
895 959
895 1023
895 1087
895 1211
895 1239
896 704
896 768
896 832
896 960
896 1024
896 1088
897 705
897 769
897 833
897 961
897 1025
897 1089
897 1118
897 1163
898 87
898 108
898 426
898 706
898 770
898 834
898 962
898 1026
898 1090
899 707
899 719
899 771
899 835
899 963
899 1027
899 1091
900 708
900 772
900 836
900 964
900 1028
900 1092
901 709
901 733
901 773
901 837
901 965
901 1029
901 1093
902 6
902 70
902 137
902 201
902 262
902 329
902 390
902 454
902 521
902 582
902 649
902 710
902 774
902 777
902 838
902 841
902 966
902 1030
902 1094
902 1161
902 1225
903 7
903 71
903 78
903 118
903 134
903 135
903 198
903 199
903 263
903 327
903 391
903 455
903 519
903 583
903 585
903 590
903 598
903 647
903 711
903 713
903 774
903 775
903 782
903 839
903 905
903 910
903 950
903 967
903 969
903 1031
903 1033
903 1034
903 1038
903 1043
903 1046
903 1078
903 1095
903 1097
903 1102
903 1158
903 1159
903 1167
903 1223
903 1226
903 1230
903 1238
904 29
904 365
904 712
904 776
904 840
904 968
904 1032
904 1096
904 1180
905 7
905 71
905 78
905 134
905 135
905 198
905 199
905 263
905 327
905 391
905 455
905 519
905 583
905 585
905 590
905 598
905 647
905 711
905 713
905 774
905 775
905 777
905 782
905 839
905 841
905 903
905 910
905 950
905 969
905 1031
905 1033
905 1034
905 1038
905 1043
905 1046
905 1078
905 1095
905 1097
905 1102
905 1158
905 1159
905 1167
905 1223
905 1226
905 1230
906 714
906 778
906 842
906 970
906 1034
906 1098
907 155
907 401
907 715
907 779
907 843
907 971
907 1035
907 1099
908 105
908 110
908 716
908 780
908 844
908 972
908 1036
908 1080
908 1100
909 174
909 542
909 717
909 781
909 845
909 973
909 1037
909 1059
909 1101
910 74
910 78
910 118
910 134
910 198
910 199
910 263
910 265
910 327
910 518
910 585
910 586
910 590
910 598
910 646
910 713
910 718
910 774
910 775
910 782
910 838
910 839
910 846
910 903
910 905
910 950
910 967
910 969
910 974
910 1034
910 1038
910 1043
910 1078
910 1097
910 1102
910 1158
910 1167
910 1223
910 1226
910 1230
910 1238
911 2
911 719
911 783
911 847
911 975
911 1039
911 1103
912 720
912 784
912 848
912 976
912 1040
912 1104
913 195
913 223
913 243
913 432
913 721
913 785
913 849
913 977
913 1041
913 1105
913 1129
913 1255
914 520
914 695
914 722
914 786
914 850
914 978
914 1042
914 1106
914 1250
915 723
915 787
915 851
915 979
915 1043
915 1107
916 672
916 724
916 788
916 852
916 980
916 1044
916 1108
916 1116
916 1207
917 490
917 638
917 725
917 789
917 853
917 861
917 981
917 1045
917 1109
918 655
918 726
918 790
918 854
918 982
918 1046
918 1110
919 705
919 727
919 791
919 810
919 855
919 983
919 1047
919 1111
920 104
920 538
920 728
920 792
920 856
920 889
920 945
920 984
920 1048
920 1112
920 1147
921 729
921 780
921 793
921 857
921 985
921 1049
921 1051
921 1111
921 1113
922 469
922 730
922 794
922 858
922 986
922 1050
922 1114
923 241
923 731
923 795
923 829
923 859
923 987
923 1051
923 1115
924 218
924 254
924 409
924 732
924 796
924 860
924 875
924 946
924 988
924 1052
924 1116
925 733
925 797
925 861
925 989
925 1053
925 1117
926 734
926 798
926 862
926 990
926 1054
926 1118
927 396
927 735
927 799
927 863
927 991
927 1055
927 1119
928 245
928 736
928 800
928 864
928 992
928 1056
928 1120
929 737
929 801
929 865
929 993
929 1057
929 1121
929 1185
930 738
930 802
930 866
930 994
930 1058
930 1122
931 258
931 739
931 803
931 867
931 995
931 1059
931 1123
931 1272
932 740
932 804
932 868
932 996
932 1060
932 1124
933 361
933 461
933 578
933 741
933 802
933 805
933 869
933 997
933 1061
933 1125
934 275
934 487
934 742
934 806
934 870
934 998
934 1062
934 1126
934 1233
935 553
935 696
935 743
935 807
935 871
935 999
935 1063
935 1127
936 120
936 744
936 808
936 872
936 1000
936 1064
936 1128
937 745
937 809
937 873
937 1001
937 1065
937 1129
937 1177
938 154
938 746
938 810
938 874
938 1002
938 1066
938 1130
939 62
939 466
939 747
939 811
939 875
939 1003
939 1067
939 1123
939 1131
940 180
940 317
940 748
940 812
940 876
940 1004
940 1068
940 1112
940 1132
941 68
941 749
941 813
941 877
941 1005
941 1069
941 1133
942 53
942 750
942 814
942 878
942 1006
942 1070
942 1134
943 751
943 815
943 879
943 1007
943 1071
943 1115
943 1135
944 752
944 816
944 880
944 1008
944 1072
944 1136
944 1173
944 1246
945 104
945 538
945 753
945 817
945 881
945 889
945 920
945 1009
945 1073
945 1137
945 1147
946 218
946 254
946 409
946 754
946 818
946 875
946 882
946 924
946 1010
946 1074
946 1138
947 689
947 755
947 819
947 876
947 883
947 1011
947 1075
947 1139
948 219
948 378
948 435
948 574
948 703
948 756
948 820
948 884
948 991
948 1012
948 1076
948 1130
948 1140
949 757
949 821
949 885
949 1013
949 1077
949 1141
949 1274
950 74
950 78
950 118
950 134
950 198
950 199
950 263
950 265
950 327
950 457
950 518
950 585
950 586
950 590
950 598
950 646
950 713
950 758
950 774
950 775
950 782
950 822
950 838
950 886
950 903
950 905
950 910
950 967
950 969
950 1014
950 1034
950 1038
950 1043
950 1078
950 1097
950 1102
950 1142
950 1158
950 1167
950 1223
950 1226
950 1230
950 1238
951 301
951 759
951 823
951 887
951 1015
951 1079
951 1143
952 760
952 824
952 888
952 1016
952 1080
952 1144
953 283
953 761
953 825
953 828
953 889
953 1017
953 1081
953 1145
954 762
954 826
954 881
954 890
954 1018
954 1082
954 1146
955 113
955 763
955 827
955 853
955 891
955 1019
955 1083
955 1147
956 412
956 481
956 545
956 764
956 828
956 892
956 1020
956 1084
956 1148
957 535
957 765
957 829
957 893
957 1021
957 1085
957 1149
957 1150
958 168
958 575
958 597
958 766
958 830
958 894
958 1022
958 1086
958 1150
958 1228
959 114
959 225
959 767
959 831
959 895
959 1023
959 1087
959 1151
959 1275
960 768
960 832
960 896
960 1024
960 1088
960 1110
960 1152
961 570
961 769
961 833
961 873
961 897
961 1025
961 1089
961 1131
961 1153
962 770
962 834
962 898
962 1026
962 1090
962 1099
962 1154
962 1249
963 771
963 835
963 899
963 1027
963 1091
963 1155
964 708
964 772
964 836
964 900
964 1028
964 1092
964 1156
965 343
965 773
965 837
965 901
965 1029
965 1093
965 1157
966 6
966 70
966 137
966 201
966 262
966 329
966 390
966 454
966 521
966 582
966 649
966 710
966 774
966 777
966 838
966 841
966 902
966 1030
966 1094
966 1158
966 1161
966 1225
967 118
967 198
967 199
967 246
967 263
967 265
967 326
967 327
967 393
967 457
967 518
967 534
967 585
967 586
967 590
967 598
967 646
967 713
967 774
967 775
967 782
967 838
967 839
967 854
967 903
967 910
967 950
967 969
967 1014
967 1031
967 1034
967 1043
967 1078
967 1095
967 1102
967 1159
967 1167
967 1223
967 1226
967 1230
967 1238
968 776
968 840
968 904
968 1032
968 1096
968 1160
969 118
969 134
969 198
969 199
969 263
969 265
969 327
969 457
969 518
969 585
969 586
969 590
969 598
969 646
969 713
969 774
969 775
969 777
969 782
969 838
969 841
969 903
969 905
969 910
969 950
969 967
969 1033
969 1034
969 1038
969 1043
969 1078
969 1097
969 1102
969 1161
969 1167
969 1223
969 1226
969 1230
969 1238
970 778
970 842
970 906
970 1034
970 1098
970 1162
971 779
971 843
971 907
971 1035
971 1049
971 1099
971 1163
972 296
972 423
972 780
972 844
972 908
972 994
972 1036
972 1100
972 1151
972 1164
973 400
973 781
973 832
973 845
973 909
973 1037
973 1101
973 1165
974 448
974 782
974 846
974 910
974 1038
974 1102
974 1166
975 783
975 847
975 911
975 1039
975 1103
975 1167
975 1190
976 784
976 848
976 912
976 1040
976 1104
976 1168
977 785
977 849
977 913
977 1041
977 1105
977 1169
978 279
978 629
978 786
978 850
978 914
978 997
978 1042
978 1081
978 1106
978 1170
979 787
979 851
979 915
979 1043
979 1107
979 1171
980 468
980 788
980 821
980 852
980 916
980 1044
980 1108
980 1172
981 63
981 408
981 789
981 853
981 917
981 1045
981 1109
981 1173
982 73
982 246
982 265
982 326
982 393
982 457
982 534
982 586
982 790
982 854
982 918
982 1014
982 1046
982 1110
982 1152
982 1174
982 1206
982 1222
983 540
983 791
983 855
983 919
983 1047
983 1111
983 1175
984 319
984 792
984 856
984 920
984 1048
984 1112
984 1176
985 96
985 176
985 602
985 746
985 793
985 857
985 921
985 1049
985 1113
985 1177
986 699
986 794
986 858
986 922
986 1004
986 1050
986 1114
986 1178
987 795
987 859
987 923
987 1051
987 1115
987 1179
988 796
988 860
988 924
988 1052
988 1116
988 1180
989 577
989 797
989 801
989 861
989 925
989 1053
989 1063
989 1117
989 1181
990 798
990 862
990 926
990 1054
990 1118
990 1182
991 219
991 378
991 435
991 574
991 703
991 799
991 863
991 927
991 948
991 1055
991 1119
991 1130
991 1183
992 222
992 800
992 864
992 928
992 1056
992 1093
992 1120
992 1184
992 1194
992 1245
993 376
993 594
993 801
993 863
993 865
993 929
993 1057
993 1121
993 1185
994 296
994 423
994 802
994 866
994 930
994 972
994 1058
994 1122
994 1151
994 1186
995 274
995 363
995 477
995 803
995 867
995 931
995 1059
995 1123
995 1187
995 1263
996 463
996 804
996 868
996 932
996 1060
996 1124
996 1188
997 279
997 629
997 805
997 869
997 933
997 978
997 1061
997 1081
997 1125
997 1189
998 806
998 870
998 934
998 1062
998 1126
998 1190
999 44
999 314
999 807
999 871
999 935
999 1063
999 1113
999 1127
999 1191
1000 808
1000 872
1000 936
1000 1064
1000 1128
1000 1192
1001 809
1001 873
1001 937
1001 1065
1001 1129
1001 1193
1002 185
1002 579
1002 743
1002 810
1002 874
1002 938
1002 1066
1002 1126
1002 1130
1002 1194
1003 791
1003 811
1003 875
1003 939
1003 1067
1003 1131
1003 1195
1004 699
1004 812
1004 876
1004 940
1004 986
1004 1068
1004 1132
1004 1196
1005 548
1005 813
1005 877
1005 941
1005 1069
1005 1070
1005 1133
1005 1197
1005 1219
1006 69
1006 745
1006 814
1006 878
1006 942
1006 1070
1006 1134
1006 1198
1007 25
1007 351
1007 479
1007 785
1007 815
1007 879
1007 943
1007 1071
1007 1135
1007 1199
1008 510
1008 816
1008 880
1008 944
1008 1072
1008 1136
1008 1200
1009 136
1009 325
1009 331
1009 817
1009 865
1009 881
1009 945
1009 1073
1009 1137
1009 1201
1010 170
1010 709
1010 818
1010 882
1010 946
1010 1074
1010 1138
1010 1202
1011 305
1011 667
1011 819
1011 883
1011 947
1011 1075
1011 1086
1011 1139
1011 1203
1012 820
1012 884
1012 948
1012 1076
1012 1140
1012 1204
1013 372
1013 789
1013 821
1013 879
1013 885
1013 949
1013 1077
1013 1141
1013 1205
1014 9
1014 74
1014 198
1014 246
1014 265
1014 326
1014 393
1014 457
1014 518
1014 534
1014 586
1014 646
1014 822
1014 838
1014 854
1014 886
1014 950
1014 967
1014 982
1014 1078
1014 1142
1014 1152
1014 1206
1014 1222
1014 1238
1015 32
1015 823
1015 887
1015 951
1015 1079
1015 1143
1015 1195
1015 1207
1016 252
1016 701
1016 721
1016 753
1016 824
1016 888
1016 952
1016 1080
1016 1144
1016 1208
1017 81
1017 697
1017 761
1017 825
1017 889
1017 953
1017 1081
1017 1145
1017 1209
1018 375
1018 826
1018 883
1018 890
1018 954
1018 1082
1018 1146
1018 1210
1019 52
1019 187
1019 700
1019 827
1019 830
1019 891
1019 955
1019 1083
1019 1147
1019 1211
1020 828
1020 892
1020 956
1020 1084
1020 1148
1020 1212
1021 829
1021 893
1021 894
1021 957
1021 1085
1021 1149
1021 1213
1022 569
1022 830
1022 894
1022 958
1022 1086
1022 1150
1022 1214
1023 831
1023 895
1023 959
1023 1087
1023 1151
1023 1215
1024 832
1024 896
1024 960
1024 1088
1024 1152
1024 1216
1025 833
1025 897
1025 961
1025 1032
1025 1089
1025 1153
1025 1217
1026 834
1026 898
1026 962
1026 1090
1026 1154
1026 1218
1026 1262
1027 595
1027 835
1027 899
1027 963
1027 1091
1027 1155
1027 1219
1028 836
1028 900
1028 964
1028 1092
1028 1156
1028 1220
1029 837
1029 901
1029 965
1029 1093
1029 1157
1029 1221
1030 6
1030 70
1030 137
1030 201
1030 262
1030 329
1030 390
1030 454
1030 521
1030 582
1030 649
1030 710
1030 777
1030 838
1030 841
1030 902
1030 966
1030 1094
1030 1158
1030 1161
1030 1222
1030 1225
1031 71
1031 135
1031 391
1031 455
1031 519
1031 583
1031 647
1031 711
1031 775
1031 839
1031 903
1031 905
1031 967
1031 1033
1031 1038
1031 1046
1031 1095
1031 1097
1031 1102
1031 1158
1031 1159
1031 1223
1031 1230
1032 840
1032 904
1032 968
1032 1025
1032 1096
1032 1160
1032 1224
1033 7
1033 71
1033 135
1033 263
1033 327
1033 391
1033 455
1033 519
1033 583
1033 590
1033 598
1033 647
1033 711
1033 775
1033 839
1033 841
1033 903
1033 905
1033 969
1033 1031
1033 1034
1033 1038
1033 1043
1033 1046
1033 1095
1033 1097
1033 1102
1033 1158
1033 1159
1033 1161
1033 1167
1033 1223
1033 1225
1033 1230
1034 78
1034 134
1034 198
1034 199
1034 263
1034 327
1034 391
1034 455
1034 518
1034 519
1034 583
1034 585
1034 590
1034 598
1034 646
1034 647
1034 711
1034 713
1034 774
1034 775
1034 782
1034 838
1034 839
1034 842
1034 903
1034 905
1034 906
1034 910
1034 950
1034 967
1034 969
1034 970
1034 1033
1034 1038
1034 1043
1034 1046
1034 1078
1034 1095
1034 1097
1034 1098
1034 1102
1034 1158
1034 1159
1034 1162
1034 1167
1034 1223
1034 1226
1034 1230
1034 1238
1035 843
1035 907
1035 971
1035 1099
1035 1163
1035 1227
1036 84
1036 193
1036 430
1036 795
1036 844
1036 908
1036 972
1036 1062
1036 1100
1036 1164
1036 1228
1037 845
1037 909
1037 973
1037 1101
1037 1165
1037 1229
1038 7
1038 134
1038 199
1038 263
1038 327
1038 391
1038 455
1038 519
1038 583
1038 585
1038 590
1038 598
1038 647
1038 711
1038 713
1038 774
1038 775
1038 782
1038 839
1038 846
1038 903
1038 905
1038 910
1038 950
1038 969
1038 974
1038 1031
1038 1033
1038 1034
1038 1043
1038 1046
1038 1078
1038 1095
1038 1097
1038 1102
1038 1158
1038 1159
1038 1166
1038 1167
1038 1223
1038 1226
1038 1230
1039 847
1039 911
1039 975
1039 1103
1039 1167
1039 1231
1040 848
1040 912
1040 976
1040 1104
1040 1168
1040 1232
1041 849
1041 913
1041 977
1041 1105
1041 1169
1041 1233
1042 850
1042 914
1042 978
1042 1106
1042 1170
1042 1234
1043 78
1043 134
1043 198
1043 199
1043 263
1043 327
1043 518
1043 519
1043 583
1043 585
1043 590
1043 598
1043 646
1043 711
1043 713
1043 774
1043 775
1043 782
1043 838
1043 839
1043 851
1043 903
1043 905
1043 910
1043 915
1043 950
1043 967
1043 969
1043 979
1043 1033
1043 1034
1043 1038
1043 1046
1043 1078
1043 1095
1043 1097
1043 1102
1043 1107
1043 1158
1043 1159
1043 1167
1043 1171
1043 1223
1043 1226
1043 1230
1043 1235
1043 1238
1044 852
1044 916
1044 980
1044 1108
1044 1172
1044 1236
1045 188
1045 453
1045 773
1045 853
1045 917
1045 981
1045 1109
1045 1173
1045 1237
1046 7
1046 71
1046 135
1046 199
1046 263
1046 327
1046 391
1046 455
1046 519
1046 583
1046 590
1046 598
1046 647
1046 711
1046 775
1046 782
1046 839
1046 854
1046 903
1046 905
1046 918
1046 982
1046 1031
1046 1033
1046 1034
1046 1038
1046 1043
1046 1095
1046 1097
1046 1102
1046 1110
1046 1158
1046 1159
1046 1167
1046 1174
1046 1223
1046 1230
1046 1238
1047 75
1047 855
1047 919
1047 983
1047 1111
1047 1175
1047 1239
1048 76
1048 856
1048 920
1048 984
1048 1112
1048 1176
1048 1240
1049 857
1049 921
1049 971
1049 985
1049 1113
1049 1177
1049 1241
1050 257
1050 652
1050 858
1050 922
1050 986
1050 1114
1050 1178
1050 1242
1051 780
1051 859
1051 921
1051 923
1051 987
1051 1111
1051 1115
1051 1179
1051 1243
1052 860
1052 924
1052 988
1052 1116
1052 1180
1052 1244
1053 861
1053 925
1053 989
1053 1117
1053 1181
1053 1245
1054 758
1054 862
1054 926
1054 990
1054 1118
1054 1164
1054 1182
1054 1246
1055 51
1055 229
1055 691
1055 863
1055 927
1055 991
1055 1119
1055 1183
1055 1247
1056 39
1056 56
1056 434
1056 544
1056 864
1056 928
1056 992
1056 1090
1056 1120
1056 1184
1056 1248
1057 865
1057 929
1057 993
1057 1121
1057 1185
1057 1249
1058 220
1058 489
1058 503
1058 866
1058 930
1058 994
1058 1122
1058 1186
1058 1250
1058 1264
1059 174
1059 542
1059 867
1059 909
1059 931
1059 995
1059 1123
1059 1187
1059 1251
1060 868
1060 932
1060 996
1060 1124
1060 1188
1060 1252
1061 718
1061 869
1061 933
1061 997
1061 1125
1061 1189
1061 1253
1062 84
1062 193
1062 430
1062 795
1062 870
1062 934
1062 998
1062 1036
1062 1126
1062 1190
1062 1254
1063 577
1063 801
1063 871
1063 935
1063 989
1063 999
1063 1127
1063 1191
1063 1255
1064 103
1064 840
1064 872
1064 936
1064 1000
1064 1128
1064 1192
1064 1256
1065 676
1065 873
1065 937
1065 1001
1065 1129
1065 1193
1065 1220
1065 1257
1066 852
1066 874
1066 938
1066 1002
1066 1105
1066 1130
1066 1194
1066 1258
1067 611
1067 875
1067 939
1067 1003
1067 1131
1067 1195
1067 1237
1067 1259
1068 322
1068 593
1068 707
1068 876
1068 940
1068 1004
1068 1132
1068 1196
1068 1260
1069 877
1069 941
1069 1005
1069 1133
1069 1197
1069 1261
1070 548
1070 878
1070 942
1070 1005
1070 1006
1070 1134
1070 1198
1070 1219
1070 1262
1071 879
1071 943
1071 1007
1071 1135
1071 1199
1071 1263
1072 360
1072 373
1072 874
1072 880
1072 944
1072 1008
1072 1136
1072 1200
1072 1264
1073 621
1073 881
1073 945
1073 1009
1073 1137
1073 1201
1073 1265
1074 882
1074 946
1074 1010
1074 1100
1074 1138
1074 1202
1074 1266
1075 883
1075 886
1075 947
1075 1011
1075 1108
1075 1139
1075 1203
1075 1267
1076 156
1076 215
1076 276
1076 348
1076 882
1076 884
1076 948
1076 1012
1076 1133
1076 1140
1076 1204
1076 1268
1077 478
1077 885
1077 949
1077 1013
1077 1141
1077 1205
1077 1269
1078 118
1078 198
1078 199
1078 263
1078 265
1078 327
1078 518
1078 585
1078 586
1078 590
1078 598
1078 646
1078 713
1078 774
1078 775
1078 782
1078 838
1078 886
1078 903
1078 905
1078 910
1078 950
1078 967
1078 969
1078 1014
1078 1034
1078 1038
1078 1043
1078 1097
1078 1102
1078 1142
1078 1158
1078 1167
1078 1206
1078 1223
1078 1226
1078 1230
1078 1238
1078 1270
1079 887
1079 951
1079 1015
1079 1143
1079 1207
1079 1271
1080 105
1080 110
1080 888
1080 908
1080 952
1080 1016
1080 1144
1080 1208
1080 1272
1081 279
1081 629
1081 889
1081 953
1081 978
1081 997
1081 1017
1081 1145
1081 1209
1081 1273
1082 157
1082 410
1082 859
1082 890
1082 954
1082 1018
1082 1119
1082 1144
1082 1146
1082 1210
1082 1274
1083 625
1083 645
1083 891
1083 955
1083 1019
1083 1147
1083 1210
1083 1211
1083 1275
1084 618
1084 892
1084 956
1084 1020
1084 1148
1084 1212
1084 1276
1085 194
1085 893
1085 957
1085 1021
1085 1149
1085 1213
1085 1266
1085 1277
1086 305
1086 667
1086 894
1086 958
1086 1011
1086 1022
1086 1150
1086 1214
1086 1278
1087 148
1087 302
1087 471
1087 712
1087 895
1087 959
1087 1023
1087 1151
1087 1215
1087 1279
1088 896
1088 960
1088 1024
1088 1152
1088 1216
1089 897
1089 961
1089 1025
1089 1118
1089 1153
1089 1163
1089 1217
1090 39
1090 56
1090 434
1090 544
1090 898
1090 962
1090 1026
1090 1056
1090 1154
1090 1218
1091 80
1091 452
1091 899
1091 963
1091 1027
1091 1155
1091 1219
1092 94
1092 900
1092 964
1092 1028
1092 1156
1092 1198
1092 1220
1093 222
1093 901
1093 965
1093 992
1093 1029
1093 1157
1093 1194
1093 1221
1093 1245
1094 6
1094 70
1094 137
1094 201
1094 262
1094 329
1094 390
1094 454
1094 521
1094 582
1094 649
1094 710
1094 777
1094 841
1094 902
1094 966
1094 1030
1094 1158
1094 1161
1094 1222
1094 1225
1095 7
1095 71
1095 134
1095 135
1095 263
1095 327
1095 391
1095 455
1095 519
1095 583
1095 585
1095 590
1095 598
1095 647
1095 711
1095 775
1095 782
1095 839
1095 903
1095 905
1095 967
1095 1031
1095 1033
1095 1034
1095 1038
1095 1043
1095 1046
1095 1097
1095 1102
1095 1158
1095 1159
1095 1167
1095 1223
1095 1230
1096 601
1096 904
1096 968
1096 1032
1096 1160
1096 1224
1097 7
1097 134
1097 263
1097 327
1097 391
1097 455
1097 519
1097 583
1097 585
1097 590
1097 598
1097 647
1097 711
1097 713
1097 774
1097 775
1097 782
1097 839
1097 903
1097 905
1097 910
1097 950
1097 969
1097 1031
1097 1033
1097 1034
1097 1038
1097 1043
1097 1046
1097 1078
1097 1095
1097 1102
1097 1158
1097 1159
1097 1161
1097 1167
1097 1223
1097 1225
1097 1226
1097 1230
1098 906
1098 970
1098 1034
1098 1162
1098 1226
1099 907
1099 962
1099 971
1099 1035
1099 1163
1099 1227
1099 1249
1100 908
1100 972
1100 1036
1100 1074
1100 1164
1100 1228
1101 129
1101 885
1101 909
1101 973
1101 1037
1101 1165
1101 1229
1102 78
1102 134
1102 263
1102 327
1102 391
1102 455
1102 518
1102 519
1102 583
1102 585
1102 590
1102 598
1102 646
1102 647
1102 711
1102 713
1102 774
1102 775
1102 782
1102 839
1102 903
1102 905
1102 910
1102 950
1102 967
1102 969
1102 974
1102 1031
1102 1033
1102 1034
1102 1038
1102 1043
1102 1046
1102 1078
1102 1095
1102 1097
1102 1158
1102 1159
1102 1166
1102 1167
1102 1223
1102 1226
1102 1230
1102 1238
1103 911
1103 975
1103 1039
1103 1167
1103 1231
1104 912
1104 976
1104 1040
1104 1168
1104 1232
1105 852
1105 913
1105 977
1105 1041
1105 1066
1105 1169
1105 1233
1106 914
1106 978
1106 1042
1106 1170
1106 1200
1106 1234
1107 915
1107 979
1107 1043
1107 1124
1107 1171
1107 1235
1108 886
1108 916
1108 980
1108 1044
1108 1075
1108 1172
1108 1236
1109 163
1109 318
1109 917
1109 981
1109 1045
1109 1173
1109 1237
1110 918
1110 960
1110 982
1110 1046
1110 1174
1110 1238
1111 780
1111 919
1111 921
1111 983
1111 1047
1111 1051
1111 1175
1111 1239
1112 180
1112 317
1112 920
1112 940
1112 984
1112 1048
1112 1176
1112 1240
1113 44
1113 314
1113 921
1113 985
1113 999
1113 1049
1113 1177
1113 1241
1114 236
1114 306
1114 563
1114 717
1114 922
1114 986
1114 1050
1114 1178
1114 1242
1115 923
1115 943
1115 987
1115 1051
1115 1179
1115 1243
1116 672
1116 916
1116 924
1116 988
1116 1052
1116 1180
1116 1207
1116 1244
1117 925
1117 989
1117 1053
1117 1181
1117 1245
1118 897
1118 926
1118 990
1118 1054
1118 1089
1118 1163
1118 1182
1118 1246
1119 157
1119 410
1119 859
1119 927
1119 991
1119 1055
1119 1082
1119 1144
1119 1183
1119 1247
1120 124
1120 253
1120 290
1120 928
1120 992
1120 1056
1120 1184
1120 1248
1121 42
1121 675
1121 818
1121 860
1121 929
1121 993
1121 1057
1121 1185
1121 1249
1122 716
1122 835
1122 930
1122 994
1122 1058
1122 1186
1122 1250
1123 62
1123 466
1123 931
1123 939
1123 995
1123 1059
1123 1187
1123 1251
1124 932
1124 996
1124 1060
1124 1107
1124 1188
1124 1252
1125 297
1125 350
1125 562
1125 933
1125 997
1125 1061
1125 1189
1125 1241
1125 1253
1126 185
1126 579
1126 743
1126 934
1126 998
1126 1002
1126 1062
1126 1190
1126 1254
1127 935
1127 999
1127 1063
1127 1191
1127 1255
1128 235
1128 475
1128 491
1128 555
1128 624
1128 936
1128 1000
1128 1064
1128 1192
1128 1256
1129 195
1129 223
1129 243
1129 432
1129 913
1129 937
1129 1001
1129 1065
1129 1193
1129 1255
1129 1257
1130 219
1130 378
1130 435
1130 574
1130 703
1130 938
1130 948
1130 991
1130 1002
1130 1066
1130 1194
1130 1258
1131 570
1131 873
1131 939
1131 961
1131 1003
1131 1067
1131 1195
1131 1259
1132 940
1132 1004
1132 1068
1132 1196
1132 1260
1133 156
1133 215
1133 276
1133 348
1133 882
1133 941
1133 1005
1133 1069
1133 1076
1133 1197
1133 1261
1134 942
1134 1006
1134 1070
1134 1198
1134 1262
1135 943
1135 1007
1135 1071
1135 1199
1135 1263
1136 93
1136 944
1136 1008
1136 1072
1136 1172
1136 1200
1136 1202
1136 1264
1137 77
1137 945
1137 1009
1137 1073
1137 1201
1137 1265
1138 161
1138 946
1138 1010
1138 1074
1138 1179
1138 1202
1138 1266
1139 947
1139 1011
1139 1075
1139 1186
1139 1203
1139 1267
1140 55
1140 561
1140 729
1140 948
1140 1012
1140 1076
1140 1204
1140 1268
1141 37
1141 581
1141 949
1141 1013
1141 1077
1141 1205
1141 1215
1141 1269
1142 950
1142 1014
1142 1078
1142 1206
1142 1270
1143 951
1143 1015
1143 1079
1143 1207
1143 1271
1144 157
1144 410
1144 859
1144 952
1144 1016
1144 1080
1144 1082
1144 1119
1144 1208
1144 1272
1145 47
1145 668
1145 953
1145 1017
1145 1081
1145 1209
1145 1273
1146 596
1146 814
1146 954
1146 1018
1146 1082
1146 1210
1146 1274
1147 104
1147 538
1147 889
1147 920
1147 945
1147 955
1147 1019
1147 1083
1147 1211
1147 1275
1148 421
1148 779
1148 956
1148 1020
1148 1084
1148 1212
1148 1251
1148 1276
1149 36
1149 957
1149 1021
1149 1085
1149 1213
1149 1277
1150 535
1150 957
1150 958
1150 1022
1150 1086
1150 1214
1150 1278
1151 296
1151 423
1151 959
1151 972
1151 994
1151 1023
1151 1087
1151 1215
1151 1279
1152 73
1152 326
1152 393
1152 457
1152 534
1152 586
1152 854
1152 960
1152 982
1152 1014
1152 1024
1152 1088
1152 1206
1152 1216
1152 1222
1153 294
1153 961
1153 1025
1153 1089
1153 1217
1154 962
1154 1026
1154 1090
1154 1218
1155 963
1155 1027
1155 1091
1155 1219
1156 22
1156 964
1156 1028
1156 1092
1156 1220
1157 808
1157 965
1157 1029
1157 1093
1157 1221
1158 7
1158 134
1158 327
1158 391
1158 455
1158 519
1158 583
1158 585
1158 590
1158 598
1158 647
1158 711
1158 713
1158 774
1158 775
1158 782
1158 839
1158 903
1158 905
1158 910
1158 950
1158 966
1158 1030
1158 1031
1158 1033
1158 1034
1158 1038
1158 1043
1158 1046
1158 1078
1158 1094
1158 1095
1158 1097
1158 1102
1158 1159
1158 1167
1158 1222
1158 1223
1158 1226
1158 1230
1159 7
1159 71
1159 135
1159 327
1159 391
1159 455
1159 519
1159 583
1159 590
1159 647
1159 711
1159 775
1159 839
1159 903
1159 905
1159 967
1159 1031
1159 1033
1159 1034
1159 1038
1159 1043
1159 1046
1159 1095
1159 1097
1159 1102
1159 1158
1159 1167
1159 1223
1159 1230
1160 152
1160 359
1160 968
1160 1032
1160 1096
1160 1224
1161 6
1161 70
1161 137
1161 201
1161 262
1161 329
1161 390
1161 454
1161 521
1161 582
1161 649
1161 710
1161 777
1161 841
1161 902
1161 966
1161 969
1161 1030
1161 1033
1161 1094
1161 1097
1161 1225
1162 128
1162 970
1162 1034
1162 1098
1162 1226
1163 897
1163 971
1163 1035
1163 1089
1163 1099
1163 1118
1163 1227
1164 758
1164 972
1164 1036
1164 1054
1164 1100
1164 1228
1165 973
1165 1037
1165 1101
1165 1229
1166 974
1166 1038
1166 1102
1166 1230
1167 78
1167 199
1167 263
1167 327
1167 518
1167 519
1167 583
1167 585
1167 590
1167 598
1167 646
1167 711
1167 713
1167 774
1167 775
1167 782
1167 838
1167 839
1167 903
1167 905
1167 910
1167 950
1167 967
1167 969
1167 975
1167 1033
1167 1034
1167 1038
1167 1039
1167 1043
1167 1046
1167 1078
1167 1095
1167 1097
1167 1102
1167 1103
1167 1158
1167 1159
1167 1223
1167 1226
1167 1230
1167 1231
1167 1238
1168 458
1168 467
1168 734
1168 976
1168 1040
1168 1104
1168 1232
1169 977
1169 1041
1169 1105
1169 1233
1170 40
1170 224
1170 635
1170 887
1170 978
1170 1042
1170 1106
1170 1234
1171 979
1171 1043
1171 1107
1171 1235
1172 93
1172 980
1172 1044
1172 1108
1172 1136
1172 1202
1172 1236
1173 944
1173 981
1173 1045
1173 1109
1173 1237
1173 1246
1174 662
1174 982
1174 1046
1174 1110
1174 1238
1175 259
1175 395
1175 983
1175 1047
1175 1111
1175 1239
1176 380
1176 683
1176 754
1176 984
1176 1048
1176 1112
1176 1240
1177 937
1177 985
1177 1049
1177 1113
1177 1241
1178 178
1178 805
1178 986
1178 1050
1178 1114
1178 1242
1179 161
1179 987
1179 1051
1179 1115
1179 1138
1179 1243
1180 29
1180 365
1180 904
1180 988
1180 1052
1180 1116
1180 1244
1181 989
1181 1053
1181 1117
1181 1245
1182 197
1182 337
1182 819
1182 990
1182 1054
1182 1118
1182 1246
1183 34
1183 248
1183 321
1183 877
1183 991
1183 1055
1183 1119
1183 1247
1184 992
1184 1056
1184 1120
1184 1248
1185 929
1185 993
1185 1057
1185 1121
1185 1249
1186 994
1186 1058
1186 1122
1186 1139
1186 1250
1187 488
1187 613
1187 995
1187 1059
1187 1123
1187 1251
1188 996
1188 1060
1188 1124
1188 1252
1189 449
1189 515
1189 997
1189 1061
1189 1125
1189 1253
1190 975
1190 998
1190 1062
1190 1126
1190 1254
1191 999
1191 1063
1191 1127
1191 1255
1192 217
1192 333
1192 385
1192 1000
1192 1064
1192 1128
1192 1256
1193 196
1193 843
1193 1001
1193 1065
1193 1129
1193 1257
1194 222
1194 992
1194 1002
1194 1066
1194 1093
1194 1130
1194 1245
1194 1258
1195 32
1195 1003
1195 1015
1195 1067
1195 1131
1195 1259
1196 280
1196 1004
1196 1068
1196 1132
1196 1260
1197 587
1197 1005
1197 1069
1197 1133
1197 1261
1198 94
1198 1006
1198 1070
1198 1092
1198 1134
1198 1262
1199 354
1199 364
1199 367
1199 447
1199 1007
1199 1071
1199 1135
1199 1263
1200 1008
1200 1072
1200 1106
1200 1136
1200 1264
1201 77
1201 1009
1201 1073
1201 1137
1201 1265
1202 93
1202 1010
1202 1074
1202 1136
1202 1138
1202 1172
1202 1266
1203 1011
1203 1075
1203 1139
1203 1267
1204 72
1204 183
1204 227
1204 424
1204 492
1204 1012
1204 1076
1204 1140
1204 1268
1205 1013
1205 1077
1205 1141
1205 1269
1206 73
1206 246
1206 326
1206 393
1206 457
1206 534
1206 586
1206 854
1206 982
1206 1014
1206 1078
1206 1142
1206 1152
1206 1222
1206 1270
1207 672
1207 916
1207 1015
1207 1079
1207 1116
1207 1143
1207 1271
1208 1016
1208 1080
1208 1144
1208 1272
1209 308
1209 627
1209 628
1209 1017
1209 1081
1209 1145
1209 1273
1210 625
1210 645
1210 1018
1210 1082
1210 1083
1210 1146
1210 1274
1211 273
1211 619
1211 732
1211 895
1211 1019
1211 1083
1211 1147
1211 1239
1211 1275
1212 661
1212 831
1212 880
1212 1020
1212 1084
1212 1148
1212 1276
1213 370
1213 862
1213 1021
1213 1085
1213 1149
1213 1276
1213 1277
1214 106
1214 357
1214 794
1214 1022
1214 1086
1214 1150
1214 1278
1215 37
1215 581
1215 1023
1215 1087
1215 1141
1215 1151
1215 1279
1216 1024
1216 1088
1216 1152
1217 165
1217 450
1217 1025
1217 1089
1217 1153
1218 776
1218 1026
1218 1090
1218 1154
1219 548
1219 1005
1219 1027
1219 1070
1219 1091
1219 1155
1220 676
1220 1028
1220 1065
1220 1092
1220 1156
1221 685
1221 1029
1221 1093
1221 1157
1221 1248
1222 73
1222 326
1222 393
1222 457
1222 534
1222 586
1222 854
1222 982
1222 1014
1222 1030
1222 1094
1222 1152
1222 1158
1222 1206
1223 78
1223 134
1223 199
1223 263
1223 327
1223 391
1223 455
1223 518
1223 519
1223 583
1223 585
1223 590
1223 598
1223 646
1223 647
1223 711
1223 713
1223 774
1223 775
1223 782
1223 838
1223 839
1223 903
1223 905
1223 910
1223 950
1223 967
1223 969
1223 1031
1223 1033
1223 1034
1223 1038
1223 1043
1223 1046
1223 1078
1223 1095
1223 1097
1223 1102
1223 1158
1223 1159
1223 1167
1223 1226
1223 1230
1223 1238
1224 420
1224 1032
1224 1096
1224 1160
1225 6
1225 70
1225 137
1225 201
1225 262
1225 329
1225 390
1225 454
1225 521
1225 582
1225 649
1225 710
1225 777
1225 841
1225 902
1225 966
1225 1030
1225 1033
1225 1094
1225 1097
1225 1161
1226 118
1226 198
1226 199
1226 457
1226 518
1226 585
1226 586
1226 590
1226 598
1226 646
1226 713
1226 774
1226 775
1226 782
1226 838
1226 903
1226 905
1226 910
1226 950
1226 967
1226 969
1226 1034
1226 1038
1226 1043
1226 1078
1226 1097
1226 1098
1226 1102
1226 1158
1226 1162
1226 1167
1226 1223
1226 1230
1226 1238
1227 286
1227 1035
1227 1099
1227 1163
1228 168
1228 575
1228 597
1228 958
1228 1036
1228 1100
1228 1164
1229 1037
1229 1101
1229 1165
1230 78
1230 134
1230 263
1230 327
1230 391
1230 455
1230 518
1230 519
1230 583
1230 585
1230 590
1230 598
1230 646
1230 647
1230 711
1230 713
1230 774
1230 775
1230 782
1230 839
1230 903
1230 905
1230 910
1230 950
1230 967
1230 969
1230 1031
1230 1033
1230 1034
1230 1038
1230 1043
1230 1046
1230 1078
1230 1095
1230 1097
1230 1102
1230 1158
1230 1159
1230 1166
1230 1167
1230 1223
1230 1226
1230 1238
1231 527
1231 1039
1231 1103
1231 1167
1232 1040
1232 1104
1232 1168
1233 275
1233 487
1233 934
1233 1041
1233 1105
1233 1169
1234 671
1234 1042
1234 1106
1234 1170
1235 592
1235 1043
1235 1107
1235 1171
1236 523
1236 1044
1236 1108
1236 1172
1237 611
1237 1045
1237 1067
1237 1109
1237 1173
1238 118
1238 198
1238 457
1238 518
1238 585
1238 586
1238 590
1238 598
1238 646
1238 713
1238 774
1238 775
1238 782
1238 838
1238 903
1238 910
1238 950
1238 967
1238 969
1238 1014
1238 1034
1238 1043
1238 1046
1238 1078
1238 1102
1238 1110
1238 1167
1238 1174
1238 1223
1238 1226
1238 1230
1239 273
1239 619
1239 732
1239 895
1239 1047
1239 1111
1239 1175
1239 1211
1240 1048
1240 1112
1240 1176
1241 297
1241 350
1241 562
1241 1049
1241 1113
1241 1125
1241 1177
1242 145
1242 893
1242 1050
1242 1114
1242 1178
1243 153
1243 844
1243 1051
1243 1115
1243 1179
1244 91
1244 1052
1244 1116
1244 1180
1245 222
1245 992
1245 1053
1245 1093
1245 1117
1245 1181
1245 1194
1246 944
1246 1054
1246 1118
1246 1173
1246 1182
1247 341
1247 766
1247 1055
1247 1119
1247 1183
1248 685
1248 1056
1248 1120
1248 1184
1248 1221
1249 962
1249 1057
1249 1099
1249 1121
1249 1185
1250 520
1250 695
1250 914
1250 1058
1250 1122
1250 1186
1251 421
1251 779
1251 1059
1251 1123
1251 1148
1251 1187
1252 1060
1252 1124
1252 1188
1253 610
1253 679
1253 826
1253 1061
1253 1125
1253 1189
1254 1062
1254 1126
1254 1190
1255 195
1255 223
1255 243
1255 432
1255 913
1255 1063
1255 1127
1255 1129
1255 1191
1256 1064
1256 1128
1256 1192
1257 402
1257 1065
1257 1129
1257 1193
1258 1066
1258 1130
1258 1194
1259 427
1259 792
1259 1067
1259 1131
1259 1195
1260 191
1260 536
1260 1068
1260 1132
1260 1196
1261 1069
1261 1133
1261 1197
1262 1026
1262 1070
1262 1134
1262 1198
1263 274
1263 363
1263 477
1263 995
1263 1071
1263 1135
1263 1199
1264 220
1264 489
1264 503
1264 1058
1264 1072
1264 1136
1264 1200
1265 1073
1265 1137
1265 1201
1266 194
1266 1074
1266 1085
1266 1138
1266 1202
1267 172
1267 295
1267 781
1267 1075
1267 1139
1267 1203
1268 1076
1268 1140
1268 1204
1269 1077
1269 1141
1269 1205
1270 182
1270 1078
1270 1142
1270 1206
1271 1079
1271 1143
1271 1207
1272 258
1272 931
1272 1080
1272 1144
1272 1208
1273 231
1273 328
1273 456
1273 665
1273 1081
1273 1145
1273 1209
1273 1277
1274 949
1274 1082
1274 1146
1274 1210
1275 114
1275 225
1275 959
1275 1083
1275 1147
1275 1211
1276 370
1276 862
1276 1084
1276 1148
1276 1212
1276 1213
1277 231
1277 328
1277 456
1277 665
1277 1085
1277 1149
1277 1213
1277 1273
1278 31
1278 107
1278 255
1278 1086
1278 1150
1278 1214
1279 533
1279 1087
1279 1151
1279 1215
