0 15
0 64
0 79
0 94
0 128
0 192
0 211
0 329
0 393
0 394
0 438
0 518
0 566
0 585
0 646
0 713
0 777
0 838
0 854
0 906
0 1174
1 41
1 65
1 129
1 193
1 229
2 66
2 130
2 186
2 194
2 579
2 715
3 67
3 131
3 195
3 617
3 670
3 882
4 68
4 132
4 196
4 274
5 69
5 133
5 197
5 456
5 645
5 651
5 1185
6 70
6 134
6 198
6 262
6 326
6 390
6 457
6 521
6 582
6 649
6 710
6 774
6 841
6 902
6 969
6 1030
6 1097
6 1161
6 1222
7 9
7 14
7 64
7 71
7 73
7 74
7 78
7 83
7 135
7 199
7 201
7 202
7 207
7 246
7 263
7 265
7 270
7 327
7 391
7 398
7 454
7 455
7 519
7 583
7 647
7 711
7 775
7 839
7 903
7 967
7 1031
7 1159
7 1225
8 72
8 136
8 200
8 462
8 686
9 7
9 14
9 64
9 71
9 73
9 74
9 78
9 83
9 135
9 137
9 199
9 201
9 202
9 207
9 246
9 263
9 265
9 270
9 327
9 391
9 398
9 454
9 455
9 519
9 583
9 647
9 711
9 775
9 839
9 903
9 967
9 1031
9 1159
9 1225
10 74
10 138
10 202
10 982
11 72
11 75
11 139
11 203
11 1128
12 32
12 76
12 140
12 176
12 204
13 77
13 141
13 205
14 7
14 9
14 64
14 71
14 73
14 74
14 78
14 79
14 80
14 83
14 94
14 135
14 137
14 142
14 182
14 201
14 202
14 206
14 207
14 246
14 263
14 265
14 270
14 327
14 391
14 398
14 438
14 454
14 455
14 518
14 519
14 583
14 647
14 711
14 775
14 838
14 839
14 1095
14 1159
14 1223
14 1225
15 0
15 79
15 80
15 94
15 137
15 143
15 182
15 192
15 207
15 211
15 329
15 393
15 394
15 438
15 518
15 566
15 585
15 646
15 713
15 777
15 838
15 854
15 906
15 1174
16 80
16 144
16 208
17 81
17 145
17 209
18 82
18 146
18 210
18 287
19 83
19 147
19 211
20 84
20 148
20 212
21 85
21 149
21 213
21 597
22 86
22 150
22 214
22 461
22 1156
23 87
23 151
23 215
23 359
23 376
23 754
23 864
24 88
24 152
24 216
24 904
25 89
25 153
25 166
25 217
25 296
25 565
25 1248
26 90
26 154
26 218
26 362
26 995
26 1138
26 1180
27 91
27 155
27 219
27 1019
28 33
28 92
28 121
28 156
28 220
28 490
28 1029
29 93
29 157
29 221
30 94
30 158
30 222
30 378
30 926
30 1171
31 95
31 159
31 223
31 504
32 12
32 96
32 160
32 176
32 224
33 28
33 97
33 121
33 161
33 225
33 490
33 1029
34 98
34 162
34 226
35 99
35 163
35 195
35 217
35 227
35 248
35 663
36 100
36 164
36 228
37 101
37 165
37 229
37 453
37 529
38 102
38 166
38 230
39 103
39 167
39 231
39 945
39 965
40 104
40 168
40 232
40 314
40 897
40 1121
41 1
41 105
41 169
41 229
41 233
42 106
42 170
42 234
42 288
42 492
42 615
42 1101
43 63
43 107
43 171
43 235
43 500
43 637
43 1260
44 108
44 172
44 236
44 520
44 1013
45 109
45 173
45 237
45 1000
46 110
46 174
46 238
47 111
47 175
47 239
47 557
47 761
47 816
48 112
48 176
48 240
48 316
48 345
48 671
48 799
48 1105
49 88
49 113
49 177
49 241
49 473
49 1164
50 114
50 178
50 242
50 349
50 685
50 1224
51 115
51 171
51 179
51 231
51 243
51 347
51 871
52 116
52 180
52 244
53 117
53 181
53 245
53 642
53 913
53 1027
54 118
54 182
54 246
54 718
55 119
55 165
55 183
55 247
56 120
56 184
56 248
56 379
56 1022
57 121
57 185
57 249
58 116
58 122
58 186
58 250
58 1039
58 1219
59 123
59 187
59 251
59 1131
60 124
60 188
60 252
60 643
61 125
61 172
61 189
61 253
61 307
61 539
61 698
61 755
61 894
61 1023
61 1268
62 126
62 190
62 254
62 495
62 627
63 43
63 127
63 191
63 255
63 500
63 637
63 1260
64 0
64 7
64 9
64 14
64 74
64 78
64 79
64 80
64 83
64 94
64 128
64 137
64 182
64 192
64 201
64 202
64 207
64 211
64 246
64 256
64 263
64 265
64 270
64 327
64 398
64 438
64 454
64 518
64 519
64 583
64 585
64 647
64 838
64 839
64 905
64 906
64 910
64 918
64 1033
64 1094
64 1102
64 1230
64 1270
65 1
65 129
65 193
65 204
65 257
65 339
66 2
66 130
66 194
66 258
66 302
67 3
67 131
67 195
67 259
67 482
68 4
68 132
68 196
68 260
69 5
69 133
69 197
69 261
70 6
70 134
70 198
70 262
70 326
70 390
70 457
70 521
70 582
70 649
70 710
70 774
70 841
70 902
70 969
70 1030
70 1097
70 1161
70 1222
71 7
71 9
71 14
71 73
71 74
71 78
71 135
71 199
71 201
71 207
71 263
71 265
71 270
71 327
71 391
71 454
71 455
71 711
71 775
71 839
71 903
71 967
71 1031
72 8
72 11
72 136
72 200
72 264
72 1128
73 7
73 9
73 14
73 71
73 74
73 78
73 135
73 137
73 199
73 201
73 207
73 263
73 265
73 270
73 327
73 391
73 454
73 455
73 711
73 775
73 839
73 903
73 967
73 1031
74 7
74 9
74 10
74 14
74 64
74 71
74 73
74 78
74 79
74 80
74 83
74 94
74 135
74 137
74 138
74 182
74 201
74 202
74 207
74 246
74 263
74 265
74 266
74 270
74 327
74 391
74 398
74 438
74 454
74 455
74 518
74 519
74 583
74 647
74 711
74 775
74 838
74 839
74 903
74 905
74 910
74 918
74 1095
74 1159
74 1223
74 1225
75 11
75 110
75 139
75 203
75 267
76 12
76 140
76 204
76 245
76 268
76 475
76 721
76 1227
77 13
77 141
77 205
77 269
78 7
78 9
78 14
78 64
78 71
78 73
78 74
78 83
78 135
78 142
78 199
78 201
78 202
78 206
78 207
78 246
78 263
78 265
78 270
78 327
78 391
78 398
78 454
78 455
78 519
78 583
78 647
78 711
78 775
78 839
78 903
78 910
78 918
78 967
78 1031
78 1159
78 1225
79 0
79 14
79 15
79 64
79 74
79 80
79 83
79 94
79 137
79 143
79 182
79 192
79 202
79 207
79 211
79 246
79 265
79 270
79 271
79 329
79 394
79 398
79 438
79 454
79 518
79 519
79 583
79 585
79 647
79 777
79 838
79 905
79 906
79 910
79 918
79 966
79 1033
79 1094
79 1102
79 1158
79 1230
79 1270
80 14
80 15
80 16
80 64
80 74
80 79
80 83
80 94
80 137
80 144
80 182
80 192
80 201
80 202
80 207
80 208
80 211
80 246
80 263
80 265
80 270
80 272
80 327
80 329
80 398
80 438
80 454
80 518
80 519
80 583
80 585
80 647
80 838
80 905
80 906
80 910
80 918
80 966
80 1033
80 1094
80 1102
80 1230
80 1270
81 17
81 145
81 209
81 273
81 878
82 18
82 146
82 210
82 274
82 788
82 1141
83 7
83 9
83 14
83 19
83 64
83 74
83 78
83 79
83 80
83 94
83 137
83 147
83 182
83 192
83 201
83 202
83 207
83 211
83 246
83 263
83 265
83 270
83 275
83 327
83 398
83 438
83 454
83 455
83 518
83 519
83 583
83 585
83 647
83 838
83 839
83 903
83 905
83 910
83 918
83 1033
83 1094
83 1095
83 1102
83 1230
83 1270
84 20
84 148
84 212
84 276
85 21
85 149
85 213
85 277
85 536
85 820
85 1191
86 22
86 150
86 214
86 278
87 23
87 150
87 151
87 215
87 279
87 320
88 24
88 49
88 152
88 216
88 280
88 473
88 1164
89 25
89 90
89 153
89 217
89 281
90 26
90 89
90 154
90 218
90 282
91 27
91 155
91 219
91 283
91 742
91 1059
92 28
92 156
92 220
92 284
92 1062
93 29
93 157
93 221
93 285
94 0
94 14
94 15
94 30
94 64
94 74
94 79
94 80
94 83
94 137
94 158
94 182
94 192
94 202
94 207
94 211
94 222
94 246
94 265
94 270
94 286
94 329
94 394
94 398
94 438
94 454
94 518
94 519
94 583
94 585
94 647
94 777
94 838
94 905
94 906
94 910
94 918
94 966
94 1033
94 1094
94 1102
94 1158
94 1230
94 1270
95 31
95 159
95 223
95 287
95 609
95 1154
96 32
96 160
96 224
96 288
96 381
96 702
97 33
97 161
97 225
97 289
97 546
97 925
98 34
98 162
98 226
98 290
99 35
99 163
99 227
99 291
99 1145
100 36
100 164
100 228
100 292
101 37
101 165
101 229
101 293
101 468
101 622
101 791
101 1032
102 38
102 166
102 230
102 294
103 39
103 167
103 231
103 295
104 40
104 168
104 232
104 296
105 41
105 169
105 233
105 297
106 42
106 170
106 234
106 292
106 298
106 992
106 1236
107 43
107 171
107 235
107 259
107 299
108 44
108 109
108 172
108 236
108 300
108 425
108 430
108 1228
109 45
109 108
109 173
109 237
109 301
109 425
109 430
109 1228
110 46
110 75
110 174
110 238
110 302
111 47
111 175
111 239
111 303
111 833
111 962
111 997
112 48
112 176
112 240
112 304
112 510
112 1061
113 49
113 177
113 241
113 305
114 50
114 178
114 242
114 306
115 51
115 179
115 243
115 307
115 1069
116 52
116 58
116 180
116 244
116 308
116 1039
116 1219
117 53
117 181
117 245
117 309
117 330
118 54
118 182
118 246
118 310
119 55
119 183
119 247
119 311
120 56
120 130
120 184
120 248
120 312
120 595
120 807
120 1254
121 28
121 33
121 57
121 185
121 249
121 313
121 490
121 1029
122 58
122 186
122 233
122 250
122 314
122 1252
123 59
123 187
123 251
123 315
123 706
123 805
123 872
124 60
124 188
124 252
124 316
124 371
124 549
124 1011
125 61
125 189
125 253
125 317
125 1096
126 62
126 133
126 190
126 254
126 318
126 1044
127 63
127 185
127 191
127 255
127 319
127 348
127 753
128 0
128 64
128 192
128 256
128 320
128 650
129 1
129 65
129 193
129 257
129 321
130 2
130 66
130 120
130 194
130 258
130 322
130 595
130 807
130 1254
131 3
131 67
131 195
131 259
131 323
132 4
132 68
132 196
132 260
132 324
133 5
133 69
133 126
133 197
133 261
133 325
133 1044
134 6
134 70
134 198
134 262
134 326
134 390
134 457
134 521
134 582
134 649
134 710
134 774
134 841
134 902
134 969
134 1030
134 1097
134 1161
134 1222
135 7
135 9
135 14
135 71
135 73
135 74
135 78
135 199
135 201
135 207
135 263
135 265
135 270
135 327
135 391
135 454
135 455
135 711
135 775
135 839
135 903
135 967
135 1031
136 8
136 72
136 200
136 264
136 328
136 745
136 1057
137 9
137 14
137 15
137 64
137 73
137 74
137 79
137 80
137 83
137 94
137 182
137 192
137 201
137 202
137 207
137 211
137 246
137 263
137 265
137 270
137 329
137 394
137 398
137 438
137 454
137 518
137 519
137 583
137 585
137 647
137 838
137 905
137 906
137 910
137 918
137 966
137 1033
137 1094
137 1102
137 1230
137 1270
138 10
138 74
138 202
138 266
138 330
139 11
139 75
139 203
139 267
139 331
139 704
139 784
140 12
140 76
140 204
140 268
140 332
140 578
140 1251
141 13
141 77
141 205
141 269
141 333
142 14
142 78
142 206
142 270
142 334
143 15
143 79
143 207
143 271
143 335
144 16
144 80
144 208
144 272
144 336
144 630
145 17
145 81
145 209
145 273
145 337
146 18
146 82
146 210
146 274
146 338
146 941
147 19
147 83
147 211
147 275
147 339
147 662
148 20
148 84
148 212
148 276
148 340
149 21
149 85
149 213
149 277
149 341
149 1214
150 22
150 86
150 87
150 214
150 278
150 320
150 342
151 23
151 87
151 215
151 279
151 343
151 540
151 809
151 823
152 24
152 88
152 216
152 280
152 344
152 682
152 884
152 1007
152 1137
153 25
153 89
153 217
153 281
153 345
153 477
153 730
153 1179
154 26
154 90
154 218
154 219
154 282
154 346
154 673
155 27
155 91
155 219
155 283
155 347
155 386
155 1089
156 28
156 92
156 220
156 284
156 338
156 348
157 29
157 93
157 221
157 285
157 349
157 523
157 1153
158 30
158 94
158 222
158 286
158 350
159 31
159 95
159 223
159 287
159 351
159 919
160 32
160 96
160 224
160 288
160 328
160 352
160 629
161 33
161 97
161 225
161 289
161 353
161 1058
162 34
162 98
162 226
162 290
162 354
162 779
163 35
163 99
163 227
163 291
163 355
164 36
164 100
164 228
164 292
164 356
165 37
165 55
165 101
165 229
165 293
165 357
166 25
166 38
166 102
166 230
166 294
166 296
166 358
166 565
166 1248
167 39
167 103
167 231
167 295
167 359
168 40
168 104
168 232
168 296
168 360
169 41
169 105
169 233
169 297
169 361
169 413
170 42
170 106
170 234
170 298
170 362
170 963
171 43
171 51
171 107
171 231
171 235
171 299
171 347
171 363
171 871
172 44
172 61
172 108
172 236
172 300
172 307
172 364
172 539
172 698
172 755
172 894
172 1023
172 1268
173 45
173 109
173 237
173 301
173 365
174 46
174 110
174 238
174 302
174 366
174 964
174 1092
175 47
175 111
175 239
175 303
175 367
175 716
175 1247
176 12
176 32
176 48
176 112
176 240
176 304
176 368
177 49
177 113
177 241
177 305
177 369
177 483
177 638
178 50
178 114
178 242
178 306
178 370
178 1249
179 51
179 115
179 243
179 307
179 371
179 556
179 626
179 883
179 1037
180 52
180 116
180 244
180 308
180 372
181 53
181 117
181 245
181 309
181 373
182 14
182 15
182 54
182 64
182 74
182 79
182 80
182 83
182 94
182 118
182 137
182 192
182 201
182 202
182 207
182 211
182 246
182 263
182 265
182 270
182 310
182 327
182 329
182 374
182 398
182 438
182 454
182 518
182 519
182 583
182 585
182 647
182 838
182 905
182 906
182 910
182 918
182 966
182 1033
182 1094
182 1102
182 1230
182 1270
183 55
183 119
183 247
183 277
183 280
183 311
183 375
183 392
183 503
183 547
183 744
183 812
184 56
184 120
184 248
184 281
184 312
184 351
184 376
184 427
184 575
185 57
185 121
185 127
185 249
185 313
185 348
185 377
185 753
186 2
186 58
186 122
186 250
186 314
186 378
186 579
186 715
187 59
187 123
187 251
187 315
187 379
187 692
187 1109
187 1199
188 60
188 124
188 252
188 316
188 380
188 1053
188 1221
189 61
189 125
189 253
189 317
189 381
190 62
190 126
190 254
190 318
190 382
190 860
191 63
191 127
191 255
191 319
191 344
191 383
191 691
192 0
192 15
192 64
192 79
192 80
192 83
192 94
192 128
192 137
192 182
192 202
192 211
192 246
192 256
192 320
192 329
192 384
192 394
192 398
192 438
192 518
192 519
192 566
192 583
192 585
192 646
192 647
192 713
192 777
192 838
192 854
192 905
192 906
192 910
192 918
192 966
192 1033
192 1158
193 1
193 65
193 129
193 257
193 321
193 385
193 525
194 2
194 66
194 130
194 258
194 322
194 356
194 386
195 3
195 35
195 67
195 131
195 217
195 248
195 259
195 323
195 387
195 663
196 4
196 68
196 132
196 260
196 324
196 388
197 5
197 69
197 133
197 261
197 325
197 389
197 843
198 6
198 70
198 134
198 262
198 326
198 390
198 457
198 521
198 582
198 649
198 710
198 774
198 841
198 902
198 969
198 1030
198 1097
198 1161
198 1222
199 7
199 9
199 71
199 73
199 78
199 135
199 201
199 263
199 270
199 327
199 391
199 455
199 711
199 775
199 839
199 903
199 967
199 1031
200 8
200 72
200 136
200 264
200 321
200 328
200 392
200 998
201 7
201 9
201 14
201 64
201 71
201 73
201 74
201 78
201 80
201 83
201 135
201 137
201 182
201 199
201 202
201 207
201 246
201 263
201 265
201 270
201 327
201 329
201 391
201 393
201 398
201 454
201 455
201 519
201 583
201 647
201 711
201 775
201 839
201 903
201 905
201 910
201 918
201 967
201 1031
201 1033
201 1095
201 1159
201 1223
201 1225
202 7
202 9
202 10
202 14
202 64
202 74
202 78
202 79
202 80
202 83
202 94
202 137
202 138
202 182
202 192
202 201
202 207
202 246
202 263
202 265
202 266
202 270
202 327
202 330
202 394
202 398
202 438
202 454
202 518
202 519
202 583
202 585
202 647
202 838
202 839
202 903
202 905
202 910
202 918
202 966
202 1031
202 1033
202 1094
202 1095
202 1102
202 1230
202 1270
203 11
203 75
203 139
203 267
203 331
203 395
204 12
204 65
204 76
204 140
204 268
204 332
204 339
204 396
205 13
205 77
205 141
205 269
205 333
205 353
205 397
205 541
206 14
206 78
206 142
206 270
206 334
206 398
207 7
207 9
207 14
207 15
207 64
207 71
207 73
207 74
207 78
207 79
207 80
207 83
207 94
207 135
207 137
207 143
207 182
207 201
207 202
207 246
207 263
207 265
207 270
207 271
207 327
207 335
207 391
207 398
207 399
207 438
207 454
207 455
207 518
207 519
207 583
207 647
207 711
207 775
207 838
207 839
207 903
207 905
207 910
207 918
207 966
207 967
207 1031
207 1033
207 1095
207 1159
207 1223
207 1225
208 16
208 80
208 144
208 272
208 336
208 400
209 17
209 81
209 145
209 247
209 273
209 337
209 401
210 18
210 82
210 146
210 274
210 338
210 402
210 577
210 972
211 0
211 15
211 19
211 64
211 79
211 80
211 83
211 94
211 137
211 147
211 182
211 192
211 275
211 329
211 339
211 394
211 403
211 438
211 518
211 519
211 566
211 585
211 646
211 713
211 777
211 838
211 854
211 905
211 906
211 966
211 1033
211 1158
212 20
212 84
212 148
212 276
212 340
212 404
213 21
213 85
213 149
213 277
213 341
213 405
213 731
213 986
214 22
214 86
214 150
214 278
214 342
214 406
215 23
215 87
215 151
215 279
215 343
215 407
216 24
216 88
216 152
216 280
216 344
216 408
216 416
216 496
216 922
216 1066
217 25
217 35
217 89
217 153
217 195
217 248
217 281
217 345
217 409
217 663
218 26
218 90
218 154
218 282
218 346
218 410
218 757
218 961
218 1055
218 1133
219 27
219 91
219 154
219 155
219 283
219 347
219 411
219 673
220 28
220 92
220 156
220 284
220 348
220 412
220 741
220 1099
221 29
221 93
221 157
221 285
221 349
221 404
221 413
221 513
221 750
221 1115
222 30
222 94
222 158
222 286
222 350
222 414
223 31
223 95
223 159
223 287
223 351
223 415
223 497
223 562
223 766
223 1056
224 32
224 96
224 160
224 288
224 352
224 416
225 33
225 97
225 161
225 289
225 353
225 417
226 34
226 98
226 162
226 290
226 354
226 418
227 35
227 99
227 163
227 291
227 355
227 419
228 36
228 100
228 164
228 292
228 356
228 420
228 429
229 1
229 37
229 41
229 101
229 165
229 293
229 357
229 421
230 38
230 102
230 166
230 294
230 334
230 358
230 422
231 39
231 51
231 103
231 167
231 171
231 295
231 347
231 359
231 423
231 871
232 40
232 104
232 168
232 296
232 360
232 424
232 806
232 1198
233 41
233 105
233 122
233 169
233 297
233 361
233 425
233 1252
234 42
234 106
234 170
234 288
234 298
234 362
234 426
234 492
234 615
234 1101
235 43
235 107
235 171
235 299
235 363
235 427
235 931
236 44
236 108
236 172
236 300
236 364
236 370
236 428
236 564
236 1211
237 45
237 109
237 173
237 301
237 365
237 429
238 46
238 110
238 174
238 302
238 366
238 430
238 1107
239 47
239 111
239 175
239 303
239 367
239 431
240 48
240 112
240 176
240 299
240 304
240 368
240 432
240 560
240 956
241 49
241 113
241 177
241 305
241 357
241 369
241 433
241 901
242 50
242 114
242 178
242 306
242 370
242 434
243 51
243 115
243 179
243 307
243 371
243 435
243 554
243 601
244 52
244 116
244 180
244 308
244 372
244 436
244 980
244 1064
244 1124
245 53
245 76
245 117
245 181
245 309
245 373
245 437
245 475
245 721
245 1227
246 7
246 9
246 14
246 54
246 64
246 74
246 78
246 79
246 80
246 83
246 94
246 118
246 137
246 182
246 192
246 201
246 202
246 207
246 263
246 265
246 270
246 310
246 327
246 374
246 391
246 398
246 438
246 454
246 455
246 518
246 519
246 583
246 647
246 838
246 839
246 903
246 905
246 910
246 918
246 966
246 1031
246 1033
246 1095
246 1102
247 55
247 119
247 183
247 209
247 311
247 375
247 439
248 35
248 56
248 120
248 184
248 195
248 217
248 312
248 376
248 440
248 663
249 57
249 121
249 185
249 313
249 377
249 441
250 58
250 122
250 186
250 314
250 378
250 442
250 866
250 1157
251 59
251 123
251 187
251 289
251 315
251 379
251 443
251 890
251 1193
252 60
252 124
252 188
252 316
252 380
252 444
252 735
253 61
253 125
253 189
253 317
253 381
253 445
253 625
253 987
254 62
254 126
254 190
254 318
254 382
254 446
254 631
254 837
255 63
255 127
255 191
255 319
255 383
255 447
256 64
256 128
256 192
256 320
256 384
256 448
257 65
257 129
257 193
257 321
257 385
257 449
257 537
257 653
257 705
258 66
258 130
258 194
258 268
258 322
258 386
258 389
258 450
258 1065
259 67
259 107
259 131
259 195
259 323
259 387
259 451
260 68
260 132
260 196
260 324
260 388
260 452
260 968
260 1108
261 69
261 133
261 197
261 325
261 389
261 453
261 1264
262 6
262 70
262 134
262 198
262 326
262 390
262 454
262 457
262 521
262 582
262 649
262 710
262 774
262 841
262 902
262 969
262 1030
262 1097
262 1161
262 1222
263 7
263 9
263 14
263 64
263 71
263 73
263 74
263 78
263 80
263 83
263 135
263 137
263 182
263 199
263 201
263 202
263 207
263 246
263 265
263 270
263 327
263 391
263 398
263 454
263 455
263 519
263 583
263 647
263 711
263 775
263 839
263 903
263 905
263 910
263 918
263 967
263 1031
263 1095
263 1102
263 1159
263 1223
263 1225
264 72
264 136
264 200
264 290
264 328
264 392
264 456
264 769
264 835
265 7
265 9
265 14
265 64
265 71
265 73
265 74
265 78
265 79
265 80
265 83
265 94
265 135
265 137
265 182
265 201
265 202
265 207
265 246
265 263
265 270
265 327
265 329
265 391
265 393
265 398
265 438
265 454
265 455
265 457
265 518
265 519
265 583
265 647
265 711
265 775
265 838
265 839
265 903
265 905
265 910
265 918
265 966
265 967
265 1031
265 1033
265 1094
265 1095
265 1102
265 1159
265 1223
265 1225
266 74
266 138
266 202
266 330
266 394
266 458
267 75
267 139
267 203
267 331
267 395
267 459
268 76
268 140
268 204
268 258
268 332
268 389
268 396
268 460
268 1065
269 77
269 141
269 205
269 322
269 333
269 397
269 461
269 1231
270 7
270 9
270 14
270 64
270 71
270 73
270 74
270 78
270 79
270 80
270 83
270 94
270 135
270 137
270 142
270 182
270 199
270 201
270 202
270 206
270 207
270 246
270 263
270 265
270 327
270 334
270 391
270 398
270 454
270 455
270 462
270 518
270 519
270 583
270 647
270 711
270 775
270 839
270 903
270 905
270 910
270 918
270 967
270 1031
270 1033
270 1094
270 1095
270 1102
270 1159
270 1223
270 1225
271 79
271 143
271 207
271 335
271 399
271 463
272 80
272 144
272 208
272 336
272 400
272 464
273 81
273 145
273 209
273 337
273 401
273 465
273 1272
274 4
274 82
274 146
274 210
274 338
274 402
274 466
275 83
275 147
275 211
275 339
275 403
275 467
276 84
276 148
276 212
276 340
276 404
276 468
277 85
277 149
277 183
277 213
277 280
277 341
277 392
277 405
277 469
277 503
277 547
277 744
277 812
278 86
278 150
278 214
278 342
278 406
278 470
279 87
279 151
279 215
279 343
279 407
279 437
279 471
279 994
280 88
280 152
280 183
280 216
280 277
280 344
280 392
280 408
280 472
280 503
280 547
280 744
280 812
281 89
281 153
281 184
281 217
281 345
281 351
281 409
281 427
281 473
281 575
282 90
282 154
282 218
282 346
282 410
282 474
282 831
283 91
283 155
283 219
283 347
283 411
283 475
284 92
284 156
284 220
284 348
284 412
284 476
284 923
285 93
285 157
285 221
285 349
285 413
285 444
285 477
285 573
285 610
286 94
286 158
286 222
286 350
286 414
286 478
287 18
287 95
287 159
287 223
287 351
287 415
287 479
288 42
288 96
288 160
288 224
288 234
288 352
288 416
288 480
288 492
288 615
288 1101
289 97
289 161
289 225
289 251
289 353
289 417
289 481
289 890
289 1193
290 98
290 162
290 226
290 264
290 354
290 418
290 482
290 769
290 835
291 99
291 163
291 227
291 355
291 367
291 419
291 483
291 988
292 100
292 106
292 164
292 228
292 356
292 420
292 484
292 992
292 1236
293 101
293 165
293 229
293 309
293 357
293 421
293 485
293 930
293 999
293 1146
294 102
294 166
294 230
294 358
294 422
294 486
295 103
295 167
295 231
295 359
295 423
295 485
295 487
295 770
296 25
296 104
296 166
296 168
296 232
296 360
296 424
296 488
296 565
296 1248
297 105
297 169
297 233
297 361
297 425
297 489
297 1257
298 106
298 170
298 234
298 362
298 372
298 426
298 490
298 507
298 1020
298 1150
299 107
299 171
299 235
299 240
299 363
299 427
299 491
299 560
299 956
300 108
300 172
300 236
300 364
300 428
300 492
300 664
301 109
301 173
301 237
301 365
301 429
301 493
301 512
301 979
302 66
302 110
302 174
302 238
302 366
302 430
302 494
303 111
303 175
303 239
303 367
303 431
303 495
304 112
304 176
304 240
304 368
304 432
304 496
304 628
304 947
304 948
305 113
305 177
305 241
305 369
305 433
305 497
306 114
306 178
306 242
306 370
306 407
306 428
306 434
306 498
306 746
306 1218
307 61
307 115
307 172
307 179
307 243
307 371
307 435
307 499
307 539
307 698
307 755
307 894
307 1023
307 1268
308 116
308 180
308 244
308 372
308 436
308 500
309 117
309 181
309 245
309 293
309 373
309 437
309 501
309 930
309 999
309 1146
310 118
310 182
310 246
310 374
310 438
310 502
310 911
311 119
311 183
311 247
311 369
311 375
311 439
311 503
311 951
311 1008
311 1010
311 1119
311 1147
312 120
312 184
312 248
312 376
312 397
312 440
312 504
313 121
313 185
313 249
313 377
313 441
313 505
314 40
314 122
314 186
314 250
314 378
314 442
314 506
314 897
314 1121
315 123
315 187
315 251
315 379
315 443
315 507
316 48
316 124
316 188
316 252
316 345
316 380
316 444
316 508
316 671
316 799
316 1105
317 125
317 189
317 253
317 381
317 445
317 509
317 792
317 796
318 126
318 190
318 254
318 382
318 446
318 510
319 127
319 191
319 255
319 383
319 447
319 511
320 87
320 128
320 150
320 192
320 256
320 384
320 448
320 512
321 129
321 193
321 200
321 257
321 385
321 449
321 513
321 998
322 130
322 194
322 258
322 269
322 386
322 450
322 514
322 1231
323 131
323 195
323 259
323 387
323 451
323 515
323 749
324 132
324 196
324 260
324 388
324 422
324 452
324 516
324 531
324 814
324 1091
325 133
325 197
325 261
325 389
325 435
325 453
325 466
325 517
326 6
326 70
326 134
326 198
326 262
326 390
326 454
326 457
326 518
326 521
326 582
326 649
326 710
326 774
326 841
326 902
326 969
326 1030
326 1097
326 1161
326 1222
327 7
327 9
327 14
327 64
327 71
327 73
327 74
327 78
327 80
327 83
327 135
327 182
327 199
327 201
327 202
327 207
327 246
327 263
327 265
327 270
327 391
327 398
327 454
327 455
327 519
327 583
327 647
327 711
327 775
327 839
327 903
327 905
327 910
327 918
327 967
327 1031
327 1095
327 1102
327 1159
327 1223
327 1225
328 136
328 160
328 200
328 264
328 392
328 456
328 520
328 629
329 0
329 15
329 79
329 80
329 94
329 137
329 182
329 192
329 201
329 211
329 265
329 393
329 394
329 438
329 457
329 518
329 521
329 566
329 585
329 646
329 713
329 777
329 838
329 854
329 905
329 906
329 966
329 1033
329 1094
329 1102
329 1158
329 1174
330 117
330 138
330 202
330 266
330 394
330 458
330 522
331 139
331 203
331 267
331 395
331 459
331 523
332 140
332 204
332 268
332 396
332 460
332 524
333 141
333 205
333 269
333 397
333 461
333 478
333 525
334 142
334 206
334 230
334 270
334 398
334 462
334 526
335 143
335 207
335 271
335 399
335 463
335 527
336 144
336 208
336 272
336 400
336 464
336 528
337 145
337 209
337 273
337 401
337 465
337 529
338 146
338 156
338 210
338 274
338 402
338 466
338 530
339 65
339 147
339 204
339 211
339 275
339 403
339 467
339 531
340 148
340 212
340 276
340 404
340 468
340 532
340 1090
341 149
341 213
341 277
341 405
341 469
341 491
341 533
341 602
341 977
342 150
342 214
342 278
342 406
342 470
342 534
343 151
343 215
343 279
343 407
343 471
343 535
344 152
344 191
344 216
344 280
344 408
344 472
344 536
344 691
345 48
345 153
345 217
345 281
345 316
345 409
345 473
345 537
345 671
345 799
345 1105
346 154
346 218
346 282
346 410
346 474
346 538
346 624
346 893
346 940
347 51
347 155
347 171
347 219
347 231
347 283
347 411
347 475
347 539
347 871
348 127
348 156
348 185
348 220
348 284
348 412
348 476
348 540
348 753
349 50
349 157
349 221
349 285
349 413
349 477
349 541
349 685
349 1224
350 158
350 222
350 286
350 414
350 478
350 542
351 159
351 184
351 223
351 281
351 287
351 415
351 427
351 479
351 543
351 575
352 160
352 224
352 288
352 416
352 480
352 544
353 161
353 205
353 225
353 289
353 417
353 481
353 541
353 545
354 162
354 226
354 290
354 418
354 482
354 546
354 568
354 641
354 1197
355 163
355 227
355 291
355 419
355 483
355 547
356 164
356 194
356 228
356 292
356 420
356 484
356 548
357 165
357 229
357 241
357 293
357 421
357 485
357 549
357 901
358 166
358 230
358 294
358 422
358 486
358 550
358 943
358 1126
359 23
359 167
359 231
359 295
359 376
359 423
359 487
359 551
359 754
359 864
360 168
360 232
360 296
360 424
360 488
360 544
360 552
360 955
360 1207
361 169
361 233
361 297
361 425
361 489
361 506
361 553
361 785
361 861
361 1018
362 26
362 170
362 234
362 298
362 426
362 490
362 554
362 995
362 1138
362 1180
363 171
363 235
363 299
363 427
363 491
363 555
364 172
364 236
364 300
364 428
364 492
364 556
364 634
365 173
365 237
365 301
365 429
365 493
365 557
366 174
366 238
366 302
366 430
366 494
366 558
366 1001
367 175
367 239
367 291
367 303
367 431
367 495
367 559
367 988
368 176
368 240
368 304
368 432
368 445
368 496
368 560
368 633
368 879
369 177
369 241
369 305
369 311
369 433
369 497
369 561
369 951
369 1008
369 1010
369 1119
369 1147
370 178
370 236
370 242
370 306
370 434
370 498
370 562
370 564
370 1211
371 124
371 179
371 243
371 307
371 435
371 499
371 549
371 563
371 1011
372 180
372 244
372 298
372 308
372 436
372 500
372 507
372 564
372 1020
372 1150
373 181
373 245
373 309
373 437
373 501
373 565
373 1262
374 182
374 246
374 310
374 438
374 463
374 502
374 566
375 183
375 247
375 311
375 439
375 503
375 567
375 881
375 1049
376 23
376 184
376 248
376 312
376 359
376 440
376 504
376 568
376 754
376 864
377 185
377 249
377 313
377 441
377 505
377 569
377 953
378 30
378 186
378 250
378 314
378 442
378 506
378 570
378 926
378 1171
379 56
379 187
379 251
379 315
379 443
379 507
379 571
379 1022
380 188
380 252
380 316
380 444
380 446
380 508
380 572
381 96
381 189
381 253
381 317
381 445
381 509
381 573
381 702
382 190
382 254
382 318
382 446
382 510
382 574
382 786
382 1259
383 191
383 255
383 319
383 447
383 511
383 575
383 728
384 192
384 256
384 320
384 448
384 512
384 576
384 974
385 193
385 257
385 321
385 449
385 487
385 513
385 577
386 155
386 194
386 258
386 322
386 450
386 514
386 578
386 1089
387 195
387 259
387 323
387 451
387 515
387 579
387 618
387 1169
388 196
388 260
388 324
388 452
388 516
388 580
388 1261
389 197
389 258
389 261
389 268
389 325
389 453
389 517
389 581
389 1065
390 6
390 70
390 134
390 198
390 262
390 326
390 454
390 457
390 518
390 521
390 582
390 649
390 710
390 774
390 841
390 902
390 969
390 1030
390 1097
390 1161
390 1222
391 7
391 9
391 14
391 71
391 73
391 74
391 78
391 135
391 199
391 201
391 207
391 246
391 263
391 265
391 270
391 327
391 398
391 454
391 455
391 519
391 583
391 647
391 711
391 775
391 839
391 903
391 967
391 1031
391 1095
391 1159
391 1223
391 1225
392 183
392 200
392 264
392 277
392 280
392 328
392 456
392 503
392 520
392 547
392 584
392 744
392 812
393 0
393 15
393 201
393 265
393 329
393 394
393 457
393 521
393 566
393 585
393 646
393 713
393 777
393 854
393 1174
394 0
394 15
394 79
394 94
394 137
394 192
394 202
394 211
394 266
394 329
394 330
394 393
394 438
394 458
394 518
394 522
394 566
394 585
394 586
394 646
394 713
394 777
394 838
394 854
394 906
394 966
394 1033
394 1094
394 1158
394 1174
394 1230
394 1270
395 203
395 267
395 331
395 459
395 523
395 587
396 204
396 268
396 332
396 460
396 524
396 588
397 205
397 269
397 312
397 333
397 461
397 525
397 589
398 7
398 9
398 14
398 64
398 74
398 78
398 79
398 80
398 83
398 94
398 137
398 182
398 192
398 201
398 202
398 206
398 207
398 246
398 263
398 265
398 270
398 327
398 334
398 391
398 438
398 454
398 455
398 462
398 518
398 519
398 526
398 583
398 590
398 647
398 711
398 775
398 838
398 839
398 903
398 905
398 910
398 918
398 966
398 967
398 1031
398 1033
398 1094
398 1095
398 1102
398 1158
398 1159
398 1223
398 1225
398 1230
398 1270
399 207
399 271
399 335
399 463
399 464
399 527
399 591
400 208
400 272
400 336
400 464
400 528
400 592
400 772
401 209
401 273
401 337
401 465
401 529
401 593
401 1017
401 1081
402 210
402 274
402 338
402 466
402 530
402 594
402 817
403 211
403 275
403 339
403 467
403 531
403 595
404 212
404 221
404 276
404 340
404 468
404 513
404 532
404 596
404 750
404 1115
405 213
405 277
405 341
405 469
405 533
405 597
405 1113
406 214
406 278
406 342
406 470
406 534
406 598
407 215
407 279
407 306
407 343
407 428
407 471
407 535
407 599
407 746
407 1218
408 216
408 280
408 344
408 472
408 536
408 600
408 874
409 217
409 281
409 345
409 473
409 537
409 601
410 218
410 282
410 346
410 412
410 474
410 538
410 602
411 219
411 283
411 347
411 475
411 539
411 603
412 220
412 284
412 348
412 410
412 476
412 540
412 604
413 169
413 221
413 285
413 349
413 477
413 541
413 605
414 222
414 286
414 350
414 478
414 542
414 606
415 223
415 287
415 351
415 479
415 543
415 607
416 216
416 224
416 288
416 352
416 480
416 496
416 544
416 608
416 922
416 1066
417 225
417 289
417 353
417 481
417 545
417 609
417 826
418 226
418 290
418 354
418 482
418 546
418 610
418 707
418 1077
418 1080
418 1127
419 227
419 291
419 355
419 483
419 547
419 611
420 228
420 292
420 356
420 484
420 548
420 612
421 229
421 293
421 357
421 485
421 549
421 613
422 230
422 294
422 324
422 358
422 486
422 531
422 550
422 614
422 814
422 1091
423 231
423 295
423 359
423 487
423 551
423 615
423 1160
424 232
424 296
424 360
424 488
424 552
424 616
424 858
424 1209
424 1240
424 1265
425 108
425 109
425 233
425 297
425 361
425 430
425 489
425 553
425 617
425 1228
426 234
426 298
426 362
426 490
426 554
426 618
426 677
426 1114
427 184
427 235
427 281
427 299
427 351
427 363
427 491
427 555
427 575
427 619
428 236
428 300
428 306
428 364
428 407
428 492
428 556
428 620
428 746
428 1218
429 228
429 237
429 301
429 365
429 493
429 557
429 621
430 108
430 109
430 238
430 302
430 366
430 425
430 494
430 558
430 622
430 1228
431 239
431 303
431 367
431 495
431 559
431 589
431 623
431 632
431 920
431 1071
432 240
432 304
432 368
432 441
432 496
432 560
432 608
432 624
432 825
432 959
432 1042
433 241
433 305
433 369
433 497
433 561
433 625
433 1173
433 1275
434 242
434 306
434 370
434 498
434 545
434 562
434 626
434 1279
435 243
435 307
435 325
435 371
435 466
435 499
435 563
435 627
436 244
436 308
436 372
436 500
436 564
436 628
437 245
437 279
437 309
437 373
437 501
437 565
437 629
437 994
438 0
438 14
438 15
438 64
438 74
438 79
438 80
438 83
438 94
438 137
438 182
438 192
438 202
438 207
438 211
438 246
438 265
438 310
438 329
438 374
438 394
438 398
438 454
438 502
438 518
438 519
438 566
438 583
438 585
438 630
438 647
438 777
438 838
438 905
438 906
438 910
438 918
438 966
438 1033
438 1094
438 1095
438 1102
438 1158
438 1223
438 1230
438 1270
439 247
439 311
439 375
439 442
439 503
439 567
439 631
439 1047
440 248
440 312
440 376
440 504
440 568
440 632
440 1256
441 249
441 313
441 377
441 432
441 505
441 569
441 608
441 633
441 825
441 959
441 1042
442 250
442 314
442 378
442 439
442 506
442 570
442 634
442 1047
443 251
443 315
443 379
443 447
443 507
443 571
443 635
444 252
444 285
444 316
444 380
444 508
444 572
444 573
444 610
444 636
445 253
445 317
445 368
445 381
445 509
445 573
445 633
445 637
445 879
446 254
446 318
446 380
446 382
446 510
446 574
446 638
447 255
447 319
447 383
447 443
447 511
447 571
447 575
447 639
448 256
448 320
448 384
448 512
448 576
448 640
449 257
449 321
449 385
449 513
449 577
449 641
449 1205
450 258
450 322
450 386
450 514
450 578
450 642
450 760
451 259
451 323
451 387
451 499
451 515
451 579
451 643
451 655
452 260
452 324
452 388
452 516
452 580
452 644
453 37
453 261
453 325
453 389
453 517
453 529
453 581
453 645
454 7
454 9
454 14
454 64
454 71
454 73
454 74
454 78
454 79
454 80
454 83
454 94
454 135
454 137
454 182
454 201
454 202
454 207
454 246
454 262
454 263
454 265
454 270
454 326
454 327
454 390
454 391
454 398
454 438
454 455
454 518
454 519
454 582
454 583
454 646
454 647
454 711
454 775
454 838
454 839
454 903
454 905
454 910
454 918
454 966
454 967
454 1031
454 1033
454 1094
454 1095
454 1102
454 1159
454 1223
454 1225
454 1230
454 1270
455 7
455 9
455 14
455 71
455 73
455 74
455 78
455 83
455 135
455 199
455 201
455 207
455 246
455 263
455 265
455 270
455 327
455 391
455 398
455 454
455 519
455 583
455 647
455 711
455 775
455 839
455 903
455 967
455 1031
455 1095
455 1159
455 1223
455 1225
456 5
456 264
456 328
456 392
456 520
456 584
456 645
456 648
456 651
456 1185
457 6
457 70
457 134
457 198
457 262
457 265
457 326
457 329
457 390
457 393
457 521
457 582
457 585
457 649
457 710
457 774
457 841
457 902
457 969
457 1030
457 1097
457 1161
457 1222
458 266
458 330
458 394
458 522
458 586
458 650
459 267
459 331
459 395
459 486
459 523
459 587
459 651
460 268
460 332
460 396
460 524
460 588
460 652
460 885
461 22
461 269
461 333
461 397
461 525
461 589
461 653
461 1156
462 8
462 270
462 334
462 398
462 526
462 590
462 654
462 686
463 271
463 335
463 374
463 399
463 527
463 591
463 655
464 272
464 336
464 399
464 400
464 528
464 592
464 656
465 273
465 337
465 401
465 529
465 593
465 657
465 1213
466 274
466 325
466 338
466 402
466 435
466 530
466 594
466 658
467 275
467 339
467 403
467 531
467 595
467 659
467 954
468 101
468 276
468 340
468 404
468 532
468 596
468 622
468 660
468 791
468 1032
469 277
469 341
469 405
469 533
469 597
469 661
470 278
470 342
470 406
470 534
470 598
470 662
471 279
471 343
471 407
471 535
471 599
471 663
472 280
472 344
472 408
472 536
472 600
472 664
472 679
473 49
473 88
473 281
473 345
473 409
473 537
473 601
473 665
473 1164
474 282
474 346
474 410
474 538
474 602
474 666
474 1258
475 76
475 245
475 283
475 347
475 411
475 539
475 603
475 667
475 721
475 1227
476 284
476 348
476 412
476 535
476 540
476 596
476 604
476 668
476 1202
477 153
477 285
477 349
477 413
477 541
477 605
477 669
477 730
477 1179
478 286
478 333
478 350
478 414
478 542
478 606
478 670
479 287
479 351
479 415
479 543
479 607
479 671
479 759
479 934
480 288
480 352
480 416
480 544
480 608
480 672
481 289
481 353
481 417
481 545
481 609
481 673
482 67
482 290
482 354
482 418
482 546
482 610
482 674
483 177
483 291
483 355
483 419
483 547
483 611
483 638
483 675
484 292
484 356
484 420
484 548
484 612
484 676
484 976
485 293
485 295
485 357
485 421
485 549
485 613
485 677
485 770
486 294
486 358
486 422
486 459
486 550
486 614
486 678
487 295
487 359
487 385
487 423
487 551
487 615
487 679
488 296
488 360
488 424
488 552
488 616
488 680
488 895
488 917
488 1278
489 297
489 361
489 425
489 553
489 617
489 681
489 1118
490 28
490 33
490 121
490 298
490 362
490 426
490 554
490 618
490 682
490 1029
491 299
491 341
491 363
491 427
491 555
491 602
491 619
491 683
491 977
492 42
492 234
492 288
492 300
492 364
492 428
492 556
492 615
492 620
492 684
492 1101
493 301
493 365
493 429
493 557
493 621
493 685
494 302
494 366
494 430
494 558
494 622
494 686
494 862
494 1229
495 62
495 303
495 367
495 431
495 559
495 623
495 627
495 687
496 216
496 304
496 368
496 416
496 432
496 560
496 624
496 688
496 922
496 1066
497 223
497 305
497 369
497 433
497 561
497 562
497 625
497 689
497 766
497 1056
498 306
498 370
498 434
498 562
498 626
498 690
498 1125
499 307
499 371
499 435
499 451
499 563
499 627
499 655
499 691
500 43
500 63
500 308
500 372
500 436
500 564
500 628
500 637
500 692
500 1260
501 309
501 373
501 437
501 565
501 629
501 693
502 310
502 374
502 438
502 566
502 630
502 694
503 183
503 277
503 280
503 311
503 375
503 392
503 439
503 547
503 567
503 631
503 695
503 744
503 812
504 31
504 312
504 376
504 440
504 568
504 632
504 696
505 313
505 377
505 441
505 569
505 633
505 697
505 899
505 1063
506 314
506 361
506 378
506 442
506 570
506 634
506 698
506 785
506 861
506 1018
507 298
507 315
507 372
507 379
507 443
507 571
507 635
507 699
507 1020
507 1150
508 316
508 380
508 444
508 572
508 636
508 700
508 773
508 1093
509 317
509 381
509 445
509 573
509 637
509 701
509 1002
509 1048
510 112
510 318
510 382
510 446
510 574
510 638
510 702
510 1061
511 319
511 383
511 447
511 575
511 639
511 703
511 856
512 301
512 320
512 384
512 448
512 576
512 640
512 704
512 979
513 221
513 321
513 385
513 404
513 449
513 577
513 641
513 705
513 750
513 1115
514 322
514 386
514 450
514 578
514 642
514 706
515 323
515 387
515 451
515 543
515 563
515 579
515 643
515 707
515 752
515 1233
516 324
516 388
516 452
516 580
516 644
516 708
516 1163
517 325
517 389
517 453
517 581
517 645
517 657
517 709
517 1139
518 0
518 14
518 15
518 64
518 74
518 79
518 80
518 83
518 94
518 137
518 182
518 192
518 202
518 207
518 211
518 246
518 265
518 270
518 326
518 329
518 390
518 394
518 398
518 438
518 454
518 519
518 582
518 583
518 585
518 646
518 647
518 710
518 777
518 838
518 905
518 906
518 910
518 918
518 966
518 1033
518 1094
518 1095
518 1102
518 1158
518 1223
518 1225
518 1230
518 1270
519 7
519 9
519 14
519 64
519 74
519 78
519 79
519 80
519 83
519 94
519 137
519 182
519 192
519 201
519 202
519 207
519 211
519 246
519 263
519 265
519 270
519 327
519 391
519 398
519 438
519 454
519 455
519 518
519 583
519 585
519 647
519 711
519 838
519 839
519 905
519 906
519 910
519 918
519 966
519 1033
519 1094
519 1095
519 1102
519 1158
519 1159
519 1223
519 1225
519 1230
519 1270
520 44
520 328
520 392
520 456
520 584
520 648
520 712
520 1013
521 6
521 70
521 134
521 198
521 262
521 326
521 329
521 390
521 393
521 457
521 582
521 585
521 649
521 710
521 713
521 774
521 841
521 902
521 969
521 1030
521 1097
521 1161
521 1222
522 330
522 394
522 458
522 586
522 650
522 714
522 782
523 157
523 331
523 395
523 459
523 587
523 651
523 715
523 1153
524 332
524 396
524 460
524 588
524 652
524 716
525 193
525 333
525 397
525 461
525 589
525 653
525 717
526 334
526 398
526 462
526 590
526 654
526 718
526 896
527 335
527 399
527 463
527 591
527 655
527 719
528 336
528 400
528 464
528 592
528 656
528 720
528 970
529 37
529 337
529 401
529 453
529 465
529 593
529 657
529 721
530 338
530 402
530 466
530 594
530 658
530 722
531 324
531 339
531 403
531 422
531 467
531 595
531 659
531 723
531 814
531 1091
532 340
532 404
532 468
532 596
532 660
532 724
533 341
533 405
533 469
533 597
533 661
533 725
533 850
534 342
534 406
534 470
534 598
534 662
534 726
535 343
535 407
535 471
535 476
535 596
535 599
535 663
535 668
535 727
535 1202
536 85
536 344
536 408
536 472
536 600
536 664
536 728
536 820
536 1191
537 257
537 345
537 409
537 473
537 601
537 653
537 665
537 705
537 729
538 346
538 410
538 474
538 574
538 602
538 666
538 729
538 730
538 1195
538 1244
538 1266
539 61
539 172
539 307
539 347
539 411
539 475
539 603
539 667
539 698
539 731
539 755
539 894
539 1023
539 1268
540 151
540 348
540 412
540 476
540 604
540 668
540 732
540 809
540 823
541 205
541 349
541 353
541 413
541 477
541 605
541 669
541 733
542 350
542 414
542 478
542 606
542 670
542 734
543 351
543 415
543 479
543 515
543 563
543 607
543 671
543 735
543 752
543 1233
544 352
544 360
544 416
544 480
544 608
544 672
544 736
544 955
544 1207
545 353
545 417
545 434
545 481
545 609
545 673
545 737
545 1279
546 97
546 354
546 418
546 482
546 610
546 674
546 738
546 925
547 183
547 277
547 280
547 355
547 392
547 419
547 483
547 503
547 611
547 675
547 739
547 744
547 812
548 356
548 420
548 484
548 612
548 676
548 740
549 124
549 357
549 371
549 421
549 485
549 613
549 677
549 741
549 1011
550 358
550 422
550 486
550 614
550 678
550 742
551 359
551 423
551 487
551 615
551 648
551 679
551 743
551 776
551 985
552 360
552 424
552 488
552 616
552 680
552 744
553 361
553 425
553 489
553 617
553 681
553 745
554 243
554 362
554 426
554 490
554 601
554 618
554 682
554 746
555 363
555 427
555 491
555 619
555 683
555 747
555 795
555 811
555 875
555 944
556 179
556 364
556 428
556 492
556 620
556 626
556 684
556 748
556 883
556 1037
557 47
557 365
557 429
557 493
557 621
557 685
557 749
557 761
557 816
558 366
558 430
558 494
558 622
558 644
558 686
558 738
558 750
558 909
559 367
559 431
559 495
559 623
559 687
559 751
560 240
560 299
560 368
560 432
560 496
560 624
560 688
560 752
560 956
561 369
561 433
561 497
561 625
561 689
561 753
561 1149
561 1243
562 223
562 370
562 434
562 497
562 498
562 626
562 690
562 754
562 766
562 1056
563 371
563 435
563 499
563 515
563 543
563 627
563 691
563 752
563 755
563 1233
564 236
564 370
564 372
564 436
564 500
564 628
564 692
564 756
564 1211
565 25
565 166
565 296
565 373
565 437
565 501
565 629
565 693
565 757
565 1248
566 0
566 15
566 192
566 211
566 329
566 374
566 393
566 394
566 438
566 502
566 585
566 630
566 646
566 694
566 713
566 758
566 777
566 838
566 854
566 906
566 966
566 1158
566 1174
567 375
567 439
567 503
567 631
567 689
567 695
567 759
568 354
568 376
568 440
568 504
568 632
568 641
568 696
568 760
568 1197
569 377
569 441
569 505
569 633
569 697
569 761
569 1068
569 1176
570 378
570 442
570 506
570 634
570 698
570 762
570 1165
571 379
571 443
571 447
571 507
571 635
571 699
571 763
572 380
572 444
572 508
572 636
572 700
572 764
572 1021
572 1041
572 1073
573 285
573 381
573 444
573 445
573 509
573 610
573 637
573 701
573 765
574 382
574 446
574 510
574 538
574 638
574 702
574 729
574 766
574 1195
574 1244
574 1266
575 184
575 281
575 351
575 383
575 427
575 447
575 511
575 639
575 703
575 767
576 384
576 448
576 512
576 640
576 704
576 768
577 210
577 385
577 449
577 513
577 641
577 705
577 769
577 972
578 140
578 386
578 450
578 514
578 642
578 706
578 770
578 1251
579 2
579 186
579 387
579 451
579 515
579 643
579 707
579 715
579 771
580 388
580 452
580 516
580 644
580 708
580 772
581 389
581 453
581 517
581 645
581 709
581 773
581 821
581 908
582 6
582 70
582 134
582 198
582 262
582 326
582 390
582 454
582 457
582 518
582 521
582 646
582 649
582 710
582 774
582 841
582 902
582 969
582 1030
582 1097
582 1161
582 1222
583 7
583 9
583 14
583 64
583 74
583 78
583 79
583 80
583 83
583 94
583 137
583 182
583 192
583 201
583 202
583 207
583 246
583 263
583 265
583 270
583 327
583 391
583 398
583 438
583 454
583 455
583 518
583 519
583 647
583 711
583 775
583 838
583 839
583 903
583 905
583 910
583 918
583 966
583 1031
583 1033
583 1094
583 1095
583 1102
583 1158
583 1159
583 1223
583 1225
583 1230
583 1270
584 392
584 456
584 520
584 648
584 712
584 776
584 1135
585 0
585 15
585 64
585 79
585 80
585 83
585 94
585 137
585 182
585 192
585 202
585 211
585 329
585 393
585 394
585 438
585 457
585 518
585 519
585 521
585 566
585 646
585 649
585 713
585 777
585 838
585 854
585 905
585 906
585 910
585 918
585 966
585 1033
585 1094
585 1102
585 1158
585 1174
585 1230
585 1270
586 394
586 458
586 522
586 650
586 714
586 778
587 395
587 459
587 523
587 651
587 715
587 779
587 929
587 1035
587 1190
588 396
588 460
588 524
588 652
588 716
588 780
588 952
589 397
589 431
589 461
589 525
589 632
589 653
589 717
589 781
589 920
589 1071
590 398
590 462
590 526
590 654
590 718
590 782
591 399
591 463
591 527
591 655
591 719
591 783
592 400
592 464
592 528
592 656
592 720
592 784
593 401
593 465
593 529
593 657
593 721
593 785
593 939
593 1052
593 1215
594 402
594 466
594 530
594 658
594 683
594 722
594 786
594 797
595 120
595 130
595 403
595 467
595 531
595 659
595 723
595 787
595 807
595 1254
596 404
596 468
596 476
596 532
596 535
596 660
596 668
596 724
596 788
596 1202
597 21
597 405
597 469
597 533
597 661
597 725
597 789
598 406
598 470
598 534
598 662
598 726
598 790
599 407
599 471
599 535
599 663
599 727
599 791
599 949
600 408
600 472
600 536
600 664
600 728
600 792
601 243
601 409
601 473
601 537
601 554
601 665
601 729
601 793
602 341
602 410
602 474
602 491
602 538
602 666
602 730
602 794
602 977
603 411
603 475
603 539
603 667
603 731
603 795
603 1148
603 1273
604 412
604 476
604 540
604 668
604 732
604 796
605 413
605 477
605 541
605 669
605 733
605 797
606 414
606 478
606 542
606 670
606 734
606 798
607 415
607 479
607 543
607 671
607 735
607 799
608 416
608 432
608 441
608 480
608 544
608 672
608 736
608 800
608 825
608 959
608 1042
609 95
609 417
609 481
609 545
609 673
609 737
609 801
609 1154
610 285
610 418
610 444
610 482
610 546
610 573
610 674
610 738
610 802
611 419
611 483
611 547
611 675
611 739
611 803
611 1192
612 420
612 484
612 548
612 676
612 740
612 804
613 421
613 485
613 549
613 636
613 672
613 677
613 741
613 805
613 957
614 422
614 486
614 550
614 678
614 742
614 806
615 42
615 234
615 288
615 423
615 487
615 492
615 551
615 679
615 743
615 807
615 1101
616 424
616 488
616 552
616 680
616 743
616 744
616 808
617 3
617 425
617 489
617 553
617 670
617 681
617 745
617 809
617 882
618 387
618 426
618 490
618 554
618 682
618 746
618 810
618 1169
619 427
619 491
619 555
619 683
619 747
619 811
620 428
620 492
620 556
620 684
620 748
620 793
620 812
621 429
621 493
621 557
621 685
621 749
621 813
621 1271
622 101
622 430
622 468
622 494
622 558
622 686
622 750
622 791
622 814
622 1032
623 431
623 495
623 559
623 658
623 687
623 751
623 815
623 829
624 346
624 432
624 496
624 560
624 688
624 752
624 816
624 893
624 940
625 253
625 433
625 497
625 561
625 689
625 753
625 817
625 987
626 179
626 434
626 498
626 556
626 562
626 690
626 754
626 818
626 883
626 1037
627 62
627 435
627 495
627 499
627 563
627 691
627 755
627 819
628 304
628 436
628 500
628 564
628 692
628 756
628 820
628 947
628 948
629 160
629 328
629 437
629 501
629 565
629 693
629 757
629 821
630 144
630 438
630 502
630 566
630 694
630 758
630 822
631 254
631 439
631 503
631 567
631 695
631 759
631 823
631 837
632 431
632 440
632 504
632 568
632 589
632 696
632 760
632 824
632 920
632 1071
633 368
633 441
633 445
633 505
633 569
633 697
633 761
633 825
633 879
634 364
634 442
634 506
634 570
634 698
634 762
634 826
635 443
635 507
635 571
635 699
635 763
635 827
635 1184
636 444
636 508
636 572
636 613
636 672
636 700
636 764
636 828
636 957
637 43
637 63
637 445
637 500
637 509
637 573
637 701
637 765
637 829
637 1260
638 177
638 446
638 483
638 510
638 574
638 702
638 766
638 830
639 447
639 511
639 575
639 703
639 767
639 831
640 448
640 512
640 576
640 704
640 768
640 832
640 1162
641 354
641 449
641 513
641 568
641 577
641 705
641 769
641 833
641 1197
642 53
642 450
642 514
642 578
642 706
642 770
642 834
642 913
642 1027
643 60
643 451
643 515
643 579
643 707
643 771
643 835
644 452
644 516
644 558
644 580
644 708
644 738
644 772
644 836
644 909
645 5
645 453
645 456
645 517
645 581
645 651
645 709
645 773
645 837
645 1185
646 0
646 15
646 192
646 211
646 329
646 393
646 394
646 454
646 518
646 566
646 582
646 585
646 710
646 713
646 774
646 777
646 838
646 854
646 906
646 1158
646 1174
647 7
647 9
647 14
647 64
647 74
647 78
647 79
647 80
647 83
647 94
647 137
647 182
647 192
647 201
647 202
647 207
647 246
647 263
647 265
647 270
647 327
647 391
647 398
647 438
647 454
647 455
647 518
647 519
647 583
647 711
647 775
647 838
647 839
647 903
647 905
647 910
647 918
647 966
647 967
647 1031
647 1033
647 1094
647 1095
647 1102
647 1158
647 1159
647 1223
647 1225
647 1230
647 1270
648 456
648 520
648 551
648 584
648 712
648 776
648 840
648 985
649 6
649 70
649 134
649 198
649 262
649 326
649 390
649 457
649 521
649 582
649 585
649 710
649 713
649 774
649 777
649 841
649 902
649 969
649 1030
649 1097
649 1161
649 1222
650 128
650 458
650 522
650 586
650 714
650 778
650 842
651 5
651 456
651 459
651 523
651 587
651 645
651 715
651 779
651 843
651 1185
652 460
652 524
652 588
652 716
652 780
652 844
653 257
653 461
653 525
653 537
653 589
653 705
653 717
653 781
653 845
654 462
654 526
654 590
654 718
654 782
654 846
655 451
655 463
655 499
655 527
655 591
655 719
655 783
655 847
656 464
656 528
656 592
656 720
656 784
656 848
657 465
657 517
657 529
657 593
657 721
657 785
657 849
657 1139
658 466
658 530
658 594
658 623
658 722
658 786
658 829
658 850
659 467
659 531
659 595
659 723
659 787
659 851
660 468
660 532
660 596
660 724
660 756
660 788
660 852
661 469
661 533
661 597
661 725
661 789
661 853
661 1086
662 147
662 470
662 534
662 598
662 726
662 790
662 854
663 35
663 195
663 217
663 248
663 471
663 535
663 599
663 727
663 791
663 855
664 300
664 472
664 536
664 600
664 728
664 792
664 856
665 473
665 537
665 601
665 729
665 793
665 857
666 474
666 538
666 602
666 730
666 794
666 858
667 475
667 539
667 603
667 731
667 795
668 476
668 535
668 540
668 596
668 604
668 732
668 796
668 860
668 1202
669 477
669 541
669 605
669 733
669 797
669 861
670 3
670 478
670 542
670 606
670 617
670 734
670 798
670 862
670 882
671 48
671 316
671 345
671 479
671 543
671 607
671 735
671 799
671 863
671 1105
672 480
672 544
672 608
672 613
672 636
672 736
672 800
672 864
672 957
673 154
673 219
673 481
673 545
673 609
673 737
673 801
673 865
674 482
674 546
674 610
674 684
674 687
674 738
674 767
674 802
674 866
675 483
675 547
675 611
675 739
675 803
676 484
676 548
676 612
676 740
676 804
676 868
677 426
677 485
677 549
677 613
677 741
677 805
677 869
677 1114
678 486
678 550
678 614
678 742
678 806
678 870
679 472
679 487
679 551
679 615
679 743
679 807
679 871
680 488
680 552
680 616
680 693
680 744
680 808
680 872
680 1194
681 489
681 553
681 617
681 745
681 781
681 809
681 873
681 898
681 1122
681 1253
682 152
682 490
682 554
682 618
682 746
682 810
682 874
682 884
682 1007
682 1137
683 491
683 555
683 594
683 619
683 747
683 797
683 811
683 875
684 492
684 556
684 620
684 674
684 687
684 748
684 767
684 812
684 876
685 50
685 349
685 493
685 557
685 621
685 749
685 813
685 877
685 1224
686 8
686 462
686 494
686 558
686 622
686 750
686 814
686 878
687 495
687 559
687 623
687 674
687 684
687 751
687 767
687 815
687 879
688 496
688 560
688 624
688 752
688 816
688 880
689 497
689 561
689 567
689 625
689 753
689 817
689 881
690 498
690 562
690 626
690 754
690 818
690 882
690 1182
691 191
691 344
691 499
691 563
691 627
691 755
691 819
691 883
692 187
692 500
692 564
692 628
692 756
692 820
692 884
692 1109
692 1199
693 501
693 565
693 629
693 680
693 757
693 821
693 885
693 1194
694 502
694 566
694 630
694 758
694 822
694 886
695 503
695 567
695 631
695 759
695 823
695 887
695 1203
696 504
696 568
696 632
696 760
696 824
696 888
696 914
696 1183
697 505
697 569
697 633
697 761
697 825
697 889
697 1045
698 61
698 172
698 307
698 506
698 539
698 570
698 634
698 755
698 762
698 826
698 890
698 894
698 1023
698 1268
699 507
699 571
699 635
699 763
699 827
699 891
700 508
700 572
700 636
700 764
700 828
700 892
700 1003
700 1074
701 509
701 573
701 637
701 765
701 829
701 893
701 1106
702 96
702 381
702 510
702 574
702 638
702 766
702 830
702 894
703 511
703 575
703 639
703 767
703 831
703 895
704 139
704 512
704 576
704 640
704 768
704 784
704 832
704 896
705 257
705 513
705 537
705 577
705 641
705 653
705 769
705 833
705 897
706 123
706 514
706 578
706 642
706 770
706 805
706 834
706 872
706 898
707 418
707 515
707 579
707 643
707 771
707 835
707 899
707 1077
707 1080
707 1127
708 516
708 580
708 644
708 772
708 836
708 900
709 517
709 581
709 645
709 727
709 773
709 837
709 901
710 6
710 70
710 134
710 198
710 262
710 326
710 390
710 457
710 518
710 521
710 582
710 646
710 649
710 774
710 838
710 841
710 902
710 969
710 1030
710 1097
710 1161
710 1222
711 7
711 9
711 14
711 71
711 73
711 74
711 78
711 135
711 199
711 201
711 207
711 263
711 265
711 270
711 327
711 391
711 398
711 454
711 455
711 519
711 583
711 647
711 775
711 839
711 903
711 967
711 1031
711 1095
711 1159
711 1223
711 1225
712 520
712 584
712 648
712 776
712 818
712 840
712 904
712 1144
713 0
713 15
713 192
713 211
713 329
713 393
713 394
713 521
713 566
713 585
713 646
713 649
713 777
713 841
713 854
713 905
713 906
713 1158
713 1174
714 522
714 586
714 650
714 778
714 842
714 906
715 2
715 186
715 523
715 579
715 587
715 651
715 779
715 843
715 907
716 175
716 524
716 588
716 652
716 780
716 844
716 908
716 1247
717 525
717 589
717 653
717 724
717 781
717 845
717 909
717 1046
718 54
718 526
718 590
718 654
718 782
718 846
718 910
719 527
719 591
719 655
719 783
719 847
719 911
720 528
720 592
720 656
720 784
720 848
720 912
720 1152
721 76
721 245
721 475
721 529
721 593
721 657
721 785
721 849
721 913
721 1227
722 530
722 594
722 658
722 786
722 850
722 914
723 531
723 595
723 659
723 787
723 851
723 915
724 532
724 596
724 660
724 717
724 788
724 852
724 916
724 1046
725 533
725 597
725 661
725 789
725 853
725 917
726 534
726 598
726 662
726 790
726 854
726 918
727 535
727 599
727 663
727 709
727 791
727 855
727 919
728 383
728 536
728 600
728 664
728 792
728 856
728 920
729 537
729 538
729 574
729 601
729 665
729 793
729 857
729 921
729 1195
729 1244
729 1266
730 153
730 477
730 538
730 602
730 666
730 794
730 858
730 922
730 1179
731 213
731 539
731 603
731 667
731 795
731 859
731 923
731 986
732 540
732 604
732 668
732 796
732 801
732 860
732 865
732 924
732 1276
733 541
733 605
733 669
733 797
733 861
733 925
734 542
734 606
734 670
734 798
734 862
734 926
735 252
735 543
735 607
735 671
735 799
735 863
735 927
736 544
736 608
736 672
736 800
736 864
736 928
737 545
737 609
737 673
737 801
737 865
737 929
737 936
737 993
737 1186
738 546
738 558
738 610
738 644
738 674
738 802
738 866
738 909
738 930
739 547
739 611
739 675
739 803
739 931
740 548
740 612
740 676
740 804
740 868
740 932
741 220
741 549
741 613
741 677
741 805
741 869
741 933
741 1099
742 91
742 550
742 614
742 678
742 806
742 870
742 934
742 1059
743 551
743 615
743 616
743 679
743 807
743 871
743 935
744 183
744 277
744 280
744 392
744 503
744 547
744 552
744 616
744 680
744 808
744 812
744 872
744 936
745 136
745 553
745 617
745 681
745 809
745 873
745 937
745 1057
746 306
746 407
746 428
746 554
746 618
746 682
746 810
746 874
746 938
746 1218
747 555
747 619
747 683
747 811
747 875
747 939
747 1112
748 556
748 620
748 684
748 812
748 876
748 940
749 323
749 557
749 621
749 685
749 813
749 877
749 941
750 221
750 404
750 513
750 558
750 622
750 686
750 814
750 878
750 942
750 1115
751 559
751 623
751 687
751 815
751 876
751 879
751 891
751 943
752 515
752 543
752 560
752 563
752 624
752 688
752 816
752 880
752 944
752 1233
753 127
753 185
753 348
753 561
753 625
753 689
753 817
753 881
753 945
754 23
754 359
754 376
754 562
754 626
754 690
754 818
754 864
754 882
754 946
755 61
755 172
755 307
755 539
755 563
755 627
755 691
755 698
755 819
755 883
755 894
755 947
755 1023
755 1268
756 564
756 628
756 660
756 692
756 820
756 884
756 948
757 218
757 565
757 629
757 693
757 821
757 885
757 949
757 961
757 1055
757 1133
758 566
758 630
758 694
758 822
758 886
758 950
758 1167
759 479
759 567
759 631
759 695
759 823
759 887
759 934
759 951
760 450
760 568
760 632
760 696
760 824
760 888
760 952
761 47
761 557
761 569
761 633
761 697
761 816
761 825
761 889
761 953
762 570
762 634
762 698
762 826
762 890
762 954
762 1120
763 571
763 635
763 699
763 827
763 891
763 955
764 572
764 636
764 700
764 828
764 857
764 863
764 892
764 956
765 573
765 637
765 701
765 780
765 829
765 893
765 957
766 223
766 497
766 562
766 574
766 638
766 702
766 830
766 894
766 958
766 1056
767 575
767 639
767 674
767 684
767 687
767 703
767 831
767 895
767 959
768 576
768 640
768 704
768 832
768 896
768 960
769 264
769 290
769 577
769 641
769 705
769 833
769 835
769 897
769 961
770 295
770 485
770 578
770 642
770 706
770 834
770 898
770 962
771 579
771 643
771 707
771 803
771 835
771 899
771 963
772 400
772 580
772 644
772 708
772 836
772 900
772 964
773 508
773 581
773 645
773 709
773 837
773 901
773 965
773 1093
774 6
774 70
774 134
774 198
774 262
774 326
774 390
774 457
774 521
774 582
774 646
774 649
774 710
774 838
774 841
774 902
774 966
774 969
774 1030
774 1097
774 1161
774 1222
775 7
775 9
775 14
775 71
775 73
775 74
775 78
775 135
775 199
775 201
775 207
775 263
775 265
775 270
775 327
775 391
775 398
775 454
775 455
775 583
775 647
775 711
775 839
775 903
775 967
775 1031
775 1095
775 1159
775 1223
775 1225
776 551
776 584
776 648
776 712
776 840
776 904
776 968
776 985
777 0
777 15
777 79
777 94
777 192
777 211
777 329
777 393
777 394
777 438
777 518
777 566
777 585
777 646
777 649
777 713
777 838
777 841
777 854
777 905
777 906
777 966
777 969
777 1158
777 1174
777 1270
778 586
778 650
778 714
778 787
778 842
778 906
778 970
778 1054
779 162
779 587
779 651
779 715
779 843
779 907
779 971
780 588
780 652
780 716
780 765
780 844
780 908
780 972
781 589
781 653
781 681
781 717
781 845
781 898
781 909
781 973
781 1122
781 1253
782 522
782 590
782 654
782 718
782 846
782 910
782 974
783 591
783 655
783 719
783 847
783 911
783 975
784 139
784 592
784 656
784 704
784 720
784 848
784 912
784 976
785 361
785 506
785 593
785 657
785 721
785 849
785 861
785 913
785 977
785 1018
786 382
786 594
786 658
786 722
786 850
786 914
786 978
786 1259
787 595
787 659
787 723
787 778
787 851
787 915
787 979
787 1054
788 82
788 596
788 660
788 724
788 852
788 916
788 980
788 1141
789 597
789 661
789 725
789 853
789 917
789 981
789 1242
790 598
790 662
790 726
790 854
790 918
790 982
791 101
791 468
791 599
791 622
791 663
791 727
791 855
791 919
791 983
791 1032
792 317
792 600
792 664
792 728
792 796
792 856
792 920
792 984
793 601
793 620
793 665
793 729
793 857
793 921
793 985
794 602
794 666
794 730
794 858
794 922
794 986
795 555
795 603
795 667
795 731
795 811
795 859
795 875
795 923
795 944
795 987
796 317
796 604
796 668
796 732
796 792
796 860
796 924
796 988
797 594
797 605
797 669
797 683
797 733
797 861
797 925
797 989
798 606
798 670
798 734
798 862
798 926
798 990
799 48
799 316
799 345
799 607
799 671
799 735
799 863
799 927
799 991
799 1105
800 608
800 672
800 736
800 864
800 928
800 992
801 609
801 673
801 732
801 737
801 865
801 929
801 993
801 1276
802 610
802 674
802 738
802 866
802 869
802 930
802 994
803 611
803 675
803 739
803 771
803 867
803 931
803 995
804 612
804 676
804 740
804 868
804 932
804 996
805 123
805 613
805 677
805 706
805 741
805 869
805 872
805 933
805 997
806 232
806 614
806 678
806 742
806 870
806 934
806 998
806 1198
807 120
807 130
807 595
807 615
807 679
807 743
807 871
807 935
807 999
807 1254
808 616
808 680
808 744
808 872
808 933
808 936
808 1000
809 151
809 540
809 617
809 681
809 745
809 823
809 873
809 937
809 1001
810 618
810 682
810 746
810 874
810 938
810 958
810 1002
810 1181
810 1237
811 555
811 619
811 683
811 747
811 795
811 875
811 939
811 944
811 1003
812 183
812 277
812 280
812 392
812 503
812 547
812 620
812 684
812 744
812 748
812 876
812 940
812 1004
813 621
813 685
813 749
813 877
813 941
813 1005
814 324
814 422
814 531
814 622
814 686
814 750
814 878
814 942
814 1006
814 1091
815 623
815 687
815 751
815 879
815 943
815 1007
816 47
816 557
816 624
816 688
816 752
816 761
816 880
816 944
816 1008
817 402
817 625
817 689
817 753
817 881
817 945
817 1009
818 626
818 690
818 712
818 754
818 882
818 946
818 1010
818 1144
819 627
819 691
819 755
819 883
819 947
819 1011
820 85
820 536
820 628
820 692
820 756
820 884
820 948
820 1012
820 1191
821 581
821 629
821 693
821 757
821 885
821 908
821 949
821 1013
822 630
822 694
822 758
822 832
822 886
822 950
822 1014
823 151
823 540
823 631
823 695
823 759
823 809
823 887
823 951
823 1015
824 632
824 696
824 760
824 888
824 952
824 1016
824 1087
824 1208
824 1212
825 432
825 441
825 608
825 633
825 697
825 761
825 889
825 953
825 959
825 1017
825 1042
826 417
826 634
826 698
826 762
826 890
826 954
826 1018
827 635
827 699
827 763
827 891
827 955
827 1004
827 1019
828 636
828 700
828 764
828 892
828 956
828 1020
829 623
829 637
829 658
829 701
829 765
829 893
829 957
829 1021
830 638
830 702
830 766
830 894
830 958
830 1022
831 282
831 639
831 703
831 767
831 895
831 959
831 1023
832 640
832 704
832 768
832 822
832 896
832 960
832 1024
833 111
833 641
833 705
833 769
833 897
833 961
833 962
833 997
833 1025
834 642
834 706
834 770
834 898
834 962
834 1026
835 264
835 290
835 643
835 707
835 769
835 771
835 899
835 963
835 1027
836 644
836 708
836 772
836 900
836 964
836 1028
837 254
837 631
837 645
837 709
837 773
837 901
837 965
837 1029
838 0
838 14
838 15
838 64
838 74
838 79
838 80
838 83
838 94
838 137
838 182
838 192
838 202
838 207
838 211
838 246
838 265
838 329
838 394
838 398
838 438
838 454
838 518
838 519
838 566
838 583
838 585
838 646
838 647
838 710
838 774
838 777
838 902
838 905
838 906
838 910
838 918
838 966
838 1030
838 1033
838 1094
838 1095
838 1102
838 1158
838 1174
838 1230
838 1270
839 7
839 9
839 14
839 64
839 71
839 73
839 74
839 78
839 83
839 135
839 199
839 201
839 202
839 207
839 246
839 263
839 265
839 270
839 327
839 391
839 398
839 454
839 455
839 519
839 583
839 647
839 711
839 775
839 903
839 905
839 910
839 918
839 967
839 1031
839 1095
839 1102
839 1159
839 1223
839 1225
840 648
840 712
840 776
840 904
840 968
840 1015
840 1032
840 1234
841 6
841 70
841 134
841 198
841 262
841 326
841 390
841 457
841 521
841 582
841 649
841 710
841 713
841 774
841 777
841 902
841 905
841 969
841 1030
841 1033
841 1097
841 1161
841 1222
842 650
842 714
842 778
842 906
842 970
842 1034
843 197
843 651
843 715
843 779
843 907
843 971
843 1035
844 652
844 716
844 780
844 908
844 972
844 1036
845 653
845 717
845 781
845 909
845 973
845 1037
846 654
846 718
846 782
846 910
846 974
846 1038
847 655
847 719
847 783
847 911
847 975
847 1039
848 656
848 720
848 784
848 912
848 976
848 1040
849 657
849 721
849 785
849 913
849 977
849 1041
850 533
850 658
850 722
850 786
850 914
850 978
850 1042
851 659
851 723
851 787
851 915
851 979
851 1043
852 660
852 724
852 788
852 916
852 980
852 1044
853 661
853 725
853 789
853 917
853 981
853 1045
854 0
854 15
854 192
854 211
854 329
854 393
854 394
854 566
854 585
854 646
854 662
854 713
854 726
854 777
854 790
854 906
854 918
854 982
854 1046
854 1158
854 1174
855 663
855 727
855 791
855 919
855 983
855 1047
855 1277
856 511
856 664
856 728
856 792
856 920
856 984
856 1048
857 665
857 729
857 764
857 793
857 863
857 921
857 985
857 1049
858 424
858 666
858 730
858 794
858 922
858 986
858 1050
858 1209
858 1240
858 1265
859 731
859 795
859 923
859 987
859 1051
860 190
860 668
860 732
860 796
860 924
860 988
860 1052
861 361
861 506
861 669
861 733
861 785
861 797
861 925
861 989
861 1018
861 1053
862 494
862 670
862 734
862 798
862 926
862 990
862 1054
862 1229
863 671
863 735
863 764
863 799
863 857
863 927
863 991
863 1055
864 23
864 359
864 376
864 672
864 736
864 754
864 800
864 928
864 992
864 1056
865 673
865 732
865 737
865 801
865 929
865 993
865 1057
865 1276
866 250
866 674
866 738
866 802
866 930
866 994
866 1058
866 1157
867 803
867 931
867 995
867 1059
868 676
868 740
868 804
868 932
868 996
868 1060
869 677
869 741
869 802
869 805
869 933
869 997
869 1061
870 678
870 742
870 806
870 934
870 998
870 1062
871 51
871 171
871 231
871 347
871 679
871 743
871 807
871 935
871 999
871 1063
872 123
872 680
872 706
872 744
872 805
872 808
872 936
872 1000
872 1064
873 681
873 745
873 809
873 937
873 1001
873 1016
873 1065
873 1255
874 408
874 682
874 746
874 810
874 938
874 1002
874 1066
875 555
875 683
875 747
875 795
875 811
875 939
875 944
875 1003
875 1067
876 684
876 748
876 751
876 812
876 891
876 940
876 1004
876 1068
877 685
877 749
877 813
877 941
877 1005
877 1069
877 1175
878 81
878 686
878 750
878 814
878 942
878 1006
878 1070
879 368
879 445
879 633
879 687
879 751
879 815
879 943
879 1007
879 1071
880 688
880 752
880 816
880 944
880 1008
880 1072
881 375
881 689
881 753
881 817
881 945
881 1009
881 1049
881 1073
882 3
882 617
882 670
882 690
882 754
882 818
882 946
882 1010
882 1074
883 179
883 556
883 626
883 691
883 755
883 819
883 947
883 1011
883 1037
883 1075
884 152
884 682
884 692
884 756
884 820
884 948
884 1007
884 1012
884 1076
884 1137
885 460
885 693
885 757
885 821
885 949
885 1013
885 1077
886 694
886 758
886 822
886 950
886 1014
886 1078
887 695
887 759
887 823
887 951
887 1015
887 1079
888 696
888 760
888 824
888 952
888 1016
888 1080
889 697
889 761
889 825
889 953
889 1017
889 1081
890 251
890 289
890 698
890 762
890 826
890 954
890 1018
890 1082
890 1193
891 699
891 751
891 763
891 827
891 876
891 955
891 1019
891 1083
892 700
892 764
892 828
892 956
892 1020
892 1084
892 1085
893 346
893 624
893 701
893 765
893 829
893 940
893 957
893 1021
893 1085
894 61
894 172
894 307
894 539
894 698
894 702
894 755
894 766
894 830
894 958
894 1022
894 1023
894 1086
894 1268
895 488
895 703
895 767
895 831
895 917
895 959
895 1023
895 1087
895 1278
896 526
896 704
896 768
896 832
896 960
896 1024
896 1088
897 40
897 314
897 705
897 769
897 833
897 961
897 1025
897 1089
897 1121
898 681
898 706
898 770
898 781
898 834
898 962
898 1026
898 1090
898 1122
898 1253
899 505
899 707
899 771
899 835
899 963
899 1027
899 1063
899 1091
900 708
900 772
900 836
900 964
900 1028
900 1092
901 241
901 357
901 709
901 773
901 837
901 965
901 1029
901 1093
902 6
902 70
902 134
902 198
902 262
902 326
902 390
902 457
902 521
902 582
902 649
902 710
902 774
902 838
902 841
902 966
902 969
902 1030
902 1094
902 1097
902 1161
902 1222
903 7
903 9
903 71
903 73
903 74
903 78
903 83
903 135
903 199
903 201
903 202
903 207
903 246
903 263
903 265
903 270
903 327
903 391
903 398
903 454
903 455
903 583
903 647
903 711
903 775
903 839
903 910
903 967
903 1031
903 1095
903 1159
903 1223
903 1225
904 24
904 712
904 776
904 840
904 968
904 1032
904 1096
905 64
905 74
905 79
905 80
905 83
905 94
905 137
905 182
905 192
905 201
905 202
905 207
905 211
905 246
905 263
905 265
905 270
905 327
905 329
905 398
905 438
905 454
905 518
905 519
905 583
905 585
905 647
905 713
905 777
905 838
905 839
905 841
905 906
905 910
905 918
905 966
905 969
905 1033
905 1094
905 1095
905 1097
905 1102
905 1158
905 1159
905 1223
905 1225
905 1230
905 1270
906 0
906 15
906 64
906 79
906 80
906 94
906 137
906 182
906 192
906 211
906 329
906 394
906 438
906 518
906 519
906 566
906 585
906 646
906 713
906 714
906 777
906 778
906 838
906 842
906 854
906 905
906 918
906 966
906 970
906 1033
906 1034
906 1094
906 1098
906 1102
906 1158
906 1174
906 1230
906 1270
907 715
907 779
907 843
907 971
907 1035
907 1099
908 581
908 716
908 780
908 821
908 844
908 972
908 1036
908 1100
909 558
909 644
909 717
909 738
909 781
909 845
909 973
909 1037
909 1101
910 64
910 74
910 78
910 79
910 80
910 83
910 94
910 137
910 182
910 192
910 201
910 202
910 207
910 246
910 263
910 265
910 270
910 327
910 398
910 438
910 454
910 518
910 519
910 583
910 585
910 647
910 718
910 782
910 838
910 839
910 846
910 903
910 905
910 918
910 966
910 974
910 1031
910 1033
910 1038
910 1094
910 1095
910 1102
910 1158
910 1159
910 1223
910 1225
910 1230
910 1270
911 310
911 719
911 783
911 847
911 975
911 1039
911 1103
912 720
912 784
912 848
912 976
912 1040
912 1104
913 53
913 642
913 721
913 785
913 849
913 977
913 1027
913 1041
913 1105
914 696
914 722
914 786
914 850
914 978
914 1042
914 1106
914 1183
915 723
915 787
915 851
915 979
915 1043
915 1107
916 724
916 788
916 852
916 980
916 1044
916 1108
916 1134
917 488
917 725
917 789
917 853
917 895
917 981
917 1045
917 1109
917 1278
918 64
918 74
918 78
918 79
918 80
918 83
918 94
918 137
918 182
918 192
918 201
918 202
918 207
918 246
918 263
918 265
918 270
918 327
918 398
918 438
918 454
918 518
918 519
918 583
918 585
918 647
918 726
918 790
918 838
918 839
918 854
918 905
918 906
918 910
918 966
918 982
918 1033
918 1046
918 1094
918 1095
918 1102
918 1110
918 1158
918 1159
918 1223
918 1225
918 1230
918 1270
919 159
919 727
919 791
919 855
919 983
919 1047
919 1111
920 431
920 589
920 632
920 728
920 792
920 856
920 984
920 1048
920 1071
920 1112
921 729
921 793
921 857
921 985
921 1049
921 1113
922 216
922 416
922 496
922 730
922 794
922 858
922 986
922 1050
922 1066
922 1114
923 284
923 731
923 795
923 859
923 987
923 1051
923 1115
924 732
924 796
924 860
924 988
924 1052
924 1116
925 97
925 546
925 733
925 797
925 861
925 989
925 1053
925 1117
926 30
926 378
926 734
926 798
926 862
926 990
926 1054
926 1118
926 1171
927 735
927 799
927 863
927 978
927 991
927 1026
927 1055
927 1119
928 736
928 800
928 864
928 992
928 1056
928 1120
928 1140
928 1204
929 587
929 737
929 801
929 865
929 993
929 1035
929 1057
929 1121
929 1190
930 293
930 309
930 738
930 802
930 866
930 994
930 999
930 1058
930 1122
930 1146
931 235
931 739
931 803
931 867
931 995
931 1059
931 1123
932 740
932 804
932 868
932 996
932 1060
932 1124
933 741
933 805
933 808
933 869
933 997
933 1061
933 1125
934 479
934 742
934 759
934 806
934 870
934 998
934 1062
934 1126
935 743
935 807
935 871
935 999
935 1063
935 1127
936 737
936 744
936 808
936 872
936 993
936 1000
936 1064
936 1128
936 1186
937 745
937 809
937 873
937 1001
937 1065
937 1129
938 746
938 810
938 874
938 1002
938 1066
938 1130
939 593
939 747
939 811
939 875
939 1003
939 1052
939 1067
939 1131
939 1215
940 346
940 624
940 748
940 812
940 876
940 893
940 1004
940 1068
940 1132
941 146
941 749
941 813
941 877
941 1005
941 1069
941 1133
942 750
942 814
942 878
942 1006
942 1070
942 1134
943 358
943 751
943 815
943 879
943 1007
943 1071
943 1126
943 1135
944 555
944 752
944 795
944 811
944 816
944 875
944 880
944 1008
944 1072
944 1136
945 39
945 753
945 817
945 881
945 965
945 1009
945 1073
945 1137
946 754
946 818
946 882
946 983
946 1010
946 1074
946 1138
946 1189
947 304
947 628
947 755
947 819
947 883
947 948
947 1011
947 1075
947 1139
948 304
948 628
948 756
948 820
948 884
948 947
948 1012
948 1076
948 1140
949 599
949 757
949 821
949 885
949 1013
949 1077
949 1141
950 758
950 822
950 886
950 1014
950 1078
950 1142
951 311
951 369
951 759
951 823
951 887
951 1008
951 1010
951 1015
951 1079
951 1119
951 1143
951 1147
952 588
952 760
952 824
952 888
952 1016
952 1080
952 1144
953 377
953 761
953 825
953 889
953 1017
953 1081
953 1145
954 467
954 762
954 826
954 890
954 1018
954 1082
954 1146
955 360
955 544
955 763
955 827
955 891
955 1019
955 1083
955 1147
955 1207
956 240
956 299
956 560
956 764
956 828
956 892
956 1020
956 1084
956 1148
957 613
957 636
957 672
957 765
957 829
957 893
957 1021
957 1085
957 1149
958 766
958 810
958 830
958 894
958 1022
958 1086
958 1150
958 1181
958 1237
959 432
959 441
959 608
959 767
959 825
959 831
959 895
959 1023
959 1042
959 1087
959 1151
960 768
960 832
960 896
960 1024
960 1088
960 1152
961 218
961 757
961 769
961 833
961 897
961 1025
961 1055
961 1089
961 1133
961 1153
962 111
962 770
962 833
962 834
962 898
962 997
962 1026
962 1090
962 1154
963 170
963 771
963 835
963 899
963 1027
963 1091
963 1155
964 174
964 772
964 836
964 900
964 1028
964 1092
964 1156
965 39
965 773
965 837
965 901
965 945
965 1029
965 1093
965 1157
966 79
966 80
966 94
966 137
966 182
966 192
966 202
966 207
966 211
966 246
966 265
966 329
966 394
966 398
966 438
966 454
966 518
966 519
966 566
966 583
966 585
966 647
966 774
966 777
966 838
966 902
966 905
966 906
966 910
966 918
966 1030
966 1033
966 1094
966 1095
966 1102
966 1158
966 1174
966 1230
966 1270
967 7
967 9
967 71
967 73
967 78
967 135
967 199
967 201
967 207
967 263
967 265
967 270
967 327
967 391
967 398
967 454
967 455
967 647
967 711
967 775
967 839
967 903
967 1031
967 1095
967 1159
967 1223
967 1225
968 260
968 776
968 840
968 904
968 1032
968 1096
968 1108
968 1160
969 6
969 70
969 134
969 198
969 262
969 326
969 390
969 457
969 521
969 582
969 649
969 710
969 774
969 777
969 841
969 902
969 905
969 1030
969 1033
969 1097
969 1161
969 1222
970 528
970 778
970 842
970 906
970 1034
970 1098
970 1162
971 779
971 843
971 907
971 1035
971 1099
971 1163
972 210
972 577
972 780
972 844
972 908
972 1036
972 1100
972 1164
973 781
973 845
973 909
973 1037
973 1101
973 1165
974 384
974 782
974 846
974 910
974 1038
974 1102
974 1166
975 783
975 847
975 911
975 1039
975 1103
975 1167
975 1238
976 484
976 784
976 848
976 912
976 1040
976 1104
976 1168
977 341
977 491
977 602
977 785
977 849
977 913
977 1041
977 1105
977 1169
978 786
978 850
978 914
978 927
978 1026
978 1042
978 1106
978 1170
979 301
979 512
979 787
979 851
979 915
979 1043
979 1107
979 1171
980 244
980 788
980 852
980 916
980 1044
980 1064
980 1108
980 1124
980 1172
981 789
981 853
981 917
981 1045
981 1109
981 1151
981 1173
981 1200
982 10
982 790
982 854
982 918
982 1046
982 1110
982 1174
983 791
983 855
983 919
983 946
983 1047
983 1111
983 1175
983 1189
984 792
984 856
984 920
984 1048
984 1112
984 1176
985 551
985 648
985 776
985 793
985 857
985 921
985 1049
985 1113
985 1177
986 213
986 731
986 794
986 858
986 922
986 1050
986 1114
986 1178
987 253
987 625
987 795
987 859
987 923
987 1051
987 1115
987 1179
988 291
988 367
988 796
988 860
988 924
988 1052
988 1116
988 1180
989 797
989 861
989 925
989 1006
989 1053
989 1117
989 1181
990 798
990 862
990 926
990 1054
990 1118
990 1182
991 799
991 863
991 927
991 1055
991 1119
991 1183
992 106
992 292
992 800
992 864
992 928
992 1056
992 1120
992 1184
992 1236
993 737
993 801
993 865
993 929
993 936
993 1057
993 1121
993 1185
993 1186
994 279
994 437
994 802
994 866
994 930
994 1058
994 1122
994 1186
995 26
995 362
995 803
995 867
995 931
995 1059
995 1123
995 1138
995 1180
995 1187
996 804
996 868
996 932
996 1060
996 1124
996 1188
997 111
997 805
997 833
997 869
997 933
997 962
997 1061
997 1125
997 1189
998 200
998 321
998 806
998 870
998 934
998 1062
998 1126
998 1190
999 293
999 309
999 807
999 871
999 930
999 935
999 1063
999 1127
999 1146
999 1191
1000 45
1000 808
1000 872
1000 936
1000 1064
1000 1128
1000 1192
1001 366
1001 809
1001 873
1001 937
1001 1065
1001 1129
1001 1193
1002 509
1002 810
1002 874
1002 938
1002 1048
1002 1066
1002 1130
1002 1194
1003 700
1003 811
1003 875
1003 939
1003 1067
1003 1074
1003 1131
1003 1195
1004 812
1004 827
1004 876
1004 940
1004 1068
1004 1132
1004 1196
1005 813
1005 877
1005 941
1005 1069
1005 1133
1005 1197
1006 814
1006 878
1006 942
1006 989
1006 1070
1006 1134
1006 1198
1007 152
1007 682
1007 815
1007 879
1007 884
1007 943
1007 1071
1007 1135
1007 1137
1007 1199
1008 311
1008 369
1008 816
1008 880
1008 944
1008 951
1008 1010
1008 1072
1008 1119
1008 1136
1008 1147
1008 1200
1009 817
1009 881
1009 945
1009 1073
1009 1137
1009 1196
1009 1201
1009 1267
1010 311
1010 369
1010 818
1010 882
1010 946
1010 951
1010 1008
1010 1074
1010 1119
1010 1138
1010 1147
1010 1202
1011 124
1011 371
1011 549
1011 819
1011 883
1011 947
1011 1075
1011 1139
1011 1203
1012 820
1012 884
1012 948
1012 1076
1012 1140
1012 1204
1013 44
1013 520
1013 821
1013 885
1013 949
1013 1077
1013 1141
1013 1205
1014 822
1014 886
1014 950
1014 1060
1014 1078
1014 1142
1014 1206
1015 823
1015 840
1015 887
1015 951
1015 1079
1015 1143
1015 1207
1015 1234
1016 824
1016 873
1016 888
1016 952
1016 1080
1016 1144
1016 1208
1016 1255
1017 401
1017 825
1017 889
1017 953
1017 1081
1017 1145
1017 1209
1018 361
1018 506
1018 785
1018 826
1018 861
1018 890
1018 954
1018 1082
1018 1146
1018 1210
1019 27
1019 827
1019 891
1019 955
1019 1083
1019 1147
1019 1211
1020 298
1020 372
1020 507
1020 828
1020 892
1020 956
1020 1084
1020 1148
1020 1150
1020 1212
1021 572
1021 829
1021 893
1021 957
1021 1041
1021 1073
1021 1085
1021 1149
1021 1213
1022 56
1022 379
1022 830
1022 894
1022 958
1022 1086
1022 1150
1022 1214
1023 61
1023 172
1023 307
1023 539
1023 698
1023 755
1023 831
1023 894
1023 895
1023 959
1023 1087
1023 1151
1023 1215
1023 1268
1024 832
1024 896
1024 960
1024 1088
1024 1152
1024 1216
1025 833
1025 897
1025 961
1025 1089
1025 1130
1025 1153
1025 1217
1025 1239
1026 834
1026 898
1026 927
1026 962
1026 978
1026 1090
1026 1154
1026 1218
1027 53
1027 642
1027 835
1027 899
1027 913
1027 963
1027 1091
1027 1155
1027 1219
1028 836
1028 900
1028 964
1028 1092
1028 1156
1028 1220
1029 28
1029 33
1029 121
1029 490
1029 837
1029 901
1029 965
1029 1093
1029 1157
1029 1221
1030 6
1030 70
1030 134
1030 198
1030 262
1030 326
1030 390
1030 457
1030 521
1030 582
1030 649
1030 710
1030 774
1030 838
1030 841
1030 902
1030 966
1030 969
1030 1094
1030 1097
1030 1158
1030 1161
1030 1222
1031 7
1031 9
1031 71
1031 73
1031 78
1031 135
1031 199
1031 201
1031 202
1031 207
1031 246
1031 263
1031 265
1031 270
1031 327
1031 391
1031 398
1031 454
1031 455
1031 583
1031 647
1031 711
1031 775
1031 839
1031 903
1031 910
1031 967
1031 1095
1031 1159
1031 1223
1031 1225
1032 101
1032 468
1032 622
1032 791
1032 840
1032 904
1032 968
1032 1096
1032 1160
1032 1224
1033 64
1033 79
1033 80
1033 83
1033 94
1033 137
1033 182
1033 192
1033 201
1033 202
1033 207
1033 211
1033 246
1033 265
1033 270
1033 329
1033 394
1033 398
1033 438
1033 454
1033 518
1033 519
1033 583
1033 585
1033 647
1033 838
1033 841
1033 905
1033 906
1033 910
1033 918
1033 966
1033 969
1033 1094
1033 1095
1033 1097
1033 1102
1033 1158
1033 1159
1033 1161
1033 1223
1033 1225
1033 1230
1033 1270
1034 842
1034 906
1034 970
1034 1098
1034 1162
1034 1226
1035 587
1035 843
1035 907
1035 929
1035 971
1035 1099
1035 1163
1035 1190
1035 1227
1036 844
1036 908
1036 972
1036 1100
1036 1155
1036 1164
1036 1228
1037 179
1037 556
1037 626
1037 845
1037 883
1037 909
1037 973
1037 1101
1037 1165
1037 1229
1038 846
1038 910
1038 974
1038 1102
1038 1166
1038 1230
1039 58
1039 116
1039 847
1039 911
1039 975
1039 1103
1039 1167
1039 1219
1039 1231
1040 848
1040 912
1040 976
1040 1104
1040 1168
1040 1232
1041 572
1041 849
1041 913
1041 977
1041 1021
1041 1073
1041 1105
1041 1169
1041 1233
1042 432
1042 441
1042 608
1042 825
1042 850
1042 914
1042 959
1042 978
1042 1106
1042 1170
1042 1234
1043 851
1043 915
1043 979
1043 1107
1043 1171
1043 1235
1044 126
1044 133
1044 852
1044 916
1044 980
1044 1108
1044 1172
1044 1236
1045 697
1045 853
1045 917
1045 981
1045 1109
1045 1173
1045 1237
1046 717
1046 724
1046 854
1046 918
1046 982
1046 1110
1046 1174
1046 1238
1047 439
1047 442
1047 855
1047 919
1047 983
1047 1111
1047 1175
1047 1239
1048 509
1048 856
1048 920
1048 984
1048 1002
1048 1112
1048 1176
1048 1240
1049 375
1049 857
1049 881
1049 921
1049 985
1049 1113
1049 1177
1049 1241
1050 858
1050 922
1050 986
1050 1114
1050 1178
1050 1242
1051 859
1051 923
1051 987
1051 1083
1051 1115
1051 1179
1051 1243
1052 593
1052 860
1052 924
1052 939
1052 988
1052 1116
1052 1180
1052 1215
1052 1244
1053 188
1053 861
1053 925
1053 989
1053 1117
1053 1181
1053 1221
1053 1245
1054 778
1054 787
1054 862
1054 926
1054 990
1054 1118
1054 1182
1054 1246
1055 218
1055 757
1055 863
1055 927
1055 961
1055 991
1055 1119
1055 1133
1055 1183
1055 1247
1056 223
1056 497
1056 562
1056 766
1056 864
1056 928
1056 992
1056 1120
1056 1184
1056 1248
1057 136
1057 745
1057 865
1057 929
1057 993
1057 1121
1057 1185
1057 1249
1058 161
1058 866
1058 930
1058 994
1058 1122
1058 1186
1058 1250
1059 91
1059 742
1059 867
1059 931
1059 995
1059 1123
1059 1187
1059 1251
1060 868
1060 932
1060 996
1060 1014
1060 1124
1060 1188
1060 1252
1061 112
1061 510
1061 869
1061 933
1061 997
1061 1125
1061 1189
1061 1253
1062 92
1062 870
1062 934
1062 998
1062 1126
1062 1190
1062 1254
1063 505
1063 871
1063 899
1063 935
1063 999
1063 1127
1063 1191
1063 1255
1064 244
1064 872
1064 936
1064 980
1064 1000
1064 1124
1064 1128
1064 1192
1064 1256
1065 258
1065 268
1065 389
1065 873
1065 937
1065 1001
1065 1129
1065 1193
1065 1257
1066 216
1066 416
1066 496
1066 874
1066 922
1066 938
1066 1002
1066 1130
1066 1194
1066 1258
1067 875
1067 939
1067 1003
1067 1131
1067 1195
1067 1259
1068 569
1068 876
1068 940
1068 1004
1068 1132
1068 1176
1068 1196
1068 1260
1069 115
1069 877
1069 941
1069 1005
1069 1133
1069 1197
1069 1261
1070 878
1070 942
1070 1006
1070 1134
1070 1198
1070 1262
1071 431
1071 589
1071 632
1071 879
1071 920
1071 943
1071 1007
1071 1135
1071 1199
1071 1263
1072 880
1072 944
1072 1008
1072 1136
1072 1178
1072 1200
1072 1264
1073 572
1073 881
1073 945
1073 1009
1073 1021
1073 1041
1073 1137
1073 1201
1073 1265
1074 700
1074 882
1074 946
1074 1003
1074 1010
1074 1138
1074 1202
1074 1266
1075 883
1075 947
1075 1011
1075 1139
1075 1203
1075 1267
1076 884
1076 948
1076 1012
1076 1079
1076 1082
1076 1140
1076 1204
1076 1268
1077 418
1077 707
1077 885
1077 949
1077 1013
1077 1080
1077 1127
1077 1141
1077 1205
1077 1269
1078 886
1078 950
1078 1014
1078 1142
1078 1206
1078 1270
1079 887
1079 951
1079 1015
1079 1076
1079 1082
1079 1143
1079 1207
1079 1271
1080 418
1080 707
1080 888
1080 952
1080 1016
1080 1077
1080 1127
1080 1144
1080 1208
1080 1272
1081 401
1081 889
1081 953
1081 1017
1081 1145
1081 1209
1081 1273
1082 890
1082 954
1082 1018
1082 1076
1082 1079
1082 1146
1082 1210
1082 1274
1083 891
1083 955
1083 1019
1083 1051
1083 1147
1083 1211
1083 1275
1084 892
1084 956
1084 1020
1084 1148
1084 1212
1084 1276
1085 892
1085 893
1085 957
1085 1021
1085 1149
1085 1213
1085 1277
1086 661
1086 894
1086 958
1086 1022
1086 1150
1086 1214
1086 1278
1087 824
1087 895
1087 959
1087 1023
1087 1151
1087 1208
1087 1212
1087 1215
1087 1279
1088 896
1088 960
1088 1024
1088 1152
1088 1216
1089 155
1089 386
1089 897
1089 961
1089 1025
1089 1153
1089 1217
1090 340
1090 898
1090 962
1090 1026
1090 1154
1090 1218
1091 324
1091 422
1091 531
1091 814
1091 899
1091 963
1091 1027
1091 1155
1091 1219
1092 174
1092 900
1092 964
1092 1028
1092 1156
1092 1220
1093 508
1093 773
1093 901
1093 965
1093 1029
1093 1157
1093 1221
1094 64
1094 79
1094 80
1094 83
1094 94
1094 137
1094 182
1094 202
1094 265
1094 270
1094 329
1094 394
1094 398
1094 438
1094 454
1094 518
1094 519
1094 583
1094 585
1094 647
1094 838
1094 902
1094 905
1094 906
1094 910
1094 918
1094 966
1094 1030
1094 1033
1094 1095
1094 1102
1094 1158
1094 1159
1094 1222
1094 1223
1094 1225
1094 1230
1094 1270
1095 14
1095 74
1095 83
1095 201
1095 202
1095 207
1095 246
1095 263
1095 265
1095 270
1095 327
1095 391
1095 398
1095 438
1095 454
1095 455
1095 518
1095 519
1095 583
1095 647
1095 711
1095 775
1095 838
1095 839
1095 903
1095 905
1095 910
1095 918
1095 966
1095 967
1095 1031
1095 1033
1095 1094
1095 1102
1095 1159
1095 1223
1095 1225
1095 1230
1095 1270
1096 125
1096 904
1096 968
1096 1032
1096 1160
1096 1224
1097 6
1097 70
1097 134
1097 198
1097 262
1097 326
1097 390
1097 457
1097 521
1097 582
1097 649
1097 710
1097 774
1097 841
1097 902
1097 905
1097 969
1097 1030
1097 1033
1097 1161
1097 1222
1097 1225
1098 906
1098 970
1098 1034
1098 1162
1098 1226
1099 220
1099 741
1099 907
1099 971
1099 1035
1099 1163
1099 1227
1100 908
1100 972
1100 1036
1100 1164
1100 1228
1100 1241
1101 42
1101 234
1101 288
1101 492
1101 615
1101 909
1101 973
1101 1037
1101 1165
1101 1229
1102 64
1102 79
1102 80
1102 83
1102 94
1102 137
1102 182
1102 202
1102 246
1102 263
1102 265
1102 270
1102 327
1102 329
1102 398
1102 438
1102 454
1102 518
1102 519
1102 583
1102 585
1102 647
1102 838
1102 839
1102 905
1102 906
1102 910
1102 918
1102 966
1102 974
1102 1033
1102 1038
1102 1094
1102 1095
1102 1158
1102 1159
1102 1166
1102 1223
1102 1225
1102 1230
1102 1270
1103 911
1103 975
1103 1039
1103 1167
1103 1168
1103 1231
1104 912
1104 976
1104 1040
1104 1168
1104 1232
1105 48
1105 316
1105 345
1105 671
1105 799
1105 913
1105 977
1105 1041
1105 1169
1105 1233
1106 701
1106 914
1106 978
1106 1042
1106 1170
1106 1234
1107 238
1107 915
1107 979
1107 1043
1107 1171
1107 1235
1108 260
1108 916
1108 968
1108 980
1108 1044
1108 1172
1108 1236
1109 187
1109 692
1109 917
1109 981
1109 1045
1109 1173
1109 1199
1109 1237
1110 918
1110 982
1110 1046
1110 1174
1110 1238
1111 919
1111 983
1111 1047
1111 1175
1111 1239
1112 747
1112 920
1112 984
1112 1048
1112 1176
1112 1240
1113 405
1113 921
1113 985
1113 1049
1113 1177
1113 1241
1114 426
1114 677
1114 922
1114 986
1114 1050
1114 1178
1114 1242
1115 221
1115 404
1115 513
1115 750
1115 923
1115 987
1115 1051
1115 1179
1115 1243
1116 924
1116 988
1116 1052
1116 1180
1116 1244
1117 925
1117 989
1117 1053
1117 1181
1117 1245
1118 489
1118 926
1118 990
1118 1054
1118 1182
1118 1246
1119 311
1119 369
1119 927
1119 951
1119 991
1119 1008
1119 1010
1119 1055
1119 1147
1119 1183
1119 1247
1120 762
1120 928
1120 992
1120 1056
1120 1184
1120 1248
1121 40
1121 314
1121 897
1121 929
1121 993
1121 1057
1121 1185
1121 1249
1122 681
1122 781
1122 898
1122 930
1122 994
1122 1058
1122 1186
1122 1250
1122 1253
1123 931
1123 995
1123 1059
1123 1132
1123 1187
1123 1251
1124 244
1124 932
1124 980
1124 996
1124 1060
1124 1064
1124 1188
1124 1252
1125 498
1125 933
1125 997
1125 1061
1125 1189
1125 1253
1126 358
1126 934
1126 943
1126 998
1126 1062
1126 1190
1126 1254
1127 418
1127 707
1127 935
1127 999
1127 1063
1127 1077
1127 1080
1127 1191
1127 1255
1128 11
1128 72
1128 936
1128 1000
1128 1064
1128 1192
1128 1256
1129 937
1129 1001
1129 1065
1129 1193
1129 1257
1130 938
1130 1002
1130 1025
1130 1066
1130 1194
1130 1239
1130 1258
1131 59
1131 939
1131 1003
1131 1067
1131 1195
1131 1259
1132 940
1132 1004
1132 1068
1132 1123
1132 1196
1132 1260
1133 218
1133 757
1133 941
1133 961
1133 1005
1133 1055
1133 1069
1133 1197
1133 1261
1134 916
1134 942
1134 1006
1134 1070
1134 1198
1134 1262
1135 584
1135 943
1135 1007
1135 1071
1135 1199
1135 1263
1136 944
1136 1008
1136 1072
1136 1200
1136 1264
1137 152
1137 682
1137 884
1137 945
1137 1007
1137 1009
1137 1073
1137 1201
1137 1265
1138 26
1138 362
1138 946
1138 995
1138 1010
1138 1074
1138 1180
1138 1202
1138 1266
1139 517
1139 657
1139 947
1139 1011
1139 1075
1139 1203
1139 1267
1140 928
1140 948
1140 1012
1140 1076
1140 1204
1140 1268
1141 82
1141 788
1141 949
1141 1013
1141 1077
1141 1205
1141 1269
1142 950
1142 1014
1142 1078
1142 1206
1142 1270
1143 951
1143 1015
1143 1079
1143 1207
1143 1271
1144 712
1144 818
1144 952
1144 1016
1144 1080
1144 1208
1144 1272
1145 99
1145 953
1145 1017
1145 1081
1145 1209
1145 1273
1146 293
1146 309
1146 930
1146 954
1146 999
1146 1018
1146 1082
1146 1210
1146 1274
1147 311
1147 369
1147 951
1147 955
1147 1008
1147 1010
1147 1019
1147 1083
1147 1119
1147 1211
1147 1275
1148 603
1148 956
1148 1020
1148 1084
1148 1212
1148 1273
1148 1276
1149 561
1149 957
1149 1021
1149 1085
1149 1213
1149 1243
1149 1277
1150 298
1150 372
1150 507
1150 958
1150 1020
1150 1022
1150 1086
1150 1214
1150 1278
1151 959
1151 981
1151 1023
1151 1087
1151 1200
1151 1215
1151 1279
1152 720
1152 960
1152 1024
1152 1088
1152 1216
1153 157
1153 523
1153 961
1153 1025
1153 1089
1153 1217
1154 95
1154 609
1154 962
1154 1026
1154 1090
1154 1218
1155 963
1155 1027
1155 1036
1155 1091
1155 1219
1156 22
1156 461
1156 964
1156 1028
1156 1092
1156 1220
1157 250
1157 866
1157 965
1157 1029
1157 1093
1157 1221
1158 79
1158 94
1158 192
1158 211
1158 329
1158 394
1158 398
1158 438
1158 518
1158 519
1158 566
1158 583
1158 585
1158 646
1158 647
1158 713
1158 777
1158 838
1158 854
1158 905
1158 906
1158 910
1158 918
1158 966
1158 1030
1158 1033
1158 1094
1158 1102
1158 1174
1158 1222
1158 1230
1158 1270
1159 7
1159 9
1159 14
1159 74
1159 78
1159 201
1159 207
1159 263
1159 265
1159 270
1159 327
1159 391
1159 398
1159 454
1159 455
1159 519
1159 583
1159 647
1159 711
1159 775
1159 839
1159 903
1159 905
1159 910
1159 918
1159 967
1159 1031
1159 1033
1159 1094
1159 1095
1159 1102
1159 1223
1159 1225
1159 1230
1160 423
1160 968
1160 1032
1160 1096
1160 1224
1161 6
1161 70
1161 134
1161 198
1161 262
1161 326
1161 390
1161 457
1161 521
1161 582
1161 649
1161 710
1161 774
1161 841
1161 902
1161 969
1161 1030
1161 1033
1161 1097
1161 1222
1161 1225
1162 640
1162 970
1162 1034
1162 1098
1162 1226
1163 516
1163 971
1163 1035
1163 1099
1163 1227
1164 49
1164 88
1164 473
1164 972
1164 1036
1164 1100
1164 1228
1165 570
1165 973
1165 1037
1165 1101
1165 1229
1166 974
1166 1038
1166 1102
1166 1230
1167 758
1167 975
1167 1039
1167 1103
1167 1231
1168 976
1168 1040
1168 1103
1168 1104
1168 1232
1169 387
1169 618
1169 977
1169 1041
1169 1105
1169 1233
1170 978
1170 1042
1170 1106
1170 1234
1171 30
1171 378
1171 926
1171 979
1171 1043
1171 1107
1171 1235
1172 980
1172 1044
1172 1108
1172 1236
1173 433
1173 981
1173 1045
1173 1109
1173 1237
1173 1275
1174 0
1174 15
1174 329
1174 393
1174 394
1174 566
1174 585
1174 646
1174 713
1174 777
1174 838
1174 854
1174 906
1174 966
1174 982
1174 1046
1174 1110
1174 1158
1174 1238
1175 877
1175 983
1175 1047
1175 1111
1175 1239
1176 569
1176 984
1176 1048
1176 1068
1176 1112
1176 1240
1177 985
1177 1049
1177 1113
1177 1187
1177 1241
1178 986
1178 1050
1178 1072
1178 1114
1178 1242
1179 153
1179 477
1179 730
1179 987
1179 1051
1179 1115
1179 1243
1180 26
1180 362
1180 988
1180 995
1180 1052
1180 1116
1180 1138
1180 1244
1181 810
1181 958
1181 989
1181 1053
1181 1117
1181 1237
1181 1245
1182 690
1182 990
1182 1054
1182 1118
1182 1246
1183 696
1183 914
1183 991
1183 1055
1183 1119
1183 1247
1184 635
1184 992
1184 1056
1184 1120
1184 1248
1185 5
1185 456
1185 645
1185 651
1185 993
1185 1057
1185 1121
1185 1249
1186 737
1186 936
1186 993
1186 994
1186 1058
1186 1122
1186 1250
1187 995
1187 1059
1187 1123
1187 1177
1187 1251
1188 996
1188 1060
1188 1124
1188 1252
1189 946
1189 983
1189 997
1189 1061
1189 1125
1189 1253
1190 587
1190 929
1190 998
1190 1035
1190 1062
1190 1126
1190 1254
1191 85
1191 536
1191 820
1191 999
1191 1063
1191 1127
1191 1255
1192 611
1192 1000
1192 1064
1192 1128
1192 1256
1193 251
1193 289
1193 890
1193 1001
1193 1065
1193 1129
1193 1257
1194 680
1194 693
1194 1002
1194 1066
1194 1130
1194 1258
1195 538
1195 574
1195 729
1195 1003
1195 1067
1195 1131
1195 1244
1195 1259
1195 1266
1196 1004
1196 1009
1196 1068
1196 1132
1196 1260
1196 1267
1197 354
1197 568
1197 641
1197 1005
1197 1069
1197 1133
1197 1261
1198 232
1198 806
1198 1006
1198 1070
1198 1134
1198 1262
1199 187
1199 692
1199 1007
1199 1071
1199 1109
1199 1135
1199 1263
1200 981
1200 1008
1200 1072
1200 1136
1200 1151
1200 1264
1201 1009
1201 1073
1201 1137
1201 1265
1201 1274
1202 476
1202 535
1202 596
1202 668
1202 1010
1202 1074
1202 1138
1202 1266
1203 695
1203 1011
1203 1075
1203 1139
1203 1267
1204 928
1204 1012
1204 1076
1204 1140
1204 1268
1205 449
1205 1013
1205 1077
1205 1141
1205 1269
1206 1014
1206 1078
1206 1142
1206 1270
1207 360
1207 544
1207 955
1207 1015
1207 1079
1207 1143
1207 1271
1208 824
1208 1016
1208 1080
1208 1087
1208 1144
1208 1212
1208 1272
1209 424
1209 858
1209 1017
1209 1081
1209 1145
1209 1240
1209 1265
1209 1273
1210 1018
1210 1082
1210 1146
1210 1274
1211 236
1211 370
1211 564
1211 1019
1211 1083
1211 1147
1211 1275
1212 824
1212 1020
1212 1084
1212 1087
1212 1148
1212 1208
1212 1276
1213 465
1213 1021
1213 1085
1213 1149
1213 1277
1214 149
1214 1022
1214 1086
1214 1150
1214 1278
1215 593
1215 939
1215 1023
1215 1052
1215 1087
1215 1151
1215 1279
1216 1024
1216 1088
1216 1152
1217 1025
1217 1089
1217 1153
1218 306
1218 407
1218 428
1218 746
1218 1026
1218 1090
1218 1154
1219 58
1219 116
1219 1027
1219 1039
1219 1091
1219 1155
1220 1028
1220 1092
1220 1156
1221 188
1221 1029
1221 1053
1221 1093
1221 1157
1222 6
1222 70
1222 134
1222 198
1222 262
1222 326
1222 390
1222 457
1222 521
1222 582
1222 649
1222 710
1222 774
1222 841
1222 902
1222 969
1222 1030
1222 1094
1222 1097
1222 1158
1222 1161
1223 14
1223 74
1223 201
1223 207
1223 263
1223 265
1223 270
1223 327
1223 391
1223 398
1223 438
1223 454
1223 455
1223 518
1223 519
1223 583
1223 647
1223 711
1223 775
1223 839
1223 903
1223 905
1223 910
1223 918
1223 967
1223 1031
1223 1033
1223 1094
1223 1095
1223 1102
1223 1159
1223 1225
1223 1230
1223 1270
1224 50
1224 349
1224 685
1224 1032
1224 1096
1224 1160
1225 7
1225 9
1225 14
1225 74
1225 78
1225 201
1225 207
1225 263
1225 265
1225 270
1225 327
1225 391
1225 398
1225 454
1225 455
1225 518
1225 519
1225 583
1225 647
1225 711
1225 775
1225 839
1225 903
1225 905
1225 910
1225 918
1225 967
1225 1031
1225 1033
1225 1094
1225 1095
1225 1097
1225 1102
1225 1159
1225 1161
1225 1223
1225 1230
1225 1270
1226 1034
1226 1098
1226 1162
1227 76
1227 245
1227 475
1227 721
1227 1035
1227 1099
1227 1163
1228 108
1228 109
1228 425
1228 430
1228 1036
1228 1100
1228 1164
1229 494
1229 862
1229 1037
1229 1101
1229 1165
1230 64
1230 79
1230 80
1230 83
1230 94
1230 137
1230 182
1230 202
1230 394
1230 398
1230 438
1230 454
1230 518
1230 519
1230 583
1230 585
1230 647
1230 838
1230 905
1230 906
1230 910
1230 918
1230 966
1230 1033
1230 1038
1230 1094
1230 1095
1230 1102
1230 1158
1230 1159
1230 1166
1230 1223
1230 1225
1230 1270
1231 269
1231 322
1231 1039
1231 1103
1231 1167
1232 1040
1232 1104
1232 1168
1233 515
1233 543
1233 563
1233 752
1233 1041
1233 1105
1233 1169
1234 840
1234 1015
1234 1042
1234 1106
1234 1170
1235 1043
1235 1107
1235 1171
1236 106
1236 292
1236 992
1236 1044
1236 1108
1236 1172
1237 810
1237 958
1237 1045
1237 1109
1237 1173
1237 1181
1238 975
1238 1046
1238 1110
1238 1174
1239 1025
1239 1047
1239 1111
1239 1130
1239 1175
1240 424
1240 858
1240 1048
1240 1112
1240 1176
1240 1209
1240 1265
1241 1049
1241 1100
1241 1113
1241 1177
1242 789
1242 1050
1242 1114
1242 1178
1243 561
1243 1051
1243 1115
1243 1149
1243 1179
1244 538
1244 574
1244 729
1244 1052
1244 1116
1244 1180
1244 1195
1244 1266
1245 1053
1245 1117
1245 1181
1246 1054
1246 1118
1246 1182
1247 175
1247 716
1247 1055
1247 1119
1247 1183
1248 25
1248 166
1248 296
1248 565
1248 1056
1248 1120
1248 1184
1249 178
1249 1057
1249 1121
1249 1185
1250 1058
1250 1122
1250 1186
1251 140
1251 578
1251 1059
1251 1123
1251 1187
1252 122
1252 233
1252 1060
1252 1124
1252 1188
1253 681
1253 781
1253 898
1253 1061
1253 1122
1253 1125
1253 1189
1254 120
1254 130
1254 595
1254 807
1254 1062
1254 1126
1254 1190
1255 873
1255 1016
1255 1063
1255 1127
1255 1191
1256 440
1256 1064
1256 1128
1256 1192
1257 297
1257 1065
1257 1129
1257 1193
1258 474
1258 1066
1258 1130
1258 1194
1259 382
1259 786
1259 1067
1259 1131
1259 1195
1260 43
1260 63
1260 500
1260 637
1260 1068
1260 1132
1260 1196
1261 388
1261 1069
1261 1133
1261 1197
1262 373
1262 1070
1262 1134
1262 1198
1263 1071
1263 1135
1263 1199
1264 261
1264 1072
1264 1136
1264 1200
1265 424
1265 858
1265 1073
1265 1137
1265 1201
1265 1209
1265 1240
1266 538
1266 574
1266 729
1266 1074
1266 1138
1266 1195
1266 1202
1266 1244
1267 1009
1267 1075
1267 1139
1267 1196
1267 1203
1268 61
1268 172
1268 307
1268 539
1268 698
1268 755
1268 894
1268 1023
1268 1076
1268 1140
1268 1204
1269 1077
1269 1141
1269 1205
1270 64
1270 79
1270 80
1270 83
1270 94
1270 137
1270 182
1270 202
1270 394
1270 398
1270 438
1270 454
1270 518
1270 519
1270 583
1270 585
1270 647
1270 777
1270 838
1270 905
1270 906
1270 910
1270 918
1270 966
1270 1033
1270 1078
1270 1094
1270 1095
1270 1102
1270 1142
1270 1158
1270 1206
1270 1223
1270 1225
1270 1230
1271 621
1271 1079
1271 1143
1271 1207
1272 273
1272 1080
1272 1144
1272 1208
1273 603
1273 1081
1273 1145
1273 1148
1273 1209
1274 1082
1274 1146
1274 1201
1274 1210
1275 433
1275 1083
1275 1147
1275 1173
1275 1211
1276 732
1276 801
1276 865
1276 1084
1276 1148
1276 1212
1277 855
1277 1085
1277 1149
1277 1213
1278 488
1278 895
1278 917
1278 1086
1278 1150
1278 1214
1279 434
1279 545
1279 1087
1279 1151
1279 1215
