0 64
0 128
0 192
1 65
1 129
1 193
1 690
2 66
2 130
2 194
2 727
2 858
2 1234
3 67
3 131
3 195
4 68
4 118
4 132
4 196
5 69
5 133
5 197
5 260
6 7
6 29
6 54
6 70
6 71
6 134
6 135
6 182
6 198
6 263
6 265
6 327
6 391
6 393
6 394
6 455
6 458
6 460
6 461
6 465
6 477
6 478
6 502
6 518
6 521
6 525
6 583
6 647
6 650
6 652
6 655
6 711
6 713
6 774
6 775
6 839
6 841
6 844
6 845
6 847
6 886
6 902
6 1033
6 1095
6 1223
7 6
7 29
7 54
7 70
7 71
7 134
7 135
7 182
7 198
7 199
7 265
7 327
7 391
7 394
7 465
7 477
7 478
7 502
7 518
7 521
7 525
7 583
7 585
7 647
7 650
7 655
7 711
7 713
7 774
7 839
7 841
7 842
7 844
7 847
7 886
7 969
7 1095
8 72
8 136
8 200
9 73
9 137
9 201
9 262
9 329
9 390
9 454
9 519
9 582
9 646
9 710
9 777
9 838
9 903
9 967
9 1031
9 1097
9 1159
9 1225
10 74
10 138
10 202
11 75
11 139
11 203
12 76
12 140
12 204
13 68
13 77
13 141
13 205
13 246
14 78
14 142
14 206
14 270
14 334
14 398
14 457
14 462
14 526
14 590
14 654
14 718
14 782
14 846
14 910
14 974
14 1038
14 1102
14 1166
15 79
15 143
15 207
16 80
16 144
16 208
16 483
16 568
16 871
16 890
16 899
16 921
16 1107
17 81
17 145
17 209
17 644
18 82
18 146
18 210
18 1025
18 1122
19 83
19 147
19 211
19 901
20 84
20 148
20 212
20 259
20 284
20 767
20 1212
21 85
21 149
21 213
22 86
22 150
22 214
23 87
23 151
23 215
23 511
23 1215
24 88
24 152
24 216
24 571
24 1130
25 89
25 153
25 217
25 961
25 981
26 90
26 154
26 218
27 91
27 155
27 184
27 219
27 235
27 732
27 912
27 930
27 995
27 999
28 92
28 114
28 156
28 220
28 257
28 322
28 1133
28 1177
29 6
29 7
29 54
29 70
29 71
29 93
29 134
29 135
29 157
29 182
29 198
29 221
29 263
29 265
29 327
29 391
29 393
29 394
29 455
29 460
29 465
29 477
29 478
29 502
29 518
29 521
29 525
29 583
29 585
29 647
29 650
29 652
29 655
29 711
29 713
29 774
29 775
29 839
29 841
29 844
29 845
29 847
29 886
29 902
29 969
29 1033
29 1095
29 1223
30 39
30 94
30 158
30 222
30 609
30 1235
31 95
31 159
31 223
31 1037
32 96
32 160
32 224
32 1238
33 97
33 161
33 225
34 98
34 121
34 162
34 226
34 751
34 1190
35 99
35 163
35 227
35 533
35 1124
36 100
36 164
36 228
37 101
37 165
37 229
37 448
37 968
38 102
38 166
38 230
38 353
38 733
39 30
39 103
39 167
39 231
39 609
39 1235
40 104
40 168
40 232
40 706
41 105
41 169
41 233
41 592
41 876
42 99
42 106
42 170
42 234
42 951
42 963
42 1070
43 107
43 171
43 235
43 240
43 319
43 683
43 944
44 108
44 172
44 236
44 1204
45 109
45 173
45 237
45 1250
46 110
46 174
46 238
46 464
47 111
47 175
47 239
47 888
48 112
48 176
48 240
48 994
48 1015
48 1085
49 113
49 177
49 241
49 830
49 1150
50 114
50 178
50 242
50 389
50 860
50 1093
51 115
51 179
51 243
52 116
52 180
52 244
52 557
52 663
53 117
53 136
53 181
53 245
53 1032
54 6
54 7
54 29
54 70
54 71
54 118
54 134
54 135
54 182
54 198
54 246
54 265
54 327
54 391
54 394
54 465
54 477
54 478
54 502
54 518
54 521
54 525
54 583
54 585
54 647
54 650
54 652
54 655
54 711
54 713
54 774
54 839
54 841
54 842
54 844
54 845
54 847
54 886
54 969
54 1095
55 119
55 183
55 247
55 392
56 57
56 120
56 184
56 248
56 828
56 943
56 1013
57 56
57 121
57 185
57 249
57 828
57 943
57 1013
58 122
58 186
58 250
59 123
59 187
59 251
60 124
60 188
60 252
60 387
60 1021
60 1114
61 125
61 189
61 253
61 299
61 328
61 436
62 126
62 190
62 254
62 684
62 750
62 824
63 127
63 191
63 255
63 491
63 739
63 938
64 0
64 128
64 192
64 256
64 591
64 1119
65 1
65 129
65 193
65 257
65 312
65 456
65 745
66 2
66 130
66 194
66 258
67 3
67 131
67 195
67 259
67 625
67 698
67 1049
67 1087
67 1240
68 4
68 13
68 132
68 196
68 246
68 260
69 5
69 133
69 197
69 261
70 6
70 7
70 29
70 54
70 71
70 134
70 135
70 182
70 198
70 262
70 265
70 327
70 391
70 394
70 460
70 465
70 477
70 478
70 502
70 518
70 521
70 525
70 583
70 585
70 647
70 650
70 652
70 655
70 711
70 713
70 774
70 839
70 841
70 842
70 844
70 845
70 847
70 886
70 902
70 969
70 1033
70 1095
70 1223
71 6
71 7
71 29
71 54
71 70
71 135
71 182
71 199
71 263
71 327
71 391
71 393
71 455
71 457
71 458
71 460
71 461
71 465
71 477
71 502
71 518
71 521
71 583
71 647
71 649
71 650
71 652
71 655
71 711
71 713
71 774
71 775
71 782
71 839
71 841
71 844
71 845
71 886
71 902
71 1161
71 1222
72 8
72 136
72 200
72 264
73 9
73 137
73 201
73 262
73 265
73 329
73 390
73 454
73 519
73 582
73 646
73 710
73 777
73 838
73 903
73 967
73 1031
73 1097
73 1159
73 1225
74 10
74 138
74 202
74 266
75 11
75 139
75 203
75 267
75 717
76 12
76 140
76 204
76 268
77 13
77 141
77 205
77 269
77 544
78 14
78 142
78 199
78 206
78 270
78 334
78 398
78 457
78 462
78 526
78 590
78 654
78 718
78 782
78 846
78 910
78 974
78 1038
79 15
79 143
79 207
79 271
80 16
80 144
80 208
80 264
80 272
80 546
81 17
81 145
81 209
81 273
82 18
82 146
82 210
82 274
83 19
83 147
83 211
83 275
83 354
83 665
84 20
84 148
84 212
84 276
84 403
85 21
85 149
85 213
85 277
85 503
85 823
86 22
86 150
86 214
86 278
87 23
87 151
87 215
87 277
87 279
87 616
87 881
87 1074
87 1243
88 24
88 152
88 216
88 280
89 25
89 153
89 217
89 281
89 423
89 597
89 1143
90 26
90 154
90 218
90 282
90 802
91 27
91 155
91 219
91 283
91 965
92 28
92 156
92 220
92 284
93 29
93 157
93 221
93 285
94 30
94 158
94 222
94 286
95 31
95 159
95 223
95 287
96 32
96 160
96 224
96 288
97 33
97 161
97 224
97 225
97 289
98 34
98 162
98 226
98 290
98 309
98 538
98 729
98 1189
98 1237
99 35
99 42
99 163
99 227
99 291
99 951
99 963
99 1070
100 36
100 164
100 228
100 292
101 37
101 165
101 229
101 293
101 964
102 38
102 166
102 230
102 294
103 39
103 167
103 231
103 295
103 376
104 40
104 154
104 168
104 232
104 296
104 814
104 1132
105 41
105 169
105 233
105 297
105 747
105 885
105 1171
106 42
106 170
106 234
106 283
106 298
107 43
107 171
107 235
107 299
108 44
108 172
108 236
108 300
108 302
108 547
108 577
108 1149
109 45
109 173
109 237
109 301
110 46
110 174
110 238
110 302
110 497
110 596
110 765
110 1134
110 1261
111 47
111 175
111 195
111 239
111 303
111 445
111 532
111 788
111 915
112 48
112 176
112 240
112 304
112 952
112 1128
113 49
113 177
113 179
113 241
113 305
113 560
114 28
114 50
114 178
114 242
114 257
114 306
114 322
114 1133
114 1177
115 51
115 151
115 179
115 243
115 282
115 307
115 1262
116 52
116 180
116 208
116 244
116 276
116 308
116 365
116 796
117 53
117 181
117 245
117 309
117 444
117 528
117 664
117 820
118 4
118 54
118 182
118 246
118 310
119 55
119 183
119 247
119 311
120 56
120 184
120 248
120 312
120 467
120 1057
121 34
121 57
121 185
121 249
121 313
121 751
121 1190
122 58
122 186
122 250
122 314
123 59
123 171
123 187
123 251
123 315
123 492
123 895
124 60
124 131
124 187
124 188
124 252
124 316
125 61
125 189
125 234
125 253
125 317
125 419
125 442
126 62
126 190
126 254
126 318
127 63
127 191
127 255
127 319
127 948
128 0
128 64
128 192
128 256
128 268
128 286
128 320
128 709
129 1
129 65
129 193
129 257
129 321
129 553
130 2
130 66
130 155
130 194
130 258
130 322
130 685
130 1253
131 3
131 67
131 124
131 187
131 195
131 259
131 323
132 4
132 68
132 196
132 260
132 324
133 5
133 69
133 197
133 261
133 325
133 754
134 6
134 7
134 29
134 54
134 70
134 135
134 182
134 198
134 262
134 265
134 326
134 327
134 394
134 477
134 478
134 525
134 585
134 711
134 842
134 844
134 847
134 905
134 966
134 969
135 6
135 7
135 29
135 54
135 70
135 71
135 134
135 182
135 198
135 199
135 263
135 265
135 327
135 391
135 393
135 394
135 455
135 458
135 460
135 461
135 465
135 477
135 478
135 502
135 518
135 521
135 583
135 647
135 649
135 650
135 652
135 655
135 711
135 713
135 774
135 775
135 839
135 841
135 844
135 845
135 847
135 886
135 902
135 969
135 1033
135 1095
135 1223
136 8
136 53
136 72
136 200
136 264
136 328
136 1032
137 9
137 73
137 201
137 262
137 265
137 329
137 390
137 454
137 519
137 582
137 646
137 710
137 777
137 838
137 903
137 967
137 1031
137 1097
137 1159
137 1225
138 10
138 74
138 202
138 266
138 330
138 672
139 11
139 75
139 203
139 267
139 331
139 673
139 714
140 12
140 76
140 202
140 204
140 268
140 332
141 13
141 77
141 205
141 269
141 333
142 14
142 78
142 199
142 206
142 270
142 334
142 398
142 457
142 462
142 526
142 590
142 654
142 718
142 782
142 846
142 910
142 974
142 1038
142 1166
143 15
143 79
143 207
143 271
143 335
144 16
144 80
144 208
144 272
144 336
144 880
144 937
144 1066
144 1136
145 17
145 81
145 209
145 273
145 337
145 587
146 18
146 82
146 210
146 274
146 338
146 581
146 1277
147 19
147 83
147 211
147 275
147 339
147 345
147 348
147 1043
148 20
148 84
148 212
148 276
148 340
148 705
148 916
149 21
149 85
149 213
149 277
149 341
149 697
149 1276
150 22
150 86
150 205
150 214
150 278
150 342
151 23
151 87
151 115
151 215
151 279
151 282
151 343
151 1262
152 24
152 88
152 216
152 251
152 280
152 344
152 371
152 381
152 1176
153 25
153 89
153 217
153 281
153 345
153 808
153 1026
154 26
154 90
154 104
154 218
154 282
154 346
154 814
154 1132
155 27
155 91
155 130
155 219
155 283
155 347
155 685
155 1253
156 28
156 92
156 220
156 284
156 348
156 1196
157 29
157 93
157 221
157 285
157 349
158 30
158 94
158 222
158 286
158 350
159 31
159 95
159 223
159 287
159 351
160 32
160 96
160 224
160 288
160 352
160 530
161 33
161 97
161 225
161 289
161 353
162 34
162 98
162 226
162 290
162 349
162 354
163 35
163 99
163 227
163 291
163 355
163 603
164 36
164 100
164 228
164 292
164 356
164 375
164 562
164 679
165 37
165 101
165 229
165 293
165 357
165 734
165 896
165 978
166 38
166 102
166 230
166 294
166 358
166 990
166 1121
167 39
167 103
167 231
167 295
167 359
167 404
167 510
167 1186
168 40
168 104
168 232
168 296
169 41
169 105
169 233
169 297
169 361
169 620
169 764
169 1219
169 1267
170 42
170 106
170 234
170 298
170 315
170 362
170 507
170 1131
171 43
171 107
171 123
171 235
171 299
171 363
171 492
171 895
172 44
172 108
172 236
172 300
172 308
172 364
172 382
172 728
173 45
173 109
173 237
173 301
173 365
173 429
173 602
173 945
173 976
173 1068
174 46
174 110
174 238
174 302
174 366
174 367
174 856
174 883
174 1151
174 1172
174 1178
174 1275
175 47
175 111
175 239
175 303
175 367
175 515
176 48
176 112
176 189
176 240
176 304
176 368
176 675
176 920
177 49
177 113
177 241
177 305
177 369
178 50
178 114
178 242
178 306
178 370
178 1089
179 51
179 113
179 115
179 243
179 307
179 371
179 560
180 52
180 116
180 244
180 308
180 372
180 449
180 500
180 1258
181 53
181 117
181 245
181 309
181 373
182 6
182 7
182 29
182 54
182 70
182 71
182 118
182 134
182 135
182 198
182 246
182 265
182 310
182 327
182 374
182 391
182 394
182 465
182 477
182 478
182 502
182 518
182 521
182 525
182 583
182 585
182 647
182 650
182 652
182 655
182 711
182 713
182 774
182 839
182 841
182 842
182 844
182 847
182 886
182 902
182 966
182 969
182 1095
183 55
183 119
183 247
183 311
183 375
184 27
184 56
184 120
184 235
184 248
184 312
184 376
184 732
184 912
184 930
184 995
184 999
185 57
185 121
185 249
185 313
185 316
185 377
186 58
186 122
186 250
186 307
186 314
186 378
186 636
187 59
187 123
187 124
187 131
187 251
187 315
187 379
188 60
188 124
188 252
188 316
188 380
188 947
189 61
189 125
189 176
189 253
189 317
189 381
189 675
189 920
190 62
190 126
190 253
190 254
190 318
190 382
190 600
190 1011
191 63
191 127
191 255
191 319
191 372
191 383
191 574
191 892
191 1023
191 1106
191 1147
192 0
192 64
192 128
192 256
192 320
192 384
192 719
193 1
193 65
193 129
193 257
193 321
193 385
193 1205
194 2
194 66
194 130
194 258
194 322
194 386
194 610
195 3
195 67
195 111
195 131
195 259
195 323
195 387
195 445
195 532
195 788
195 915
196 4
196 68
196 132
196 260
196 294
196 324
196 388
197 5
197 69
197 133
197 261
197 325
197 389
197 1154
198 6
198 7
198 29
198 54
198 70
198 134
198 135
198 182
198 262
198 265
198 326
198 327
198 390
198 391
198 394
198 477
198 478
198 502
198 525
198 585
198 647
198 650
198 655
198 711
198 713
198 839
198 842
198 844
198 847
198 886
198 902
198 966
198 969
198 1033
199 7
199 71
199 78
199 135
199 142
199 206
199 263
199 270
199 327
199 334
199 391
199 393
199 398
199 455
199 457
199 458
199 460
199 461
199 465
199 502
199 518
199 521
199 526
199 583
199 590
199 647
199 649
199 650
199 652
199 654
199 713
199 718
199 774
199 775
199 782
199 839
199 841
199 845
199 846
199 886
199 902
199 910
199 1030
199 1094
199 1158
199 1222
200 8
200 72
200 136
200 264
200 290
200 306
200 328
200 392
201 9
201 73
201 137
201 262
201 265
201 329
201 390
201 393
201 454
201 519
201 582
201 646
201 710
201 777
201 838
201 903
201 967
201 1031
201 1097
201 1159
201 1225
202 10
202 74
202 138
202 140
202 266
202 330
202 394
203 11
203 75
203 139
203 267
203 331
203 395
203 715
203 1118
204 12
204 76
204 140
204 268
204 332
204 396
205 13
205 77
205 141
205 150
205 269
205 333
205 397
206 14
206 78
206 142
206 199
206 263
206 270
206 334
206 393
206 398
206 455
206 457
206 458
206 461
206 462
206 526
206 590
206 649
206 654
206 718
206 782
206 846
206 910
206 974
206 1030
206 1038
207 15
207 79
207 143
207 271
207 335
207 399
208 16
208 80
208 116
208 144
208 272
208 276
208 336
208 365
208 400
208 796
209 17
209 81
209 145
209 273
209 337
209 401
209 716
210 18
210 82
210 146
210 274
210 278
210 338
210 402
211 19
211 83
211 147
211 275
211 332
211 339
211 403
211 549
211 882
212 20
212 84
212 148
212 213
212 276
212 340
212 404
212 1002
213 21
213 85
213 149
213 212
213 277
213 341
213 405
213 1002
214 22
214 86
214 150
214 278
214 342
214 406
214 415
214 593
215 23
215 87
215 151
215 279
215 343
215 407
215 1120
215 1182
215 1233
216 24
216 88
216 152
216 280
216 344
216 408
217 25
217 89
217 153
217 281
217 345
217 409
217 1104
218 26
218 90
218 154
218 282
218 346
218 410
219 27
219 91
219 155
219 283
219 347
219 411
220 28
220 92
220 156
220 284
220 348
220 364
220 412
220 681
221 29
221 93
221 157
221 285
221 349
221 413
222 30
222 94
222 158
222 286
222 350
222 414
222 498
222 738
222 904
223 31
223 95
223 159
223 287
223 351
223 415
224 32
224 96
224 97
224 160
224 288
224 352
224 416
225 33
225 97
225 161
225 289
225 353
225 417
226 34
226 98
226 162
226 290
226 354
226 418
226 640
227 35
227 99
227 163
227 291
227 355
227 419
227 637
227 946
227 1064
227 1198
228 36
228 100
228 164
228 279
228 292
228 356
228 420
228 1197
229 37
229 101
229 165
229 293
229 325
229 357
229 421
230 38
230 102
230 166
230 294
230 358
230 422
231 39
231 103
231 167
231 295
231 359
231 423
231 792
231 1069
231 1266
232 40
232 104
232 168
232 296
232 360
232 424
233 41
233 105
233 169
233 297
233 361
233 425
233 1224
234 42
234 106
234 125
234 170
234 298
234 362
234 419
234 426
234 442
235 27
235 43
235 107
235 171
235 184
235 299
235 363
235 427
235 732
235 912
235 930
235 995
235 999
236 44
236 108
236 172
236 295
236 300
236 364
236 428
236 594
236 931
236 1193
236 1272
237 45
237 109
237 173
237 301
237 365
237 429
237 504
237 1090
238 46
238 110
238 174
238 302
238 366
238 430
238 985
239 47
239 111
239 175
239 303
239 367
239 431
239 493
239 536
239 693
239 1108
240 43
240 48
240 112
240 176
240 304
240 319
240 368
240 432
240 683
240 944
241 49
241 113
241 177
241 305
241 369
241 433
241 1008
242 50
242 114
242 178
242 306
242 340
242 370
242 434
243 51
243 115
243 179
243 307
243 371
243 435
243 1113
243 1144
244 52
244 116
244 180
244 308
244 372
244 436
244 505
244 1251
245 53
245 117
245 181
245 309
245 338
245 373
245 437
246 13
246 54
246 68
246 118
246 182
246 310
246 374
246 438
247 55
247 119
247 183
247 311
247 375
247 439
248 56
248 120
248 184
248 312
248 376
248 440
248 1005
249 57
249 121
249 185
249 313
249 377
249 431
249 441
249 559
249 857
249 922
250 58
250 122
250 186
250 314
250 378
250 442
251 59
251 123
251 152
251 187
251 315
251 371
251 379
251 381
251 443
251 1176
252 60
252 124
252 188
252 316
252 336
252 380
252 444
253 61
253 125
253 189
253 190
253 317
253 318
253 381
253 445
253 600
253 1011
254 62
254 126
254 190
254 318
254 382
254 446
254 626
254 935
254 1239
255 63
255 127
255 191
255 319
255 383
255 447
255 638
256 64
256 128
256 192
256 320
256 384
256 448
257 28
257 65
257 114
257 129
257 193
257 321
257 322
257 385
257 449
257 1133
257 1177
258 66
258 130
258 194
258 322
258 386
258 450
258 629
258 687
258 1175
258 1244
259 20
259 67
259 131
259 195
259 284
259 323
259 387
259 451
259 767
259 1212
260 5
260 68
260 132
260 196
260 324
260 388
260 452
261 69
261 133
261 197
261 325
261 389
261 453
261 868
262 9
262 70
262 73
262 134
262 137
262 198
262 201
262 326
262 329
262 390
262 454
262 519
262 582
262 646
262 710
262 777
262 838
262 903
262 967
262 1031
262 1097
262 1159
262 1225
263 6
263 29
263 71
263 135
263 199
263 206
263 327
263 334
263 391
263 393
263 398
263 455
263 457
263 458
263 460
263 461
263 465
263 502
263 518
263 521
263 583
263 590
263 647
263 649
263 650
263 652
263 655
263 713
263 718
263 774
263 775
263 782
263 839
263 841
263 844
263 845
263 886
263 902
263 1030
263 1033
263 1094
263 1095
263 1158
263 1161
263 1222
264 72
264 80
264 136
264 200
264 328
264 392
264 456
264 546
265 6
265 7
265 29
265 54
265 70
265 73
265 134
265 135
265 137
265 182
265 198
265 201
265 327
265 329
265 391
265 393
265 394
265 457
265 477
265 478
265 525
265 585
265 647
265 650
265 655
265 711
265 713
265 839
265 842
265 844
265 847
265 886
265 902
265 966
265 969
265 1033
265 1095
266 74
266 138
266 202
266 267
266 330
266 394
266 458
267 75
267 139
267 203
267 266
267 331
267 395
267 459
268 76
268 128
268 140
268 204
268 286
268 332
268 396
268 460
268 709
269 77
269 141
269 205
269 333
269 397
269 461
269 708
269 735
269 870
269 913
269 925
270 14
270 78
270 142
270 199
270 206
270 334
270 398
270 457
270 462
270 526
270 590
270 649
270 654
270 718
270 782
270 846
270 910
270 974
270 1030
270 1038
270 1094
270 1102
271 79
271 143
271 207
271 335
271 399
271 463
271 534
272 80
272 144
272 208
272 300
272 336
272 400
272 464
273 81
273 145
273 209
273 337
273 401
273 465
274 82
274 146
274 210
274 338
274 402
274 466
275 83
275 147
275 211
275 281
275 339
275 403
275 467
275 756
276 84
276 116
276 148
276 208
276 212
276 340
276 365
276 404
276 468
276 796
277 85
277 87
277 149
277 213
277 341
277 405
277 469
277 616
277 881
277 1074
277 1243
278 86
278 150
278 210
278 214
278 342
278 406
278 470
279 87
279 151
279 215
279 228
279 343
279 407
279 471
279 1197
280 88
280 152
280 216
280 344
280 408
280 472
280 628
280 761
280 1040
280 1170
281 89
281 153
281 217
281 275
281 345
281 409
281 473
281 756
282 90
282 115
282 151
282 154
282 218
282 346
282 410
282 474
282 1262
283 91
283 106
283 155
283 219
283 347
283 411
283 475
284 20
284 92
284 156
284 220
284 259
284 348
284 412
284 476
284 767
284 1212
285 93
285 157
285 221
285 349
285 397
285 413
285 477
286 94
286 128
286 158
286 222
286 268
286 350
286 414
286 478
286 709
287 95
287 159
287 223
287 351
287 415
287 479
288 96
288 160
288 224
288 352
288 416
288 480
288 1156
289 97
289 161
289 225
289 353
289 417
289 481
289 535
289 834
290 98
290 162
290 200
290 226
290 306
290 354
290 418
290 482
291 99
291 163
291 227
291 355
291 419
291 483
292 100
292 164
292 228
292 356
292 420
292 438
292 484
292 676
293 101
293 165
293 229
293 357
293 420
293 421
293 485
293 1058
294 102
294 166
294 196
294 230
294 358
294 422
294 486
295 103
295 167
295 231
295 236
295 359
295 423
295 487
295 594
295 931
295 1193
295 1272
296 104
296 168
296 232
296 360
296 424
296 488
296 573
296 1027
297 105
297 169
297 233
297 361
297 425
297 426
297 489
297 656
297 1044
297 1259
298 106
298 170
298 234
298 362
298 426
298 490
298 508
298 624
299 61
299 107
299 171
299 235
299 328
299 363
299 427
299 436
299 491
300 108
300 172
300 236
300 272
300 364
300 428
300 492
301 109
301 173
301 237
301 365
301 429
301 493
301 771
301 887
302 108
302 110
302 174
302 238
302 366
302 430
302 494
302 547
302 577
302 1149
303 111
303 175
303 239
303 367
303 431
303 472
303 495
303 809
303 815
304 112
304 176
304 240
304 368
304 432
304 496
304 766
304 1279
305 113
305 177
305 241
305 369
305 433
305 497
305 1168
306 114
306 178
306 200
306 242
306 290
306 370
306 434
306 498
307 115
307 179
307 186
307 243
307 371
307 435
307 499
307 636
308 116
308 172
308 180
308 244
308 372
308 382
308 436
308 500
308 728
309 98
309 117
309 181
309 245
309 373
309 437
309 501
309 538
309 729
309 1189
309 1237
310 118
310 182
310 246
310 374
310 438
310 502
311 119
311 183
311 247
311 375
311 439
311 503
311 666
311 1077
312 65
312 120
312 184
312 248
312 376
312 440
312 456
312 504
312 745
313 121
313 185
313 249
313 377
313 433
313 441
313 505
313 746
313 755
313 1256
313 1273
314 122
314 186
314 250
314 378
314 380
314 442
314 506
314 893
314 956
315 123
315 170
315 187
315 251
315 379
315 443
315 507
315 1131
316 124
316 185
316 188
316 252
316 380
316 444
316 508
317 125
317 189
317 253
317 381
317 445
317 509
317 1194
318 126
318 190
318 253
318 254
318 382
318 446
318 510
318 600
318 1011
319 43
319 127
319 191
319 240
319 255
319 383
319 447
319 511
319 683
319 944
320 128
320 192
320 256
320 384
320 448
320 512
320 662
321 129
321 193
321 257
321 385
321 386
321 449
321 513
322 28
322 114
322 130
322 194
322 257
322 258
322 386
322 450
322 514
322 1133
322 1177
323 131
323 195
323 259
323 387
323 451
323 515
323 634
324 132
324 196
324 260
324 388
324 452
324 516
324 932
325 133
325 197
325 229
325 261
325 389
325 453
325 517
326 134
326 198
326 262
326 390
326 452
326 454
326 518
326 522
326 525
326 585
326 842
326 847
326 905
326 966
327 6
327 7
327 29
327 54
327 70
327 71
327 134
327 135
327 182
327 198
327 199
327 263
327 265
327 391
327 394
327 455
327 465
327 477
327 478
327 502
327 518
327 519
327 521
327 525
327 583
327 585
327 647
327 650
327 655
327 711
327 713
327 839
327 841
327 842
327 844
327 847
327 886
327 902
327 966
327 969
327 1033
327 1095
328 61
328 136
328 200
328 264
328 299
328 392
328 436
328 456
328 520
329 9
329 73
329 137
329 201
329 262
329 265
329 390
329 393
329 454
329 457
329 519
329 521
329 582
329 646
329 710
329 777
329 838
329 903
329 967
329 1031
329 1097
329 1159
329 1225
330 138
330 202
330 266
330 394
330 458
330 522
330 822
331 139
331 203
331 267
331 395
331 459
331 523
332 140
332 204
332 211
332 268
332 396
332 460
332 524
332 549
332 882
333 141
333 205
333 269
333 397
333 461
333 525
334 14
334 78
334 142
334 199
334 206
334 263
334 270
334 393
334 398
334 455
334 457
334 458
334 460
334 461
334 462
334 526
334 590
334 649
334 654
334 718
334 775
334 782
334 846
334 910
334 974
334 1030
334 1038
334 1094
334 1102
334 1158
334 1161
334 1166
335 143
335 207
335 271
335 399
335 463
335 527
336 144
336 208
336 252
336 272
336 400
336 464
336 528
337 145
337 209
337 273
337 401
337 465
337 529
338 146
338 210
338 245
338 274
338 402
338 466
338 530
339 147
339 211
339 275
339 403
339 467
339 531
339 748
339 889
340 148
340 212
340 242
340 276
340 404
340 468
340 532
341 149
341 213
341 277
341 405
341 469
341 533
341 917
341 1141
342 150
342 214
342 278
342 406
342 470
342 534
342 933
343 151
343 215
343 279
343 407
343 471
343 535
343 997
344 152
344 216
344 280
344 408
344 472
344 536
344 953
344 1016
344 1145
345 147
345 153
345 217
345 281
345 348
345 409
345 473
345 537
345 1043
346 154
346 218
346 282
346 410
346 474
346 538
347 155
347 219
347 283
347 411
347 475
347 539
347 1051
348 147
348 156
348 220
348 284
348 345
348 412
348 476
348 540
348 1043
349 157
349 162
349 221
349 285
349 413
349 477
349 541
350 158
350 222
350 286
350 400
350 414
350 478
350 509
350 542
351 159
351 223
351 287
351 415
351 473
351 479
351 543
352 160
352 224
352 288
352 416
352 480
352 544
353 38
353 161
353 225
353 289
353 417
353 481
353 545
353 733
354 83
354 162
354 226
354 290
354 418
354 482
354 546
354 665
355 163
355 227
355 291
355 419
355 483
355 547
356 164
356 228
356 292
356 420
356 484
356 548
357 165
357 229
357 293
357 421
357 425
357 485
357 549
357 813
357 853
358 166
358 230
358 294
358 422
358 486
358 550
359 167
359 231
359 295
359 423
359 487
359 551
359 810
359 897
359 1065
360 232
360 296
360 424
360 488
361 169
361 233
361 297
361 425
361 489
361 553
361 1010
362 170
362 234
362 298
362 426
362 490
362 554
362 563
362 682
363 171
363 235
363 299
363 427
363 491
363 555
363 940
364 172
364 220
364 236
364 300
364 428
364 492
364 556
364 681
365 116
365 173
365 208
365 237
365 276
365 301
365 429
365 493
365 557
365 796
366 174
366 238
366 302
366 430
366 494
366 558
367 174
367 175
367 239
367 303
367 431
367 495
367 559
367 856
367 883
367 1151
367 1172
367 1178
367 1275
368 176
368 240
368 304
368 432
368 496
368 560
368 1020
369 177
369 241
369 305
369 433
369 497
369 537
369 561
369 744
370 178
370 242
370 306
370 434
370 498
370 539
370 562
371 152
371 179
371 243
371 251
371 307
371 381
371 435
371 499
371 563
371 1176
372 180
372 191
372 244
372 308
372 436
372 500
372 564
372 574
372 892
372 1023
372 1106
372 1147
373 181
373 245
373 309
373 437
373 501
373 565
374 182
374 246
374 310
374 438
374 502
374 566
374 1101
375 164
375 183
375 247
375 311
375 439
375 503
375 562
375 567
375 679
376 103
376 184
376 248
376 312
376 440
376 504
376 568
377 185
377 249
377 313
377 441
377 505
377 569
377 894
377 1009
378 186
378 250
378 314
378 442
378 506
378 570
378 826
379 187
379 251
379 315
379 443
379 507
379 571
380 188
380 252
380 314
380 316
380 444
380 508
380 572
380 893
380 956
381 152
381 189
381 251
381 253
381 317
381 371
381 445
381 509
381 573
381 1176
382 172
382 190
382 254
382 308
382 318
382 446
382 510
382 574
382 728
383 191
383 255
383 319
383 447
383 511
383 575
384 192
384 256
384 320
384 448
384 512
384 576
384 1079
384 1105
384 1126
385 193
385 257
385 321
385 449
385 513
385 577
385 642
385 674
385 806
385 1053
386 194
386 258
386 321
386 322
386 450
386 514
386 578
387 60
387 195
387 259
387 323
387 451
387 515
387 579
387 1021
387 1114
388 196
388 260
388 324
388 452
388 516
388 580
389 50
389 197
389 261
389 325
389 453
389 517
389 581
389 860
389 1093
390 9
390 73
390 137
390 198
390 201
390 262
390 326
390 329
390 454
390 518
390 519
390 582
390 646
390 710
390 777
390 838
390 903
390 967
390 1031
390 1097
390 1159
390 1225
391 6
391 7
391 29
391 54
391 70
391 71
391 135
391 182
391 198
391 199
391 263
391 265
391 327
391 393
391 455
391 458
391 460
391 461
391 465
391 477
391 478
391 502
391 518
391 519
391 521
391 583
391 647
391 649
391 650
391 652
391 655
391 711
391 713
391 774
391 775
391 839
391 841
391 844
391 845
391 886
391 902
391 969
391 1030
391 1033
391 1094
391 1095
391 1158
391 1161
391 1222
391 1223
392 55
392 200
392 264
392 328
392 456
392 520
392 584
393 6
393 29
393 71
393 135
393 199
393 201
393 206
393 263
393 265
393 329
393 334
393 391
393 398
393 455
393 457
393 458
393 460
393 461
393 465
393 502
393 518
393 521
393 583
393 585
393 590
393 647
393 649
393 650
393 652
393 655
393 713
393 718
393 774
393 775
393 782
393 839
393 841
393 844
393 845
393 886
393 902
393 1030
393 1033
393 1094
393 1095
393 1158
393 1161
393 1222
393 1223
394 6
394 7
394 29
394 54
394 70
394 134
394 135
394 182
394 198
394 202
394 265
394 266
394 327
394 330
394 458
394 477
394 478
394 522
394 525
394 585
394 586
394 647
394 650
394 655
394 711
394 839
394 842
394 844
394 847
394 886
394 902
394 966
394 969
394 1033
394 1095
394 1223
395 203
395 267
395 331
395 459
395 523
395 587
396 204
396 268
396 332
396 416
396 460
396 524
396 588
396 960
397 205
397 269
397 285
397 333
397 461
397 525
397 589
398 14
398 78
398 142
398 199
398 206
398 263
398 270
398 334
398 393
398 455
398 457
398 458
398 461
398 462
398 526
398 590
398 649
398 654
398 718
398 775
398 782
398 846
398 910
398 974
398 1030
398 1038
398 1094
398 1102
398 1158
398 1166
398 1222
398 1230
399 207
399 271
399 335
399 463
399 527
399 591
400 208
400 272
400 336
400 350
400 464
400 509
400 528
400 592
401 209
401 273
401 337
401 465
401 529
401 593
402 210
402 274
402 338
402 466
402 499
402 530
402 584
402 594
402 757
403 84
403 211
403 275
403 339
403 467
403 531
403 595
404 167
404 212
404 276
404 340
404 468
404 510
404 532
404 596
404 1186
405 213
405 277
405 341
405 469
405 533
405 597
406 214
406 278
406 342
406 470
406 534
406 598
406 1227
407 215
407 279
407 343
407 471
407 535
407 599
408 216
408 280
408 344
408 472
408 536
408 555
408 600
409 217
409 281
409 345
409 473
409 537
409 601
409 1173
410 218
410 282
410 346
410 474
410 538
410 602
410 691
410 807
410 1148
411 219
411 283
411 347
411 475
411 539
411 603
411 671
412 220
412 284
412 348
412 476
412 540
412 604
412 833
412 879
413 221
413 285
413 349
413 477
413 541
413 605
414 222
414 286
414 350
414 478
414 542
414 606
414 926
415 214
415 223
415 287
415 351
415 479
415 543
415 593
415 607
416 224
416 288
416 352
416 396
416 480
416 544
416 608
416 960
417 225
417 289
417 353
417 481
417 545
417 609
418 226
418 290
418 354
418 482
418 546
418 610
419 125
419 227
419 234
419 291
419 355
419 442
419 483
419 547
419 611
420 228
420 292
420 293
420 356
420 484
420 548
420 612
420 1058
421 229
421 293
421 357
421 485
421 549
421 613
421 840
421 987
422 230
422 294
422 358
422 486
422 550
422 614
423 89
423 231
423 295
423 359
423 487
423 551
423 597
423 615
423 1143
424 232
424 296
424 360
424 488
424 552
424 616
424 919
424 1127
425 233
425 297
425 357
425 361
425 489
425 553
425 617
425 813
425 853
426 234
426 297
426 298
426 362
426 490
426 554
426 618
426 656
426 1044
426 1259
427 235
427 299
427 363
427 491
427 555
427 619
427 936
428 236
428 300
428 364
428 492
428 556
428 620
428 986
428 1080
428 1218
429 173
429 237
429 301
429 365
429 493
429 557
429 602
429 621
429 945
429 976
429 1068
430 238
430 302
430 366
430 494
430 558
430 622
430 1203
430 1208
431 239
431 249
431 303
431 367
431 495
431 559
431 623
431 857
431 922
432 240
432 304
432 368
432 496
432 560
432 624
432 831
432 1201
433 241
433 305
433 313
433 369
433 497
433 561
433 625
433 746
433 755
433 1256
433 1273
434 242
434 306
434 370
434 440
434 498
434 562
434 626
434 701
434 749
434 1260
435 243
435 307
435 371
435 499
435 563
435 627
435 1125
436 61
436 244
436 299
436 308
436 328
436 372
436 500
436 564
436 628
437 245
437 309
437 373
437 501
437 565
437 629
437 1188
438 246
438 292
438 310
438 374
438 502
438 566
438 630
438 676
439 247
439 311
439 375
439 503
439 567
439 631
440 248
440 312
440 376
440 434
440 504
440 568
440 632
440 701
440 749
440 1260
441 249
441 313
441 377
441 505
441 569
441 617
441 621
441 633
442 125
442 234
442 250
442 314
442 378
442 419
442 506
442 570
442 634
443 251
443 315
443 379
443 507
443 571
443 635
444 117
444 252
444 316
444 380
444 508
444 528
444 572
444 636
444 664
444 820
445 111
445 195
445 253
445 317
445 381
445 509
445 532
445 573
445 637
445 788
445 915
446 254
446 318
446 382
446 510
446 574
446 638
446 1018
447 255
447 319
447 383
447 511
447 575
447 639
447 703
448 37
448 256
448 320
448 384
448 512
448 576
448 640
448 968
449 180
449 257
449 321
449 385
449 500
449 513
449 577
449 641
449 1258
450 258
450 322
450 386
450 514
450 578
450 642
450 1180
451 259
451 323
451 387
451 515
451 579
451 615
451 643
452 260
452 324
452 326
452 388
452 516
452 522
452 580
452 644
452 905
452 966
453 261
453 325
453 389
453 469
453 517
453 581
453 645
453 977
453 1117
454 9
454 73
454 137
454 201
454 262
454 326
454 329
454 390
454 518
454 519
454 582
454 646
454 710
454 777
454 838
454 903
454 967
454 1031
454 1097
454 1159
454 1225
455 6
455 29
455 71
455 135
455 199
455 206
455 263
455 327
455 334
455 391
455 393
455 398
455 457
455 458
455 460
455 461
455 465
455 502
455 518
455 519
455 521
455 526
455 583
455 590
455 647
455 649
455 650
455 652
455 655
455 713
455 718
455 774
455 775
455 782
455 839
455 841
455 844
455 845
455 886
455 902
455 1030
455 1033
455 1094
455 1095
455 1158
455 1161
455 1222
455 1223
456 65
456 264
456 312
456 328
456 392
456 520
456 584
456 648
456 745
457 14
457 71
457 78
457 142
457 199
457 206
457 263
457 265
457 270
457 329
457 334
457 393
457 398
457 455
457 458
457 460
457 461
457 462
457 465
457 502
457 518
457 521
457 526
457 583
457 585
457 590
457 649
457 652
457 654
457 718
457 774
457 775
457 782
457 841
457 845
457 846
457 910
457 1030
457 1038
457 1094
457 1158
457 1161
457 1222
458 6
458 71
458 135
458 199
458 206
458 263
458 266
458 330
458 334
458 391
458 393
458 394
458 398
458 455
458 457
458 460
458 461
458 465
458 502
458 518
458 521
458 522
458 526
458 583
458 586
458 590
458 647
458 649
458 650
458 652
458 654
458 655
458 713
458 718
458 774
458 775
458 782
458 839
458 841
458 844
458 845
458 886
458 902
458 1030
458 1033
458 1094
458 1158
458 1161
458 1222
458 1223
459 267
459 331
459 395
459 470
459 523
459 587
459 651
460 6
460 29
460 70
460 71
460 135
460 199
460 263
460 268
460 332
460 334
460 391
460 393
460 396
460 455
460 457
460 458
460 461
460 465
460 477
460 502
460 518
460 521
460 524
460 583
460 588
460 647
460 649
460 650
460 652
460 655
460 713
460 774
460 775
460 782
460 839
460 841
460 844
460 845
460 886
460 902
460 1030
460 1033
460 1094
460 1095
460 1158
460 1161
460 1222
460 1223
461 6
461 71
461 135
461 199
461 206
461 263
461 269
461 333
461 334
461 391
461 393
461 397
461 398
461 455
461 457
461 458
461 460
461 465
461 502
461 518
461 521
461 525
461 526
461 583
461 589
461 590
461 647
461 649
461 650
461 652
461 653
461 654
461 655
461 713
461 718
461 774
461 775
461 782
461 839
461 841
461 844
461 845
461 886
461 902
461 1030
461 1033
461 1094
461 1095
461 1158
461 1161
461 1222
461 1223
462 14
462 78
462 142
462 206
462 270
462 334
462 398
462 457
462 526
462 590
462 654
462 718
462 782
462 846
462 910
462 974
462 1038
462 1094
462 1102
462 1166
462 1230
463 271
463 335
463 399
463 527
463 591
463 655
463 849
464 46
464 272
464 336
464 400
464 528
464 592
464 656
465 6
465 7
465 29
465 54
465 70
465 71
465 135
465 182
465 199
465 263
465 273
465 327
465 337
465 391
465 393
465 401
465 455
465 457
465 458
465 460
465 461
465 477
465 478
465 502
465 518
465 521
465 529
465 583
465 593
465 647
465 649
465 650
465 652
465 655
465 657
465 711
465 713
465 774
465 775
465 839
465 841
465 844
465 845
465 886
465 902
465 969
465 1030
465 1033
465 1094
465 1095
465 1158
465 1161
465 1222
465 1223
466 274
466 338
466 402
466 530
466 594
466 658
467 120
467 275
467 339
467 403
467 531
467 595
467 659
467 1057
468 276
468 340
468 404
468 532
468 545
468 596
468 660
468 1046
469 277
469 341
469 405
469 453
469 533
469 597
469 661
469 977
469 1117
470 278
470 342
470 406
470 459
470 534
470 598
470 662
471 279
471 343
471 407
471 535
471 599
471 663
471 759
471 1109
472 280
472 303
472 344
472 408
472 536
472 600
472 664
472 809
472 815
473 281
473 345
473 351
473 409
473 537
473 601
473 665
474 282
474 346
474 410
474 538
474 540
474 602
474 666
474 768
474 837
475 283
475 347
475 411
475 539
475 603
475 667
475 783
476 284
476 348
476 412
476 540
476 604
476 668
476 726
477 6
477 7
477 29
477 54
477 70
477 71
477 134
477 135
477 182
477 198
477 265
477 285
477 327
477 349
477 391
477 394
477 413
477 460
477 465
477 478
477 502
477 518
477 521
477 525
477 541
477 583
477 585
477 605
477 647
477 650
477 652
477 655
477 669
477 711
477 713
477 774
477 839
477 841
477 842
477 844
477 845
477 847
477 886
477 902
477 969
477 1033
477 1095
477 1161
477 1223
478 6
478 7
478 29
478 54
478 70
478 134
478 135
478 182
478 198
478 265
478 286
478 327
478 350
478 391
478 394
478 414
478 465
478 477
478 502
478 518
478 525
478 542
478 583
478 585
478 606
478 647
478 650
478 655
478 670
478 711
478 713
478 839
478 841
478 842
478 844
478 847
478 886
478 902
478 966
478 969
478 1033
478 1095
478 1223
479 287
479 351
479 415
479 516
479 543
479 607
479 671
480 288
480 352
480 416
480 544
480 608
480 672
481 289
481 353
481 417
481 545
481 609
481 651
481 673
482 290
482 354
482 418
482 495
482 546
482 610
482 674
482 731
483 16
483 291
483 355
483 419
483 547
483 568
483 611
483 675
483 871
483 890
483 899
483 921
483 1107
484 292
484 356
484 420
484 548
484 612
484 676
485 293
485 357
485 421
485 549
485 613
485 677
485 1142
486 294
486 358
486 422
486 550
486 614
486 678
487 295
487 359
487 423
487 551
487 615
487 679
488 296
488 360
488 424
488 552
488 616
488 680
489 297
489 361
489 425
489 553
489 617
489 681
490 298
490 362
490 426
490 554
490 569
490 618
490 682
490 688
490 1004
491 63
491 299
491 363
491 427
491 555
491 619
491 683
491 739
491 938
492 123
492 171
492 300
492 364
492 428
492 556
492 620
492 684
492 895
493 239
493 301
493 365
493 429
493 536
493 557
493 621
493 685
493 693
493 1108
494 302
494 366
494 430
494 558
494 561
494 622
494 686
494 1242
495 303
495 367
495 431
495 482
495 559
495 623
495 687
495 731
496 304
496 368
496 432
496 560
496 624
496 641
496 688
496 730
497 110
497 305
497 369
497 433
497 561
497 596
497 625
497 689
497 765
497 1134
497 1261
498 222
498 306
498 370
498 434
498 562
498 626
498 690
498 738
498 904
499 307
499 371
499 402
499 435
499 563
499 584
499 627
499 691
499 757
500 180
500 308
500 372
500 436
500 449
500 564
500 628
500 692
500 1258
501 309
501 373
501 437
501 565
501 629
501 693
501 924
502 6
502 7
502 29
502 54
502 70
502 71
502 135
502 182
502 198
502 199
502 263
502 310
502 327
502 374
502 391
502 393
502 438
502 455
502 457
502 458
502 460
502 461
502 465
502 477
502 478
502 518
502 521
502 566
502 583
502 630
502 647
502 649
502 650
502 652
502 655
502 694
502 711
502 713
502 774
502 775
502 839
502 841
502 844
502 845
502 886
502 902
502 969
502 1030
502 1033
502 1094
502 1095
502 1158
502 1161
502 1222
502 1223
503 85
503 311
503 375
503 439
503 567
503 631
503 695
503 823
504 237
504 312
504 376
504 440
504 568
504 632
504 696
504 1090
505 244
505 313
505 377
505 441
505 569
505 633
505 697
505 1251
506 314
506 378
506 442
506 570
506 634
506 698
507 170
507 315
507 379
507 443
507 571
507 635
507 699
507 1131
508 298
508 316
508 380
508 444
508 572
508 624
508 636
508 700
509 317
509 350
509 381
509 400
509 445
509 573
509 637
509 701
510 167
510 318
510 382
510 404
510 446
510 574
510 638
510 702
510 1186
511 23
511 319
511 383
511 447
511 575
511 639
511 703
511 1215
512 320
512 384
512 448
512 576
512 589
512 640
512 704
513 321
513 385
513 449
513 577
513 641
513 705
513 1185
514 322
514 386
514 450
514 578
514 642
514 706
514 1162
515 175
515 323
515 387
515 451
515 579
515 643
515 707
516 324
516 388
516 452
516 479
516 580
516 644
516 708
517 325
517 389
517 453
517 581
517 645
517 709
517 1061
518 6
518 7
518 29
518 54
518 70
518 71
518 135
518 182
518 199
518 263
518 326
518 327
518 390
518 391
518 393
518 454
518 455
518 457
518 458
518 460
518 461
518 465
518 477
518 478
518 502
518 521
518 582
518 583
518 646
518 647
518 649
518 650
518 652
518 655
518 710
518 711
518 713
518 774
518 775
518 839
518 841
518 844
518 845
518 886
518 902
518 969
518 1030
518 1033
518 1094
518 1095
518 1158
518 1161
518 1222
518 1223
519 9
519 73
519 137
519 201
519 262
519 327
519 329
519 390
519 391
519 454
519 455
519 582
519 583
519 646
519 647
519 710
519 711
519 777
519 838
519 903
519 967
519 1031
519 1097
519 1159
519 1225
520 328
520 392
520 456
520 584
520 648
520 712
520 1116
520 1216
521 6
521 7
521 29
521 54
521 70
521 71
521 135
521 182
521 199
521 263
521 327
521 329
521 391
521 393
521 455
521 457
521 458
521 460
521 461
521 465
521 477
521 502
521 518
521 583
521 585
521 647
521 649
521 650
521 652
521 655
521 711
521 713
521 774
521 775
521 782
521 839
521 841
521 844
521 845
521 886
521 902
521 969
521 1030
521 1033
521 1094
521 1095
521 1158
521 1161
521 1222
521 1223
522 326
522 330
522 394
522 452
522 458
522 586
522 650
522 714
522 905
523 331
523 395
523 459
523 587
523 651
523 715
524 332
524 396
524 460
524 588
524 652
524 716
525 6
525 7
525 29
525 54
525 70
525 134
525 182
525 198
525 265
525 326
525 327
525 333
525 394
525 397
525 461
525 477
525 478
525 585
525 589
525 653
525 711
525 717
525 842
525 847
525 905
525 966
525 969
525 1095
526 14
526 78
526 142
526 199
526 206
526 270
526 334
526 398
526 455
526 457
526 458
526 461
526 462
526 590
526 649
526 654
526 718
526 782
526 846
526 910
526 974
526 1030
526 1038
526 1094
526 1102
526 1158
526 1166
526 1230
527 335
527 399
527 463
527 591
527 655
527 719
528 117
528 336
528 400
528 444
528 464
528 592
528 656
528 664
528 720
528 820
529 337
529 401
529 465
529 593
529 657
529 721
530 160
530 338
530 402
530 466
530 594
530 658
530 722
531 339
531 403
531 467
531 595
531 659
531 723
532 111
532 195
532 340
532 404
532 445
532 468
532 596
532 660
532 724
532 788
532 915
533 35
533 341
533 405
533 469
533 597
533 661
533 725
533 1124
534 271
534 342
534 406
534 470
534 598
534 662
534 726
535 289
535 343
535 407
535 471
535 599
535 663
535 727
535 834
536 239
536 344
536 408
536 472
536 493
536 600
536 664
536 693
536 728
536 1108
537 345
537 369
537 409
537 473
537 601
537 665
537 729
537 744
538 98
538 309
538 346
538 410
538 474
538 602
538 666
538 729
538 730
538 1189
538 1237
539 347
539 370
539 411
539 475
539 603
539 667
539 731
540 348
540 412
540 474
540 476
540 604
540 668
540 732
540 768
540 837
541 349
541 413
541 477
541 605
541 669
541 733
542 350
542 414
542 478
542 606
542 670
542 734
543 351
543 415
543 479
543 607
543 671
543 735
544 77
544 352
544 416
544 480
544 608
544 672
544 736
545 353
545 417
545 468
545 481
545 609
545 673
545 737
545 1046
546 80
546 264
546 354
546 418
546 482
546 610
546 674
546 738
547 108
547 302
547 355
547 419
547 483
547 577
547 611
547 675
547 739
547 1149
548 356
548 420
548 484
548 612
548 676
548 740
548 1035
549 211
549 332
549 357
549 421
549 485
549 613
549 677
549 741
549 882
550 358
550 422
550 486
550 614
550 678
550 742
551 359
551 423
551 487
551 578
551 615
551 648
551 679
551 743
551 1268
552 424
552 488
552 616
552 680
552 744
553 129
553 361
553 425
553 489
553 617
553 681
553 745
554 362
554 426
554 490
554 618
554 682
554 746
555 363
555 408
555 427
555 491
555 619
555 683
555 747
556 364
556 428
556 492
556 620
556 684
556 748
556 983
557 52
557 365
557 429
557 493
557 621
557 663
557 685
557 749
558 366
558 430
558 494
558 622
558 686
558 750
558 787
558 874
558 941
559 249
559 367
559 431
559 495
559 623
559 687
559 751
559 857
559 922
560 113
560 179
560 368
560 432
560 496
560 624
560 688
560 752
561 369
561 433
561 494
561 497
561 625
561 689
561 753
561 1242
562 164
562 370
562 375
562 434
562 498
562 626
562 679
562 690
562 754
563 362
563 371
563 435
563 499
563 627
563 682
563 691
563 755
564 372
564 436
564 500
564 576
564 628
564 692
564 756
565 373
565 437
565 501
565 629
565 693
565 757
565 924
566 374
566 438
566 502
566 630
566 694
566 758
567 375
567 439
567 503
567 631
567 695
567 759
568 16
568 376
568 440
568 483
568 504
568 632
568 696
568 760
568 871
568 890
568 899
568 921
568 1107
569 377
569 441
569 490
569 505
569 633
569 688
569 697
569 761
569 1004
570 378
570 442
570 506
570 634
570 698
570 762
571 24
571 379
571 443
571 507
571 635
571 699
571 763
571 1130
572 380
572 444
572 508
572 636
572 700
572 764
573 296
573 381
573 445
573 509
573 637
573 701
573 765
573 1027
574 191
574 372
574 382
574 446
574 510
574 638
574 702
574 766
574 892
574 1023
574 1106
574 1147
575 383
575 447
575 511
575 639
575 703
575 767
576 384
576 448
576 512
576 564
576 640
576 704
576 768
577 108
577 302
577 385
577 449
577 513
577 547
577 641
577 705
577 769
577 1149
578 386
578 450
578 514
578 551
578 642
578 648
578 706
578 770
578 1268
579 387
579 451
579 515
579 643
579 707
579 771
580 388
580 452
580 516
580 644
580 708
580 772
580 972
581 146
581 389
581 453
581 517
581 645
581 709
581 773
581 1277
582 9
582 73
582 137
582 201
582 262
582 329
582 390
582 454
582 518
582 519
582 646
582 710
582 774
582 777
582 838
582 903
582 967
582 1031
582 1097
582 1159
582 1225
583 6
583 7
583 29
583 54
583 70
583 71
583 135
583 182
583 199
583 263
583 327
583 391
583 393
583 455
583 457
583 458
583 460
583 461
583 465
583 477
583 478
583 502
583 518
583 519
583 521
583 647
583 649
583 650
583 652
583 655
583 711
583 713
583 774
583 775
583 782
583 839
583 841
583 844
583 845
583 886
583 902
583 969
583 1030
583 1033
583 1094
583 1095
583 1158
583 1161
583 1222
583 1223
584 392
584 402
584 456
584 499
584 520
584 648
584 712
584 757
584 776
585 7
585 29
585 54
585 70
585 134
585 182
585 198
585 265
585 326
585 327
585 393
585 394
585 457
585 477
585 478
585 521
585 525
585 649
585 711
585 713
585 777
585 842
585 847
585 905
585 966
585 969
586 394
586 458
586 522
586 650
586 714
586 778
587 145
587 395
587 459
587 523
587 651
587 715
587 779
588 396
588 460
588 524
588 605
588 652
588 716
588 780
589 397
589 461
589 512
589 525
589 653
589 717
589 781
590 14
590 78
590 142
590 199
590 206
590 263
590 270
590 334
590 393
590 398
590 455
590 457
590 458
590 461
590 462
590 526
590 649
590 654
590 718
590 782
590 846
590 910
590 974
590 1030
590 1038
590 1094
590 1102
590 1158
590 1166
590 1222
590 1230
591 64
591 399
591 463
591 527
591 655
591 719
591 783
591 1119
592 41
592 400
592 464
592 528
592 656
592 720
592 784
592 876
593 214
593 401
593 415
593 465
593 529
593 657
593 721
593 785
594 236
594 295
594 402
594 466
594 530
594 658
594 722
594 786
594 931
594 1193
594 1272
595 403
595 467
595 531
595 659
595 723
595 787
596 110
596 404
596 468
596 497
596 532
596 660
596 724
596 765
596 788
596 1134
596 1261
597 89
597 405
597 423
597 469
597 533
597 661
597 725
597 789
597 1143
598 406
598 470
598 534
598 662
598 726
598 790
599 407
599 471
599 535
599 663
599 727
599 791
599 821
600 190
600 253
600 318
600 408
600 472
600 536
600 664
600 728
600 792
600 1011
601 409
601 473
601 537
601 665
601 686
601 729
601 793
601 1091
602 173
602 410
602 429
602 474
602 538
602 666
602 730
602 794
602 945
602 976
602 1068
603 163
603 411
603 475
603 539
603 667
603 731
603 795
604 412
604 476
604 540
604 659
604 668
604 732
604 796
605 413
605 477
605 541
605 588
605 669
605 733
605 797
606 414
606 478
606 542
606 670
606 734
606 798
607 415
607 479
607 543
607 671
607 735
607 799
608 416
608 480
608 544
608 672
608 736
608 800
609 30
609 39
609 417
609 481
609 545
609 673
609 737
609 801
609 1235
610 194
610 418
610 482
610 546
610 674
610 738
610 802
611 419
611 483
611 547
611 675
611 739
611 803
612 420
612 484
612 548
612 676
612 740
612 741
612 804
613 421
613 485
613 549
613 677
613 741
613 805
614 422
614 486
614 550
614 657
614 678
614 742
614 806
615 423
615 451
615 487
615 551
615 679
615 743
615 807
616 87
616 277
616 424
616 488
616 552
616 680
616 744
616 808
616 881
616 1074
616 1243
617 425
617 441
617 489
617 553
617 621
617 633
617 681
617 745
617 809
618 426
618 490
618 554
618 682
618 746
618 810
618 875
618 884
618 1112
619 427
619 491
619 555
619 683
619 702
619 747
619 811
619 829
619 1003
620 169
620 428
620 492
620 556
620 684
620 748
620 764
620 812
620 1219
620 1267
621 429
621 441
621 493
621 557
621 617
621 633
621 685
621 749
621 813
622 430
622 494
622 558
622 686
622 750
622 814
623 431
623 495
623 559
623 687
623 751
623 815
624 298
624 432
624 496
624 508
624 560
624 688
624 752
624 816
625 67
625 433
625 497
625 561
625 689
625 698
625 753
625 817
625 1049
625 1087
625 1240
626 254
626 434
626 498
626 562
626 690
626 754
626 818
626 935
626 1239
627 435
627 499
627 563
627 691
627 755
627 819
627 1071
627 1192
628 280
628 436
628 500
628 564
628 692
628 756
628 761
628 820
628 1040
628 1170
629 258
629 437
629 501
629 565
629 687
629 693
629 757
629 821
629 1175
629 1244
630 438
630 502
630 566
630 694
630 758
630 822
631 439
631 503
631 567
631 695
631 759
631 823
632 440
632 504
632 568
632 696
632 760
632 824
632 1213
633 441
633 505
633 569
633 617
633 621
633 697
633 761
633 825
634 323
634 442
634 506
634 570
634 698
634 762
634 826
635 443
635 507
635 571
635 699
635 763
635 827
635 942
635 1048
635 1067
635 1214
636 186
636 307
636 444
636 508
636 572
636 700
636 764
636 828
637 227
637 445
637 509
637 573
637 701
637 765
637 829
637 946
637 1064
637 1198
638 255
638 446
638 510
638 574
638 702
638 766
638 830
639 447
639 511
639 575
639 703
639 767
639 831
639 958
640 226
640 448
640 512
640 576
640 704
640 768
640 832
641 449
641 496
641 513
641 577
641 705
641 730
641 769
641 833
642 385
642 450
642 514
642 578
642 674
642 706
642 770
642 806
642 834
642 1053
643 451
643 515
643 579
643 707
643 720
643 771
643 835
643 1050
643 1086
644 17
644 452
644 516
644 580
644 708
644 772
644 836
645 453
645 517
645 581
645 709
645 773
645 776
645 837
645 869
646 9
646 73
646 137
646 201
646 262
646 329
646 390
646 454
646 518
646 519
646 582
646 710
646 774
646 777
646 838
646 903
646 967
646 1031
646 1097
646 1159
646 1225
647 6
647 7
647 29
647 54
647 70
647 71
647 135
647 182
647 198
647 199
647 263
647 265
647 327
647 391
647 393
647 394
647 455
647 458
647 460
647 461
647 465
647 477
647 478
647 502
647 518
647 519
647 521
647 583
647 649
647 650
647 652
647 655
647 711
647 713
647 774
647 775
647 839
647 841
647 844
647 845
647 886
647 902
647 969
647 1030
647 1033
647 1095
647 1158
647 1161
647 1222
647 1223
648 456
648 520
648 551
648 578
648 584
648 712
648 776
648 840
648 1268
649 71
649 135
649 199
649 206
649 263
649 270
649 334
649 391
649 393
649 398
649 455
649 457
649 458
649 460
649 461
649 465
649 502
649 518
649 521
649 526
649 583
649 585
649 590
649 647
649 650
649 652
649 654
649 655
649 713
649 718
649 774
649 775
649 777
649 782
649 839
649 841
649 844
649 845
649 886
649 902
649 1030
649 1033
649 1094
649 1158
649 1161
649 1222
649 1223
650 6
650 7
650 29
650 54
650 70
650 71
650 135
650 182
650 198
650 199
650 263
650 265
650 327
650 391
650 393
650 394
650 455
650 458
650 460
650 461
650 465
650 477
650 478
650 502
650 518
650 521
650 522
650 583
650 586
650 647
650 649
650 652
650 655
650 711
650 713
650 714
650 774
650 775
650 778
650 839
650 841
650 842
650 844
650 845
650 886
650 902
650 969
650 1030
650 1033
650 1095
650 1161
650 1222
650 1223
651 459
651 481
651 523
651 587
651 715
651 779
651 843
652 6
652 29
652 54
652 70
652 71
652 135
652 182
652 199
652 263
652 391
652 393
652 455
652 457
652 458
652 460
652 461
652 465
652 477
652 502
652 518
652 521
652 524
652 583
652 588
652 647
652 649
652 650
652 655
652 711
652 713
652 716
652 774
652 775
652 780
652 782
652 839
652 841
652 844
652 845
652 886
652 902
652 1030
652 1033
652 1094
652 1095
652 1158
652 1161
652 1222
652 1223
653 461
653 525
653 589
653 717
653 781
653 845
653 1229
654 14
654 78
654 142
654 199
654 206
654 270
654 334
654 398
654 457
654 458
654 461
654 462
654 526
654 590
654 649
654 718
654 782
654 846
654 910
654 974
654 1030
654 1038
654 1094
654 1102
654 1158
654 1166
654 1230
655 6
655 7
655 29
655 54
655 70
655 71
655 135
655 182
655 198
655 263
655 265
655 327
655 391
655 393
655 394
655 455
655 458
655 460
655 461
655 463
655 465
655 477
655 478
655 502
655 518
655 521
655 527
655 583
655 591
655 647
655 649
655 650
655 652
655 711
655 713
655 719
655 774
655 775
655 783
655 839
655 841
655 844
655 845
655 847
655 886
655 902
655 969
655 1030
655 1033
655 1095
655 1161
655 1222
655 1223
656 297
656 426
656 464
656 528
656 592
656 720
656 784
656 848
656 1044
656 1259
657 465
657 529
657 593
657 614
657 721
657 785
657 849
658 466
658 530
658 594
658 722
658 786
658 850
659 467
659 531
659 595
659 604
659 723
659 787
659 851
660 468
660 532
660 596
660 724
660 788
660 852
661 469
661 533
661 597
661 725
661 789
661 853
661 1157
662 320
662 470
662 534
662 598
662 726
662 790
662 854
663 52
663 471
663 535
663 557
663 599
663 727
663 791
663 855
664 117
664 444
664 472
664 528
664 536
664 600
664 728
664 792
664 820
664 856
665 83
665 354
665 473
665 537
665 601
665 729
665 793
665 857
666 311
666 474
666 538
666 602
666 730
666 794
666 858
666 1077
667 475
667 539
667 603
667 731
667 795
667 859
668 476
668 540
668 604
668 732
668 796
668 860
669 477
669 541
669 605
669 733
669 797
669 861
670 478
670 542
670 606
670 734
670 798
670 862
671 411
671 479
671 543
671 607
671 735
671 799
671 863
672 138
672 480
672 544
672 608
672 736
672 800
672 864
673 139
673 481
673 545
673 609
673 714
673 737
673 801
673 865
674 385
674 482
674 546
674 610
674 642
674 738
674 802
674 806
674 866
674 1053
675 176
675 189
675 483
675 547
675 611
675 739
675 803
675 867
675 920
676 292
676 438
676 484
676 548
676 612
676 740
676 804
676 868
677 485
677 549
677 613
677 741
677 805
677 869
678 486
678 550
678 614
678 742
678 806
678 870
678 1245
679 164
679 375
679 487
679 551
679 562
679 615
679 743
679 807
679 871
680 488
680 552
680 616
680 744
680 808
680 872
680 1073
681 220
681 364
681 489
681 553
681 617
681 745
681 809
681 873
682 362
682 490
682 554
682 563
682 618
682 746
682 810
682 874
683 43
683 240
683 319
683 491
683 555
683 619
683 747
683 811
683 875
683 944
684 62
684 492
684 556
684 620
684 748
684 750
684 812
684 824
684 876
685 130
685 155
685 493
685 557
685 621
685 749
685 813
685 877
685 1253
686 494
686 558
686 601
686 622
686 750
686 814
686 878
686 1091
687 258
687 495
687 559
687 623
687 629
687 751
687 815
687 879
687 1175
687 1244
688 490
688 496
688 560
688 569
688 624
688 752
688 816
688 880
688 1004
689 497
689 561
689 625
689 753
689 817
689 881
689 1179
689 1232
690 1
690 498
690 562
690 626
690 754
690 818
690 882
691 410
691 499
691 563
691 627
691 755
691 807
691 819
691 883
691 1148
692 500
692 564
692 628
692 756
692 820
692 884
692 957
693 239
693 493
693 501
693 536
693 565
693 629
693 757
693 821
693 885
693 1108
694 502
694 566
694 630
694 758
694 822
694 886
694 908
694 996
695 503
695 567
695 631
695 759
695 823
695 887
696 504
696 568
696 632
696 760
696 824
696 888
696 1007
697 149
697 505
697 569
697 633
697 761
697 825
697 889
697 1276
698 67
698 506
698 570
698 625
698 634
698 762
698 826
698 890
698 1049
698 1087
698 1240
699 507
699 571
699 635
699 763
699 803
699 827
699 891
699 1264
700 508
700 572
700 636
700 764
700 828
700 891
700 892
700 1111
701 434
701 440
701 509
701 573
701 637
701 749
701 765
701 829
701 893
701 1260
702 510
702 574
702 619
702 638
702 766
702 829
702 830
702 894
702 1003
703 447
703 511
703 575
703 639
703 767
703 831
703 895
704 512
704 576
704 640
704 768
704 832
704 896
705 148
705 513
705 577
705 641
705 769
705 833
705 897
705 916
706 40
706 514
706 578
706 642
706 770
706 834
706 898
707 515
707 579
707 643
707 771
707 835
707 899
708 269
708 516
708 580
708 644
708 735
708 772
708 836
708 870
708 900
708 913
708 925
709 128
709 268
709 286
709 517
709 581
709 645
709 773
709 837
709 901
710 9
710 73
710 137
710 201
710 262
710 329
710 390
710 454
710 518
710 519
710 582
710 646
710 774
710 777
710 838
710 902
710 903
710 967
710 1031
710 1097
710 1159
710 1225
711 6
711 7
711 29
711 54
711 70
711 71
711 134
711 135
711 182
711 198
711 265
711 327
711 391
711 394
711 465
711 477
711 478
711 502
711 518
711 519
711 521
711 525
711 583
711 585
711 647
711 650
711 652
711 655
711 713
711 774
711 775
711 839
711 841
711 842
711 844
711 847
711 886
711 902
711 903
711 966
711 969
711 1033
711 1095
711 1223
712 520
712 584
712 648
712 776
712 805
712 840
712 904
713 6
713 7
713 29
713 54
713 70
713 71
713 135
713 182
713 198
713 199
713 263
713 265
713 327
713 391
713 393
713 455
713 458
713 460
713 461
713 465
713 477
713 478
713 502
713 518
713 521
713 583
713 585
713 647
713 649
713 650
713 652
713 655
713 711
713 774
713 775
713 777
713 839
713 841
713 844
713 845
713 886
713 902
713 905
713 969
713 1030
713 1033
713 1094
713 1095
713 1158
713 1161
713 1222
713 1223
714 139
714 522
714 586
714 650
714 673
714 778
714 842
714 906
715 203
715 523
715 587
715 651
715 779
715 843
715 907
715 1118
716 209
716 524
716 588
716 652
716 780
716 844
716 908
717 75
717 525
717 589
717 653
717 781
717 845
717 909
718 14
718 78
718 142
718 199
718 206
718 263
718 270
718 334
718 393
718 398
718 455
718 457
718 458
718 461
718 462
718 526
718 590
718 649
718 654
718 782
718 846
718 910
718 974
718 1030
718 1038
718 1094
718 1102
718 1158
718 1166
718 1222
718 1230
719 192
719 527
719 591
719 655
719 783
719 847
719 911
720 528
720 592
720 643
720 656
720 784
720 848
720 912
720 1050
720 1086
721 529
721 593
721 657
721 785
721 849
721 913
721 1036
722 530
722 594
722 658
722 786
722 850
722 914
723 531
723 595
723 659
723 787
723 851
723 915
723 979
724 532
724 596
724 660
724 788
724 852
724 898
724 916
724 1187
725 533
725 597
725 661
725 789
725 853
725 917
726 476
726 534
726 598
726 662
726 790
726 854
726 918
727 2
727 535
727 599
727 663
727 791
727 855
727 858
727 919
727 1234
728 172
728 308
728 382
728 536
728 600
728 664
728 792
728 856
728 920
729 98
729 309
729 537
729 538
729 601
729 665
729 793
729 857
729 921
729 1189
729 1237
730 496
730 538
730 602
730 641
730 666
730 794
730 858
730 922
731 482
731 495
731 539
731 603
731 667
731 795
731 859
731 923
732 27
732 184
732 235
732 540
732 604
732 668
732 796
732 860
732 912
732 924
732 930
732 995
732 999
733 38
733 353
733 541
733 605
733 669
733 797
733 861
733 925
734 165
734 542
734 606
734 670
734 798
734 862
734 896
734 926
734 978
735 269
735 543
735 607
735 671
735 708
735 799
735 863
735 870
735 913
735 925
735 927
736 544
736 608
736 672
736 800
736 864
736 928
737 545
737 609
737 673
737 801
737 865
737 929
738 222
738 498
738 546
738 610
738 674
738 802
738 866
738 904
738 930
739 63
739 491
739 547
739 611
739 675
739 803
739 867
739 931
739 938
740 548
740 612
740 676
740 804
740 865
740 868
740 932
741 549
741 612
741 613
741 677
741 805
741 869
741 933
742 550
742 614
742 678
742 806
742 870
742 934
743 551
743 615
743 679
743 807
743 816
743 871
743 935
744 369
744 537
744 552
744 616
744 680
744 808
744 872
744 936
745 65
745 312
745 456
745 553
745 617
745 681
745 809
745 873
745 937
746 313
746 433
746 554
746 618
746 682
746 755
746 810
746 874
746 938
746 1256
746 1273
747 105
747 555
747 619
747 683
747 811
747 875
747 885
747 939
747 1171
748 339
748 556
748 620
748 684
748 812
748 876
748 889
748 940
749 434
749 440
749 557
749 621
749 685
749 701
749 813
749 877
749 941
749 1260
750 62
750 558
750 622
750 684
750 686
750 814
750 824
750 878
750 942
751 34
751 121
751 559
751 623
751 687
751 815
751 879
751 943
751 1190
752 560
752 624
752 688
752 816
752 880
752 944
753 561
753 625
753 689
753 817
753 881
753 945
753 1017
753 1274
754 133
754 562
754 626
754 690
754 818
754 882
754 946
755 313
755 433
755 563
755 627
755 691
755 746
755 819
755 883
755 947
755 1256
755 1273
756 275
756 281
756 564
756 628
756 692
756 820
756 884
756 948
757 402
757 499
757 565
757 584
757 629
757 693
757 821
757 885
757 949
758 566
758 630
758 694
758 822
758 886
758 950
759 471
759 567
759 631
759 695
759 823
759 887
759 951
759 1109
760 568
760 632
760 696
760 793
760 811
760 824
760 848
760 888
760 952
761 280
761 569
761 628
761 633
761 697
761 825
761 889
761 953
761 1040
761 1170
762 570
762 634
762 698
762 826
762 890
762 954
763 571
763 635
763 699
763 819
763 827
763 891
763 955
764 169
764 572
764 620
764 636
764 700
764 828
764 892
764 956
764 1219
764 1267
765 110
765 497
765 573
765 596
765 637
765 701
765 829
765 893
765 957
765 1134
765 1261
766 304
766 574
766 638
766 702
766 830
766 894
766 958
766 1279
767 20
767 259
767 284
767 575
767 639
767 703
767 831
767 895
767 959
767 1212
768 474
768 540
768 576
768 640
768 704
768 832
768 837
768 896
768 960
769 577
769 641
769 705
769 833
769 897
769 961
770 578
770 642
770 706
770 834
770 898
770 962
770 1271
771 301
771 579
771 643
771 707
771 835
771 887
771 899
771 963
772 580
772 644
772 708
772 836
772 900
772 909
772 964
773 581
773 645
773 709
773 837
773 901
773 965
774 6
774 7
774 29
774 54
774 70
774 71
774 135
774 182
774 199
774 263
774 391
774 393
774 455
774 457
774 458
774 460
774 461
774 465
774 477
774 502
774 518
774 521
774 582
774 583
774 646
774 647
774 649
774 650
774 652
774 655
774 710
774 711
774 713
774 775
774 782
774 838
774 839
774 841
774 844
774 845
774 886
774 902
774 966
774 969
774 1030
774 1033
774 1094
774 1095
774 1158
774 1161
774 1222
774 1223
775 6
775 29
775 71
775 135
775 199
775 263
775 334
775 391
775 393
775 398
775 455
775 457
775 458
775 460
775 461
775 465
775 502
775 518
775 521
775 583
775 647
775 649
775 650
775 652
775 655
775 711
775 713
775 774
775 782
775 839
775 841
775 844
775 845
775 886
775 902
775 903
775 967
775 1030
775 1033
775 1094
775 1095
775 1158
775 1161
775 1222
775 1223
776 584
776 645
776 648
776 712
776 840
776 869
776 904
776 968
777 9
777 73
777 137
777 201
777 262
777 329
777 390
777 454
777 519
777 582
777 585
777 646
777 649
777 710
777 713
777 838
777 841
777 903
777 905
777 967
777 969
777 1031
777 1097
777 1159
777 1225
778 586
778 650
778 714
778 842
778 906
778 970
779 587
779 651
779 715
779 843
779 907
779 971
780 588
780 652
780 716
780 844
780 908
780 972
781 589
781 653
781 717
781 845
781 909
781 973
782 14
782 71
782 78
782 142
782 199
782 206
782 263
782 270
782 334
782 393
782 398
782 455
782 457
782 458
782 460
782 461
782 462
782 521
782 526
782 583
782 590
782 649
782 652
782 654
782 718
782 774
782 775
782 841
782 845
782 846
782 910
782 974
782 1030
782 1038
782 1094
782 1158
782 1161
782 1222
783 475
783 591
783 655
783 719
783 847
783 911
783 975
784 592
784 656
784 720
784 848
784 850
784 912
784 976
784 1191
785 593
785 657
785 721
785 849
785 913
785 977
786 594
786 658
786 722
786 850
786 914
786 978
787 558
787 595
787 659
787 723
787 851
787 874
787 915
787 941
787 979
788 111
788 195
788 445
788 532
788 596
788 660
788 724
788 852
788 915
788 916
788 980
789 597
789 661
789 725
789 853
789 917
789 981
790 598
790 662
790 726
790 854
790 918
790 982
790 1169
791 599
791 663
791 727
791 855
791 862
791 877
791 918
791 919
791 962
791 983
791 1252
792 231
792 600
792 664
792 728
792 856
792 920
792 984
792 1069
792 1266
793 601
793 665
793 729
793 760
793 811
793 848
793 857
793 921
793 985
794 602
794 666
794 730
794 855
794 858
794 922
794 986
795 603
795 667
795 731
795 859
795 923
795 987
796 116
796 208
796 276
796 365
796 604
796 668
796 732
796 860
796 924
796 988
797 605
797 669
797 733
797 861
797 925
797 989
798 606
798 670
798 734
798 862
798 926
798 990
798 1078
799 607
799 671
799 735
799 863
799 927
799 991
800 608
800 672
800 736
800 864
800 928
800 992
800 1054
801 609
801 673
801 737
801 865
801 929
801 993
802 90
802 610
802 674
802 738
802 866
802 930
802 994
803 611
803 675
803 699
803 739
803 867
803 931
803 995
803 1264
804 612
804 676
804 740
804 868
804 932
804 996
805 613
805 677
805 712
805 741
805 869
805 933
805 997
806 385
806 614
806 642
806 674
806 678
806 742
806 870
806 934
806 998
806 1053
807 410
807 615
807 679
807 691
807 743
807 871
807 935
807 999
807 1148
808 153
808 616
808 680
808 744
808 872
808 936
808 1000
808 1026
809 303
809 472
809 617
809 681
809 745
809 815
809 873
809 937
809 1001
810 359
810 618
810 682
810 746
810 874
810 897
810 938
810 1002
810 1065
811 619
811 683
811 747
811 760
811 793
811 848
811 875
811 939
811 1003
812 620
812 684
812 748
812 876
812 940
812 1004
812 1084
813 357
813 425
813 621
813 685
813 749
813 853
813 877
813 941
813 1005
814 104
814 154
814 622
814 686
814 750
814 878
814 942
814 1006
814 1132
815 303
815 472
815 623
815 687
815 751
815 809
815 879
815 943
815 1007
816 624
816 688
816 743
816 752
816 880
816 944
816 1008
817 625
817 689
817 753
817 881
817 945
817 1009
818 626
818 690
818 754
818 882
818 946
818 1010
818 1155
819 627
819 691
819 755
819 763
819 883
819 947
819 1011
820 117
820 444
820 528
820 628
820 664
820 692
820 756
820 884
820 948
820 1012
821 599
821 629
821 693
821 757
821 885
821 949
821 1013
822 330
822 630
822 694
822 758
822 886
822 950
822 1014
823 85
823 503
823 631
823 695
823 759
823 887
823 951
823 1015
824 62
824 632
824 684
824 696
824 750
824 760
824 888
824 952
824 1016
825 633
825 697
825 761
825 889
825 953
825 1017
825 1047
825 1063
826 378
826 634
826 698
826 762
826 890
826 954
826 1018
827 635
827 699
827 763
827 891
827 955
827 1019
828 56
828 57
828 636
828 700
828 764
828 892
828 943
828 956
828 1013
828 1020
829 619
829 637
829 701
829 702
829 765
829 893
829 957
829 1003
829 1021
830 49
830 638
830 702
830 766
830 894
830 958
830 1022
830 1150
831 432
831 639
831 703
831 767
831 895
831 959
831 1023
831 1201
832 640
832 704
832 768
832 896
832 960
832 1024
832 1163
832 1221
833 412
833 641
833 705
833 769
833 879
833 897
833 961
833 1025
834 289
834 535
834 642
834 706
834 770
834 898
834 962
834 1026
835 643
835 707
835 771
835 878
835 899
835 963
835 1027
835 1096
835 1153
836 644
836 708
836 772
836 900
836 964
836 1028
837 474
837 540
837 645
837 709
837 768
837 773
837 901
837 965
837 1029
838 9
838 73
838 137
838 201
838 262
838 329
838 390
838 454
838 519
838 582
838 646
838 710
838 774
838 777
838 902
838 903
838 966
838 967
838 1030
838 1031
838 1097
838 1159
838 1225
839 6
839 7
839 29
839 54
839 70
839 71
839 135
839 182
839 198
839 199
839 263
839 265
839 327
839 391
839 393
839 394
839 455
839 458
839 460
839 461
839 465
839 477
839 478
839 502
839 518
839 521
839 583
839 647
839 649
839 650
839 652
839 655
839 711
839 713
839 774
839 775
839 841
839 844
839 845
839 886
839 902
839 903
839 967
839 969
839 1030
839 1031
839 1033
839 1095
839 1161
839 1222
839 1223
840 421
840 648
840 712
840 776
840 904
840 968
840 987
840 1032
841 6
841 7
841 29
841 54
841 70
841 71
841 135
841 182
841 199
841 263
841 327
841 391
841 393
841 455
841 457
841 458
841 460
841 461
841 465
841 477
841 478
841 502
841 518
841 521
841 583
841 647
841 649
841 650
841 652
841 655
841 711
841 713
841 774
841 775
841 777
841 782
841 839
841 844
841 845
841 886
841 902
841 905
841 969
841 1030
841 1033
841 1094
841 1095
841 1158
841 1161
841 1222
841 1223
842 7
842 54
842 70
842 134
842 182
842 198
842 265
842 326
842 327
842 394
842 477
842 478
842 525
842 585
842 650
842 711
842 714
842 778
842 847
842 905
842 906
842 966
842 969
842 970
842 1034
843 651
843 715
843 779
843 907
843 971
843 1035
844 6
844 7
844 29
844 54
844 70
844 71
844 134
844 135
844 182
844 198
844 263
844 265
844 327
844 391
844 393
844 394
844 455
844 458
844 460
844 461
844 465
844 477
844 478
844 502
844 518
844 521
844 583
844 647
844 649
844 650
844 652
844 655
844 711
844 713
844 716
844 774
844 775
844 780
844 839
844 841
844 845
844 847
844 886
844 902
844 908
844 969
844 972
844 1033
844 1036
844 1095
844 1161
844 1222
844 1223
845 6
845 29
845 54
845 70
845 71
845 135
845 199
845 263
845 391
845 393
845 455
845 457
845 458
845 460
845 461
845 465
845 477
845 502
845 518
845 521
845 583
845 647
845 649
845 650
845 652
845 653
845 655
845 713
845 717
845 774
845 775
845 781
845 782
845 839
845 841
845 844
845 886
845 902
845 909
845 973
845 1030
845 1033
845 1037
845 1094
845 1095
845 1158
845 1161
845 1222
845 1223
846 14
846 78
846 142
846 199
846 206
846 270
846 334
846 398
846 457
846 462
846 526
846 590
846 654
846 718
846 782
846 910
846 974
846 1038
846 1094
846 1102
846 1158
846 1166
846 1230
847 6
847 7
847 29
847 54
847 70
847 134
847 135
847 182
847 198
847 265
847 326
847 327
847 394
847 477
847 478
847 525
847 585
847 655
847 711
847 719
847 783
847 842
847 844
847 905
847 911
847 966
847 969
847 975
847 1033
847 1039
847 1095
847 1223
848 656
848 720
848 760
848 784
848 793
848 811
848 912
848 976
848 1040
849 463
849 657
849 721
849 785
849 913
849 977
849 1041
850 658
850 722
850 784
850 786
850 914
850 978
850 1042
850 1191
851 659
851 723
851 787
851 915
851 979
851 1043
852 660
852 724
852 788
852 916
852 980
852 1044
853 357
853 425
853 661
853 725
853 789
853 813
853 917
853 981
853 1045
854 662
854 726
854 790
854 918
854 982
854 1046
855 663
855 727
855 791
855 794
855 919
855 983
855 1047
856 174
856 367
856 664
856 728
856 792
856 883
856 920
856 984
856 1048
856 1151
856 1172
856 1178
856 1275
857 249
857 431
857 559
857 665
857 729
857 793
857 921
857 922
857 985
857 1049
858 2
858 666
858 727
858 730
858 794
858 922
858 986
858 1050
858 1234
859 667
859 731
859 795
859 923
859 987
859 1051
860 50
860 389
860 668
860 732
860 796
860 924
860 988
860 1052
860 1093
861 669
861 733
861 797
861 925
861 989
861 1053
862 670
862 734
862 791
862 798
862 877
862 918
862 926
862 962
862 990
862 1054
862 1252
863 671
863 735
863 799
863 927
863 991
863 1055
864 672
864 736
864 800
864 928
864 992
864 1056
865 673
865 737
865 740
865 801
865 929
865 993
865 1057
866 674
866 738
866 802
866 930
866 994
866 1058
867 675
867 739
867 803
867 931
867 995
867 1059
868 261
868 676
868 740
868 804
868 932
868 996
868 1060
869 645
869 677
869 741
869 776
869 805
869 933
869 997
869 1061
870 269
870 678
870 708
870 735
870 742
870 806
870 913
870 925
870 934
870 998
870 1062
871 16
871 483
871 568
871 679
871 743
871 807
871 890
871 899
871 921
871 935
871 999
871 1063
871 1107
872 680
872 744
872 808
872 936
872 1000
872 1064
873 681
873 745
873 809
873 937
873 1001
873 1065
874 558
874 682
874 746
874 787
874 810
874 938
874 941
874 1002
874 1066
875 618
875 683
875 747
875 811
875 884
875 939
875 1003
875 1067
875 1112
876 41
876 592
876 684
876 748
876 812
876 940
876 1004
876 1068
877 685
877 749
877 791
877 813
877 862
877 918
877 941
877 962
877 1005
877 1069
877 1252
878 686
878 750
878 814
878 835
878 942
878 1006
878 1070
878 1096
878 1153
879 412
879 687
879 751
879 815
879 833
879 943
879 1007
879 1071
880 144
880 688
880 752
880 816
880 937
880 944
880 1008
880 1066
880 1072
880 1136
881 87
881 277
881 616
881 689
881 753
881 817
881 945
881 1009
881 1073
881 1074
881 1243
882 211
882 332
882 549
882 690
882 754
882 818
882 946
882 1010
882 1074
883 174
883 367
883 691
883 755
883 819
883 856
883 947
883 1011
883 1075
883 1151
883 1172
883 1178
883 1275
884 618
884 692
884 756
884 820
884 875
884 948
884 1012
884 1076
884 1112
885 105
885 693
885 747
885 757
885 821
885 949
885 1013
885 1077
885 1171
886 6
886 7
886 29
886 54
886 70
886 71
886 135
886 182
886 198
886 199
886 263
886 265
886 327
886 391
886 393
886 394
886 455
886 458
886 460
886 461
886 465
886 477
886 478
886 502
886 518
886 521
886 583
886 647
886 649
886 650
886 652
886 655
886 694
886 711
886 713
886 758
886 774
886 775
886 822
886 839
886 841
886 844
886 845
886 902
886 950
886 969
886 1014
886 1030
886 1033
886 1078
886 1095
886 1158
886 1161
886 1222
886 1223
887 301
887 695
887 759
887 771
887 823
887 951
887 1015
887 1079
888 47
888 696
888 760
888 824
888 952
888 1016
888 1080
889 339
889 697
889 748
889 761
889 825
889 953
889 1017
889 1081
890 16
890 483
890 568
890 698
890 762
890 826
890 871
890 899
890 921
890 954
890 1018
890 1082
890 1107
891 699
891 700
891 763
891 827
891 955
891 1019
891 1083
891 1111
892 191
892 372
892 574
892 700
892 764
892 828
892 956
892 1020
892 1023
892 1084
892 1106
892 1147
893 314
893 380
893 701
893 765
893 829
893 956
893 957
893 1021
893 1085
894 377
894 702
894 766
894 830
894 958
894 1009
894 1022
894 1086
895 123
895 171
895 492
895 703
895 767
895 831
895 959
895 1023
895 1087
896 165
896 704
896 734
896 768
896 832
896 960
896 978
896 1024
896 1088
897 359
897 705
897 769
897 810
897 833
897 961
897 1025
897 1065
897 1089
898 706
898 724
898 770
898 834
898 962
898 1026
898 1090
898 1187
899 16
899 483
899 568
899 707
899 771
899 835
899 871
899 890
899 921
899 963
899 1027
899 1091
899 1107
900 708
900 772
900 836
900 964
900 1028
900 1092
901 19
901 709
901 773
901 837
901 965
901 1029
901 1093
902 6
902 29
902 70
902 71
902 135
902 182
902 198
902 199
902 263
902 265
902 327
902 391
902 393
902 394
902 455
902 458
902 460
902 461
902 465
902 477
902 478
902 502
902 518
902 521
902 583
902 647
902 649
902 650
902 652
902 655
902 710
902 711
902 713
902 774
902 775
902 838
902 839
902 841
902 844
902 845
902 886
902 966
902 969
902 1030
902 1033
902 1094
902 1095
902 1158
902 1161
902 1222
902 1223
903 9
903 73
903 137
903 201
903 262
903 329
903 390
903 454
903 519
903 582
903 646
903 710
903 711
903 775
903 777
903 838
903 839
903 967
903 1031
903 1095
903 1097
903 1159
903 1225
904 222
904 498
904 712
904 738
904 776
904 840
904 968
904 1032
904 1096
905 134
905 326
905 452
905 522
905 525
905 585
905 713
905 777
905 841
905 842
905 847
905 966
905 969
905 1033
905 1097
906 714
906 778
906 842
906 970
906 1034
906 1098
907 715
907 779
907 843
907 971
907 1035
907 1099
908 694
908 716
908 780
908 844
908 972
908 996
908 1036
908 1100
909 717
909 772
909 781
909 845
909 973
909 1037
909 1101
910 14
910 78
910 142
910 199
910 206
910 270
910 334
910 398
910 457
910 462
910 526
910 590
910 654
910 718
910 782
910 846
910 974
910 1038
910 1094
910 1102
910 1158
910 1166
910 1230
911 719
911 783
911 847
911 975
911 1039
911 1103
912 27
912 184
912 235
912 720
912 732
912 784
912 848
912 930
912 976
912 995
912 999
912 1040
912 1104
913 269
913 708
913 721
913 735
913 785
913 849
913 870
913 925
913 977
913 1041
913 1105
914 722
914 786
914 850
914 978
914 1042
914 1106
915 111
915 195
915 445
915 532
915 723
915 787
915 788
915 851
915 979
915 1043
915 1107
916 148
916 705
916 724
916 788
916 852
916 980
916 1044
916 1108
917 341
917 725
917 789
917 853
917 981
917 1045
917 1109
917 1141
918 726
918 790
918 791
918 854
918 862
918 877
918 962
918 982
918 1046
918 1110
918 1252
919 424
919 727
919 791
919 855
919 983
919 1047
919 1111
919 1127
920 176
920 189
920 675
920 728
920 792
920 856
920 984
920 1048
920 1112
921 16
921 483
921 568
921 729
921 793
921 857
921 871
921 890
921 899
921 985
921 1049
921 1107
921 1113
922 249
922 431
922 559
922 730
922 794
922 857
922 858
922 986
922 1050
922 1114
923 731
923 795
923 859
923 987
923 1051
923 1115
924 501
924 565
924 732
924 796
924 860
924 988
924 1052
924 1116
925 269
925 708
925 733
925 735
925 797
925 861
925 870
925 913
925 989
925 1053
925 1117
926 414
926 734
926 798
926 862
926 990
926 1054
926 1118
927 735
927 799
927 863
927 991
927 1055
927 1119
928 736
928 800
928 864
928 992
928 1024
928 1056
928 1120
929 737
929 801
929 865
929 993
929 1057
929 1121
930 27
930 184
930 235
930 732
930 738
930 802
930 866
930 912
930 994
930 995
930 999
930 1058
930 1122
931 236
931 295
931 594
931 739
931 803
931 867
931 995
931 1059
931 1123
931 1193
931 1272
932 324
932 740
932 804
932 868
932 996
932 1060
932 1124
933 342
933 741
933 805
933 869
933 997
933 1061
933 1125
934 742
934 806
934 870
934 998
934 1062
934 1126
935 254
935 626
935 743
935 807
935 871
935 999
935 1063
935 1127
935 1239
936 427
936 744
936 808
936 872
936 1000
936 1064
936 1128
937 144
937 745
937 809
937 873
937 880
937 1001
937 1065
937 1066
937 1129
937 1136
938 63
938 491
938 739
938 746
938 810
938 874
938 1002
938 1066
938 1130
939 747
939 811
939 875
939 1003
939 1067
939 1131
940 363
940 748
940 812
940 876
940 1004
940 1068
940 1132
941 558
941 749
941 787
941 813
941 874
941 877
941 1005
941 1069
941 1133
942 635
942 750
942 814
942 878
942 1006
942 1048
942 1067
942 1070
942 1134
942 1214
943 56
943 57
943 751
943 815
943 828
943 879
943 1007
943 1013
943 1071
943 1135
944 43
944 240
944 319
944 683
944 752
944 816
944 880
944 1008
944 1072
944 1136
945 173
945 429
945 602
945 753
945 817
945 881
945 976
945 1009
945 1068
945 1073
945 1137
946 227
946 637
946 754
946 818
946 882
946 1010
946 1064
946 1074
946 1138
946 1198
947 188
947 755
947 819
947 883
947 1011
947 1075
947 1139
948 127
948 756
948 820
948 884
948 1012
948 1076
948 1140
949 757
949 821
949 885
949 1013
949 1077
949 1141
949 1174
950 758
950 822
950 886
950 1014
950 1078
950 1142
951 42
951 99
951 759
951 823
951 887
951 963
951 1015
951 1070
951 1079
951 1143
952 112
952 760
952 824
952 888
952 1016
952 1080
952 1128
952 1144
953 344
953 761
953 825
953 889
953 1016
953 1017
953 1081
953 1145
954 762
954 826
954 890
954 1018
954 1082
954 1146
955 763
955 827
955 891
955 1019
955 1083
955 1147
956 314
956 380
956 764
956 828
956 892
956 893
956 1020
956 1084
956 1148
957 692
957 765
957 829
957 893
957 1021
957 1085
957 1149
958 639
958 766
958 830
958 894
958 1022
958 1086
958 1150
959 767
959 831
959 895
959 1023
959 1087
959 1151
959 1211
960 396
960 416
960 768
960 832
960 896
960 1024
960 1088
960 1152
961 25
961 769
961 833
961 897
961 981
961 1025
961 1089
961 1153
962 770
962 791
962 834
962 862
962 877
962 898
962 918
962 1026
962 1090
962 1154
962 1252
963 42
963 99
963 771
963 835
963 899
963 951
963 1027
963 1070
963 1091
963 1155
964 101
964 772
964 836
964 900
964 1028
964 1092
964 1156
965 91
965 773
965 837
965 901
965 1029
965 1093
965 1157
966 134
966 182
966 198
966 265
966 326
966 327
966 394
966 452
966 478
966 525
966 585
966 711
966 774
966 838
966 842
966 847
966 902
966 905
966 969
966 1030
966 1094
966 1158
967 9
967 73
967 137
967 201
967 262
967 329
967 390
967 454
967 519
967 582
967 646
967 710
967 775
967 777
967 838
967 839
967 903
967 1031
967 1095
967 1097
967 1159
967 1225
968 37
968 448
968 776
968 840
968 904
968 1032
968 1096
968 1160
969 7
969 29
969 54
969 70
969 134
969 135
969 182
969 198
969 265
969 327
969 391
969 394
969 465
969 477
969 478
969 502
969 518
969 521
969 525
969 583
969 585
969 647
969 650
969 655
969 711
969 713
969 774
969 777
969 839
969 841
969 842
969 844
969 847
969 886
969 902
969 905
969 966
969 1033
969 1095
969 1097
969 1161
969 1223
970 778
970 842
970 906
970 1034
970 1098
970 1162
971 779
971 843
971 907
971 1035
971 1099
971 1163
972 580
972 780
972 844
972 908
972 1036
972 1100
972 1164
973 781
973 845
973 909
973 1037
973 1101
973 1165
974 14
974 78
974 142
974 206
974 270
974 334
974 398
974 462
974 526
974 590
974 654
974 718
974 782
974 846
974 910
974 1038
974 1102
974 1166
974 1230
975 783
975 847
975 911
975 1039
975 1103
975 1167
976 173
976 429
976 602
976 784
976 848
976 912
976 945
976 1040
976 1068
976 1104
976 1168
977 453
977 469
977 785
977 849
977 913
977 1041
977 1105
977 1117
977 1169
978 165
978 734
978 786
978 850
978 896
978 914
978 1042
978 1106
978 1170
979 723
979 787
979 851
979 915
979 1043
979 1107
979 1171
980 788
980 852
980 916
980 1044
980 1108
980 1172
981 25
981 789
981 853
981 917
981 961
981 1045
981 1109
981 1173
982 790
982 854
982 918
982 1046
982 1110
982 1174
982 1248
983 556
983 791
983 855
983 919
983 1047
983 1111
983 1175
984 792
984 856
984 920
984 1048
984 1112
984 1176
985 238
985 793
985 857
985 921
985 1049
985 1113
985 1177
986 428
986 794
986 858
986 922
986 1050
986 1080
986 1114
986 1178
986 1218
987 421
987 795
987 840
987 859
987 923
987 1051
987 1115
987 1179
988 796
988 860
988 924
988 1052
988 1116
988 1180
989 797
989 861
989 925
989 1053
989 1117
989 1181
990 166
990 798
990 862
990 926
990 1054
990 1118
990 1121
990 1182
991 799
991 863
991 927
991 1055
991 1119
991 1183
992 800
992 864
992 928
992 1056
992 1120
992 1184
993 801
993 865
993 929
993 1057
993 1121
993 1185
994 48
994 802
994 866
994 930
994 1015
994 1058
994 1085
994 1122
994 1186
995 27
995 184
995 235
995 732
995 803
995 867
995 912
995 930
995 931
995 999
995 1059
995 1123
995 1187
996 694
996 804
996 868
996 908
996 932
996 1060
996 1124
996 1188
997 343
997 805
997 869
997 933
997 1061
997 1125
997 1189
998 806
998 870
998 934
998 1062
998 1126
998 1190
999 27
999 184
999 235
999 732
999 807
999 871
999 912
999 930
999 935
999 995
999 1063
999 1127
999 1191
1000 808
1000 872
1000 936
1000 1064
1000 1128
1000 1192
1001 809
1001 873
1001 937
1001 1065
1001 1129
1001 1193
1001 1209
1002 212
1002 213
1002 810
1002 874
1002 938
1002 1066
1002 1130
1002 1194
1003 619
1003 702
1003 811
1003 829
1003 875
1003 939
1003 1067
1003 1131
1003 1195
1004 490
1004 569
1004 688
1004 812
1004 876
1004 940
1004 1068
1004 1132
1004 1196
1005 248
1005 813
1005 877
1005 941
1005 1069
1005 1133
1005 1197
1006 814
1006 878
1006 942
1006 1070
1006 1134
1006 1198
1007 696
1007 815
1007 879
1007 943
1007 1071
1007 1135
1007 1199
1008 241
1008 816
1008 880
1008 944
1008 1072
1008 1136
1008 1200
1009 377
1009 817
1009 881
1009 894
1009 945
1009 1073
1009 1137
1009 1201
1010 361
1010 818
1010 882
1010 946
1010 1074
1010 1138
1010 1202
1011 190
1011 253
1011 318
1011 600
1011 819
1011 883
1011 947
1011 1075
1011 1139
1011 1203
1012 820
1012 884
1012 948
1012 1076
1012 1140
1012 1204
1013 56
1013 57
1013 821
1013 828
1013 885
1013 943
1013 949
1013 1077
1013 1141
1013 1205
1014 822
1014 886
1014 950
1014 1078
1014 1142
1014 1206
1015 48
1015 823
1015 887
1015 951
1015 994
1015 1079
1015 1085
1015 1143
1015 1207
1016 344
1016 824
1016 888
1016 952
1016 953
1016 1080
1016 1144
1016 1145
1016 1208
1017 753
1017 825
1017 889
1017 953
1017 1081
1017 1145
1017 1209
1017 1274
1018 446
1018 826
1018 890
1018 954
1018 1082
1018 1146
1018 1210
1019 827
1019 891
1019 955
1019 1083
1019 1147
1019 1211
1020 368
1020 828
1020 892
1020 956
1020 1084
1020 1148
1020 1212
1021 60
1021 387
1021 829
1021 893
1021 957
1021 1085
1021 1114
1021 1149
1021 1213
1022 830
1022 894
1022 958
1022 1086
1022 1150
1022 1214
1023 191
1023 372
1023 574
1023 831
1023 892
1023 895
1023 959
1023 1087
1023 1106
1023 1147
1023 1151
1023 1215
1024 832
1024 896
1024 928
1024 960
1024 1088
1024 1152
1024 1216
1025 18
1025 833
1025 897
1025 961
1025 1089
1025 1122
1025 1153
1025 1217
1026 153
1026 808
1026 834
1026 898
1026 962
1026 1090
1026 1154
1026 1218
1027 296
1027 573
1027 835
1027 899
1027 963
1027 1091
1027 1155
1027 1219
1028 836
1028 900
1028 964
1028 1092
1028 1156
1028 1220
1029 837
1029 901
1029 965
1029 1093
1029 1157
1029 1221
1030 199
1030 206
1030 263
1030 270
1030 334
1030 391
1030 393
1030 398
1030 455
1030 457
1030 458
1030 460
1030 461
1030 465
1030 502
1030 518
1030 521
1030 526
1030 583
1030 590
1030 647
1030 649
1030 650
1030 652
1030 654
1030 655
1030 713
1030 718
1030 774
1030 775
1030 782
1030 838
1030 839
1030 841
1030 845
1030 886
1030 902
1030 966
1030 1094
1030 1158
1030 1161
1030 1222
1031 9
1031 73
1031 137
1031 201
1031 262
1031 329
1031 390
1031 454
1031 519
1031 582
1031 646
1031 710
1031 777
1031 838
1031 839
1031 903
1031 967
1031 1095
1031 1097
1031 1159
1031 1223
1031 1225
1032 53
1032 136
1032 840
1032 904
1032 968
1032 1096
1032 1160
1032 1224
1033 6
1033 29
1033 70
1033 135
1033 198
1033 263
1033 265
1033 327
1033 391
1033 393
1033 394
1033 455
1033 458
1033 460
1033 461
1033 465
1033 477
1033 478
1033 502
1033 518
1033 521
1033 583
1033 647
1033 649
1033 650
1033 652
1033 655
1033 711
1033 713
1033 774
1033 775
1033 839
1033 841
1033 844
1033 845
1033 847
1033 886
1033 902
1033 905
1033 969
1033 1095
1033 1097
1033 1161
1033 1222
1033 1223
1033 1225
1034 842
1034 906
1034 970
1034 1098
1034 1110
1034 1162
1034 1226
1035 548
1035 843
1035 907
1035 971
1035 1099
1035 1163
1035 1227
1036 721
1036 844
1036 908
1036 972
1036 1100
1036 1164
1036 1228
1037 31
1037 845
1037 909
1037 973
1037 1101
1037 1165
1037 1229
1038 14
1038 78
1038 142
1038 206
1038 270
1038 334
1038 398
1038 457
1038 462
1038 526
1038 590
1038 654
1038 718
1038 782
1038 846
1038 910
1038 974
1038 1102
1038 1166
1038 1230
1039 847
1039 911
1039 975
1039 1103
1039 1167
1039 1231
1040 280
1040 628
1040 761
1040 848
1040 912
1040 976
1040 1104
1040 1168
1040 1170
1040 1232
1041 849
1041 913
1041 977
1041 1105
1041 1169
1041 1233
1042 850
1042 914
1042 978
1042 1106
1042 1170
1042 1234
1043 147
1043 345
1043 348
1043 851
1043 915
1043 979
1043 1107
1043 1171
1043 1235
1044 297
1044 426
1044 656
1044 852
1044 916
1044 980
1044 1108
1044 1172
1044 1236
1044 1259
1045 853
1045 917
1045 981
1045 1109
1045 1173
1045 1237
1046 468
1046 545
1046 854
1046 918
1046 982
1046 1110
1046 1174
1046 1238
1047 825
1047 855
1047 919
1047 983
1047 1063
1047 1111
1047 1175
1047 1239
1048 635
1048 856
1048 920
1048 942
1048 984
1048 1067
1048 1112
1048 1176
1048 1214
1048 1240
1049 67
1049 625
1049 698
1049 857
1049 921
1049 985
1049 1087
1049 1113
1049 1177
1049 1240
1049 1241
1050 643
1050 720
1050 858
1050 922
1050 986
1050 1086
1050 1114
1050 1178
1050 1242
1051 347
1051 859
1051 923
1051 987
1051 1115
1051 1179
1051 1243
1052 860
1052 924
1052 988
1052 1116
1052 1180
1052 1244
1053 385
1053 642
1053 674
1053 806
1053 861
1053 925
1053 989
1053 1117
1053 1181
1053 1245
1054 800
1054 862
1054 926
1054 990
1054 1118
1054 1182
1054 1246
1055 863
1055 927
1055 991
1055 1119
1055 1183
1055 1247
1056 864
1056 928
1056 992
1056 1120
1056 1184
1056 1248
1057 120
1057 467
1057 865
1057 929
1057 993
1057 1121
1057 1185
1057 1249
1058 293
1058 420
1058 866
1058 930
1058 994
1058 1122
1058 1186
1058 1250
1059 867
1059 931
1059 995
1059 1123
1059 1187
1059 1251
1060 868
1060 932
1060 996
1060 1124
1060 1188
1060 1252
1061 517
1061 869
1061 933
1061 997
1061 1125
1061 1189
1061 1253
1062 870
1062 934
1062 998
1062 1126
1062 1190
1062 1254
1063 825
1063 871
1063 935
1063 999
1063 1047
1063 1127
1063 1191
1063 1255
1064 227
1064 637
1064 872
1064 936
1064 946
1064 1000
1064 1128
1064 1192
1064 1198
1064 1256
1065 359
1065 810
1065 873
1065 897
1065 937
1065 1001
1065 1129
1065 1193
1065 1257
1066 144
1066 874
1066 880
1066 937
1066 938
1066 1002
1066 1130
1066 1136
1066 1194
1066 1258
1067 635
1067 875
1067 939
1067 942
1067 1003
1067 1048
1067 1131
1067 1195
1067 1214
1067 1259
1068 173
1068 429
1068 602
1068 876
1068 940
1068 945
1068 976
1068 1004
1068 1132
1068 1196
1068 1260
1069 231
1069 792
1069 877
1069 941
1069 1005
1069 1133
1069 1197
1069 1261
1069 1266
1070 42
1070 99
1070 878
1070 942
1070 951
1070 963
1070 1006
1070 1134
1070 1198
1070 1262
1071 627
1071 879
1071 943
1071 1007
1071 1135
1071 1192
1071 1199
1071 1263
1072 880
1072 944
1072 1008
1072 1136
1072 1200
1072 1264
1073 680
1073 881
1073 945
1073 1009
1073 1137
1073 1201
1073 1265
1074 87
1074 277
1074 616
1074 881
1074 882
1074 946
1074 1010
1074 1138
1074 1202
1074 1243
1074 1266
1075 883
1075 947
1075 1011
1075 1139
1075 1203
1075 1267
1076 884
1076 948
1076 1012
1076 1140
1076 1204
1076 1268
1077 311
1077 666
1077 885
1077 949
1077 1013
1077 1141
1077 1205
1077 1269
1078 798
1078 886
1078 950
1078 1014
1078 1142
1078 1206
1078 1270
1079 384
1079 887
1079 951
1079 1015
1079 1105
1079 1126
1079 1143
1079 1207
1079 1271
1080 428
1080 888
1080 952
1080 986
1080 1016
1080 1144
1080 1208
1080 1218
1080 1272
1081 889
1081 953
1081 1017
1081 1123
1081 1145
1081 1209
1081 1273
1082 890
1082 954
1082 1018
1082 1146
1082 1210
1082 1274
1083 891
1083 955
1083 1019
1083 1147
1083 1211
1083 1275
1084 812
1084 892
1084 956
1084 1020
1084 1148
1084 1212
1084 1276
1085 48
1085 893
1085 957
1085 994
1085 1015
1085 1021
1085 1149
1085 1213
1085 1277
1086 643
1086 720
1086 894
1086 958
1086 1022
1086 1050
1086 1150
1086 1214
1086 1278
1087 67
1087 625
1087 698
1087 895
1087 959
1087 1023
1087 1049
1087 1151
1087 1215
1087 1240
1087 1279
1088 896
1088 960
1088 1024
1088 1152
1088 1216
1088 1226
1089 178
1089 897
1089 961
1089 1025
1089 1153
1089 1217
1090 237
1090 504
1090 898
1090 962
1090 1026
1090 1154
1090 1218
1091 601
1091 686
1091 899
1091 963
1091 1027
1091 1155
1091 1219
1092 900
1092 964
1092 1028
1092 1156
1092 1220
1093 50
1093 389
1093 860
1093 901
1093 965
1093 1029
1093 1157
1093 1221
1094 199
1094 263
1094 270
1094 334
1094 391
1094 393
1094 398
1094 455
1094 457
1094 458
1094 460
1094 461
1094 462
1094 465
1094 502
1094 518
1094 521
1094 526
1094 583
1094 590
1094 649
1094 652
1094 654
1094 713
1094 718
1094 774
1094 775
1094 782
1094 841
1094 845
1094 846
1094 902
1094 910
1094 966
1094 1030
1094 1158
1094 1161
1094 1222
1095 6
1095 7
1095 29
1095 54
1095 70
1095 135
1095 182
1095 263
1095 265
1095 327
1095 391
1095 393
1095 394
1095 455
1095 460
1095 461
1095 465
1095 477
1095 478
1095 502
1095 518
1095 521
1095 525
1095 583
1095 647
1095 650
1095 652
1095 655
1095 711
1095 713
1095 774
1095 775
1095 839
1095 841
1095 844
1095 845
1095 847
1095 886
1095 902
1095 903
1095 967
1095 969
1095 1031
1095 1033
1095 1159
1095 1161
1095 1222
1095 1223
1096 835
1096 878
1096 904
1096 968
1096 1032
1096 1153
1096 1160
1096 1224
1097 9
1097 73
1097 137
1097 201
1097 262
1097 329
1097 390
1097 454
1097 519
1097 582
1097 646
1097 710
1097 777
1097 838
1097 903
1097 905
1097 967
1097 969
1097 1031
1097 1033
1097 1159
1097 1161
1097 1225
1098 906
1098 970
1098 1034
1098 1162
1098 1226
1099 907
1099 971
1099 1035
1099 1163
1099 1227
1100 908
1100 972
1100 1036
1100 1164
1100 1228
1101 374
1101 909
1101 973
1101 1037
1101 1165
1101 1229
1102 14
1102 270
1102 334
1102 398
1102 462
1102 526
1102 590
1102 654
1102 718
1102 846
1102 910
1102 974
1102 1038
1102 1166
1102 1230
1103 911
1103 975
1103 1039
1103 1167
1103 1231
1104 217
1104 912
1104 976
1104 1040
1104 1168
1104 1232
1105 384
1105 913
1105 977
1105 1041
1105 1079
1105 1126
1105 1169
1105 1233
1106 191
1106 372
1106 574
1106 892
1106 914
1106 978
1106 1023
1106 1042
1106 1147
1106 1170
1106 1234
1107 16
1107 483
1107 568
1107 871
1107 890
1107 899
1107 915
1107 921
1107 979
1107 1043
1107 1171
1107 1235
1108 239
1108 493
1108 536
1108 693
1108 916
1108 980
1108 1044
1108 1172
1108 1236
1109 471
1109 759
1109 917
1109 981
1109 1045
1109 1173
1109 1237
1110 918
1110 982
1110 1034
1110 1046
1110 1174
1110 1238
1111 700
1111 891
1111 919
1111 983
1111 1047
1111 1175
1111 1239
1112 618
1112 875
1112 884
1112 920
1112 984
1112 1048
1112 1176
1112 1240
1113 243
1113 921
1113 985
1113 1049
1113 1144
1113 1177
1113 1241
1114 60
1114 387
1114 922
1114 986
1114 1021
1114 1050
1114 1178
1114 1242
1115 923
1115 987
1115 1051
1115 1179
1115 1243
1116 520
1116 924
1116 988
1116 1052
1116 1180
1116 1216
1116 1244
1117 453
1117 469
1117 925
1117 977
1117 989
1117 1053
1117 1181
1117 1245
1118 203
1118 715
1118 926
1118 990
1118 1054
1118 1182
1118 1246
1119 64
1119 591
1119 927
1119 991
1119 1055
1119 1183
1119 1247
1120 215
1120 928
1120 992
1120 1056
1120 1182
1120 1184
1120 1233
1120 1248
1121 166
1121 929
1121 990
1121 993
1121 1057
1121 1185
1121 1249
1122 18
1122 930
1122 994
1122 1025
1122 1058
1122 1186
1122 1250
1123 931
1123 995
1123 1059
1123 1081
1123 1187
1123 1251
1124 35
1124 533
1124 932
1124 996
1124 1060
1124 1188
1124 1252
1125 435
1125 933
1125 997
1125 1061
1125 1189
1125 1253
1126 384
1126 934
1126 998
1126 1062
1126 1079
1126 1105
1126 1190
1126 1254
1127 424
1127 919
1127 935
1127 999
1127 1063
1127 1191
1127 1255
1128 112
1128 936
1128 952
1128 1000
1128 1064
1128 1192
1128 1256
1129 937
1129 1001
1129 1065
1129 1193
1129 1257
1130 24
1130 571
1130 938
1130 1002
1130 1066
1130 1194
1130 1258
1131 170
1131 315
1131 507
1131 939
1131 1003
1131 1067
1131 1195
1131 1259
1132 104
1132 154
1132 814
1132 940
1132 1004
1132 1068
1132 1196
1132 1260
1133 28
1133 114
1133 257
1133 322
1133 941
1133 1005
1133 1069
1133 1177
1133 1197
1133 1261
1134 110
1134 497
1134 596
1134 765
1134 942
1134 1006
1134 1070
1134 1198
1134 1261
1134 1262
1135 943
1135 1007
1135 1071
1135 1199
1135 1263
1136 144
1136 880
1136 937
1136 944
1136 1008
1136 1066
1136 1072
1136 1200
1136 1264
1137 945
1137 1009
1137 1073
1137 1201
1137 1265
1138 946
1138 1010
1138 1074
1138 1202
1138 1266
1139 947
1139 1011
1139 1075
1139 1203
1139 1267
1140 948
1140 1012
1140 1076
1140 1204
1140 1257
1140 1268
1141 341
1141 917
1141 949
1141 1013
1141 1077
1141 1205
1141 1269
1142 485
1142 950
1142 1014
1142 1078
1142 1206
1142 1270
1143 89
1143 423
1143 597
1143 951
1143 1015
1143 1079
1143 1207
1143 1271
1144 243
1144 952
1144 1016
1144 1080
1144 1113
1144 1208
1144 1272
1145 344
1145 953
1145 1016
1145 1017
1145 1081
1145 1209
1145 1273
1146 954
1146 1018
1146 1082
1146 1210
1146 1274
1147 191
1147 372
1147 574
1147 892
1147 955
1147 1019
1147 1023
1147 1083
1147 1106
1147 1211
1147 1275
1148 410
1148 691
1148 807
1148 956
1148 1020
1148 1084
1148 1212
1148 1276
1149 108
1149 302
1149 547
1149 577
1149 957
1149 1021
1149 1085
1149 1213
1149 1277
1150 49
1150 830
1150 958
1150 1022
1150 1086
1150 1214
1150 1278
1151 174
1151 367
1151 856
1151 883
1151 959
1151 1023
1151 1087
1151 1172
1151 1178
1151 1215
1151 1275
1151 1279
1152 960
1152 1024
1152 1088
1152 1216
1153 835
1153 878
1153 961
1153 1025
1153 1089
1153 1096
1153 1217
1154 197
1154 962
1154 1026
1154 1090
1154 1218
1155 818
1155 963
1155 1027
1155 1091
1155 1219
1156 288
1156 964
1156 1028
1156 1092
1156 1220
1157 661
1157 965
1157 1029
1157 1093
1157 1221
1158 199
1158 263
1158 334
1158 391
1158 393
1158 398
1158 455
1158 457
1158 458
1158 460
1158 461
1158 465
1158 502
1158 518
1158 521
1158 526
1158 583
1158 590
1158 647
1158 649
1158 652
1158 654
1158 713
1158 718
1158 774
1158 775
1158 782
1158 841
1158 845
1158 846
1158 886
1158 902
1158 910
1158 966
1158 1030
1158 1094
1158 1161
1158 1222
1159 9
1159 73
1159 137
1159 201
1159 262
1159 329
1159 390
1159 454
1159 519
1159 582
1159 646
1159 710
1159 777
1159 838
1159 903
1159 967
1159 1031
1159 1095
1159 1097
1159 1223
1159 1225
1160 968
1160 1032
1160 1096
1160 1224
1161 71
1161 263
1161 334
1161 391
1161 393
1161 455
1161 457
1161 458
1161 460
1161 461
1161 465
1161 477
1161 502
1161 518
1161 521
1161 583
1161 647
1161 649
1161 650
1161 652
1161 655
1161 713
1161 774
1161 775
1161 782
1161 839
1161 841
1161 844
1161 845
1161 886
1161 902
1161 969
1161 1030
1161 1033
1161 1094
1161 1095
1161 1097
1161 1158
1161 1222
1161 1223
1161 1225
1162 514
1162 970
1162 1034
1162 1098
1162 1226
1163 832
1163 971
1163 1035
1163 1099
1163 1221
1163 1227
1164 972
1164 1036
1164 1100
1164 1228
1165 973
1165 1037
1165 1101
1165 1229
1166 14
1166 142
1166 334
1166 398
1166 462
1166 526
1166 590
1166 654
1166 718
1166 846
1166 910
1166 974
1166 1038
1166 1102
1166 1230
1167 975
1167 1039
1167 1103
1167 1231
1168 305
1168 976
1168 1040
1168 1104
1168 1232
1169 790
1169 977
1169 1041
1169 1105
1169 1233
1170 280
1170 628
1170 761
1170 978
1170 1040
1170 1042
1170 1106
1170 1234
1171 105
1171 747
1171 885
1171 979
1171 1043
1171 1107
1171 1235
1172 174
1172 367
1172 856
1172 883
1172 980
1172 1044
1172 1108
1172 1151
1172 1178
1172 1236
1172 1275
1173 409
1173 981
1173 1045
1173 1109
1173 1237
1174 949
1174 982
1174 1046
1174 1110
1174 1238
1175 258
1175 629
1175 687
1175 983
1175 1047
1175 1111
1175 1239
1175 1244
1176 152
1176 251
1176 371
1176 381
1176 984
1176 1048
1176 1112
1176 1240
1177 28
1177 114
1177 257
1177 322
1177 985
1177 1049
1177 1113
1177 1133
1177 1241
1178 174
1178 367
1178 856
1178 883
1178 986
1178 1050
1178 1114
1178 1151
1178 1172
1178 1242
1178 1275
1179 689
1179 987
1179 1051
1179 1115
1179 1232
1179 1243
1180 450
1180 988
1180 1052
1180 1116
1180 1244
1181 989
1181 1053
1181 1117
1181 1245
1182 215
1182 990
1182 1054
1182 1118
1182 1120
1182 1233
1182 1246
1183 991
1183 1055
1183 1119
1183 1247
1184 992
1184 1056
1184 1120
1184 1248
1185 513
1185 993
1185 1057
1185 1121
1185 1249
1186 167
1186 404
1186 510
1186 994
1186 1058
1186 1122
1186 1250
1187 724
1187 898
1187 995
1187 1059
1187 1123
1187 1251
1188 437
1188 996
1188 1060
1188 1124
1188 1252
1189 98
1189 309
1189 538
1189 729
1189 997
1189 1061
1189 1125
1189 1237
1189 1253
1190 34
1190 121
1190 751
1190 998
1190 1062
1190 1126
1190 1254
1191 784
1191 850
1191 999
1191 1063
1191 1127
1191 1255
1192 627
1192 1000
1192 1064
1192 1071
1192 1128
1192 1256
1193 236
1193 295
1193 594
1193 931
1193 1001
1193 1065
1193 1129
1193 1257
1193 1272
1194 317
1194 1002
1194 1066
1194 1130
1194 1258
1195 1003
1195 1067
1195 1131
1195 1259
1196 156
1196 1004
1196 1068
1196 1132
1196 1260
1197 228
1197 279
1197 1005
1197 1069
1197 1133
1197 1261
1198 227
1198 637
1198 946
1198 1006
1198 1064
1198 1070
1198 1134
1198 1262
1199 1007
1199 1071
1199 1135
1199 1263
1200 1008
1200 1072
1200 1136
1200 1264
1201 432
1201 831
1201 1009
1201 1073
1201 1137
1201 1265
1202 1010
1202 1074
1202 1138
1202 1266
1203 430
1203 1011
1203 1075
1203 1139
1203 1208
1203 1267
1204 44
1204 1012
1204 1076
1204 1140
1204 1268
1205 193
1205 1013
1205 1077
1205 1141
1205 1269
1206 1014
1206 1078
1206 1142
1206 1270
1207 1015
1207 1079
1207 1143
1207 1271
1208 430
1208 1016
1208 1080
1208 1144
1208 1203
1208 1272
1209 1001
1209 1017
1209 1081
1209 1145
1209 1273
1210 1018
1210 1082
1210 1146
1210 1274
1211 959
1211 1019
1211 1083
1211 1147
1211 1275
1212 20
1212 259
1212 284
1212 767
1212 1020
1212 1084
1212 1148
1212 1276
1213 632
1213 1021
1213 1085
1213 1149
1213 1277
1214 635
1214 942
1214 1022
1214 1048
1214 1067
1214 1086
1214 1150
1214 1278
1215 23
1215 511
1215 1023
1215 1087
1215 1151
1215 1279
1216 520
1216 1024
1216 1088
1216 1116
1216 1152
1217 1025
1217 1089
1217 1153
1217 1247
1218 428
1218 986
1218 1026
1218 1080
1218 1090
1218 1154
1219 169
1219 620
1219 764
1219 1027
1219 1091
1219 1155
1219 1267
1220 1028
1220 1092
1220 1156
1221 832
1221 1029
1221 1093
1221 1157
1221 1163
1222 71
1222 199
1222 263
1222 391
1222 393
1222 398
1222 455
1222 457
1222 458
1222 460
1222 461
1222 465
1222 502
1222 518
1222 521
1222 583
1222 590
1222 647
1222 649
1222 650
1222 652
1222 655
1222 713
1222 718
1222 774
1222 775
1222 782
1222 839
1222 841
1222 844
1222 845
1222 886
1222 902
1222 1030
1222 1033
1222 1094
1222 1095
1222 1158
1222 1161
1222 1223
1223 6
1223 29
1223 70
1223 135
1223 391
1223 393
1223 394
1223 455
1223 458
1223 460
1223 461
1223 465
1223 477
1223 478
1223 502
1223 518
1223 521
1223 583
1223 647
1223 649
1223 650
1223 652
1223 655
1223 711
1223 713
1223 774
1223 775
1223 839
1223 841
1223 844
1223 845
1223 847
1223 886
1223 902
1223 969
1223 1031
1223 1033
1223 1095
1223 1159
1223 1161
1223 1222
1224 233
1224 1032
1224 1096
1224 1160
1225 9
1225 73
1225 137
1225 201
1225 262
1225 329
1225 390
1225 454
1225 519
1225 582
1225 646
1225 710
1225 777
1225 838
1225 903
1225 967
1225 1031
1225 1033
1225 1097
1225 1159
1225 1161
1226 1034
1226 1088
1226 1098
1226 1162
1227 406
1227 1035
1227 1099
1227 1163
1228 1036
1228 1100
1228 1164
1229 653
1229 1037
1229 1101
1229 1165
1230 398
1230 462
1230 526
1230 590
1230 654
1230 718
1230 846
1230 910
1230 974
1230 1038
1230 1102
1230 1166
1231 1039
1231 1103
1231 1167
1232 689
1232 1040
1232 1104
1232 1168
1232 1179
1233 215
1233 1041
1233 1105
1233 1120
1233 1169
1233 1182
1234 2
1234 727
1234 858
1234 1042
1234 1106
1234 1170
1235 30
1235 39
1235 609
1235 1043
1235 1107
1235 1171
1236 1044
1236 1108
1236 1172
1237 98
1237 309
1237 538
1237 729
1237 1045
1237 1109
1237 1173
1237 1189
1238 32
1238 1046
1238 1110
1238 1174
1239 254
1239 626
1239 935
1239 1047
1239 1111
1239 1175
1240 67
1240 625
1240 698
1240 1048
1240 1049
1240 1087
1240 1112
1240 1176
1241 1049
1241 1113
1241 1177
1242 494
1242 561
1242 1050
1242 1114
1242 1178
1243 87
1243 277
1243 616
1243 881
1243 1051
1243 1074
1243 1115
1243 1179
1244 258
1244 629
1244 687
1244 1052
1244 1116
1244 1175
1244 1180
1245 678
1245 1053
1245 1117
1245 1181
1246 1054
1246 1118
1246 1182
1247 1055
1247 1119
1247 1183
1247 1217
1248 982
1248 1056
1248 1120
1248 1184
1249 1057
1249 1121
1249 1185
1250 45
1250 1058
1250 1122
1250 1186
1251 244
1251 505
1251 1059
1251 1123
1251 1187
1252 791
1252 862
1252 877
1252 918
1252 962
1252 1060
1252 1124
1252 1188
1253 130
1253 155
1253 685
1253 1061
1253 1125
1253 1189
1254 1062
1254 1126
1254 1190
1255 1063
1255 1127
1255 1191
1256 313
1256 433
1256 746
1256 755
1256 1064
1256 1128
1256 1192
1256 1273
1257 1065
1257 1129
1257 1140
1257 1193
1258 180
1258 449
1258 500
1258 1066
1258 1130
1258 1194
1259 297
1259 426
1259 656
1259 1044
1259 1067
1259 1131
1259 1195
1260 434
1260 440
1260 701
1260 749
1260 1068
1260 1132
1260 1196
1261 110
1261 497
1261 596
1261 765
1261 1069
1261 1133
1261 1134
1261 1197
1262 115
1262 151
1262 282
1262 1070
1262 1134
1262 1198
1263 1071
1263 1135
1263 1199
1264 699
1264 803
1264 1072
1264 1136
1264 1200
1265 1073
1265 1137
1265 1201
1266 231
1266 792
1266 1069
1266 1074
1266 1138
1266 1202
1267 169
1267 620
1267 764
1267 1075
1267 1139
1267 1203
1267 1219
1268 551
1268 578
1268 648
1268 1076
1268 1140
1268 1204
1269 1077
1269 1141
1269 1205
1270 1078
1270 1142
1270 1206
1271 770
1271 1079
1271 1143
1271 1207
1272 236
1272 295
1272 594
1272 931
1272 1080
1272 1144
1272 1193
1272 1208
1273 313
1273 433
1273 746
1273 755
1273 1081
1273 1145
1273 1209
1273 1256
1274 753
1274 1017
1274 1082
1274 1146
1274 1210
1275 174
1275 367
1275 856
1275 883
1275 1083
1275 1147
1275 1151
1275 1172
1275 1178
1275 1211
1276 149
1276 697
1276 1084
1276 1148
1276 1212
1277 146
1277 581
1277 1085
1277 1149
1277 1213
1278 1086
1278 1150
1278 1214
1279 304
1279 766
1279 1087
1279 1151
1279 1215
