0 64
0 128
0 192
0 300
1 19
1 65
1 69
1 79
1 129
1 133
1 143
1 193
1 197
1 261
1 271
1 399
1 453
1 463
1 517
1 527
1 584
1 589
1 645
1 653
1 709
1 773
1 781
1 837
1 965
1 973
1 1037
1 1221
2 66
2 130
2 194
2 1161
3 67
3 131
3 195
4 68
4 132
4 196
4 993
5 15
5 69
5 70
5 133
5 143
5 197
5 198
5 261
5 262
5 326
5 390
5 454
5 463
5 518
5 527
5 582
5 591
5 646
5 655
5 710
5 717
5 719
5 773
5 774
5 781
5 783
5 838
5 845
5 847
5 911
5 975
5 1039
5 1101
5 1165
5 1229
6 70
6 134
6 198
6 262
6 326
6 390
6 454
6 518
6 582
6 646
6 710
6 719
6 774
6 783
6 838
6 902
6 1030
6 1094
6 1158
6 1222
7 71
7 135
7 199
7 522
7 652
8 72
8 136
8 200
8 264
8 325
8 389
8 456
8 520
8 581
8 648
8 712
8 776
8 840
8 901
8 968
8 1032
8 1096
8 1160
8 1224
9 73
9 137
9 201
10 74
10 138
10 202
11 75
11 139
11 203
12 76
12 140
12 204
12 1100
13 77
13 141
13 205
13 271
13 328
13 392
13 453
13 517
13 589
13 653
13 837
13 898
13 904
13 1026
13 1029
14 78
14 142
14 193
14 206
15 5
15 19
15 69
15 79
15 133
15 143
15 198
15 207
15 261
15 262
15 326
15 390
15 463
15 518
15 527
15 582
15 591
15 646
15 655
15 710
15 717
15 719
15 773
15 774
15 781
15 783
15 838
15 845
15 847
15 911
15 975
15 1039
15 1101
15 1165
15 1229
16 80
16 144
16 208
16 417
16 809
16 1109
16 1124
17 81
17 145
17 209
18 82
18 146
18 210
18 1031
19 1
19 15
19 69
19 79
19 83
19 133
19 143
19 147
19 197
19 211
19 261
19 271
19 399
19 453
19 463
19 517
19 527
19 584
19 589
19 591
19 645
19 653
19 709
19 717
19 773
19 781
19 837
19 845
19 909
19 965
19 973
19 1037
19 1157
19 1218
19 1221
20 84
20 148
20 212
20 405
20 533
20 937
21 85
21 149
21 213
21 324
22 86
22 146
22 150
22 214
23 87
23 151
23 215
23 601
23 1000
24 88
24 152
24 216
24 354
25 89
25 98
25 111
25 153
25 217
25 628
25 912
26 90
26 154
26 218
26 226
26 946
27 91
27 155
27 194
27 219
28 92
28 156
28 220
28 981
28 1010
28 1064
28 1141
29 93
29 157
29 221
29 273
29 963
29 1120
30 94
30 158
30 222
30 268
31 95
31 159
31 223
31 701
31 872
31 1131
31 1148
32 96
32 160
32 224
33 97
33 161
33 225
33 541
34 98
34 162
34 226
35 99
35 163
35 227
35 567
35 858
35 1239
36 100
36 164
36 228
36 1254
37 101
37 165
37 229
37 1237
38 102
38 166
38 230
38 854
39 103
39 167
39 231
40 104
40 168
40 232
40 256
41 105
41 169
41 233
41 358
41 621
42 106
42 170
42 234
42 692
43 107
43 171
43 235
43 494
43 1208
44 108
44 172
44 236
45 109
45 173
45 237
46 88
46 110
46 174
46 238
47 111
47 175
47 239
47 320
48 112
48 176
48 240
48 306
49 112
49 113
49 177
49 188
49 570
49 814
49 895
49 1194
50 114
50 178
50 242
50 260
50 1182
51 115
51 179
51 243
52 116
52 180
52 244
52 276
52 500
52 816
52 878
53 117
53 181
53 227
53 245
53 473
54 118
54 182
54 246
55 119
55 183
55 247
55 478
56 120
56 154
56 184
56 248
56 564
56 1200
57 121
57 185
57 249
57 296
57 554
57 574
57 696
57 702
57 959
58 122
58 186
58 250
59 123
59 187
59 251
59 553
59 735
59 1049
59 1173
60 119
60 124
60 188
60 252
60 633
60 686
60 1067
61 117
61 125
61 189
61 253
61 426
61 1048
61 1108
62 126
62 190
62 254
62 761
63 127
63 174
63 191
63 255
63 826
63 874
63 892
64 0
64 128
64 192
64 256
64 929
64 1024
65 1
65 129
65 193
65 257
65 770
66 2
66 130
66 194
66 258
66 967
67 3
67 131
67 195
67 259
68 4
68 132
68 196
68 260
68 1129
69 1
69 5
69 15
69 19
69 79
69 133
69 143
69 197
69 261
69 399
69 463
69 527
69 584
69 591
69 645
69 655
69 709
69 717
69 719
69 773
69 781
69 783
69 845
69 847
69 909
69 911
69 1090
69 1093
69 1101
69 1165
69 1229
70 5
70 6
70 134
70 198
70 262
70 326
70 390
70 454
70 518
70 582
70 646
70 655
70 710
70 719
70 774
70 783
70 838
70 847
70 902
70 911
70 966
70 1030
70 1094
70 1158
70 1222
71 7
71 135
71 199
71 204
71 263
72 8
72 136
72 200
72 264
72 325
72 389
72 456
72 520
72 581
72 648
72 712
72 776
72 840
72 901
72 968
72 1032
72 1096
72 1160
72 1224
73 9
73 137
73 201
73 265
74 10
74 138
74 202
74 266
74 585
74 734
74 782
74 1027
74 1054
75 11
75 139
75 203
75 267
76 12
76 140
76 204
76 268
77 13
77 141
77 205
77 269
78 14
78 142
78 206
78 270
79 1
79 15
79 19
79 69
79 133
79 143
79 197
79 207
79 261
79 271
79 399
79 453
79 463
79 517
79 527
79 584
79 589
79 591
79 645
79 653
79 709
79 773
79 781
79 837
79 845
79 909
79 965
79 973
79 1037
79 1218
79 1221
80 16
80 144
80 208
80 272
80 600
80 916
80 1007
81 17
81 145
81 209
81 273
81 583
82 18
82 146
82 210
82 274
82 609
83 19
83 147
83 211
83 275
83 769
84 20
84 148
84 212
84 276
84 400
84 436
84 561
85 21
85 101
85 149
85 213
85 277
85 540
86 22
86 150
86 214
86 278
87 23
87 151
87 189
87 215
87 279
87 303
87 725
87 1085
87 1272
88 24
88 46
88 152
88 216
88 280
89 25
89 153
89 175
89 176
89 217
89 281
89 931
89 945
90 26
90 154
90 218
90 282
90 408
90 532
90 555
90 752
90 1195
91 27
91 155
91 219
91 283
91 870
92 28
92 156
92 220
92 284
93 29
93 157
93 221
93 285
93 294
93 450
93 864
94 30
94 158
94 222
94 286
95 31
95 104
95 159
95 223
95 245
95 287
96 32
96 160
96 224
96 288
97 33
97 161
97 225
97 289
97 656
97 1061
98 25
98 34
98 111
98 162
98 226
98 290
98 628
98 912
99 35
99 163
99 227
99 291
99 535
99 689
99 746
99 1236
100 36
100 164
100 228
100 292
101 37
101 85
101 165
101 229
101 293
101 540
102 38
102 166
102 230
102 294
103 39
103 167
103 231
103 281
103 295
103 351
103 546
103 690
103 756
103 935
104 40
104 95
104 168
104 232
104 245
104 296
105 41
105 169
105 233
105 287
105 297
105 482
106 42
106 170
106 234
106 282
106 298
106 1111
106 1258
107 43
107 171
107 235
107 624
108 44
108 172
108 236
108 300
108 994
109 45
109 173
109 237
109 301
109 315
109 565
109 640
109 850
109 884
109 1113
110 46
110 174
110 238
110 302
110 319
110 433
110 575
111 25
111 47
111 98
111 175
111 239
111 303
111 628
111 912
112 48
112 49
112 176
112 188
112 240
112 304
112 570
112 814
112 895
112 1194
113 49
113 177
113 241
113 305
113 660
114 50
114 178
114 242
114 306
115 51
115 179
115 243
115 307
116 52
116 180
116 244
116 308
116 503
116 732
116 1263
117 53
117 61
117 181
117 245
117 309
117 426
117 1048
117 1108
118 54
118 182
118 246
118 310
118 1133
119 55
119 60
119 183
119 247
119 311
119 633
119 686
119 1067
120 56
120 184
120 248
120 312
120 487
120 754
121 57
121 185
121 248
121 249
121 313
121 791
122 58
122 186
122 250
122 314
123 59
123 187
123 251
123 315
123 1045
124 60
124 188
124 212
124 252
124 316
124 367
124 880
124 1018
124 1086
124 1149
125 61
125 189
125 253
125 317
125 599
125 693
126 62
126 183
126 190
126 254
126 340
126 376
126 1003
127 63
127 191
127 218
127 238
127 252
127 255
127 319
127 765
127 1273
128 0
128 64
128 192
128 256
128 320
128 996
129 1
129 65
129 193
129 257
129 321
130 2
130 66
130 194
130 258
130 322
130 1099
131 3
131 67
131 195
131 259
131 323
132 4
132 68
132 196
132 260
132 284
132 324
132 338
132 406
132 668
132 866
133 1
133 5
133 15
133 19
133 69
133 79
133 143
133 197
133 261
133 325
133 399
133 463
133 527
133 584
133 591
133 645
133 655
133 709
133 717
133 719
133 773
133 781
133 783
133 845
133 847
133 909
133 911
133 965
133 973
133 975
133 1090
133 1093
133 1101
133 1157
133 1165
133 1229
134 6
134 70
134 198
134 262
134 326
134 390
134 454
134 518
134 582
134 646
134 710
134 719
134 774
134 783
134 838
134 902
134 966
134 1030
134 1094
134 1158
134 1222
135 7
135 71
135 199
135 263
135 327
135 910
136 8
136 72
136 200
136 264
136 325
136 328
136 389
136 456
136 520
136 581
136 648
136 712
136 776
136 840
136 901
136 968
136 1032
136 1096
136 1160
136 1224
137 9
137 73
137 201
137 265
137 329
137 851
138 10
138 74
138 202
138 266
138 330
139 11
139 75
139 203
139 267
139 331
140 12
140 76
140 204
140 268
140 332
140 492
141 13
141 77
141 205
141 269
141 333
142 14
142 78
142 206
142 270
142 334
143 1
143 5
143 15
143 19
143 69
143 79
143 133
143 197
143 207
143 261
143 271
143 335
143 399
143 463
143 527
143 584
143 591
143 645
143 655
143 709
143 717
143 719
143 773
143 781
143 845
143 847
143 909
143 911
143 965
143 973
143 975
143 1090
143 1093
143 1157
143 1218
144 16
144 80
144 208
144 272
144 336
145 17
145 81
145 209
145 273
145 337
145 899
146 18
146 22
146 82
146 210
146 274
146 338
147 19
147 83
147 211
147 275
147 339
148 20
148 84
148 212
148 276
148 340
148 792
148 1081
148 1264
149 21
149 85
149 213
149 225
149 277
149 341
149 484
150 22
150 86
150 214
150 278
150 342
150 716
151 23
151 87
151 215
151 279
151 343
151 636
151 828
151 1279
152 24
152 88
152 216
152 280
152 344
152 404
152 664
152 1009
153 25
153 89
153 217
153 281
153 345
153 613
153 1001
154 26
154 56
154 90
154 218
154 282
154 346
154 564
154 1200
155 27
155 91
155 219
155 283
155 347
156 28
156 92
156 196
156 220
156 284
156 348
156 507
156 681
156 871
157 29
157 93
157 221
157 285
157 349
158 30
158 94
158 222
158 286
158 327
158 350
158 925
159 31
159 95
159 223
159 287
159 351
160 32
160 96
160 224
160 288
160 352
160 401
161 33
161 97
161 178
161 225
161 289
161 353
161 1241
162 34
162 98
162 226
162 290
162 354
162 438
162 488
163 35
163 99
163 227
163 291
163 355
163 727
163 1146
164 36
164 100
164 228
164 292
164 345
164 356
164 728
164 818
165 37
165 101
165 229
165 293
165 357
166 38
166 102
166 230
166 294
166 358
166 477
166 1038
167 39
167 103
167 231
167 295
167 297
167 359
167 469
168 40
168 104
168 177
168 232
168 296
168 360
169 41
169 105
169 233
169 297
169 361
169 805
169 896
170 42
170 106
170 234
170 298
170 362
170 471
170 890
171 43
171 107
171 235
171 299
171 363
171 938
171 958
172 44
172 108
172 236
172 300
172 364
172 804
173 45
173 109
173 237
173 301
173 365
173 481
173 676
173 768
173 1127
173 1266
174 46
174 63
174 110
174 238
174 302
174 366
174 826
174 874
174 892
175 47
175 89
175 111
175 176
175 239
175 303
175 367
175 931
175 945
176 48
176 89
176 112
176 175
176 240
176 304
176 368
176 931
176 945
177 49
177 113
177 168
177 241
177 305
177 369
178 50
178 114
178 161
178 242
178 306
178 370
178 1241
179 51
179 115
179 243
179 307
179 371
180 52
180 116
180 244
180 308
180 372
181 53
181 117
181 228
181 245
181 309
181 373
181 543
181 1172
182 54
182 118
182 246
182 310
182 374
182 485
182 501
182 887
182 999
182 1178
183 55
183 119
183 126
183 247
183 311
183 340
183 375
183 376
183 1003
184 56
184 120
184 248
184 312
184 316
184 376
184 1276
185 57
185 121
185 249
185 313
185 377
185 442
185 1080
186 58
186 122
186 250
186 314
186 445
186 1087
187 59
187 123
187 251
187 315
187 379
187 1278
188 49
188 60
188 112
188 124
188 252
188 316
188 380
188 570
188 814
188 895
188 1194
189 61
189 87
189 125
189 253
189 303
189 317
189 381
189 725
189 1085
189 1272
190 62
190 126
190 254
190 318
190 820
191 63
191 127
191 255
191 319
191 363
191 383
191 504
192 0
192 64
192 128
192 256
192 320
192 384
192 604
192 853
192 1076
193 1
193 14
193 65
193 129
193 257
193 321
193 385
194 2
194 27
194 66
194 130
194 258
194 322
194 386
195 3
195 67
195 131
195 259
195 323
195 387
195 907
196 4
196 68
196 132
196 156
196 260
196 324
196 388
196 507
196 681
196 871
197 1
197 5
197 19
197 69
197 79
197 133
197 143
197 261
197 271
197 325
197 389
197 399
197 453
197 463
197 517
197 527
197 584
197 589
197 645
197 653
197 709
197 773
197 781
197 837
197 845
197 909
197 962
197 965
197 973
197 1026
197 1037
197 1221
198 5
198 6
198 15
198 70
198 134
198 262
198 326
198 390
198 454
198 518
198 582
198 646
198 655
198 710
198 717
198 719
198 774
198 783
198 838
198 847
198 902
198 911
198 966
198 975
198 1030
198 1039
198 1094
198 1103
198 1158
198 1222
199 7
199 71
199 135
199 263
199 327
199 391
199 429
200 8
200 72
200 136
200 264
200 325
200 328
200 389
200 392
200 456
200 520
200 581
200 648
200 712
200 776
200 840
200 901
200 968
200 1032
200 1096
200 1160
200 1224
201 9
201 73
201 137
201 265
201 329
201 393
201 577
202 10
202 74
202 138
202 266
202 330
202 394
202 1181
203 11
203 75
203 139
203 267
203 331
203 395
204 12
204 71
204 76
204 140
204 263
204 268
204 332
204 396
205 13
205 77
205 141
205 269
205 333
205 397
206 14
206 78
206 142
206 270
206 334
206 398
206 480
207 15
207 79
207 143
207 271
207 335
207 399
208 16
208 80
208 144
208 217
208 272
208 336
208 400
208 1143
209 17
209 81
209 145
209 273
209 337
209 401
210 18
210 82
210 146
210 274
210 338
210 402
211 19
211 83
211 147
211 275
211 339
211 403
212 20
212 84
212 124
212 148
212 276
212 340
212 367
212 404
212 880
212 1018
212 1086
212 1149
213 21
213 85
213 149
213 277
213 341
213 405
213 1262
214 22
214 86
214 150
214 278
214 342
214 406
214 1192
215 23
215 87
215 151
215 279
215 343
215 407
215 601
215 1000
216 24
216 88
216 152
216 280
216 314
216 344
216 408
216 419
217 25
217 89
217 153
217 208
217 281
217 345
217 409
217 1143
218 26
218 90
218 127
218 154
218 238
218 252
218 282
218 346
218 410
218 765
218 1273
219 27
219 91
219 155
219 243
219 283
219 332
219 347
219 411
220 28
220 92
220 156
220 284
220 348
220 412
220 1234
221 29
221 93
221 157
221 285
221 349
221 413
221 620
221 708
221 1269
222 30
222 94
222 158
222 286
222 350
222 414
223 31
223 95
223 159
223 287
223 351
223 415
223 799
224 32
224 96
224 160
224 288
224 352
224 416
224 777
225 33
225 97
225 149
225 161
225 289
225 353
225 417
225 484
226 26
226 34
226 98
226 162
226 290
226 354
226 418
226 946
227 35
227 53
227 99
227 163
227 291
227 355
227 419
227 473
228 36
228 100
228 164
228 181
228 292
228 356
228 420
228 543
228 1172
229 37
229 101
229 165
229 293
229 357
229 421
230 38
230 102
230 166
230 294
230 358
230 422
231 39
231 103
231 167
231 295
231 359
231 423
231 663
231 741
231 922
232 40
232 104
232 168
232 296
232 360
232 424
232 688
232 766
233 41
233 105
233 169
233 297
233 361
233 425
234 42
234 106
234 170
234 298
234 362
234 426
234 468
234 697
234 830
234 944
235 43
235 107
235 171
235 299
235 363
235 573
235 753
236 44
236 108
236 172
236 300
236 364
236 428
236 630
236 860
237 45
237 109
237 173
237 301
237 365
237 429
238 46
238 110
238 127
238 174
238 218
238 252
238 302
238 366
238 765
238 1273
239 47
239 111
239 175
239 303
239 320
239 367
239 431
240 48
240 112
240 176
240 304
240 368
240 432
240 952
240 957
241 113
241 177
241 305
241 369
241 407
241 433
242 50
242 114
242 178
242 306
242 370
242 434
242 852
242 1191
242 1242
243 51
243 115
243 179
243 219
243 307
243 332
243 371
243 435
244 52
244 116
244 180
244 308
244 372
244 436
244 571
244 671
244 1055
245 53
245 95
245 104
245 117
245 181
245 309
245 373
245 437
246 54
246 118
246 182
246 310
246 374
246 438
247 55
247 119
247 183
247 311
247 375
247 439
247 1255
248 56
248 120
248 121
248 184
248 312
248 376
248 440
248 791
249 57
249 121
249 185
249 313
249 377
249 496
250 58
250 122
250 186
250 314
250 442
251 59
251 123
251 187
251 315
251 379
251 443
251 498
251 1199
252 60
252 124
252 127
252 188
252 218
252 238
252 316
252 380
252 765
252 1273
253 61
253 125
253 189
253 317
253 381
253 1017
254 62
254 126
254 190
254 318
254 355
254 382
254 446
254 538
254 615
254 927
254 1150
255 63
255 127
255 191
255 319
255 383
256 40
256 64
256 128
256 192
256 320
256 384
256 448
257 65
257 129
257 193
257 321
257 385
257 449
258 66
258 130
258 194
258 322
258 386
258 450
259 67
259 131
259 195
259 323
259 387
259 451
259 521
260 50
260 68
260 132
260 196
260 324
260 388
260 452
260 1182
261 1
261 5
261 15
261 19
261 69
261 79
261 133
261 143
261 197
261 271
261 325
261 389
261 399
261 453
261 463
261 527
261 584
261 591
261 645
261 653
261 655
261 709
261 717
261 773
261 781
261 837
261 845
261 847
261 909
261 911
261 962
261 965
261 973
261 975
261 1037
261 1090
261 1093
261 1101
261 1157
261 1218
262 5
262 6
262 15
262 70
262 134
262 198
262 326
262 390
262 454
262 518
262 582
262 646
262 655
262 710
262 717
262 719
262 774
262 783
262 838
262 847
262 902
262 911
262 966
262 975
262 1030
262 1039
262 1094
262 1103
262 1158
262 1222
263 71
263 135
263 199
263 204
263 327
263 391
263 455
264 8
264 72
264 136
264 200
264 325
264 328
264 389
264 392
264 456
264 520
264 581
264 648
264 712
264 776
264 840
264 901
264 968
264 1032
264 1096
264 1160
264 1224
265 73
265 137
265 201
265 329
265 393
265 457
266 74
266 138
266 202
266 330
266 394
266 458
266 1035
267 75
267 139
267 203
267 331
267 395
267 459
268 30
268 76
268 140
268 204
268 332
268 396
268 460
269 77
269 141
269 205
269 333
269 397
269 461
270 78
270 142
270 206
270 334
270 398
270 462
271 1
271 13
271 19
271 79
271 143
271 197
271 207
271 261
271 335
271 399
271 453
271 463
271 517
271 527
271 584
271 589
271 645
271 653
271 709
271 837
271 898
271 904
271 909
271 962
271 965
271 973
271 1026
271 1037
271 1090
271 1093
271 1221
272 80
272 144
272 208
272 336
272 400
272 464
273 29
273 81
273 145
273 209
273 337
273 401
273 465
273 963
273 1120
274 82
274 146
274 210
274 338
274 402
274 466
274 1005
275 83
275 147
275 211
275 339
275 403
275 467
276 52
276 84
276 148
276 212
276 340
276 404
276 468
276 500
276 816
276 878
277 85
277 149
277 213
277 341
277 405
277 469
277 489
277 679
277 784
277 807
278 86
278 150
278 214
278 342
278 406
278 470
278 876
279 87
279 151
279 215
279 343
279 407
279 471
279 1066
280 88
280 152
280 216
280 344
280 408
280 472
280 491
280 808
280 810
281 89
281 103
281 153
281 217
281 345
281 351
281 409
281 473
281 546
281 690
281 756
281 935
282 90
282 106
282 154
282 218
282 346
282 410
282 474
282 1111
282 1258
283 91
283 155
283 219
283 347
283 411
283 475
283 578
284 92
284 132
284 156
284 220
284 338
284 348
284 406
284 412
284 476
284 668
284 866
285 93
285 157
285 221
285 349
285 413
285 477
286 94
286 158
286 222
286 350
286 414
286 478
286 1068
287 95
287 105
287 159
287 223
287 351
287 415
287 479
287 482
288 96
288 160
288 224
288 352
288 416
288 480
289 97
289 161
289 225
289 353
289 417
289 481
289 985
289 988
290 98
290 162
290 226
290 354
290 418
290 482
291 99
291 163
291 227
291 355
291 419
291 483
292 100
292 164
292 228
292 356
292 420
292 484
292 1122
293 101
293 165
293 229
293 357
293 421
293 485
293 869
293 917
294 93
294 102
294 166
294 230
294 358
294 422
294 450
294 486
294 864
295 103
295 167
295 231
295 359
295 423
295 479
295 487
295 1130
296 57
296 104
296 168
296 232
296 360
296 424
296 488
296 554
296 574
296 696
296 702
296 959
297 105
297 167
297 169
297 233
297 361
297 425
297 469
297 489
298 106
298 170
298 234
298 312
298 362
298 426
298 490
298 751
298 920
299 171
299 235
299 363
300 0
300 108
300 172
300 236
300 364
300 428
300 492
301 109
301 173
301 237
301 365
301 429
301 493
302 110
302 174
302 238
302 366
302 430
302 464
302 494
302 951
302 1175
303 87
303 111
303 175
303 189
303 239
303 367
303 431
303 495
303 725
303 1085
303 1272
304 112
304 176
304 240
304 344
304 368
304 432
304 496
304 1002
305 113
305 177
305 241
305 369
305 433
305 1151
306 48
306 114
306 178
306 242
306 370
306 434
306 498
307 115
307 179
307 243
307 371
307 435
307 499
308 116
308 180
308 244
308 360
308 372
308 436
308 500
308 739
308 948
308 1198
309 117
309 181
309 245
309 373
309 437
309 501
310 118
310 182
310 246
310 374
310 438
310 502
310 588
311 119
311 183
311 247
311 375
311 439
311 503
311 788
311 1186
312 120
312 184
312 248
312 298
312 376
312 440
312 504
312 751
312 920
313 121
313 185
313 249
313 377
313 441
313 505
313 703
314 122
314 186
314 216
314 250
314 378
314 419
314 442
314 506
315 109
315 123
315 187
315 251
315 379
315 443
315 507
315 565
315 640
315 850
315 884
315 1113
316 124
316 184
316 188
316 252
316 380
316 444
316 508
316 1276
317 125
317 189
317 253
317 381
317 445
317 509
317 687
318 190
318 254
318 382
318 446
319 110
319 127
319 191
319 255
319 383
319 433
319 447
319 511
319 575
320 47
320 128
320 192
320 239
320 256
320 384
320 448
320 512
321 129
321 193
321 257
321 385
321 449
321 513
321 1233
322 130
322 194
322 258
322 386
322 450
322 514
323 131
323 195
323 259
323 387
323 451
323 515
324 21
324 132
324 196
324 260
324 388
324 452
324 516
325 8
325 72
325 133
325 136
325 197
325 200
325 261
325 264
325 389
325 453
325 456
325 517
325 520
325 581
325 648
325 712
325 776
325 840
325 901
325 968
325 1032
325 1096
325 1160
325 1224
326 5
326 6
326 15
326 70
326 134
326 198
326 262
326 390
326 454
326 518
326 582
326 591
326 646
326 655
326 710
326 717
326 719
326 774
326 783
326 838
326 847
326 902
326 911
326 966
326 975
326 1030
326 1039
326 1094
326 1101
326 1103
326 1158
326 1165
326 1167
326 1222
326 1231
327 135
327 158
327 199
327 263
327 391
327 455
327 519
327 925
328 13
328 136
328 200
328 264
328 392
328 453
328 456
328 517
328 520
328 589
328 898
328 904
328 962
328 1026
328 1029
329 137
329 201
329 265
329 393
329 457
329 521
330 138
330 202
330 266
330 394
330 458
330 522
330 672
330 1227
331 139
331 203
331 267
331 395
331 459
331 523
332 140
332 204
332 219
332 243
332 268
332 396
332 460
332 524
333 141
333 205
333 269
333 397
333 461
333 525
333 1095
334 142
334 206
334 270
334 398
334 462
334 526
334 849
334 1155
335 143
335 207
335 271
335 399
335 463
335 527
336 144
336 208
336 272
336 341
336 400
336 464
336 528
336 549
336 592
336 942
337 145
337 209
337 273
337 401
337 465
337 529
337 1051
337 1249
338 132
338 146
338 210
338 274
338 284
338 402
338 406
338 466
338 530
338 668
338 866
339 147
339 211
339 275
339 403
339 467
339 531
339 715
340 126
340 148
340 183
340 212
340 276
340 376
340 404
340 468
340 532
340 1003
341 149
341 213
341 277
341 336
341 405
341 469
341 533
341 549
341 592
341 942
342 150
342 214
342 278
342 406
342 470
342 534
342 566
342 1052
343 151
343 215
343 279
343 407
343 471
343 535
344 152
344 216
344 280
344 304
344 408
344 472
344 536
344 1002
345 153
345 164
345 217
345 281
345 409
345 473
345 537
345 728
345 818
346 154
346 218
346 282
346 410
346 472
346 474
346 538
346 881
347 155
347 219
347 283
347 411
347 475
347 539
348 156
348 220
348 284
348 412
348 476
348 540
349 157
349 221
349 285
349 413
349 477
349 541
349 614
350 158
350 222
350 286
350 414
350 470
350 478
350 542
350 627
351 103
351 159
351 223
351 281
351 287
351 415
351 479
351 543
351 546
351 690
351 756
351 935
352 160
352 224
352 288
352 416
352 480
352 544
353 161
353 225
353 289
353 417
353 481
353 537
353 545
353 617
353 823
353 1013
353 1137
354 24
354 162
354 226
354 290
354 418
354 482
354 546
355 163
355 227
355 254
355 291
355 419
355 483
355 538
355 547
355 615
355 927
355 1150
356 164
356 228
356 292
356 420
356 484
356 548
356 580
356 1205
357 165
357 229
357 293
357 421
357 485
357 549
357 675
357 683
357 724
358 41
358 166
358 230
358 294
358 422
358 486
358 550
358 621
359 167
359 231
359 295
359 423
359 487
359 551
359 663
359 741
359 922
360 168
360 232
360 296
360 308
360 424
360 488
360 552
360 739
360 948
360 1198
361 169
361 233
361 297
361 425
361 489
361 553
361 873
361 1134
361 1176
362 170
362 234
362 298
362 426
362 490
362 554
362 558
362 825
362 1210
363 171
363 191
363 235
363 299
363 427
363 491
363 504
363 555
364 172
364 236
364 300
364 428
364 492
364 556
365 173
365 237
365 301
365 429
365 493
365 557
366 174
366 238
366 302
366 430
366 494
367 124
367 175
367 212
367 239
367 303
367 431
367 495
367 559
367 880
367 1018
367 1086
367 1149
368 176
368 240
368 304
368 432
368 490
368 496
368 560
368 889
368 1072
368 1274
369 177
369 241
369 305
369 433
369 497
369 561
369 760
369 855
369 1073
370 178
370 242
370 306
370 434
370 498
370 562
371 179
371 243
371 307
371 435
371 499
371 563
372 180
372 244
372 308
372 436
372 500
372 564
373 181
373 245
373 309
373 437
373 501
373 565
374 182
374 246
374 310
374 438
374 502
374 566
374 598
375 183
375 247
375 311
375 439
375 503
375 567
376 126
376 183
376 184
376 248
376 312
376 340
376 440
376 504
376 568
376 1003
377 185
377 249
377 313
377 441
377 505
377 703
378 314
378 442
378 506
379 187
379 251
379 315
379 443
379 507
379 571
379 597
379 759
380 188
380 252
380 316
380 444
380 508
380 572
380 638
380 894
381 189
381 253
381 317
381 445
381 509
381 573
381 817
381 983
382 254
382 318
382 446
382 510
382 574
383 191
383 255
383 319
383 447
383 511
383 575
383 767
384 192
384 256
384 320
384 448
384 512
384 576
384 677
385 193
385 257
385 321
385 449
385 513
385 577
386 194
386 258
386 322
386 450
386 514
386 578
387 195
387 259
387 323
387 451
387 515
387 579
387 642
388 196
388 260
388 324
388 452
388 516
388 580
389 8
389 72
389 136
389 197
389 200
389 261
389 264
389 325
389 453
389 456
389 517
389 520
389 581
389 648
389 712
389 776
389 840
389 901
389 968
389 1032
389 1096
389 1160
389 1224
390 5
390 6
390 15
390 70
390 134
390 198
390 262
390 326
390 454
390 518
390 582
390 646
390 655
390 710
390 717
390 719
390 774
390 783
390 838
390 847
390 902
390 911
390 966
390 975
390 1030
390 1039
390 1094
390 1103
390 1158
390 1167
390 1222
390 1231
391 199
391 263
391 327
391 455
391 519
391 583
391 974
392 13
392 200
392 264
392 328
392 456
392 517
392 520
392 584
392 589
392 898
392 904
392 1026
392 1029
393 201
393 265
393 329
393 457
393 521
393 585
394 202
394 266
394 330
394 458
394 460
394 522
394 586
394 795
395 203
395 267
395 331
395 459
395 523
395 587
395 603
396 204
396 268
396 332
396 460
396 524
396 588
397 205
397 269
397 333
397 461
397 525
397 589
397 897
398 206
398 270
398 334
398 462
398 526
398 590
399 1
399 19
399 69
399 79
399 133
399 143
399 197
399 207
399 261
399 271
399 335
399 453
399 463
399 517
399 527
399 584
399 589
399 591
399 645
399 653
399 709
399 773
399 781
399 837
399 845
399 909
399 962
399 965
399 973
399 1037
399 1090
399 1093
399 1101
399 1157
399 1218
399 1221
399 1229
400 84
400 208
400 272
400 336
400 436
400 464
400 528
400 561
400 592
401 160
401 209
401 273
401 337
401 465
401 529
401 593
402 210
402 274
402 338
402 466
402 530
402 594
403 211
403 275
403 339
403 467
403 531
403 595
404 152
404 212
404 276
404 340
404 468
404 532
404 596
404 664
404 1009
405 20
405 213
405 277
405 341
405 469
405 533
405 597
405 937
406 132
406 214
406 278
406 284
406 338
406 342
406 470
406 534
406 598
406 668
406 866
407 215
407 241
407 279
407 343
407 471
407 535
407 599
408 90
408 216
408 280
408 344
408 472
408 532
408 536
408 555
408 600
408 752
408 1195
409 217
409 281
409 345
409 473
409 537
409 601
409 607
409 984
409 1084
409 1201
409 1240
410 218
410 282
410 346
410 474
410 538
410 602
410 888
410 939
410 1209
411 219
411 283
411 347
411 475
411 539
411 544
411 603
411 903
412 220
412 284
412 348
412 476
412 540
412 542
412 604
413 221
413 285
413 349
413 477
413 541
413 605
414 222
414 286
414 350
414 478
414 542
414 606
414 742
414 886
415 223
415 287
415 351
415 479
415 508
415 543
415 607
415 634
416 224
416 288
416 352
416 480
416 544
416 608
417 16
417 225
417 289
417 353
417 481
417 545
417 609
417 809
417 1109
417 1124
418 226
418 290
418 354
418 482
418 546
418 610
418 623
418 1136
418 1213
418 1256
419 216
419 227
419 291
419 314
419 355
419 483
419 547
419 611
420 228
420 292
420 356
420 484
420 548
420 612
420 875
421 229
421 293
421 357
421 485
421 549
421 611
421 613
421 1277
422 230
422 294
422 358
422 486
422 550
422 614
423 231
423 295
423 359
423 483
423 487
423 547
423 551
423 552
423 612
423 615
423 626
424 232
424 296
424 360
424 488
424 528
424 552
424 616
424 856
424 919
425 233
425 297
425 361
425 489
425 553
425 617
425 789
425 1012
426 61
426 117
426 234
426 298
426 362
426 490
426 554
426 618
426 1048
426 1108
427 363
427 491
427 555
428 236
428 300
428 364
428 492
428 556
428 620
428 691
428 836
429 199
429 237
429 301
429 365
429 493
429 557
429 621
430 302
430 366
430 494
430 510
430 558
430 619
431 239
431 303
431 367
431 495
431 559
431 572
431 623
431 764
432 240
432 304
432 368
432 496
432 560
433 110
433 241
433 305
433 319
433 369
433 497
433 561
433 575
433 625
434 242
434 306
434 370
434 498
434 545
434 562
434 626
434 1125
434 1188
435 243
435 307
435 371
435 499
435 563
435 627
435 1228
436 84
436 244
436 308
436 372
436 400
436 500
436 561
436 564
436 628
437 245
437 309
437 373
437 501
437 565
437 629
437 995
438 162
438 246
438 310
438 374
438 488
438 502
438 566
438 630
439 247
439 311
439 375
439 503
439 567
439 631
440 248
440 312
440 376
440 504
440 568
440 632
440 698
440 1187
441 313
441 377
441 505
441 569
441 625
441 633
441 1135
442 185
442 250
442 314
442 378
442 506
442 570
442 634
442 1080
443 251
443 315
443 379
443 507
443 571
443 635
443 1079
444 316
444 380
444 447
444 508
444 572
445 186
445 317
445 381
445 509
445 573
445 1087
446 254
446 318
446 382
446 510
446 569
446 574
446 638
446 954
447 319
447 383
447 444
447 511
447 575
448 256
448 320
448 384
448 512
448 576
448 629
448 640
448 694
448 1252
449 257
449 321
449 385
449 513
449 577
449 641
450 93
450 258
450 294
450 322
450 386
450 514
450 578
450 642
450 864
451 259
451 323
451 387
451 515
451 579
451 643
451 779
452 260
452 324
452 388
452 516
452 576
452 580
452 644
452 918
453 1
453 13
453 19
453 79
453 197
453 261
453 271
453 325
453 328
453 389
453 399
453 463
453 517
453 581
453 584
453 589
453 645
453 653
453 709
453 837
453 898
453 904
453 909
453 962
453 965
453 973
453 1026
453 1029
453 1037
453 1218
453 1221
454 5
454 6
454 70
454 134
454 198
454 262
454 326
454 390
454 518
454 582
454 646
454 655
454 710
454 719
454 774
454 783
454 838
454 847
454 902
454 911
454 966
454 975
454 1030
454 1039
454 1094
454 1103
454 1158
454 1167
454 1222
454 1231
455 263
455 327
455 391
455 519
455 583
455 647
455 1223
456 8
456 72
456 136
456 200
456 264
456 325
456 328
456 389
456 392
456 520
456 581
456 584
456 648
456 712
456 776
456 840
456 901
456 968
456 1032
456 1096
456 1160
456 1224
457 265
457 329
457 393
457 521
457 585
457 649
458 266
458 330
458 394
458 522
458 586
458 650
458 1171
459 267
459 331
459 395
459 523
459 587
459 651
460 268
460 332
460 394
460 396
460 524
460 588
460 652
460 795
461 269
461 333
461 397
461 525
461 589
461 653
462 270
462 334
462 398
462 526
462 590
462 654
463 1
463 5
463 15
463 19
463 69
463 79
463 133
463 143
463 197
463 261
463 271
463 335
463 399
463 453
463 517
463 527
463 584
463 591
463 645
463 653
463 655
463 709
463 717
463 773
463 781
463 837
463 845
463 909
463 911
463 962
463 965
463 973
463 975
463 1037
463 1090
463 1093
463 1101
463 1157
463 1165
463 1218
463 1221
463 1229
464 272
464 302
464 336
464 400
464 528
464 592
464 656
464 951
464 1175
465 273
465 337
465 401
465 529
465 593
465 657
466 274
466 338
466 402
466 530
466 594
466 658
466 1092
467 275
467 339
467 403
467 531
467 595
467 659
468 234
468 276
468 340
468 404
468 532
468 596
468 660
468 697
468 830
468 944
469 167
469 277
469 297
469 341
469 405
469 533
469 597
469 661
470 278
470 342
470 350
470 406
470 534
470 598
470 627
470 662
471 170
471 279
471 343
471 407
471 535
471 599
471 663
471 890
472 280
472 344
472 346
472 408
472 536
472 600
472 664
472 881
473 53
473 227
473 281
473 345
473 409
473 537
473 601
473 665
474 282
474 346
474 410
474 538
474 602
474 666
475 283
475 347
475 411
475 539
475 603
475 667
475 1206
476 284
476 348
476 412
476 540
476 604
476 668
476 730
477 166
477 285
477 349
477 413
477 541
477 605
477 669
477 1038
478 55
478 286
478 350
478 414
478 542
478 606
478 670
479 287
479 295
479 351
479 415
479 543
479 607
479 671
479 1130
480 206
480 288
480 352
480 416
480 544
480 608
480 672
481 173
481 289
481 353
481 417
481 545
481 609
481 673
481 676
481 768
481 1127
481 1266
482 105
482 287
482 290
482 354
482 418
482 546
482 610
482 674
483 291
483 355
483 419
483 423
483 547
483 552
483 611
483 612
483 626
483 675
484 149
484 225
484 292
484 356
484 420
484 548
484 612
484 676
485 182
485 293
485 357
485 421
485 501
485 549
485 613
485 677
485 887
485 999
485 1178
486 294
486 358
486 422
486 550
486 614
486 678
486 955
487 120
487 295
487 359
487 423
487 551
487 615
487 679
487 754
488 162
488 296
488 360
488 424
488 438
488 552
488 616
488 680
489 277
489 297
489 361
489 425
489 553
489 617
489 679
489 681
489 784
489 807
490 298
490 362
490 368
490 426
490 554
490 618
490 682
490 889
490 1072
490 1274
491 280
491 363
491 427
491 555
491 619
491 683
491 808
491 810
492 140
492 300
492 364
492 428
492 556
492 620
492 684
493 301
493 365
493 429
493 557
493 621
493 685
493 755
493 1019
494 43
494 302
494 366
494 430
494 558
494 622
494 686
494 1208
495 303
495 367
495 431
495 559
495 623
495 687
495 1016
496 249
496 304
496 368
496 432
496 560
496 624
496 688
497 369
497 433
497 561
497 625
497 689
498 251
498 306
498 370
498 434
498 562
498 626
498 690
498 1199
499 307
499 371
499 435
499 563
499 627
499 691
500 52
500 276
500 308
500 372
500 436
500 564
500 628
500 692
500 816
500 878
501 182
501 309
501 373
501 437
501 485
501 565
501 629
501 693
501 887
501 999
501 1178
502 310
502 374
502 438
502 566
502 630
502 665
502 694
503 116
503 311
503 375
503 439
503 567
503 631
503 695
503 732
503 1263
504 191
504 312
504 363
504 376
504 440
504 568
504 632
504 696
505 313
505 377
505 441
505 569
505 633
505 697
505 867
505 956
506 314
506 378
506 442
506 570
506 602
506 634
506 682
506 698
506 1059
507 156
507 196
507 315
507 379
507 443
507 571
507 635
507 681
507 699
507 871
508 316
508 380
508 415
508 444
508 572
508 634
508 636
508 700
509 317
509 381
509 445
509 573
509 637
509 687
509 701
510 382
510 430
510 446
510 574
510 619
510 638
510 702
511 319
511 383
511 447
511 575
511 639
511 700
511 703
511 747
512 320
512 384
512 448
512 576
512 640
512 704
512 763
513 321
513 385
513 449
513 577
513 641
513 705
513 961
514 322
514 386
514 450
514 578
514 642
514 706
514 842
514 1226
515 323
515 387
515 451
515 579
515 643
515 707
516 324
516 388
516 452
516 580
516 644
516 708
516 1028
516 1060
517 1
517 13
517 19
517 79
517 197
517 271
517 325
517 328
517 389
517 392
517 399
517 453
517 463
517 581
517 584
517 589
517 645
517 653
517 709
517 837
517 898
517 904
517 962
517 965
517 973
517 1026
517 1029
517 1037
517 1221
518 5
518 6
518 15
518 70
518 134
518 198
518 262
518 326
518 390
518 454
518 582
518 646
518 655
518 710
518 717
518 719
518 774
518 783
518 838
518 847
518 902
518 911
518 966
518 975
518 1030
518 1039
518 1094
518 1103
518 1158
518 1165
518 1167
518 1222
518 1231
519 327
519 391
519 455
519 583
519 647
519 711
519 987
520 8
520 72
520 136
520 200
520 264
520 325
520 328
520 389
520 392
520 456
520 581
520 584
520 648
520 712
520 776
520 840
520 901
520 968
520 1032
520 1096
520 1160
520 1224
521 259
521 329
521 393
521 457
521 585
521 649
521 713
522 7
522 330
522 394
522 458
522 586
522 650
522 652
522 714
523 331
523 395
523 459
523 587
523 651
523 707
523 715
523 841
524 332
524 396
524 460
524 588
524 652
524 716
525 333
525 397
525 461
525 589
525 653
525 717
526 334
526 398
526 462
526 590
526 654
526 718
526 1147
527 1
527 5
527 15
527 19
527 69
527 79
527 133
527 143
527 197
527 261
527 271
527 335
527 399
527 463
527 584
527 591
527 645
527 653
527 655
527 709
527 717
527 719
527 773
527 781
527 837
527 845
527 847
527 909
527 911
527 965
527 973
527 975
527 1037
527 1039
527 1090
527 1093
527 1101
527 1157
527 1165
527 1218
527 1221
527 1229
528 336
528 400
528 424
528 464
528 592
528 656
528 720
528 856
528 919
529 337
529 401
529 465
529 593
529 657
529 721
529 971
530 338
530 402
530 466
530 594
530 658
530 722
531 339
531 403
531 467
531 595
531 651
531 659
531 723
532 90
532 340
532 404
532 408
532 468
532 555
532 596
532 660
532 724
532 752
532 1195
533 20
533 341
533 405
533 469
533 597
533 661
533 725
533 937
534 342
534 406
534 470
534 598
534 662
534 726
534 786
535 99
535 343
535 407
535 471
535 599
535 663
535 689
535 727
535 746
535 1236
536 344
536 408
536 472
536 600
536 664
536 680
536 728
536 1021
537 345
537 353
537 409
537 473
537 601
537 617
537 665
537 729
537 823
537 1013
537 1137
538 254
538 346
538 355
538 410
538 474
538 602
538 615
538 666
538 730
538 927
538 1150
539 347
539 411
539 475
539 603
539 667
539 731
540 85
540 101
540 348
540 412
540 476
540 604
540 668
540 732
541 33
541 349
541 413
541 477
541 605
541 669
541 733
542 350
542 412
542 414
542 478
542 606
542 670
542 734
543 181
543 228
543 351
543 415
543 479
543 607
543 671
543 735
543 1172
544 352
544 411
544 416
544 480
544 608
544 672
544 736
544 903
545 353
545 417
545 434
545 481
545 609
545 673
545 737
545 1125
545 1188
546 103
546 281
546 351
546 354
546 418
546 482
546 610
546 674
546 690
546 738
546 756
546 935
547 355
547 419
547 423
547 483
547 552
547 611
547 612
547 626
547 675
547 739
548 356
548 420
548 484
548 556
548 606
548 612
548 676
548 740
549 336
549 341
549 357
549 421
549 485
549 592
549 613
549 677
549 741
549 942
550 358
550 422
550 486
550 614
550 678
550 742
551 359
551 423
551 487
551 615
551 674
551 679
551 743
551 1265
551 1268
552 360
552 423
552 424
552 483
552 488
552 547
552 612
552 616
552 626
552 680
552 744
553 59
553 361
553 425
553 489
553 617
553 681
553 735
553 745
553 1049
553 1173
554 57
554 296
554 362
554 426
554 490
554 574
554 618
554 682
554 696
554 702
554 746
554 959
555 90
555 363
555 408
555 427
555 491
555 532
555 619
555 683
555 747
555 752
555 1195
556 364
556 428
556 492
556 548
556 606
556 620
556 684
556 748
557 365
557 429
557 493
557 621
557 685
557 749
558 362
558 430
558 494
558 622
558 686
558 825
558 1210
559 367
559 431
559 495
559 568
559 623
559 687
559 751
560 368
560 432
560 496
560 624
560 688
560 752
560 811
560 1008
561 84
561 369
561 400
561 433
561 436
561 497
561 625
561 689
561 753
562 370
562 434
562 498
562 626
562 690
562 754
563 371
563 435
563 499
563 627
563 691
563 755
563 1196
564 56
564 154
564 372
564 436
564 500
564 628
564 692
564 756
564 1200
565 109
565 315
565 373
565 437
565 501
565 629
565 640
565 693
565 757
565 850
565 884
565 1113
566 342
566 374
566 438
566 502
566 630
566 694
566 758
566 1052
567 35
567 375
567 439
567 503
567 631
567 695
567 759
567 858
567 1239
568 376
568 440
568 504
568 559
568 632
568 696
568 760
569 441
569 446
569 505
569 633
569 697
569 761
569 954
570 49
570 112
570 188
570 442
570 506
570 634
570 698
570 814
570 895
570 1194
571 244
571 379
571 443
571 507
571 635
571 671
571 699
571 763
571 1055
572 380
572 431
572 444
572 508
572 636
572 700
572 764
573 235
573 381
573 445
573 509
573 637
573 701
573 753
573 765
574 57
574 296
574 382
574 446
574 510
574 554
574 638
574 696
574 702
574 766
574 959
575 110
575 319
575 383
575 433
575 447
575 511
575 639
575 703
575 767
576 384
576 448
576 452
576 512
576 640
576 704
576 768
576 918
577 201
577 385
577 449
577 513
577 641
577 705
577 769
578 283
578 386
578 450
578 514
578 642
578 706
578 770
579 387
579 451
579 515
579 643
579 707
579 771
580 356
580 388
580 452
580 516
580 644
580 708
580 772
580 1205
581 8
581 72
581 136
581 200
581 264
581 325
581 389
581 453
581 456
581 517
581 520
581 645
581 648
581 709
581 712
581 773
581 776
581 840
581 901
581 968
581 1032
581 1096
581 1160
581 1224
582 5
582 6
582 15
582 70
582 134
582 198
582 262
582 326
582 390
582 454
582 518
582 646
582 655
582 710
582 717
582 719
582 774
582 783
582 838
582 847
582 902
582 911
582 966
582 975
582 1030
582 1039
582 1094
582 1103
582 1158
582 1167
582 1222
582 1231
583 81
583 391
583 455
583 519
583 647
583 711
583 775
584 1
584 19
584 69
584 79
584 133
584 143
584 197
584 261
584 271
584 392
584 399
584 453
584 456
584 463
584 517
584 520
584 527
584 589
584 591
584 645
584 648
584 653
584 709
584 712
584 773
584 776
584 781
584 837
584 845
584 909
584 962
584 965
584 973
584 1037
584 1090
584 1093
584 1157
584 1218
584 1221
585 74
585 393
585 457
585 521
585 649
585 713
585 734
585 777
585 782
585 1027
585 1054
586 394
586 458
586 522
586 650
586 714
586 778
586 1011
587 395
587 459
587 523
587 651
587 715
587 779
587 906
587 913
588 310
588 396
588 460
588 524
588 652
588 716
588 780
589 1
589 13
589 19
589 79
589 197
589 271
589 328
589 392
589 397
589 399
589 453
589 461
589 517
589 525
589 584
589 645
589 653
589 709
589 717
589 781
589 837
589 898
589 904
589 962
589 965
589 973
589 1026
589 1029
589 1037
589 1221
590 398
590 462
590 526
590 654
590 718
590 782
591 5
591 15
591 19
591 69
591 79
591 133
591 143
591 261
591 326
591 399
591 463
591 527
591 584
591 645
591 655
591 717
591 719
591 773
591 781
591 783
591 845
591 847
591 909
591 911
591 965
591 973
591 975
591 1037
591 1039
591 1090
591 1093
591 1101
591 1103
591 1157
591 1165
591 1167
591 1218
591 1229
591 1231
592 336
592 341
592 400
592 464
592 528
592 549
592 656
592 720
592 784
592 942
593 401
593 465
593 529
593 657
593 721
593 785
593 992
594 402
594 466
594 530
594 658
594 722
594 786
595 403
595 467
595 531
595 659
595 723
595 787
596 404
596 468
596 532
596 660
596 724
596 788
596 1047
596 1215
597 379
597 405
597 469
597 533
597 661
597 725
597 759
597 789
598 374
598 406
598 470
598 534
598 662
598 726
598 790
599 125
599 407
599 471
599 535
599 663
599 693
599 727
599 791
600 80
600 408
600 472
600 536
600 664
600 728
600 792
600 916
600 1007
601 23
601 215
601 409
601 473
601 537
601 665
601 729
601 793
601 1000
602 410
602 474
602 506
602 538
602 666
602 682
602 730
602 794
602 1059
603 395
603 411
603 475
603 539
603 667
603 731
603 795
604 192
604 412
604 476
604 540
604 668
604 732
604 796
604 853
604 1076
605 413
605 477
605 541
605 669
605 733
605 797
606 414
606 478
606 542
606 548
606 556
606 670
606 734
606 798
607 409
607 415
607 479
607 543
607 671
607 735
607 799
607 984
607 1084
607 1201
607 1240
608 416
608 480
608 544
608 672
608 736
608 800
608 861
608 998
609 82
609 417
609 481
609 545
609 673
609 737
609 801
610 418
610 482
610 546
610 674
610 738
610 802
610 1156
611 419
611 421
611 483
611 547
611 675
611 739
611 803
611 1277
612 420
612 423
612 483
612 484
612 547
612 548
612 552
612 626
612 676
612 740
612 804
613 153
613 421
613 485
613 549
613 677
613 741
613 805
613 1001
614 349
614 422
614 486
614 550
614 678
614 742
614 806
615 254
615 355
615 423
615 487
615 538
615 551
615 679
615 743
615 807
615 927
615 1150
616 424
616 488
616 552
616 631
616 680
616 744
616 808
616 1183
617 353
617 425
617 489
617 537
617 553
617 681
617 745
617 809
617 823
617 1013
617 1137
618 426
618 490
618 554
618 682
618 720
618 746
618 810
619 430
619 491
619 510
619 555
619 683
619 747
619 811
620 221
620 428
620 492
620 556
620 684
620 708
620 748
620 812
620 1269
621 41
621 358
621 429
621 493
621 557
621 685
621 749
621 813
622 494
622 558
622 686
622 750
622 814
623 418
623 431
623 495
623 559
623 687
623 751
623 815
623 1136
623 1213
623 1256
624 107
624 496
624 560
624 688
624 752
624 816
625 433
625 441
625 497
625 561
625 689
625 753
625 817
625 1135
626 423
626 434
626 483
626 498
626 547
626 552
626 562
626 612
626 690
626 754
626 818
627 350
627 435
627 470
627 499
627 563
627 691
627 755
627 819
628 25
628 98
628 111
628 436
628 500
628 564
628 692
628 756
628 820
628 912
629 437
629 448
629 501
629 565
629 693
629 694
629 757
629 821
629 1252
630 236
630 438
630 502
630 566
630 694
630 758
630 822
630 860
631 439
631 503
631 567
631 616
631 695
631 759
631 823
631 1183
632 440
632 504
632 568
632 696
632 750
632 760
632 824
632 1023
632 1259
633 60
633 119
633 441
633 505
633 569
633 686
633 697
633 761
633 825
633 1067
634 415
634 442
634 506
634 508
634 570
634 698
634 762
634 826
635 443
635 507
635 571
635 699
635 763
635 827
635 865
636 151
636 508
636 572
636 700
636 764
636 828
636 1279
637 509
637 573
637 701
637 765
637 829
638 380
638 446
638 510
638 574
638 702
638 766
638 830
638 894
639 511
639 575
639 703
639 767
640 109
640 315
640 448
640 512
640 565
640 576
640 704
640 768
640 832
640 850
640 884
640 1113
641 449
641 513
641 577
641 705
641 769
641 833
642 387
642 450
642 514
642 578
642 706
642 770
642 834
643 451
643 515
643 579
643 707
643 771
643 835
644 452
644 516
644 580
644 708
644 749
644 772
644 836
645 1
645 19
645 69
645 79
645 133
645 143
645 197
645 261
645 271
645 399
645 453
645 463
645 517
645 527
645 581
645 584
645 589
645 591
645 653
645 709
645 773
645 781
645 837
645 845
645 909
645 962
645 965
645 973
645 1037
645 1090
645 1093
645 1157
645 1218
645 1221
645 1229
646 5
646 6
646 15
646 70
646 134
646 198
646 262
646 326
646 390
646 454
646 518
646 582
646 655
646 710
646 717
646 719
646 774
646 783
646 838
646 847
646 902
646 911
646 966
646 975
646 1030
646 1039
646 1094
646 1101
646 1103
646 1158
646 1165
646 1167
646 1222
646 1229
646 1231
647 455
647 519
647 583
647 711
647 775
647 839
648 8
648 72
648 136
648 200
648 264
648 325
648 389
648 456
648 520
648 581
648 584
648 712
648 776
648 840
648 901
648 968
648 1032
648 1096
648 1160
648 1224
649 457
649 521
649 585
649 713
649 777
649 841
649 1115
650 458
650 522
650 586
650 714
650 778
650 842
651 459
651 523
651 531
651 587
651 715
651 779
651 843
652 7
652 460
652 522
652 524
652 588
652 716
652 780
652 844
653 1
653 13
653 19
653 79
653 197
653 261
653 271
653 399
653 453
653 461
653 463
653 517
653 525
653 527
653 584
653 589
653 645
653 709
653 717
653 781
653 837
653 845
653 898
653 904
653 909
653 962
653 965
653 973
653 1026
653 1037
653 1090
653 1093
653 1157
653 1218
653 1221
654 462
654 526
654 590
654 718
654 782
654 846
654 1159
655 5
655 15
655 69
655 70
655 133
655 143
655 198
655 261
655 262
655 326
655 390
655 454
655 463
655 518
655 527
655 582
655 591
655 646
655 710
655 717
655 719
655 773
655 774
655 781
655 783
655 838
655 845
655 847
655 902
655 909
655 911
655 966
655 975
655 1030
655 1039
655 1090
655 1093
655 1094
655 1101
655 1103
655 1157
655 1158
655 1165
655 1167
655 1218
655 1222
655 1229
655 1231
656 97
656 464
656 528
656 592
656 720
656 784
656 848
656 1061
657 465
657 529
657 593
657 721
657 785
657 849
658 466
658 530
658 594
658 722
658 786
658 850
658 877
659 467
659 531
659 595
659 723
659 787
659 851
660 113
660 468
660 532
660 596
660 724
660 788
660 852
661 469
661 533
661 597
661 725
661 789
661 853
661 1247
662 470
662 534
662 598
662 726
662 790
662 854
663 231
663 359
663 471
663 535
663 599
663 727
663 741
663 791
663 855
663 922
664 152
664 404
664 472
664 536
664 600
664 728
664 792
664 856
664 1009
665 473
665 502
665 537
665 601
665 729
665 793
665 857
666 474
666 538
666 602
666 730
666 794
666 858
666 1020
667 475
667 539
667 603
667 731
667 795
667 859
668 132
668 284
668 338
668 406
668 476
668 540
668 604
668 732
668 796
668 860
668 866
669 477
669 541
669 605
669 733
669 797
669 861
669 1088
669 1174
670 478
670 542
670 606
670 734
670 798
670 862
671 244
671 479
671 543
671 571
671 607
671 735
671 799
671 863
671 1055
672 330
672 480
672 544
672 608
672 736
672 800
672 864
672 1227
673 481
673 545
673 609
673 737
673 801
673 865
673 1058
674 482
674 546
674 551
674 610
674 738
674 743
674 802
674 866
674 1265
674 1268
675 357
675 483
675 547
675 611
675 683
675 724
675 739
675 803
675 867
676 173
676 481
676 484
676 548
676 612
676 740
676 768
676 804
676 868
676 1127
676 1266
677 384
677 485
677 549
677 613
677 741
677 805
677 869
678 486
678 550
678 614
678 742
678 806
678 870
679 277
679 487
679 489
679 551
679 615
679 743
679 784
679 807
679 871
680 488
680 536
680 552
680 616
680 744
680 808
680 872
680 1021
681 156
681 196
681 489
681 507
681 553
681 617
681 745
681 809
681 871
681 873
682 490
682 506
682 554
682 602
682 618
682 746
682 810
682 874
682 1059
683 357
683 491
683 555
683 619
683 675
683 724
683 747
683 811
683 875
684 492
684 556
684 620
684 748
684 812
684 876
685 493
685 557
685 621
685 749
685 813
685 877
686 60
686 119
686 494
686 558
686 622
686 633
686 750
686 814
686 878
686 1067
687 317
687 495
687 509
687 559
687 623
687 751
687 815
687 879
688 232
688 496
688 560
688 624
688 752
688 766
688 816
688 880
689 99
689 497
689 535
689 561
689 625
689 746
689 753
689 817
689 881
689 1236
690 103
690 281
690 351
690 498
690 546
690 562
690 626
690 754
690 756
690 818
690 882
690 935
691 428
691 499
691 563
691 627
691 755
691 819
691 836
691 883
692 42
692 500
692 564
692 628
692 756
692 820
692 884
693 125
693 501
693 565
693 599
693 629
693 757
693 821
693 885
694 448
694 502
694 566
694 629
694 630
694 758
694 822
694 886
694 1252
695 503
695 567
695 631
695 759
695 823
695 887
696 57
696 296
696 504
696 554
696 568
696 574
696 632
696 702
696 760
696 824
696 888
696 959
697 234
697 468
697 505
697 569
697 633
697 761
697 825
697 830
697 889
697 944
698 440
698 506
698 570
698 634
698 762
698 826
698 890
698 1187
699 507
699 571
699 635
699 763
699 827
699 891
700 508
700 511
700 572
700 636
700 747
700 764
700 828
700 892
701 31
701 509
701 573
701 637
701 765
701 829
701 872
701 893
701 1131
701 1148
702 57
702 296
702 510
702 554
702 574
702 638
702 696
702 766
702 830
702 894
702 959
703 313
703 377
703 511
703 575
703 639
703 767
703 831
703 895
704 512
704 576
704 640
704 768
704 832
704 896
705 513
705 577
705 641
705 769
705 833
705 897
706 514
706 578
706 642
706 770
706 834
706 898
707 515
707 523
707 579
707 643
707 771
707 835
707 841
707 899
708 221
708 516
708 580
708 620
708 644
708 772
708 836
708 900
708 1269
709 1
709 19
709 69
709 79
709 133
709 143
709 197
709 261
709 271
709 399
709 453
709 463
709 517
709 527
709 581
709 584
709 589
709 645
709 653
709 773
709 781
709 837
709 901
709 909
709 962
709 965
709 973
709 1026
709 1037
709 1090
709 1093
709 1157
709 1218
709 1221
710 5
710 6
710 15
710 70
710 134
710 198
710 262
710 326
710 390
710 454
710 518
710 582
710 646
710 655
710 717
710 719
710 774
710 783
710 838
710 847
710 902
710 911
710 966
710 975
710 1030
710 1039
710 1094
710 1103
710 1158
710 1167
710 1222
710 1231
711 519
711 583
711 647
711 775
711 839
711 903
712 8
712 72
712 136
712 200
712 264
712 325
712 389
712 456
712 520
712 581
712 584
712 648
712 776
712 840
712 901
712 904
712 968
712 1032
712 1096
712 1160
712 1224
713 521
713 585
713 649
713 777
713 785
713 841
713 905
714 522
714 586
714 650
714 778
714 842
714 906
715 339
715 523
715 587
715 651
715 779
715 843
715 907
716 150
716 524
716 588
716 652
716 780
716 844
716 908
717 5
717 15
717 19
717 69
717 133
717 143
717 198
717 261
717 262
717 326
717 390
717 463
717 518
717 525
717 527
717 582
717 589
717 591
717 646
717 653
717 655
717 710
717 719
717 773
717 774
717 781
717 783
717 838
717 845
717 847
717 902
717 909
717 911
717 965
717 966
717 975
717 1030
717 1039
717 1090
717 1093
717 1101
717 1103
717 1157
717 1165
717 1167
717 1218
717 1222
717 1229
717 1231
718 526
718 590
718 654
718 782
718 846
718 910
719 5
719 6
719 15
719 69
719 70
719 133
719 134
719 143
719 198
719 262
719 326
719 390
719 454
719 518
719 527
719 582
719 591
719 646
719 655
719 710
719 717
719 773
719 774
719 781
719 783
719 838
719 845
719 847
719 902
719 911
719 966
719 975
719 1030
719 1039
719 1090
719 1093
719 1094
719 1101
719 1103
719 1158
719 1165
719 1167
719 1222
719 1229
719 1231
720 528
720 592
720 618
720 656
720 784
720 848
720 912
721 529
721 593
721 657
721 785
721 849
721 913
721 1169
722 530
722 594
722 658
722 786
722 850
722 914
723 531
723 595
723 659
723 787
723 851
723 915
724 357
724 532
724 596
724 660
724 675
724 683
724 788
724 852
724 916
725 87
725 189
725 303
725 533
725 597
725 661
725 789
725 853
725 917
725 1085
725 1272
726 534
726 598
726 662
726 790
726 854
726 918
727 163
727 535
727 599
727 663
727 791
727 855
727 919
727 1146
728 164
728 345
728 536
728 600
728 664
728 792
728 818
728 856
728 920
729 537
729 601
729 665
729 793
729 857
729 921
729 1138
730 476
730 538
730 602
730 666
730 794
730 858
730 922
731 539
731 603
731 667
731 795
731 859
731 923
732 116
732 503
732 540
732 604
732 668
732 796
732 860
732 924
732 1263
733 541
733 605
733 669
733 778
733 797
733 861
733 925
733 1179
734 74
734 542
734 585
734 606
734 670
734 782
734 798
734 862
734 926
734 1027
734 1054
735 59
735 543
735 553
735 607
735 671
735 799
735 863
735 927
735 1049
735 1173
736 544
736 608
736 672
736 800
736 864
736 883
736 928
736 1211
737 545
737 609
737 673
737 801
737 863
737 865
737 929
737 990
738 546
738 610
738 674
738 802
738 866
738 930
738 1207
739 308
739 360
739 547
739 611
739 675
739 803
739 867
739 931
739 948
739 1198
740 548
740 612
740 676
740 804
740 868
740 932
741 231
741 359
741 549
741 613
741 663
741 677
741 805
741 869
741 922
741 933
742 414
742 550
742 614
742 678
742 806
742 870
742 886
742 934
743 551
743 615
743 674
743 679
743 807
743 871
743 935
743 1265
743 1268
744 552
744 616
744 680
744 808
744 872
744 936
745 553
745 617
745 681
745 809
745 873
745 937
746 99
746 535
746 554
746 618
746 682
746 689
746 810
746 874
746 938
746 1236
747 511
747 555
747 619
747 683
747 700
747 811
747 875
747 939
748 556
748 620
748 684
748 812
748 876
748 940
749 557
749 621
749 644
749 685
749 813
749 877
749 941
750 622
750 632
750 686
750 814
750 878
750 942
750 1023
750 1259
751 298
751 312
751 559
751 623
751 687
751 815
751 879
751 920
751 943
752 90
752 408
752 532
752 555
752 560
752 624
752 688
752 816
752 880
752 944
752 1195
753 235
753 561
753 573
753 625
753 689
753 817
753 881
753 945
754 120
754 487
754 562
754 626
754 690
754 818
754 882
754 946
755 493
755 563
755 627
755 691
755 819
755 883
755 947
755 1019
756 103
756 281
756 351
756 546
756 564
756 628
756 690
756 692
756 820
756 884
756 935
756 948
757 565
757 629
757 693
757 821
757 885
757 949
757 976
758 566
758 630
758 694
758 822
758 886
758 950
758 1250
758 1257
759 379
759 567
759 597
759 631
759 695
759 823
759 887
759 951
760 369
760 568
760 632
760 696
760 824
760 855
760 888
760 952
760 1073
761 62
761 569
761 633
761 697
761 825
761 889
761 953
762 634
762 698
762 826
762 890
763 512
763 571
763 635
763 699
763 827
763 891
763 955
764 431
764 572
764 636
764 700
764 828
764 892
764 956
765 127
765 218
765 238
765 252
765 573
765 637
765 701
765 829
765 893
765 957
765 1273
766 232
766 574
766 638
766 688
766 702
766 830
766 894
766 958
767 383
767 575
767 639
767 703
767 831
767 895
767 959
768 173
768 481
768 576
768 640
768 676
768 704
768 832
768 896
768 960
768 1127
768 1266
769 83
769 577
769 641
769 705
769 833
769 897
769 961
770 65
770 578
770 642
770 706
770 834
770 898
770 962
771 579
771 643
771 707
771 835
771 899
771 963
772 580
772 644
772 708
772 836
772 844
772 900
772 964
772 1106
773 1
773 5
773 15
773 19
773 69
773 79
773 133
773 143
773 197
773 261
773 399
773 463
773 527
773 581
773 584
773 591
773 645
773 655
773 709
773 717
773 719
773 781
773 837
773 845
773 847
773 901
773 909
773 911
773 965
773 973
773 975
773 1037
773 1039
773 1090
773 1093
773 1101
773 1157
773 1165
773 1218
773 1221
773 1229
773 1231
774 5
774 6
774 15
774 70
774 134
774 198
774 262
774 326
774 390
774 454
774 518
774 582
774 646
774 655
774 710
774 717
774 719
774 783
774 838
774 847
774 902
774 911
774 966
774 975
774 1030
774 1039
774 1094
774 1103
774 1158
774 1167
774 1222
774 1231
775 583
775 647
775 711
775 839
775 903
775 928
775 967
776 8
776 72
776 136
776 200
776 264
776 325
776 389
776 456
776 520
776 581
776 584
776 648
776 712
776 840
776 901
776 904
776 968
776 1032
776 1096
776 1160
776 1224
777 224
777 585
777 649
777 713
777 841
777 905
777 969
778 586
778 650
778 714
778 733
778 842
778 906
778 970
778 1179
779 451
779 587
779 651
779 715
779 843
779 907
779 971
780 588
780 652
780 716
780 844
780 908
780 972
780 1062
781 1
781 5
781 15
781 19
781 69
781 79
781 133
781 143
781 197
781 261
781 399
781 463
781 527
781 584
781 589
781 591
781 645
781 653
781 655
781 709
781 717
781 719
781 773
781 845
781 847
781 909
781 911
781 965
781 973
781 975
781 1037
781 1039
781 1090
781 1093
781 1101
781 1157
781 1165
781 1218
781 1221
781 1229
782 74
782 585
782 590
782 654
782 718
782 734
782 846
782 910
782 974
782 1027
782 1054
783 5
783 6
783 15
783 69
783 70
783 133
783 134
783 198
783 262
783 326
783 390
783 454
783 518
783 582
783 591
783 646
783 655
783 710
783 717
783 719
783 774
783 838
783 845
783 847
783 902
783 911
783 966
783 975
783 1030
783 1039
783 1094
783 1101
783 1103
783 1158
783 1165
783 1167
783 1222
783 1229
783 1231
784 277
784 489
784 592
784 656
784 679
784 720
784 807
784 848
784 912
784 976
785 593
785 657
785 713
785 721
785 849
785 913
785 977
786 534
786 594
786 658
786 722
786 850
786 914
786 978
787 595
787 659
787 723
787 851
787 915
787 979
788 311
788 596
788 660
788 724
788 852
788 916
788 980
788 1186
789 425
789 597
789 661
789 725
789 853
789 917
789 981
789 1012
790 598
790 662
790 726
790 854
790 918
790 982
791 121
791 248
791 599
791 663
791 727
791 855
791 919
791 983
792 148
792 600
792 664
792 728
792 856
792 920
792 984
792 1081
792 1264
793 601
793 665
793 729
793 857
793 921
793 985
793 991
793 1104
794 602
794 666
794 730
794 824
794 858
794 922
794 986
795 394
795 460
795 603
795 667
795 731
795 859
795 923
795 987
796 604
796 668
796 732
796 860
796 924
796 988
797 605
797 669
797 733
797 861
797 925
797 989
797 1034
797 1117
798 606
798 670
798 734
798 862
798 926
798 930
798 990
799 223
799 607
799 671
799 735
799 863
799 927
799 991
800 608
800 672
800 736
800 864
800 928
800 992
801 609
801 673
801 737
801 865
801 929
801 993
801 1185
802 610
802 674
802 738
802 866
802 930
802 994
803 611
803 675
803 739
803 857
803 867
803 931
803 933
803 995
803 1251
804 172
804 612
804 676
804 740
804 868
804 932
804 996
805 169
805 613
805 677
805 741
805 869
805 896
805 933
805 997
806 614
806 678
806 742
806 870
806 934
806 998
807 277
807 489
807 615
807 679
807 743
807 784
807 871
807 935
807 999
808 280
808 491
808 616
808 680
808 744
808 810
808 872
808 936
808 1000
809 16
809 417
809 617
809 681
809 745
809 873
809 937
809 1001
809 1109
809 1124
810 280
810 491
810 618
810 682
810 746
810 808
810 874
810 938
810 1002
811 560
811 619
811 683
811 747
811 875
811 939
811 1003
811 1008
812 620
812 684
812 748
812 876
812 940
812 1004
813 621
813 685
813 749
813 877
813 941
813 1005
814 49
814 112
814 188
814 570
814 622
814 686
814 750
814 878
814 895
814 942
814 1006
814 1194
815 623
815 687
815 751
815 879
815 943
815 1007
815 1040
816 52
816 276
816 500
816 624
816 688
816 752
816 878
816 880
816 944
816 1008
817 381
817 625
817 689
817 753
817 881
817 945
817 983
817 1009
818 164
818 345
818 626
818 690
818 728
818 754
818 882
818 946
818 1010
819 627
819 691
819 755
819 883
819 947
819 1011
820 190
820 628
820 692
820 756
820 884
820 948
820 1012
821 629
821 693
821 757
821 885
821 949
821 1013
822 630
822 694
822 758
822 886
822 950
822 1014
822 1132
823 353
823 537
823 617
823 631
823 695
823 759
823 887
823 951
823 1013
823 1015
823 1137
824 632
824 696
824 760
824 794
824 888
824 952
824 1016
825 362
825 558
825 633
825 697
825 761
825 889
825 953
825 1017
825 1210
826 63
826 174
826 634
826 698
826 762
826 874
826 890
826 892
826 954
826 1018
827 635
827 699
827 763
827 891
827 955
827 1019
827 1164
827 1260
828 151
828 636
828 700
828 764
828 892
828 956
828 1020
828 1279
829 637
829 701
829 765
829 893
829 957
829 1021
829 1050
830 234
830 468
830 638
830 697
830 702
830 766
830 894
830 944
830 958
830 1022
831 703
831 767
831 895
831 959
832 640
832 704
832 768
832 896
832 960
832 1024
832 1271
833 641
833 705
833 769
833 897
833 961
833 1025
834 642
834 706
834 770
834 898
834 962
834 1026
835 643
835 707
835 771
835 899
835 963
835 1027
836 428
836 644
836 691
836 708
836 772
836 900
836 964
836 1028
837 1
837 13
837 19
837 79
837 197
837 261
837 271
837 399
837 453
837 463
837 517
837 527
837 584
837 589
837 645
837 653
837 709
837 773
837 898
837 901
837 904
837 909
837 962
837 965
837 973
837 1026
837 1029
837 1037
837 1090
837 1093
837 1157
837 1218
837 1221
838 5
838 6
838 15
838 70
838 134
838 198
838 262
838 326
838 390
838 454
838 518
838 582
838 646
838 655
838 710
838 717
838 719
838 774
838 783
838 847
838 902
838 911
838 966
838 975
838 1030
838 1039
838 1094
838 1101
838 1103
838 1158
838 1165
838 1167
838 1222
838 1229
838 1231
839 647
839 711
839 775
839 903
839 967
839 1031
840 8
840 72
840 136
840 200
840 264
840 325
840 389
840 456
840 520
840 581
840 648
840 712
840 776
840 901
840 904
840 968
840 1032
840 1096
840 1160
840 1224
841 523
841 649
841 707
841 713
841 777
841 905
841 969
841 1033
842 514
842 650
842 714
842 778
842 906
842 970
842 1034
842 1226
843 651
843 715
843 779
843 907
843 971
843 1035
844 652
844 716
844 772
844 780
844 908
844 972
844 1036
844 1106
845 5
845 15
845 19
845 69
845 79
845 133
845 143
845 197
845 261
845 399
845 463
845 527
845 584
845 591
845 645
845 653
845 655
845 717
845 719
845 773
845 781
845 783
845 847
845 909
845 911
845 965
845 973
845 975
845 1037
845 1039
845 1090
845 1093
845 1101
845 1103
845 1157
845 1165
845 1167
845 1218
845 1229
845 1231
846 654
846 718
846 782
846 910
846 974
846 1038
847 5
847 15
847 69
847 70
847 133
847 143
847 198
847 261
847 262
847 326
847 390
847 454
847 518
847 527
847 582
847 591
847 646
847 655
847 710
847 717
847 719
847 773
847 774
847 781
847 783
847 838
847 845
847 902
847 909
847 911
847 966
847 975
847 1030
847 1039
847 1090
847 1093
847 1094
847 1101
847 1103
847 1157
847 1158
847 1165
847 1167
847 1218
847 1222
847 1229
847 1231
848 656
848 720
848 784
848 912
848 921
848 976
848 1040
848 1189
849 334
849 657
849 721
849 785
849 913
849 977
849 1041
849 1155
850 109
850 315
850 565
850 640
850 658
850 722
850 786
850 884
850 914
850 978
850 1042
850 1113
851 137
851 659
851 723
851 787
851 915
851 979
851 1043
852 242
852 660
852 724
852 788
852 916
852 980
852 1044
852 1191
852 1242
853 192
853 604
853 661
853 725
853 789
853 917
853 981
853 1045
853 1076
854 38
854 662
854 726
854 790
854 918
854 982
854 1046
855 369
855 663
855 727
855 760
855 791
855 919
855 983
855 1047
855 1073
856 424
856 528
856 664
856 728
856 792
856 919
856 920
856 984
856 1048
857 665
857 729
857 793
857 803
857 921
857 933
857 985
857 1049
857 1251
858 35
858 567
858 666
858 730
858 794
858 922
858 986
858 1050
858 1239
859 667
859 731
859 795
859 923
859 987
859 1051
860 236
860 630
860 668
860 732
860 796
860 924
860 988
860 1052
861 608
861 669
861 733
861 797
861 925
861 989
861 998
861 1053
862 670
862 734
862 798
862 926
862 990
862 1054
863 671
863 735
863 737
863 799
863 927
863 990
863 991
863 1055
864 93
864 294
864 450
864 672
864 736
864 800
864 928
864 992
864 1056
865 635
865 673
865 737
865 801
865 929
865 993
865 1057
866 132
866 284
866 338
866 406
866 668
866 674
866 738
866 802
866 930
866 994
866 1058
867 505
867 675
867 739
867 803
867 931
867 956
867 995
867 1059
868 676
868 740
868 804
868 932
868 996
868 1060
868 1220
869 293
869 677
869 741
869 805
869 917
869 933
869 997
869 1061
870 91
870 678
870 742
870 806
870 934
870 998
870 1062
871 156
871 196
871 507
871 679
871 681
871 743
871 807
871 935
871 999
871 1063
872 31
872 680
872 701
872 744
872 808
872 936
872 1000
872 1064
872 1131
872 1148
873 361
873 681
873 745
873 809
873 937
873 1001
873 1065
873 1134
873 1176
874 63
874 174
874 682
874 746
874 810
874 826
874 892
874 938
874 1002
874 1066
875 420
875 683
875 747
875 811
875 939
875 1003
875 1067
876 278
876 684
876 748
876 812
876 940
876 1004
876 1068
877 658
877 685
877 749
877 813
877 941
877 1005
877 1069
878 52
878 276
878 500
878 686
878 750
878 814
878 816
878 942
878 1006
878 1070
879 687
879 751
879 815
879 943
879 1007
879 1071
880 124
880 212
880 367
880 688
880 752
880 816
880 944
880 1008
880 1018
880 1072
880 1086
880 1149
881 346
881 472
881 689
881 753
881 817
881 945
881 1009
881 1073
882 690
882 754
882 818
882 946
882 1010
882 1074
883 691
883 736
883 755
883 819
883 947
883 1011
883 1075
883 1211
884 109
884 315
884 565
884 640
884 692
884 756
884 820
884 850
884 948
884 1012
884 1076
884 1113
885 693
885 757
885 821
885 949
885 1013
885 1065
885 1077
886 414
886 694
886 742
886 758
886 822
886 950
886 1014
886 1078
887 182
887 485
887 501
887 695
887 759
887 823
887 951
887 999
887 1015
887 1079
887 1178
888 410
888 696
888 760
888 824
888 939
888 952
888 1016
888 1080
888 1209
889 368
889 490
889 697
889 761
889 825
889 953
889 1017
889 1072
889 1081
889 1274
890 170
890 471
890 698
890 762
890 826
890 954
890 1018
890 1082
891 699
891 763
891 827
891 955
891 1019
891 1083
892 63
892 174
892 700
892 764
892 826
892 828
892 874
892 956
892 1020
892 1084
893 701
893 765
893 829
893 957
893 1021
893 1050
893 1085
894 380
894 638
894 702
894 766
894 830
894 958
894 1022
894 1086
895 49
895 112
895 188
895 570
895 703
895 767
895 814
895 831
895 959
895 1023
895 1194
896 169
896 704
896 768
896 805
896 832
896 960
896 1024
896 1088
897 397
897 705
897 769
897 833
897 961
897 1025
897 1089
898 13
898 271
898 328
898 392
898 453
898 517
898 589
898 653
898 706
898 770
898 834
898 837
898 904
898 962
898 1026
898 1029
898 1090
899 145
899 707
899 771
899 835
899 963
899 1027
899 1091
900 708
900 772
900 836
900 964
900 1028
900 1092
900 1216
901 8
901 72
901 136
901 200
901 264
901 325
901 389
901 456
901 520
901 581
901 648
901 709
901 712
901 773
901 776
901 837
901 840
901 965
901 968
901 1029
901 1032
901 1093
901 1096
901 1160
901 1224
902 6
902 70
902 134
902 198
902 262
902 326
902 390
902 454
902 518
902 582
902 646
902 655
902 710
902 717
902 719
902 774
902 783
902 838
902 847
902 911
902 966
902 975
902 1030
902 1039
902 1094
902 1103
902 1158
902 1167
902 1222
902 1231
903 411
903 544
903 711
903 775
903 839
903 967
903 1031
903 1095
904 13
904 271
904 328
904 392
904 453
904 517
904 589
904 653
904 712
904 776
904 837
904 840
904 898
904 962
904 968
904 1026
904 1029
904 1032
904 1096
905 713
905 777
905 841
905 969
905 1033
905 1097
906 587
906 714
906 778
906 842
906 913
906 970
906 1034
906 1098
907 195
907 715
907 779
907 843
907 971
907 1035
907 1099
908 716
908 780
908 844
908 972
908 1036
908 1100
909 19
909 69
909 79
909 133
909 143
909 197
909 261
909 271
909 399
909 453
909 463
909 527
909 584
909 591
909 645
909 653
909 655
909 709
909 717
909 773
909 781
909 837
909 845
909 847
909 911
909 962
909 965
909 973
909 975
909 1037
909 1090
909 1093
909 1101
909 1157
909 1165
909 1218
909 1221
909 1229
910 135
910 718
910 782
910 846
910 974
910 1038
910 1102
911 5
911 15
911 69
911 70
911 133
911 143
911 198
911 261
911 262
911 326
911 390
911 454
911 463
911 518
911 527
911 582
911 591
911 646
911 655
911 710
911 717
911 719
911 773
911 774
911 781
911 783
911 838
911 845
911 847
911 902
911 909
911 965
911 966
911 975
911 1030
911 1039
911 1090
911 1093
911 1094
911 1101
911 1103
911 1157
911 1158
911 1165
911 1167
911 1218
911 1222
911 1229
911 1231
912 25
912 98
912 111
912 628
912 720
912 784
912 848
912 976
912 1040
912 1104
913 587
913 721
913 785
913 849
913 906
913 977
913 1041
913 1105
914 722
914 786
914 850
914 960
914 978
914 1042
914 1106
915 723
915 787
915 851
915 979
915 1043
915 1107
916 80
916 600
916 724
916 788
916 852
916 980
916 1007
916 1044
916 1108
917 293
917 725
917 789
917 853
917 869
917 981
917 1045
917 1109
918 452
918 576
918 726
918 790
918 854
918 982
918 1046
918 1110
919 424
919 528
919 727
919 791
919 855
919 856
919 983
919 1047
919 1111
920 298
920 312
920 728
920 751
920 792
920 856
920 984
920 1048
920 1112
921 729
921 793
921 848
921 857
921 985
921 1049
921 1113
921 1189
922 231
922 359
922 663
922 730
922 741
922 794
922 858
922 986
922 1050
922 1114
923 731
923 795
923 859
923 987
923 1051
923 1115
924 732
924 796
924 860
924 988
924 1052
924 1116
925 158
925 327
925 733
925 797
925 861
925 989
925 1053
925 1117
926 734
926 798
926 862
926 990
926 1054
926 1118
927 254
927 355
927 538
927 615
927 735
927 799
927 863
927 991
927 1055
927 1119
927 1150
928 736
928 775
928 800
928 864
928 992
928 1056
928 1120
929 64
929 737
929 801
929 865
929 993
929 1024
929 1057
929 1121
930 738
930 798
930 802
930 866
930 994
930 1058
930 1122
931 89
931 175
931 176
931 739
931 803
931 867
931 945
931 995
931 1059
931 1123
932 740
932 804
932 868
932 996
932 1060
932 1124
933 741
933 803
933 805
933 857
933 869
933 997
933 1061
933 1125
933 1251
934 742
934 806
934 870
934 998
934 1062
934 1126
935 103
935 281
935 351
935 546
935 690
935 743
935 756
935 807
935 871
935 999
935 1063
935 1127
936 744
936 808
936 872
936 1000
936 1064
936 1128
936 1144
937 20
937 405
937 533
937 745
937 809
937 873
937 1001
937 1065
937 1129
938 171
938 746
938 810
938 874
938 958
938 1002
938 1066
938 1130
939 410
939 747
939 811
939 875
939 888
939 1003
939 1067
939 1131
939 1209
940 748
940 812
940 876
940 941
940 1004
940 1068
940 1132
941 749
941 813
941 877
941 940
941 1005
941 1069
941 1133
942 336
942 341
942 549
942 592
942 750
942 814
942 878
942 1006
942 1070
942 1134
943 751
943 815
943 879
943 1007
943 1071
943 1135
943 1212
944 234
944 468
944 697
944 752
944 816
944 830
944 880
944 1008
944 1072
944 1136
945 89
945 175
945 176
945 753
945 817
945 881
945 931
945 1009
945 1073
945 1137
946 26
946 226
946 754
946 818
946 882
946 1010
946 1074
946 1138
947 755
947 819
947 883
947 1011
947 1075
947 1139
948 308
948 360
948 739
948 756
948 820
948 884
948 1012
948 1076
948 1140
948 1198
949 757
949 821
949 885
949 1013
949 1077
949 1123
949 1141
949 1152
950 758
950 822
950 886
950 1014
950 1069
950 1078
950 1142
951 302
951 464
951 759
951 823
951 887
951 1015
951 1079
951 1143
951 1175
952 240
952 760
952 824
952 888
952 957
952 1016
952 1080
952 1144
953 761
953 825
953 889
953 1017
953 1081
953 1145
954 446
954 569
954 826
954 890
954 1018
954 1082
954 1146
955 486
955 763
955 827
955 891
955 1019
955 1083
955 1147
956 505
956 764
956 828
956 867
956 892
956 1020
956 1084
956 1148
957 240
957 765
957 829
957 893
957 952
957 1021
957 1085
957 1149
958 171
958 766
958 830
958 894
958 938
958 1022
958 1086
958 1150
959 57
959 296
959 554
959 574
959 696
959 702
959 767
959 831
959 895
959 1023
959 1087
959 1151
960 768
960 832
960 896
960 914
960 1024
960 1088
960 1152
961 513
961 769
961 833
961 897
961 1025
961 1089
961 1153
962 197
962 261
962 271
962 328
962 399
962 453
962 463
962 517
962 584
962 589
962 645
962 653
962 709
962 770
962 834
962 837
962 898
962 904
962 909
962 965
962 973
962 1026
962 1029
962 1037
962 1090
962 1154
962 1157
962 1218
962 1221
963 29
963 273
963 771
963 835
963 899
963 1027
963 1091
963 1120
963 1155
964 772
964 836
964 900
964 1028
964 1092
964 1116
964 1156
965 1
965 19
965 79
965 133
965 143
965 197
965 261
965 271
965 399
965 453
965 463
965 517
965 527
965 584
965 589
965 591
965 645
965 653
965 709
965 717
965 773
965 781
965 837
965 845
965 901
965 909
965 911
965 962
965 973
965 1029
965 1037
965 1090
965 1093
965 1101
965 1157
965 1165
965 1218
965 1221
965 1229
966 70
966 134
966 198
966 262
966 326
966 390
966 454
966 518
966 582
966 646
966 655
966 710
966 717
966 719
966 774
966 783
966 838
966 847
966 902
966 911
966 975
966 1030
966 1039
966 1094
966 1103
966 1158
966 1165
966 1167
966 1222
966 1231
967 66
967 775
967 839
967 903
967 1031
967 1095
967 1159
968 8
968 72
968 136
968 200
968 264
968 325
968 389
968 456
968 520
968 581
968 648
968 712
968 776
968 840
968 901
968 904
968 1032
968 1096
968 1160
968 1224
969 777
969 841
969 905
969 1033
969 1097
969 1161
970 778
970 842
970 906
970 1034
970 1098
970 1162
971 529
971 779
971 843
971 907
971 1035
971 1099
971 1163
972 780
972 844
972 908
972 1036
972 1100
972 1164
973 1
973 19
973 79
973 133
973 143
973 197
973 261
973 271
973 399
973 453
973 463
973 517
973 527
973 584
973 589
973 591
973 645
973 653
973 709
973 773
973 781
973 837
973 845
973 909
973 962
973 965
973 1037
973 1090
973 1093
973 1101
973 1157
973 1165
973 1218
973 1221
974 391
974 782
974 846
974 910
974 1038
974 1102
974 1166
975 5
975 15
975 133
975 143
975 198
975 261
975 262
975 326
975 390
975 454
975 463
975 518
975 527
975 582
975 591
975 646
975 655
975 710
975 717
975 719
975 773
975 774
975 781
975 783
975 838
975 845
975 847
975 902
975 909
975 911
975 966
975 1030
975 1039
975 1090
975 1093
975 1094
975 1101
975 1103
975 1157
975 1158
975 1165
975 1167
975 1218
975 1222
975 1229
975 1231
976 757
976 784
976 848
976 912
976 1040
976 1104
976 1168
977 785
977 849
977 913
977 1041
977 1105
977 1169
978 786
978 850
978 914
978 1042
978 1106
978 1170
979 787
979 851
979 915
979 1043
979 1107
979 1171
979 1219
979 1243
980 788
980 852
980 916
980 1044
980 1108
980 1172
981 28
981 789
981 853
981 917
981 1010
981 1045
981 1064
981 1109
981 1141
981 1173
982 790
982 854
982 918
982 1046
982 1110
982 1174
983 381
983 791
983 817
983 855
983 919
983 1047
983 1111
983 1175
984 409
984 607
984 792
984 856
984 920
984 1048
984 1084
984 1112
984 1176
984 1201
984 1240
985 289
985 793
985 857
985 921
985 988
985 1049
985 1113
985 1177
986 794
986 858
986 922
986 1050
986 1114
986 1178
987 519
987 795
987 859
987 923
987 1051
987 1115
987 1179
988 289
988 796
988 860
988 924
988 985
988 1052
988 1116
988 1180
989 797
989 861
989 925
989 1053
989 1117
989 1181
990 737
990 798
990 862
990 863
990 926
990 1054
990 1118
990 1182
991 793
991 799
991 863
991 927
991 1055
991 1104
991 1119
991 1183
992 593
992 800
992 864
992 928
992 1056
992 1120
992 1184
993 4
993 801
993 865
993 929
993 1057
993 1121
993 1185
994 108
994 802
994 866
994 930
994 1058
994 1122
994 1186
995 437
995 803
995 867
995 931
995 1059
995 1123
995 1187
996 128
996 804
996 868
996 932
996 1060
996 1124
996 1188
997 805
997 869
997 933
997 1044
997 1061
997 1125
997 1189
998 608
998 806
998 861
998 870
998 934
998 1062
998 1126
998 1190
999 182
999 485
999 501
999 807
999 871
999 887
999 935
999 1063
999 1127
999 1178
999 1191
1000 23
1000 215
1000 601
1000 808
1000 872
1000 936
1000 1064
1000 1128
1000 1192
1001 153
1001 613
1001 809
1001 873
1001 937
1001 1065
1001 1129
1001 1193
1002 304
1002 344
1002 810
1002 874
1002 938
1002 1066
1002 1130
1002 1194
1003 126
1003 183
1003 340
1003 376
1003 811
1003 875
1003 939
1003 1067
1003 1131
1003 1195
1004 812
1004 876
1004 940
1004 1068
1004 1132
1004 1196
1005 274
1005 813
1005 877
1005 941
1005 1069
1005 1133
1005 1197
1006 814
1006 878
1006 942
1006 1070
1006 1134
1006 1180
1006 1198
1006 1204
1007 80
1007 600
1007 815
1007 879
1007 916
1007 943
1007 1071
1007 1135
1007 1199
1008 560
1008 811
1008 816
1008 880
1008 944
1008 1072
1008 1136
1008 1200
1009 152
1009 404
1009 664
1009 817
1009 881
1009 945
1009 1073
1009 1137
1009 1201
1010 28
1010 818
1010 882
1010 946
1010 981
1010 1064
1010 1074
1010 1138
1010 1141
1010 1202
1011 586
1011 819
1011 883
1011 947
1011 1075
1011 1139
1011 1203
1012 425
1012 789
1012 820
1012 884
1012 948
1012 1076
1012 1140
1012 1204
1013 353
1013 537
1013 617
1013 821
1013 823
1013 885
1013 949
1013 1077
1013 1137
1013 1141
1013 1205
1014 822
1014 886
1014 950
1014 1078
1014 1142
1014 1177
1014 1206
1015 823
1015 887
1015 951
1015 1079
1015 1143
1015 1207
1016 495
1016 824
1016 888
1016 952
1016 1080
1016 1144
1016 1208
1017 253
1017 825
1017 889
1017 953
1017 1081
1017 1145
1017 1209
1018 124
1018 212
1018 367
1018 826
1018 880
1018 890
1018 954
1018 1082
1018 1086
1018 1146
1018 1149
1018 1210
1019 493
1019 755
1019 827
1019 891
1019 955
1019 1083
1019 1147
1019 1211
1020 666
1020 828
1020 892
1020 956
1020 1084
1020 1148
1020 1212
1021 536
1021 680
1021 829
1021 893
1021 957
1021 1085
1021 1149
1021 1213
1022 830
1022 894
1022 958
1022 1086
1022 1150
1022 1214
1023 632
1023 750
1023 895
1023 959
1023 1087
1023 1151
1023 1259
1024 64
1024 832
1024 896
1024 929
1024 960
1024 1088
1024 1152
1024 1216
1025 833
1025 897
1025 961
1025 1089
1025 1153
1025 1217
1026 13
1026 197
1026 271
1026 328
1026 392
1026 453
1026 517
1026 589
1026 653
1026 709
1026 834
1026 837
1026 898
1026 904
1026 962
1026 1029
1026 1090
1026 1154
1026 1218
1026 1221
1027 74
1027 585
1027 734
1027 782
1027 835
1027 899
1027 963
1027 1054
1027 1091
1027 1155
1027 1219
1028 516
1028 836
1028 900
1028 964
1028 1060
1028 1092
1028 1156
1028 1220
1029 13
1029 328
1029 392
1029 453
1029 517
1029 589
1029 837
1029 898
1029 901
1029 904
1029 962
1029 965
1029 1026
1029 1093
1029 1157
1029 1221
1030 6
1030 70
1030 134
1030 198
1030 262
1030 326
1030 390
1030 454
1030 518
1030 582
1030 646
1030 655
1030 710
1030 717
1030 719
1030 774
1030 783
1030 838
1030 847
1030 902
1030 911
1030 966
1030 975
1030 1039
1030 1094
1030 1103
1030 1158
1030 1167
1030 1222
1030 1231
1031 18
1031 839
1031 903
1031 967
1031 1095
1031 1159
1031 1223
1032 8
1032 72
1032 136
1032 200
1032 264
1032 325
1032 389
1032 456
1032 520
1032 581
1032 648
1032 712
1032 776
1032 840
1032 901
1032 904
1032 968
1032 1096
1032 1160
1032 1224
1033 841
1033 905
1033 969
1033 1097
1033 1161
1033 1225
1034 797
1034 842
1034 906
1034 970
1034 1098
1034 1117
1034 1162
1034 1226
1035 266
1035 843
1035 907
1035 971
1035 1099
1035 1163
1035 1227
1036 844
1036 908
1036 972
1036 1100
1036 1164
1036 1228
1037 1
1037 19
1037 79
1037 197
1037 261
1037 271
1037 399
1037 453
1037 463
1037 517
1037 527
1037 584
1037 589
1037 591
1037 645
1037 653
1037 709
1037 773
1037 781
1037 837
1037 845
1037 909
1037 962
1037 965
1037 973
1037 1090
1037 1093
1037 1101
1037 1157
1037 1165
1037 1218
1037 1221
1037 1229
1038 166
1038 477
1038 846
1038 910
1038 974
1038 1102
1038 1166
1038 1230
1039 5
1039 15
1039 198
1039 262
1039 326
1039 390
1039 454
1039 518
1039 527
1039 582
1039 591
1039 646
1039 655
1039 710
1039 717
1039 719
1039 773
1039 774
1039 781
1039 783
1039 838
1039 845
1039 847
1039 902
1039 911
1039 966
1039 975
1039 1030
1039 1090
1039 1093
1039 1094
1039 1101
1039 1103
1039 1157
1039 1158
1039 1165
1039 1167
1039 1222
1039 1229
1039 1231
1040 815
1040 848
1040 912
1040 976
1040 1104
1040 1168
1040 1232
1041 849
1041 913
1041 977
1041 1105
1041 1169
1041 1233
1042 850
1042 914
1042 978
1042 1106
1042 1170
1042 1234
1043 851
1043 915
1043 979
1043 1107
1043 1171
1043 1235
1044 852
1044 916
1044 980
1044 997
1044 1108
1044 1172
1044 1236
1045 123
1045 853
1045 917
1045 981
1045 1109
1045 1173
1045 1237
1046 854
1046 918
1046 982
1046 1110
1046 1174
1046 1238
1047 596
1047 855
1047 919
1047 983
1047 1111
1047 1175
1047 1215
1047 1239
1048 61
1048 117
1048 426
1048 856
1048 920
1048 984
1048 1108
1048 1112
1048 1176
1048 1240
1049 59
1049 553
1049 735
1049 857
1049 921
1049 985
1049 1113
1049 1173
1049 1177
1049 1241
1050 829
1050 858
1050 893
1050 922
1050 986
1050 1114
1050 1178
1050 1242
1051 337
1051 859
1051 923
1051 987
1051 1115
1051 1179
1051 1243
1051 1249
1052 342
1052 566
1052 860
1052 924
1052 988
1052 1116
1052 1180
1052 1244
1053 861
1053 925
1053 989
1053 1117
1053 1181
1053 1245
1054 74
1054 585
1054 734
1054 782
1054 862
1054 926
1054 990
1054 1027
1054 1118
1054 1182
1054 1246
1055 244
1055 571
1055 671
1055 863
1055 927
1055 991
1055 1119
1055 1183
1055 1247
1056 864
1056 928
1056 992
1056 1120
1056 1184
1056 1248
1057 865
1057 929
1057 993
1057 1121
1057 1185
1057 1249
1058 673
1058 866
1058 930
1058 994
1058 1122
1058 1186
1058 1250
1059 506
1059 602
1059 682
1059 867
1059 931
1059 995
1059 1123
1059 1187
1059 1251
1060 516
1060 868
1060 932
1060 996
1060 1028
1060 1124
1060 1188
1060 1252
1061 97
1061 656
1061 869
1061 933
1061 997
1061 1125
1061 1189
1061 1253
1062 780
1062 870
1062 934
1062 998
1062 1126
1062 1190
1062 1254
1063 871
1063 935
1063 999
1063 1127
1063 1191
1063 1255
1064 28
1064 872
1064 936
1064 981
1064 1000
1064 1010
1064 1128
1064 1141
1064 1192
1064 1256
1065 873
1065 885
1065 937
1065 1001
1065 1129
1065 1193
1065 1257
1066 279
1066 874
1066 938
1066 1002
1066 1130
1066 1194
1066 1258
1067 60
1067 119
1067 633
1067 686
1067 875
1067 939
1067 1003
1067 1131
1067 1195
1067 1259
1068 286
1068 876
1068 940
1068 1004
1068 1132
1068 1196
1068 1260
1069 877
1069 941
1069 950
1069 1005
1069 1133
1069 1197
1069 1261
1070 878
1070 942
1070 1006
1070 1134
1070 1180
1070 1198
1070 1204
1070 1262
1071 879
1071 943
1071 1007
1071 1135
1071 1199
1071 1263
1072 368
1072 490
1072 880
1072 889
1072 944
1072 1008
1072 1136
1072 1200
1072 1264
1072 1274
1073 369
1073 760
1073 855
1073 881
1073 945
1073 1009
1073 1137
1073 1201
1073 1265
1074 882
1074 946
1074 1010
1074 1138
1074 1202
1074 1266
1075 883
1075 947
1075 1011
1075 1098
1075 1139
1075 1203
1075 1267
1076 192
1076 604
1076 853
1076 884
1076 948
1076 1012
1076 1140
1076 1204
1076 1268
1077 885
1077 949
1077 1013
1077 1141
1077 1205
1077 1253
1077 1269
1078 886
1078 950
1078 1014
1078 1142
1078 1206
1078 1270
1079 443
1079 887
1079 951
1079 1015
1079 1143
1079 1207
1079 1271
1080 185
1080 442
1080 888
1080 952
1080 1016
1080 1144
1080 1208
1080 1272
1081 148
1081 792
1081 889
1081 953
1081 1017
1081 1145
1081 1209
1081 1264
1081 1273
1082 890
1082 954
1082 1018
1082 1146
1082 1210
1083 891
1083 955
1083 1019
1083 1147
1083 1211
1083 1244
1083 1275
1084 409
1084 607
1084 892
1084 956
1084 984
1084 1020
1084 1148
1084 1201
1084 1212
1084 1240
1084 1276
1085 87
1085 189
1085 303
1085 725
1085 893
1085 957
1085 1021
1085 1149
1085 1213
1085 1272
1085 1277
1086 124
1086 212
1086 367
1086 880
1086 894
1086 958
1086 1018
1086 1022
1086 1149
1086 1150
1086 1214
1086 1278
1087 186
1087 445
1087 959
1087 1023
1087 1151
1087 1215
1088 669
1088 896
1088 960
1088 1024
1088 1152
1088 1174
1088 1216
1089 897
1089 961
1089 1025
1089 1153
1089 1217
1090 69
1090 133
1090 143
1090 261
1090 271
1090 399
1090 463
1090 527
1090 584
1090 591
1090 645
1090 653
1090 655
1090 709
1090 717
1090 719
1090 773
1090 781
1090 837
1090 845
1090 847
1090 898
1090 909
1090 911
1090 962
1090 965
1090 973
1090 975
1090 1026
1090 1037
1090 1039
1090 1093
1090 1101
1090 1154
1090 1157
1090 1165
1090 1218
1090 1221
1090 1229
1091 899
1091 963
1091 1027
1091 1155
1091 1219
1092 466
1092 900
1092 964
1092 1028
1092 1156
1092 1220
1093 69
1093 133
1093 143
1093 261
1093 271
1093 399
1093 463
1093 527
1093 584
1093 591
1093 645
1093 653
1093 655
1093 709
1093 717
1093 719
1093 773
1093 781
1093 837
1093 845
1093 847
1093 901
1093 909
1093 911
1093 965
1093 973
1093 975
1093 1029
1093 1037
1093 1039
1093 1090
1093 1101
1093 1157
1093 1165
1093 1218
1093 1221
1093 1229
1094 6
1094 70
1094 134
1094 198
1094 262
1094 326
1094 390
1094 454
1094 518
1094 582
1094 646
1094 655
1094 710
1094 719
1094 774
1094 783
1094 838
1094 847
1094 902
1094 911
1094 966
1094 975
1094 1030
1094 1039
1094 1103
1094 1158
1094 1167
1094 1222
1094 1231
1095 333
1095 903
1095 967
1095 1031
1095 1159
1095 1223
1096 8
1096 72
1096 136
1096 200
1096 264
1096 325
1096 389
1096 456
1096 520
1096 581
1096 648
1096 712
1096 776
1096 840
1096 901
1096 904
1096 968
1096 1032
1096 1160
1096 1224
1097 905
1097 969
1097 1033
1097 1161
1097 1225
1098 906
1098 970
1098 1034
1098 1075
1098 1162
1098 1226
1099 130
1099 907
1099 971
1099 1035
1099 1163
1099 1227
1100 12
1100 908
1100 972
1100 1036
1100 1164
1100 1228
1101 5
1101 15
1101 69
1101 133
1101 261
1101 326
1101 399
1101 463
1101 527
1101 591
1101 646
1101 655
1101 717
1101 719
1101 773
1101 781
1101 783
1101 838
1101 845
1101 847
1101 909
1101 911
1101 965
1101 973
1101 975
1101 1037
1101 1039
1101 1090
1101 1093
1101 1103
1101 1157
1101 1165
1101 1167
1101 1218
1101 1229
1101 1231
1102 910
1102 974
1102 1038
1102 1166
1102 1230
1103 198
1103 262
1103 326
1103 390
1103 454
1103 518
1103 582
1103 591
1103 646
1103 655
1103 710
1103 717
1103 719
1103 774
1103 783
1103 838
1103 845
1103 847
1103 902
1103 911
1103 966
1103 975
1103 1030
1103 1039
1103 1094
1103 1101
1103 1158
1103 1165
1103 1167
1103 1222
1103 1229
1103 1231
1104 793
1104 912
1104 976
1104 991
1104 1040
1104 1168
1104 1232
1105 913
1105 977
1105 1041
1105 1169
1105 1233
1106 772
1106 844
1106 914
1106 978
1106 1042
1106 1170
1106 1234
1107 915
1107 979
1107 1043
1107 1171
1107 1235
1108 61
1108 117
1108 426
1108 916
1108 980
1108 1044
1108 1048
1108 1172
1108 1236
1109 16
1109 417
1109 809
1109 917
1109 981
1109 1045
1109 1124
1109 1173
1109 1237
1110 918
1110 982
1110 1046
1110 1174
1110 1238
1111 106
1111 282
1111 919
1111 983
1111 1047
1111 1175
1111 1239
1111 1258
1112 920
1112 984
1112 1048
1112 1176
1112 1232
1112 1240
1113 109
1113 315
1113 565
1113 640
1113 850
1113 884
1113 921
1113 985
1113 1049
1113 1177
1113 1241
1114 922
1114 986
1114 1050
1114 1142
1114 1178
1114 1242
1115 649
1115 923
1115 987
1115 1051
1115 1179
1115 1243
1116 924
1116 964
1116 988
1116 1052
1116 1180
1116 1244
1117 797
1117 925
1117 989
1117 1034
1117 1053
1117 1181
1117 1245
1118 926
1118 990
1118 1054
1118 1182
1118 1246
1119 927
1119 991
1119 1055
1119 1183
1119 1247
1120 29
1120 273
1120 928
1120 963
1120 992
1120 1056
1120 1184
1120 1248
1121 929
1121 993
1121 1057
1121 1185
1121 1249
1122 292
1122 930
1122 994
1122 1058
1122 1186
1122 1250
1123 931
1123 949
1123 995
1123 1059
1123 1152
1123 1187
1123 1251
1124 16
1124 417
1124 809
1124 932
1124 996
1124 1060
1124 1109
1124 1188
1124 1252
1125 434
1125 545
1125 933
1125 997
1125 1061
1125 1188
1125 1189
1125 1253
1126 934
1126 998
1126 1062
1126 1190
1126 1254
1127 173
1127 481
1127 676
1127 768
1127 935
1127 999
1127 1063
1127 1191
1127 1255
1127 1266
1128 936
1128 1000
1128 1064
1128 1192
1128 1256
1129 68
1129 937
1129 1001
1129 1065
1129 1193
1129 1257
1130 295
1130 479
1130 938
1130 1002
1130 1066
1130 1194
1130 1258
1131 31
1131 701
1131 872
1131 939
1131 1003
1131 1067
1131 1148
1131 1195
1131 1259
1132 822
1132 940
1132 1004
1132 1068
1132 1196
1132 1260
1133 118
1133 941
1133 1005
1133 1069
1133 1197
1133 1261
1134 361
1134 873
1134 942
1134 1006
1134 1070
1134 1176
1134 1198
1134 1262
1135 441
1135 625
1135 943
1135 1007
1135 1071
1135 1199
1135 1263
1136 418
1136 623
1136 944
1136 1008
1136 1072
1136 1200
1136 1213
1136 1256
1136 1264
1137 353
1137 537
1137 617
1137 823
1137 945
1137 1009
1137 1013
1137 1073
1137 1201
1137 1265
1138 729
1138 946
1138 1010
1138 1074
1138 1202
1138 1266
1139 947
1139 1011
1139 1075
1139 1203
1139 1267
1140 948
1140 1012
1140 1076
1140 1204
1140 1268
1141 28
1141 949
1141 981
1141 1010
1141 1013
1141 1064
1141 1077
1141 1205
1141 1269
1142 950
1142 1014
1142 1078
1142 1114
1142 1206
1142 1270
1143 208
1143 217
1143 951
1143 1015
1143 1079
1143 1207
1143 1271
1144 936
1144 952
1144 1016
1144 1080
1144 1208
1144 1272
1145 953
1145 1017
1145 1081
1145 1209
1145 1273
1146 163
1146 727
1146 954
1146 1018
1146 1082
1146 1210
1146 1274
1147 526
1147 955
1147 1019
1147 1083
1147 1211
1147 1275
1148 31
1148 701
1148 872
1148 956
1148 1020
1148 1084
1148 1131
1148 1212
1148 1276
1149 124
1149 212
1149 367
1149 880
1149 957
1149 1018
1149 1021
1149 1085
1149 1086
1149 1213
1149 1277
1150 254
1150 355
1150 538
1150 615
1150 927
1150 958
1150 1022
1150 1086
1150 1214
1150 1278
1151 305
1151 959
1151 1023
1151 1087
1151 1215
1151 1279
1152 949
1152 960
1152 1024
1152 1088
1152 1123
1152 1216
1153 961
1153 1025
1153 1089
1153 1217
1154 962
1154 1026
1154 1090
1154 1217
1154 1218
1155 334
1155 849
1155 963
1155 1027
1155 1091
1155 1219
1156 610
1156 964
1156 1028
1156 1092
1156 1220
1157 19
1157 133
1157 143
1157 261
1157 399
1157 463
1157 527
1157 584
1157 591
1157 645
1157 653
1157 655
1157 709
1157 717
1157 773
1157 781
1157 837
1157 845
1157 847
1157 909
1157 911
1157 962
1157 965
1157 973
1157 975
1157 1029
1157 1037
1157 1039
1157 1090
1157 1093
1157 1101
1157 1165
1157 1218
1157 1221
1157 1229
1158 6
1158 70
1158 134
1158 198
1158 262
1158 326
1158 390
1158 454
1158 518
1158 582
1158 646
1158 655
1158 710
1158 719
1158 774
1158 783
1158 838
1158 847
1158 902
1158 911
1158 966
1158 975
1158 1030
1158 1039
1158 1094
1158 1103
1158 1167
1158 1222
1158 1231
1159 654
1159 967
1159 1031
1159 1095
1159 1223
1160 8
1160 72
1160 136
1160 200
1160 264
1160 325
1160 389
1160 456
1160 520
1160 581
1160 648
1160 712
1160 776
1160 840
1160 901
1160 968
1160 1032
1160 1096
1160 1224
1161 2
1161 969
1161 1033
1161 1097
1161 1225
1162 970
1162 1034
1162 1098
1162 1226
1163 971
1163 1035
1163 1099
1163 1227
1164 827
1164 972
1164 1036
1164 1100
1164 1228
1164 1260
1165 5
1165 15
1165 69
1165 133
1165 326
1165 463
1165 518
1165 527
1165 591
1165 646
1165 655
1165 717
1165 719
1165 773
1165 781
1165 783
1165 838
1165 845
1165 847
1165 909
1165 911
1165 965
1165 966
1165 973
1165 975
1165 1037
1165 1039
1165 1090
1165 1093
1165 1101
1165 1103
1165 1157
1165 1167
1165 1218
1165 1229
1165 1231
1166 974
1166 1038
1166 1102
1166 1230
1167 326
1167 390
1167 454
1167 518
1167 582
1167 591
1167 646
1167 655
1167 710
1167 717
1167 719
1167 774
1167 783
1167 838
1167 845
1167 847
1167 902
1167 911
1167 966
1167 975
1167 1030
1167 1039
1167 1094
1167 1101
1167 1103
1167 1158
1167 1165
1167 1222
1167 1229
1167 1231
1168 976
1168 1040
1168 1104
1168 1202
1168 1232
1169 721
1169 977
1169 1041
1169 1105
1169 1233
1170 978
1170 1042
1170 1106
1170 1234
1171 458
1171 979
1171 1043
1171 1107
1171 1235
1172 181
1172 228
1172 543
1172 980
1172 1044
1172 1108
1172 1236
1173 59
1173 553
1173 735
1173 981
1173 1045
1173 1049
1173 1109
1173 1237
1174 669
1174 982
1174 1046
1174 1088
1174 1110
1174 1238
1175 302
1175 464
1175 951
1175 983
1175 1047
1175 1111
1175 1239
1176 361
1176 873
1176 984
1176 1048
1176 1112
1176 1134
1176 1240
1177 985
1177 1014
1177 1049
1177 1113
1177 1241
1178 182
1178 485
1178 501
1178 887
1178 986
1178 999
1178 1050
1178 1114
1178 1242
1179 733
1179 778
1179 987
1179 1051
1179 1115
1179 1243
1180 988
1180 1006
1180 1052
1180 1070
1180 1116
1180 1204
1180 1244
1181 202
1181 989
1181 1053
1181 1117
1181 1245
1182 50
1182 260
1182 990
1182 1054
1182 1118
1182 1246
1183 616
1183 631
1183 991
1183 1055
1183 1119
1183 1247
1184 992
1184 1056
1184 1120
1184 1248
1185 801
1185 993
1185 1057
1185 1121
1185 1249
1186 311
1186 788
1186 994
1186 1058
1186 1122
1186 1250
1187 440
1187 698
1187 995
1187 1059
1187 1123
1187 1251
1188 434
1188 545
1188 996
1188 1060
1188 1124
1188 1125
1188 1252
1189 848
1189 921
1189 997
1189 1061
1189 1125
1189 1253
1190 998
1190 1062
1190 1126
1190 1238
1190 1254
1191 242
1191 852
1191 999
1191 1063
1191 1127
1191 1242
1191 1255
1192 214
1192 1000
1192 1064
1192 1128
1192 1256
1193 1001
1193 1065
1193 1129
1193 1257
1194 49
1194 112
1194 188
1194 570
1194 814
1194 895
1194 1002
1194 1066
1194 1130
1194 1258
1195 90
1195 408
1195 532
1195 555
1195 752
1195 1003
1195 1067
1195 1131
1195 1259
1196 563
1196 1004
1196 1068
1196 1132
1196 1260
1197 1005
1197 1069
1197 1133
1197 1261
1198 308
1198 360
1198 739
1198 948
1198 1006
1198 1070
1198 1134
1198 1262
1199 251
1199 498
1199 1007
1199 1071
1199 1135
1199 1263
1200 56
1200 154
1200 564
1200 1008
1200 1072
1200 1136
1200 1264
1201 409
1201 607
1201 984
1201 1009
1201 1073
1201 1084
1201 1137
1201 1240
1201 1265
1202 1010
1202 1074
1202 1138
1202 1168
1202 1266
1203 1011
1203 1075
1203 1139
1203 1267
1204 1006
1204 1012
1204 1070
1204 1076
1204 1140
1204 1180
1204 1268
1205 356
1205 580
1205 1013
1205 1077
1205 1141
1205 1269
1206 475
1206 1014
1206 1078
1206 1142
1206 1270
1207 738
1207 1015
1207 1079
1207 1143
1207 1271
1208 43
1208 494
1208 1016
1208 1080
1208 1144
1208 1272
1209 410
1209 888
1209 939
1209 1017
1209 1081
1209 1145
1209 1273
1210 362
1210 558
1210 825
1210 1018
1210 1082
1210 1146
1210 1274
1211 736
1211 883
1211 1019
1211 1083
1211 1147
1211 1275
1212 943
1212 1020
1212 1084
1212 1148
1212 1276
1213 418
1213 623
1213 1021
1213 1085
1213 1136
1213 1149
1213 1256
1213 1277
1214 1022
1214 1086
1214 1150
1214 1278
1215 596
1215 1047
1215 1087
1215 1151
1215 1279
1216 900
1216 1024
1216 1088
1216 1152
1217 1025
1217 1089
1217 1153
1217 1154
1218 19
1218 79
1218 143
1218 261
1218 399
1218 453
1218 463
1218 527
1218 584
1218 591
1218 645
1218 653
1218 655
1218 709
1218 717
1218 773
1218 781
1218 837
1218 845
1218 847
1218 909
1218 911
1218 962
1218 965
1218 973
1218 975
1218 1026
1218 1037
1218 1090
1218 1093
1218 1101
1218 1154
1218 1157
1218 1165
1218 1221
1218 1229
1219 979
1219 1027
1219 1091
1219 1155
1219 1243
1220 868
1220 1028
1220 1092
1220 1156
1221 1
1221 19
1221 79
1221 197
1221 271
1221 399
1221 453
1221 463
1221 517
1221 527
1221 584
1221 589
1221 645
1221 653
1221 709
1221 773
1221 781
1221 837
1221 909
1221 962
1221 965
1221 973
1221 1026
1221 1029
1221 1037
1221 1090
1221 1093
1221 1157
1221 1218
1222 6
1222 70
1222 134
1222 198
1222 262
1222 326
1222 390
1222 454
1222 518
1222 582
1222 646
1222 655
1222 710
1222 717
1222 719
1222 774
1222 783
1222 838
1222 847
1222 902
1222 911
1222 966
1222 975
1222 1030
1222 1039
1222 1094
1222 1103
1222 1158
1222 1167
1222 1231
1223 455
1223 1031
1223 1095
1223 1159
1224 8
1224 72
1224 136
1224 200
1224 264
1224 325
1224 389
1224 456
1224 520
1224 581
1224 648
1224 712
1224 776
1224 840
1224 901
1224 968
1224 1032
1224 1096
1224 1160
1225 1033
1225 1097
1225 1161
1226 514
1226 842
1226 1034
1226 1098
1226 1162
1227 330
1227 672
1227 1035
1227 1099
1227 1163
1228 435
1228 1036
1228 1100
1228 1164
1229 5
1229 15
1229 69
1229 133
1229 399
1229 463
1229 527
1229 591
1229 645
1229 646
1229 655
1229 717
1229 719
1229 773
1229 781
1229 783
1229 838
1229 845
1229 847
1229 909
1229 911
1229 965
1229 975
1229 1037
1229 1039
1229 1090
1229 1093
1229 1101
1229 1103
1229 1157
1229 1165
1229 1167
1229 1218
1229 1231
1230 1038
1230 1102
1230 1166
1231 326
1231 390
1231 454
1231 518
1231 582
1231 591
1231 646
1231 655
1231 710
1231 717
1231 719
1231 773
1231 774
1231 783
1231 838
1231 845
1231 847
1231 902
1231 911
1231 966
1231 975
1231 1030
1231 1039
1231 1094
1231 1101
1231 1103
1231 1158
1231 1165
1231 1167
1231 1222
1231 1229
1232 1040
1232 1104
1232 1112
1232 1168
1233 321
1233 1041
1233 1105
1233 1169
1234 220
1234 1042
1234 1106
1234 1170
1235 1043
1235 1107
1235 1171
1236 99
1236 535
1236 689
1236 746
1236 1044
1236 1108
1236 1172
1237 37
1237 1045
1237 1109
1237 1173
1238 1046
1238 1110
1238 1174
1238 1190
1239 35
1239 567
1239 858
1239 1047
1239 1111
1239 1175
1240 409
1240 607
1240 984
1240 1048
1240 1084
1240 1112
1240 1176
1240 1201
1241 161
1241 178
1241 1049
1241 1113
1241 1177
1242 242
1242 852
1242 1050
1242 1114
1242 1178
1242 1191
1243 979
1243 1051
1243 1115
1243 1179
1243 1219
1244 1052
1244 1083
1244 1116
1244 1180
1245 1053
1245 1117
1245 1181
1246 1054
1246 1118
1246 1182
1247 661
1247 1055
1247 1119
1247 1183
1248 1056
1248 1120
1248 1184
1249 337
1249 1051
1249 1057
1249 1121
1249 1185
1250 758
1250 1058
1250 1122
1250 1186
1250 1257
1251 803
1251 857
1251 933
1251 1059
1251 1123
1251 1187
1252 448
1252 629
1252 694
1252 1060
1252 1124
1252 1188
1253 1061
1253 1077
1253 1125
1253 1189
1254 36
1254 1062
1254 1126
1254 1190
1255 247
1255 1063
1255 1127
1255 1191
1256 418
1256 623
1256 1064
1256 1128
1256 1136
1256 1192
1256 1213
1257 758
1257 1065
1257 1129
1257 1193
1257 1250
1258 106
1258 282
1258 1066
1258 1111
1258 1130
1258 1194
1259 632
1259 750
1259 1023
1259 1067
1259 1131
1259 1195
1260 827
1260 1068
1260 1132
1260 1164
1260 1196
1261 1069
1261 1133
1261 1197
1262 213
1262 1070
1262 1134
1262 1198
1263 116
1263 503
1263 732
1263 1071
1263 1135
1263 1199
1264 148
1264 792
1264 1072
1264 1081
1264 1136
1264 1200
1265 551
1265 674
1265 743
1265 1073
1265 1137
1265 1201
1265 1268
1266 173
1266 481
1266 676
1266 768
1266 1074
1266 1127
1266 1138
1266 1202
1267 1075
1267 1139
1267 1203
1268 551
1268 674
1268 743
1268 1076
1268 1140
1268 1204
1268 1265
1269 221
1269 620
1269 708
1269 1077
1269 1141
1269 1205
1270 1078
1270 1142
1270 1206
1271 832
1271 1079
1271 1143
1271 1207
1272 87
1272 189
1272 303
1272 725
1272 1080
1272 1085
1272 1144
1272 1208
1273 127
1273 218
1273 238
1273 252
1273 765
1273 1081
1273 1145
1273 1209
1274 368
1274 490
1274 889
1274 1072
1274 1146
1274 1210
1275 1083
1275 1147
1275 1211
1276 184
1276 316
1276 1084
1276 1148
1276 1212
1277 421
1277 611
1277 1085
1277 1149
1277 1213
1278 187
1278 1086
1278 1150
1278 1214
1279 151
1279 636
1279 828
1279 1151
1279 1215
