0 64
0 128
0 192
0 287
0 293
0 306
0 434
0 610
0 916
1 65
1 129
1 193
1 655
2 31
2 66
2 105
2 130
2 194
2 516
2 738
2 740
2 813
2 1235
2 1241
3 67
3 131
3 195
3 541
3 861
3 1219
4 68
4 132
4 196
4 1271
5 69
5 133
5 197
6 70
6 134
6 198
6 262
6 326
6 390
6 454
6 518
6 582
6 646
6 710
6 774
6 838
6 902
6 966
6 1030
6 1094
6 1158
6 1222
7 71
7 135
7 199
8 72
8 136
8 137
8 200
8 201
8 264
8 329
8 393
8 457
8 521
8 585
8 649
8 713
8 777
8 841
8 905
8 969
8 1033
8 1097
8 1161
8 1225
9 11
9 73
9 75
9 77
9 136
9 137
9 139
9 201
9 203
9 265
9 267
9 331
9 392
9 397
9 456
9 459
9 461
9 520
9 525
9 584
9 589
9 648
9 653
9 712
9 776
9 779
9 840
9 843
9 845
9 1160
10 74
10 138
10 202
10 1228
11 9
11 13
11 73
11 75
11 77
11 136
11 139
11 141
11 203
11 205
11 267
11 269
11 331
11 333
11 392
11 397
11 456
11 459
11 461
11 525
11 584
11 589
11 648
11 653
11 712
11 717
11 776
11 779
11 781
11 840
11 843
11 845
11 904
11 909
11 968
11 973
11 1032
11 1096
11 1101
11 1165
11 1224
12 76
12 102
12 140
12 204
12 1007
12 1034
13 11
13 77
13 141
13 205
13 269
13 333
13 397
13 461
13 525
13 589
13 712
13 717
13 776
13 781
13 840
13 843
13 845
13 907
13 971
13 1037
13 1099
13 1163
13 1229
14 78
14 142
14 206
15 79
15 143
15 207
15 214
16 80
16 144
16 208
16 217
16 1137
17 81
17 145
17 209
18 45
18 82
18 146
18 210
18 948
18 1013
18 1155
19 83
19 147
19 211
20 84
20 148
20 192
20 212
20 493
20 676
20 768
20 1149
21 85
21 149
21 173
21 213
21 436
22 86
22 150
22 214
22 1047
22 1052
23 87
23 151
23 215
24 88
24 152
24 216
24 1124
24 1173
25 89
25 153
25 217
25 725
26 90
26 154
26 218
26 308
26 671
27 91
27 155
27 219
28 92
28 156
28 220
28 330
29 93
29 157
29 221
29 599
29 722
29 783
30 94
30 158
30 222
30 621
31 2
31 95
31 105
31 159
31 223
31 516
31 738
31 740
31 813
31 1235
31 1241
32 96
32 160
32 224
33 97
33 161
33 225
33 1098
34 98
34 162
34 226
34 975
34 1111
35 41
35 99
35 148
35 163
35 216
35 227
35 661
35 747
35 821
35 877
35 984
35 1063
36 100
36 164
36 194
36 228
36 548
36 960
36 1026
37 101
37 165
37 229
37 851
38 102
38 166
38 230
38 844
39 103
39 167
39 169
39 231
39 348
39 553
39 729
39 784
39 858
39 1005
39 1188
40 104
40 149
40 168
40 223
40 232
40 685
41 35
41 105
41 148
41 169
41 216
41 233
41 661
41 747
41 821
41 877
41 984
41 1063
42 106
42 170
42 234
42 399
43 107
43 171
43 235
43 483
43 635
43 748
43 1080
44 108
44 172
44 208
44 236
44 300
44 443
44 501
45 18
45 109
45 173
45 237
45 948
45 1013
45 1155
46 110
46 174
46 227
46 238
46 295
46 688
46 720
46 891
46 1016
47 111
47 175
47 239
47 321
47 385
48 112
48 176
48 240
48 940
48 1020
48 1072
49 113
49 177
50 114
50 178
50 242
50 829
51 115
51 120
51 179
51 243
51 311
51 445
51 472
51 537
51 695
51 739
51 816
52 116
52 180
52 244
52 487
52 743
52 933
52 1019
52 1143
53 117
53 181
53 245
53 514
53 532
53 807
54 118
54 182
54 246
55 119
55 183
55 247
55 1119
55 1193
56 120
56 172
56 177
56 184
56 248
56 496
56 1006
56 1009
56 1104
57 103
57 121
57 185
57 220
57 249
57 428
57 557
57 980
57 1070
58 122
58 186
58 254
58 890
59 123
59 187
59 507
59 683
59 1200
60 124
60 188
60 639
60 888
61 125
61 180
61 189
61 253
61 558
61 665
61 1255
62 126
62 190
62 446
63 127
63 191
64 0
64 128
64 162
64 192
64 256
64 290
64 448
64 612
64 964
65 1
65 129
65 193
65 257
65 897
66 2
66 130
66 194
66 247
66 258
66 281
66 868
66 1088
67 3
67 131
67 195
67 259
68 4
68 132
68 183
68 196
68 237
68 260
68 320
68 932
69 5
69 133
69 197
69 261
69 1014
70 6
70 134
70 198
70 262
70 326
70 390
70 454
70 518
70 582
70 646
70 710
70 774
70 838
70 902
70 966
70 1030
70 1094
70 1158
70 1222
71 7
71 135
71 199
71 263
71 1110
72 8
72 136
72 137
72 200
72 201
72 264
72 329
72 393
72 457
72 521
72 585
72 649
72 713
72 777
72 841
72 905
72 969
72 1033
72 1097
72 1161
72 1225
73 9
73 11
73 75
73 136
73 137
73 139
73 201
73 203
73 265
73 267
73 328
73 331
73 392
73 456
73 459
73 520
73 584
73 648
73 653
73 712
73 779
73 840
73 845
73 904
73 909
74 10
74 138
74 202
74 266
75 9
75 11
75 73
75 136
75 139
75 203
75 265
75 267
75 328
75 331
75 392
75 456
75 459
75 520
75 584
75 648
75 653
75 712
75 779
75 840
75 904
75 909
76 12
76 140
76 204
76 268
76 452
76 735
77 9
77 11
77 13
77 139
77 141
77 203
77 205
77 267
77 269
77 331
77 333
77 392
77 397
77 456
77 461
77 525
77 584
77 589
77 648
77 653
77 712
77 717
77 776
77 779
77 781
77 840
77 843
77 845
77 904
77 907
77 909
77 968
77 973
77 1032
77 1101
77 1165
77 1224
77 1229
78 14
78 142
78 206
78 270
78 1142
79 15
79 143
79 207
79 271
79 343
79 989
80 16
80 144
80 208
80 252
80 272
80 382
81 17
81 145
81 209
81 273
82 18
82 146
82 210
82 274
82 482
82 687
83 19
83 147
83 211
83 275
83 745
83 927
83 1113
84 20
84 100
84 148
84 212
84 276
85 21
85 149
85 213
85 232
85 275
85 277
85 640
85 819
85 1138
86 22
86 150
86 214
86 278
87 23
87 151
87 215
87 279
87 801
88 24
88 152
88 216
88 280
88 1242
89 25
89 153
89 217
89 281
89 601
89 724
89 759
89 1114
90 26
90 92
90 154
90 218
90 282
90 450
90 878
91 27
91 155
91 219
91 283
92 28
92 90
92 154
92 156
92 220
92 284
92 450
92 878
93 29
93 157
93 221
93 283
93 285
94 30
94 158
94 222
94 233
94 286
94 882
94 941
94 981
94 1192
95 31
95 159
95 223
95 287
95 945
95 1210
96 32
96 160
96 224
96 288
97 33
97 161
97 225
97 289
97 618
97 1199
98 34
98 162
98 226
98 290
98 522
99 35
99 152
99 163
99 227
99 282
99 284
99 291
99 976
100 36
100 84
100 164
100 228
100 292
101 37
101 165
101 229
101 293
101 418
101 708
102 12
102 38
102 166
102 230
102 294
102 1007
102 1034
103 39
103 57
103 167
103 220
103 231
103 295
103 428
103 557
103 980
103 1070
104 40
104 168
104 232
104 296
104 355
104 592
104 867
104 893
104 1177
104 1240
105 2
105 31
105 41
105 169
105 233
105 297
105 516
105 738
105 740
105 813
105 1235
105 1241
106 42
106 170
106 234
106 298
106 1062
107 43
107 171
107 235
108 44
108 172
108 236
108 300
108 377
108 574
108 889
109 45
109 173
109 237
109 301
109 701
109 1109
110 46
110 174
110 227
110 238
110 295
110 302
110 688
110 720
110 891
110 1016
111 47
111 175
111 239
111 303
111 798
111 914
112 48
112 176
112 240
112 304
112 942
112 1022
112 1262
113 49
113 144
113 177
113 241
113 305
113 573
114 50
114 178
114 242
114 306
114 1068
115 51
115 179
115 236
115 243
115 307
115 364
115 629
115 947
115 1136
115 1279
116 52
116 180
116 244
116 308
116 561
117 53
117 181
117 245
117 309
117 551
117 563
117 660
117 690
117 830
117 1201
118 54
118 182
118 246
118 310
119 55
119 183
119 247
119 311
119 815
119 1028
120 51
120 56
120 184
120 248
120 311
120 312
120 445
120 472
120 537
120 695
120 739
120 816
121 57
121 185
121 249
121 305
121 761
122 58
122 186
122 250
122 875
123 59
123 187
123 251
123 319
124 60
124 188
124 252
124 314
124 571
125 61
125 189
125 253
125 317
125 793
125 985
125 990
125 996
125 1112
126 62
126 190
126 1259
127 63
127 188
127 191
127 255
127 371
127 625
127 684
127 1012
127 1176
127 1256
127 1273
128 0
128 64
128 192
128 256
128 320
128 530
128 644
129 1
129 65
129 193
129 257
129 321
129 534
130 2
130 66
130 194
130 258
130 322
130 1204
131 3
131 67
131 195
131 259
131 323
132 4
132 68
132 196
132 260
132 324
132 414
132 468
132 1049
133 5
133 69
133 197
133 261
133 325
133 773
134 6
134 70
134 198
134 262
134 326
134 390
134 454
134 518
134 582
134 646
134 710
134 774
134 838
134 902
134 966
134 971
134 1030
134 1094
134 1158
134 1222
135 7
135 71
135 199
135 263
135 327
135 475
136 8
136 9
136 11
136 72
136 73
136 75
136 139
136 200
136 203
136 264
136 265
136 267
136 328
136 331
136 392
136 456
136 459
136 520
136 584
136 648
136 653
136 712
136 779
136 840
136 904
136 909
137 8
137 9
137 72
137 73
137 201
137 264
137 265
137 329
137 393
137 457
137 521
137 585
137 649
137 713
137 777
137 841
137 905
137 969
137 1033
137 1097
137 1161
137 1225
138 10
138 74
138 202
138 266
138 330
138 900
139 9
139 11
139 73
139 75
139 77
139 136
139 141
139 203
139 205
139 267
139 269
139 331
139 333
139 392
139 397
139 456
139 459
139 461
139 520
139 525
139 584
139 589
139 648
139 653
139 712
139 717
139 776
139 779
139 781
139 840
139 843
139 845
139 904
139 907
139 909
139 968
139 973
139 1096
139 1160
139 1165
140 12
140 76
140 204
140 268
140 332
140 607
141 11
141 13
141 77
141 139
141 203
141 205
141 269
141 333
141 392
141 397
141 461
141 525
141 584
141 589
141 712
141 717
141 776
141 781
141 840
141 843
141 845
141 904
141 907
141 909
141 968
141 971
141 973
141 1032
141 1037
141 1163
141 1224
141 1229
142 14
142 78
142 206
142 270
142 334
143 15
143 79
143 207
143 271
143 335
143 673
143 833
143 1115
143 1116
144 16
144 80
144 113
144 208
144 272
144 336
144 573
145 17
145 81
145 209
145 273
145 337
146 18
146 82
146 178
146 210
146 274
146 338
146 823
146 1044
147 19
147 83
147 211
147 275
147 339
147 388
147 467
147 478
147 1253
148 20
148 35
148 41
148 84
148 212
148 216
148 276
148 340
148 661
148 747
148 821
148 877
148 984
148 1063
149 21
149 40
149 85
149 213
149 223
149 277
149 341
149 685
150 22
150 86
150 214
150 278
150 342
151 23
151 87
151 215
151 279
151 343
151 535
152 24
152 88
152 99
152 216
152 280
152 282
152 284
152 344
152 976
153 25
153 89
153 217
153 281
153 345
153 381
153 770
153 979
154 26
154 90
154 92
154 218
154 282
154 346
154 450
154 878
155 27
155 91
155 219
155 283
155 347
156 28
156 92
156 220
156 284
156 348
156 1091
157 29
157 93
157 221
157 285
157 349
157 1095
158 30
158 94
158 222
158 286
158 350
158 479
158 568
158 1000
159 31
159 95
159 223
159 287
159 351
159 805
159 1061
159 1122
160 32
160 96
160 224
160 288
160 352
160 849
161 33
161 97
161 225
161 289
161 353
161 515
161 1057
162 34
162 64
162 98
162 226
162 290
162 354
162 448
162 612
162 964
163 35
163 99
163 227
163 242
163 291
163 355
163 474
163 528
163 626
163 930
164 36
164 100
164 228
164 292
164 356
164 757
165 37
165 101
165 229
165 258
165 293
165 357
165 386
165 512
165 613
165 754
165 946
166 38
166 102
166 230
166 294
166 358
166 1239
167 39
167 103
167 231
167 295
167 359
167 410
167 439
167 1040
168 40
168 104
168 232
168 296
168 360
168 772
169 39
169 41
169 105
169 233
169 297
169 348
169 361
169 553
169 729
169 784
169 858
169 1005
169 1188
170 42
170 106
170 234
170 263
170 298
170 362
171 43
171 107
171 235
171 442
171 1151
172 44
172 56
172 108
172 177
172 236
172 300
172 364
172 496
172 1006
172 1009
172 1104
173 21
173 45
173 109
173 237
173 301
173 365
173 436
174 46
174 110
174 185
174 238
174 302
174 376
174 379
174 620
174 664
174 1132
175 47
175 111
175 239
175 257
175 303
175 367
176 48
176 112
176 240
176 304
176 368
176 881
176 955
176 1081
177 49
177 56
177 113
177 172
177 241
177 305
177 369
177 496
177 1006
177 1009
177 1104
178 50
178 114
178 146
178 242
178 306
178 370
178 823
178 1044
179 51
179 115
179 243
179 307
180 52
180 61
180 116
180 244
180 308
180 372
180 558
180 665
180 1255
181 53
181 117
181 245
181 309
181 373
181 935
181 1260
182 54
182 118
182 246
182 310
182 374
183 55
183 68
183 119
183 237
183 247
183 311
183 320
183 375
183 932
184 56
184 120
184 248
184 251
184 312
184 435
184 1075
184 1209
185 57
185 121
185 174
185 249
185 313
185 376
185 379
185 620
185 664
185 1132
186 58
186 122
186 250
186 304
186 314
186 378
187 59
187 123
187 251
187 315
187 336
187 356
187 379
187 936
187 1048
187 1083
187 1236
188 60
188 124
188 127
188 252
188 316
188 371
188 380
188 625
188 684
188 1012
188 1176
188 1256
188 1273
189 61
189 125
189 253
189 317
189 381
189 384
189 405
189 562
189 853
189 922
189 1178
190 62
190 126
190 254
190 318
190 444
190 703
190 811
190 944
191 63
191 127
191 255
191 319
191 749
192 0
192 20
192 64
192 128
192 256
192 320
192 384
192 493
192 676
192 768
192 1149
193 1
193 65
193 129
193 257
193 321
193 385
194 2
194 36
194 66
194 130
194 258
194 322
194 386
194 548
194 960
194 1026
195 3
195 67
195 131
195 259
195 323
195 387
195 906
196 4
196 68
196 132
196 260
196 324
196 354
196 388
196 631
197 5
197 69
197 133
197 261
197 325
197 389
198 6
198 70
198 134
198 262
198 326
198 390
198 454
198 518
198 582
198 646
198 710
198 774
198 838
198 902
198 966
198 1030
198 1035
198 1094
198 1158
198 1222
199 7
199 71
199 135
199 263
199 327
199 391
200 8
200 72
200 136
200 264
200 265
200 328
200 392
200 520
201 8
201 9
201 72
201 73
201 137
201 264
201 265
201 329
201 393
201 457
201 521
201 585
201 649
201 713
201 777
201 841
201 905
201 969
201 1033
201 1097
201 1161
201 1225
202 10
202 74
202 138
202 266
202 330
202 394
202 911
203 9
203 11
203 73
203 75
203 77
203 136
203 139
203 141
203 205
203 267
203 269
203 331
203 333
203 392
203 395
203 397
203 456
203 459
203 461
203 520
203 525
203 584
203 589
203 648
203 653
203 712
203 717
203 776
203 779
203 781
203 840
203 843
203 845
203 904
203 907
203 909
203 968
203 973
203 1032
203 1037
203 1096
203 1101
203 1160
203 1165
204 12
204 76
204 140
204 268
204 332
204 396
205 11
205 13
205 77
205 139
205 141
205 203
205 269
205 331
205 333
205 392
205 397
205 461
205 525
205 584
205 589
205 653
205 712
205 717
205 776
205 779
205 781
205 840
205 843
205 845
205 904
205 907
205 909
205 968
205 971
205 973
205 1032
205 1035
205 1037
205 1224
205 1229
206 14
206 78
206 142
206 270
206 334
206 352
206 398
206 910
207 15
207 79
207 143
207 271
207 335
207 399
208 16
208 44
208 80
208 144
208 272
208 300
208 336
208 400
208 443
208 501
209 17
209 81
209 145
209 273
209 337
209 401
210 18
210 82
210 146
210 274
210 338
210 350
210 402
211 19
211 83
211 147
211 275
211 339
211 403
211 549
211 670
211 931
211 988
212 20
212 84
212 148
212 276
212 340
212 404
212 1180
212 1197
213 21
213 85
213 149
213 277
213 341
213 373
213 405
214 15
214 22
214 86
214 150
214 278
214 342
214 406
215 23
215 87
215 151
215 279
215 343
215 407
216 24
216 35
216 41
216 88
216 148
216 152
216 280
216 344
216 408
216 661
216 747
216 821
216 877
216 984
216 1063
217 16
217 25
217 89
217 153
217 281
217 345
217 409
217 1137
218 26
218 90
218 154
218 282
218 346
218 368
218 410
218 419
218 1008
219 27
219 91
219 155
219 283
219 347
219 411
219 1162
220 28
220 57
220 92
220 103
220 156
220 284
220 348
220 412
220 428
220 557
220 980
220 1070
221 29
221 93
221 157
221 285
221 349
221 413
222 30
222 94
222 158
222 286
222 350
222 414
222 1090
222 1269
223 31
223 40
223 95
223 149
223 159
223 287
223 351
223 415
223 685
224 32
224 96
224 160
224 288
224 352
224 416
225 33
225 97
225 161
225 289
225 353
225 417
226 34
226 98
226 162
226 290
226 354
226 418
226 975
226 1111
227 35
227 46
227 99
227 110
227 163
227 291
227 295
227 355
227 419
227 688
227 720
227 891
227 1016
228 36
228 100
228 164
228 292
228 356
228 420
229 37
229 101
229 165
229 293
229 357
229 421
229 540
230 38
230 102
230 166
230 294
230 358
230 422
231 39
231 103
231 167
231 295
231 359
231 423
232 40
232 85
232 104
232 168
232 275
232 296
232 360
232 424
232 640
232 819
232 1138
233 41
233 94
233 105
233 169
233 297
233 361
233 425
233 882
233 941
233 981
233 1192
234 42
234 106
234 170
234 298
234 362
234 426
235 43
235 107
235 171
235 299
235 363
235 380
235 504
235 696
235 871
235 880
236 44
236 108
236 115
236 172
236 243
236 300
236 364
236 428
236 629
236 947
236 1136
236 1279
237 45
237 68
237 109
237 173
237 183
237 301
237 320
237 365
237 429
237 932
238 46
238 110
238 174
238 302
238 366
238 817
239 47
239 111
239 175
239 303
239 367
239 431
240 48
240 112
240 176
240 304
240 368
240 432
241 113
241 177
241 305
241 369
241 556
241 680
241 1131
241 1274
242 50
242 114
242 163
242 178
242 306
242 370
242 434
242 474
242 528
242 626
242 930
243 51
243 115
243 179
243 236
243 307
243 364
243 371
243 435
243 629
243 947
243 1136
243 1279
244 52
244 116
244 180
244 308
244 372
244 436
244 560
244 564
244 1147
245 53
245 117
245 181
245 277
245 309
245 373
245 437
245 503
245 1218
246 54
246 118
246 182
246 310
246 374
246 438
246 1031
247 55
247 66
247 119
247 183
247 281
247 311
247 375
247 439
247 868
247 1088
248 56
248 120
248 184
248 312
248 376
248 440
249 57
249 121
249 185
249 313
249 377
249 1067
250 122
250 186
250 314
250 378
250 633
250 702
251 123
251 184
251 187
251 315
251 379
251 435
251 443
251 1075
251 1209
252 80
252 124
252 188
252 316
252 380
252 382
253 61
253 125
253 189
253 317
253 381
253 445
253 508
254 58
254 190
254 318
254 382
254 890
255 127
255 191
255 319
255 383
255 698
255 831
256 64
256 128
256 192
256 320
256 384
256 404
256 448
256 809
256 1021
257 65
257 129
257 175
257 193
257 321
257 385
257 449
258 66
258 130
258 165
258 194
258 322
258 386
258 450
258 512
258 613
258 754
258 946
259 67
259 131
259 195
259 323
259 387
259 451
259 714
259 744
259 1141
260 68
260 132
260 196
260 324
260 388
260 452
260 1118
261 69
261 133
261 197
261 325
261 389
261 453
261 517
262 6
262 70
262 134
262 198
262 326
262 390
262 454
262 518
262 582
262 646
262 710
262 774
262 838
262 902
262 966
262 971
262 1030
262 1035
262 1094
262 1099
262 1158
262 1222
263 71
263 135
263 170
263 199
263 327
263 391
263 455
264 8
264 72
264 136
264 137
264 200
264 201
264 328
264 329
264 392
264 393
264 456
264 457
264 521
264 585
264 649
264 713
264 777
264 841
264 905
264 969
264 1033
264 1097
264 1161
264 1225
265 9
265 73
265 75
265 136
265 137
265 200
265 201
265 267
265 328
265 329
265 393
265 456
265 457
265 459
265 520
265 648
266 74
266 138
266 202
266 330
266 394
266 458
267 9
267 11
267 73
267 75
267 77
267 136
267 139
267 203
267 265
267 331
267 392
267 395
267 397
267 456
267 459
267 520
267 525
267 584
267 589
267 648
267 653
267 712
267 776
267 779
267 840
267 843
267 845
267 904
267 909
267 968
267 973
267 1096
267 1101
267 1160
268 76
268 140
268 204
268 332
268 396
268 460
268 842
268 1216
269 11
269 13
269 77
269 139
269 141
269 203
269 205
269 331
269 333
269 392
269 397
269 456
269 461
269 525
269 584
269 589
269 653
269 712
269 717
269 776
269 779
269 781
269 840
269 843
269 845
269 904
269 907
269 909
269 968
269 971
269 973
269 1032
269 1037
269 1096
269 1099
269 1101
269 1224
269 1229
270 78
270 142
270 206
270 334
270 398
270 462
271 79
271 143
271 207
271 335
271 399
271 463
271 864
272 80
272 144
272 208
272 336
272 400
272 464
272 666
272 794
272 824
273 81
273 145
273 209
273 337
273 401
273 465
274 82
274 146
274 210
274 338
274 402
274 466
274 542
275 83
275 85
275 147
275 211
275 232
275 339
275 403
275 467
275 640
275 819
275 1138
276 84
276 148
276 212
276 340
276 404
276 468
276 792
276 1017
277 85
277 149
277 213
277 245
277 341
277 405
277 469
277 503
277 1218
278 86
278 150
278 214
278 342
278 406
278 470
278 1245
279 87
279 151
279 215
279 323
279 343
279 407
279 471
280 88
280 152
280 216
280 344
280 408
280 429
280 472
280 488
280 547
280 552
280 814
281 66
281 89
281 153
281 217
281 247
281 345
281 409
281 473
281 868
281 1088
282 90
282 99
282 152
282 154
282 218
282 284
282 346
282 410
282 474
282 976
283 91
283 93
283 155
283 219
283 347
283 411
283 475
284 92
284 99
284 152
284 156
284 220
284 282
284 348
284 412
284 476
284 976
285 93
285 157
285 221
285 332
285 349
285 413
285 477
285 1217
286 94
286 158
286 222
286 350
286 414
286 478
286 1059
287 0
287 95
287 159
287 223
287 293
287 306
287 351
287 415
287 434
287 479
287 610
287 916
288 96
288 160
288 224
288 352
288 416
288 480
289 97
289 161
289 225
289 353
289 417
289 481
290 64
290 98
290 162
290 226
290 354
290 418
290 448
290 482
290 612
290 964
291 99
291 163
291 227
291 355
291 419
291 483
291 615
291 1186
291 1187
292 100
292 164
292 228
292 356
292 367
292 375
292 420
292 484
292 1024
293 0
293 101
293 165
293 229
293 287
293 306
293 357
293 421
293 434
293 485
293 610
293 916
294 102
294 166
294 230
294 358
294 422
294 486
295 46
295 103
295 110
295 167
295 227
295 231
295 359
295 423
295 487
295 688
295 720
295 891
295 1016
296 104
296 168
296 232
296 360
296 424
296 488
296 917
296 1250
297 105
297 169
297 233
297 361
297 425
297 489
298 106
298 170
298 234
298 362
298 426
298 490
298 1231
299 235
299 363
300 44
300 108
300 172
300 208
300 236
300 364
300 428
300 443
300 492
300 501
301 109
301 173
301 237
301 365
301 429
301 493
301 617
301 1213
302 110
302 174
302 238
302 309
302 366
302 430
302 494
302 1123
303 111
303 175
303 239
303 367
303 431
303 495
303 1058
304 112
304 176
304 186
304 240
304 368
304 432
304 496
305 113
305 121
305 177
305 241
305 369
305 433
305 497
305 761
306 0
306 114
306 178
306 242
306 287
306 293
306 370
306 434
306 498
306 610
306 916
307 115
307 179
307 243
307 371
307 435
307 499
307 509
307 536
307 656
307 820
307 1144
308 26
308 116
308 180
308 244
308 372
308 436
308 500
308 671
309 117
309 181
309 245
309 302
309 373
309 437
309 501
309 1123
310 118
310 182
310 246
310 374
310 438
310 453
310 480
310 502
311 51
311 119
311 120
311 183
311 247
311 375
311 439
311 445
311 472
311 503
311 537
311 695
311 739
311 816
312 120
312 184
312 248
312 376
312 440
312 504
312 1004
312 1272
313 185
313 249
313 377
313 433
313 441
314 124
314 186
314 250
314 378
314 442
314 571
315 187
315 251
315 379
315 443
315 892
316 188
316 252
316 380
316 444
316 492
316 494
316 499
316 954
317 125
317 189
317 253
317 381
317 445
317 509
317 1108
317 1133
318 190
318 254
318 382
319 123
319 191
319 255
319 383
319 447
320 68
320 128
320 183
320 192
320 237
320 256
320 384
320 448
320 512
320 932
321 47
321 129
321 193
321 257
321 385
321 449
321 513
322 130
322 194
322 258
322 386
322 450
322 514
322 789
322 852
323 131
323 195
323 259
323 279
323 387
323 451
323 515
324 132
324 196
324 260
324 388
324 452
324 516
325 133
325 197
325 261
325 389
325 453
325 517
326 6
326 70
326 134
326 198
326 262
326 390
326 454
326 518
326 582
326 646
326 710
326 774
326 838
326 902
326 966
326 971
326 1030
326 1035
326 1094
326 1099
326 1158
326 1163
326 1222
327 135
327 199
327 263
327 391
327 455
327 519
328 73
328 75
328 136
328 200
328 264
328 265
328 392
328 456
328 459
328 520
329 8
329 72
329 137
329 201
329 264
329 265
329 393
329 457
329 521
329 585
329 649
329 713
329 777
329 841
329 905
329 969
329 1033
329 1097
329 1161
329 1225
330 28
330 138
330 202
330 266
330 394
330 458
330 522
331 9
331 11
331 73
331 75
331 77
331 136
331 139
331 203
331 205
331 267
331 269
331 333
331 392
331 395
331 397
331 456
331 459
331 461
331 520
331 523
331 525
331 584
331 589
331 648
331 653
331 712
331 717
331 776
331 779
331 781
331 840
331 843
331 845
331 904
331 909
331 968
331 973
331 1032
331 1096
331 1101
331 1160
331 1165
332 140
332 204
332 268
332 285
332 396
332 460
332 524
332 1217
333 11
333 13
333 77
333 139
333 141
333 203
333 205
333 269
333 331
333 392
333 397
333 461
333 525
333 584
333 589
333 653
333 712
333 717
333 776
333 779
333 781
333 840
333 843
333 845
333 904
333 907
333 909
333 968
333 971
333 973
333 1032
333 1035
333 1037
333 1096
333 1099
333 1101
333 1160
333 1163
333 1165
333 1224
333 1229
334 142
334 206
334 270
334 398
334 462
334 526
335 143
335 207
335 271
335 399
335 463
335 527
335 1167
336 144
336 187
336 208
336 272
336 356
336 400
336 464
336 528
336 936
336 1048
336 1083
336 1236
337 145
337 209
337 273
337 401
337 465
337 529
338 146
338 210
338 274
338 402
338 466
338 530
338 652
339 147
339 211
339 275
339 403
339 467
339 531
339 1085
340 148
340 212
340 276
340 359
340 404
340 468
340 532
340 543
340 596
340 818
340 957
340 1202
341 149
341 213
341 277
341 372
341 405
341 469
341 533
341 628
341 693
342 150
342 214
342 278
342 406
342 470
342 534
342 583
343 79
343 151
343 215
343 279
343 407
343 471
343 535
343 989
344 152
344 216
344 280
344 408
344 472
344 536
344 834
345 153
345 217
345 281
345 409
345 423
345 473
345 537
345 668
345 848
345 1140
346 154
346 218
346 282
346 410
346 474
346 538
346 632
346 856
346 1251
347 155
347 219
347 283
347 411
347 475
347 539
347 791
347 1170
348 39
348 156
348 169
348 220
348 284
348 412
348 476
348 540
348 553
348 729
348 784
348 858
348 1005
348 1188
349 157
349 221
349 285
349 413
349 477
349 541
350 158
350 210
350 222
350 286
350 414
350 478
350 542
351 159
351 223
351 287
351 396
351 403
351 415
351 479
351 543
351 802
351 832
351 866
351 879
351 1015
352 160
352 206
352 224
352 288
352 416
352 480
352 544
352 910
353 161
353 225
353 289
353 417
353 481
353 545
353 924
353 961
354 162
354 196
354 226
354 290
354 418
354 482
354 546
354 631
355 104
355 163
355 227
355 291
355 419
355 483
355 547
355 592
355 867
355 893
355 1177
355 1240
356 164
356 187
356 228
356 292
356 336
356 420
356 484
356 548
356 936
356 1048
356 1083
356 1236
357 165
357 229
357 293
357 420
357 421
357 485
357 549
357 896
357 962
357 1266
358 166
358 230
358 294
358 422
358 486
358 550
359 167
359 231
359 295
359 340
359 423
359 487
359 543
359 551
359 596
359 818
359 957
359 1202
360 168
360 232
360 296
360 424
360 488
360 552
360 658
360 1247
361 169
361 233
361 297
361 425
361 489
361 553
361 1045
362 170
362 234
362 298
362 426
362 490
362 554
362 1117
363 235
363 299
363 427
364 115
364 172
364 236
364 243
364 300
364 428
364 492
364 556
364 629
364 947
364 1136
364 1279
365 173
365 237
365 301
365 429
365 476
365 493
365 557
365 991
365 1172
366 238
366 302
366 430
366 494
366 558
366 1198
366 1212
367 175
367 239
367 292
367 303
367 375
367 431
367 495
367 559
367 1024
368 176
368 218
368 240
368 304
368 419
368 432
368 496
368 560
368 1008
369 177
369 241
369 305
369 433
369 464
369 497
369 561
369 675
369 912
370 178
370 242
370 306
370 434
370 498
370 562
371 127
371 188
371 243
371 307
371 435
371 499
371 563
371 625
371 684
371 1012
371 1176
371 1256
371 1273
372 180
372 244
372 308
372 341
372 436
372 500
372 564
372 628
372 693
373 181
373 213
373 245
373 309
373 437
373 501
373 565
374 182
374 246
374 310
374 438
374 453
374 480
374 502
374 566
375 183
375 247
375 292
375 311
375 367
375 439
375 503
375 567
375 1024
376 174
376 185
376 248
376 312
376 379
376 440
376 504
376 568
376 620
376 664
376 1132
377 108
377 249
377 313
377 441
377 505
377 574
377 889
378 186
378 250
378 314
378 442
378 506
378 812
378 1145
378 1275
379 174
379 185
379 187
379 251
379 315
379 376
379 443
379 507
379 620
379 664
379 1132
380 188
380 235
380 252
380 316
380 444
380 504
380 508
380 572
380 696
380 871
380 880
381 153
381 189
381 253
381 317
381 445
381 509
381 573
381 770
381 979
382 80
382 252
382 254
382 318
382 446
382 510
383 255
383 319
383 447
383 511
383 883
384 189
384 192
384 256
384 320
384 405
384 448
384 512
384 562
384 576
384 853
384 922
384 1178
385 47
385 193
385 257
385 321
385 449
385 513
385 577
386 165
386 194
386 258
386 322
386 450
386 512
386 514
386 578
386 613
386 754
386 946
387 195
387 259
387 323
387 451
387 515
387 579
387 978
388 147
388 196
388 260
388 324
388 452
388 467
388 478
388 516
388 580
388 1253
389 197
389 261
389 325
389 453
389 517
389 581
390 6
390 70
390 134
390 198
390 262
390 326
390 454
390 518
390 582
390 646
390 710
390 774
390 838
390 902
390 966
390 971
390 1030
390 1035
390 1094
390 1099
390 1158
390 1163
390 1222
390 1227
391 199
391 263
391 327
391 455
391 519
391 583
392 9
392 11
392 73
392 75
392 77
392 136
392 139
392 141
392 200
392 203
392 205
392 264
392 267
392 269
392 328
392 331
392 333
392 397
392 456
392 459
392 461
392 520
392 525
392 584
392 589
392 648
392 653
392 712
392 717
392 776
392 779
392 781
392 840
392 843
392 845
392 904
392 907
392 909
392 968
392 973
392 1032
392 1037
392 1096
392 1101
392 1160
392 1165
392 1224
392 1229
393 8
393 72
393 137
393 201
393 264
393 265
393 329
393 457
393 521
393 585
393 649
393 713
393 777
393 841
393 905
393 969
393 1033
393 1097
393 1161
393 1225
394 202
394 266
394 330
394 458
394 522
394 586
395 203
395 267
395 331
395 459
395 523
395 587
396 204
396 268
396 332
396 351
396 403
396 460
396 524
396 588
396 802
396 832
396 866
396 879
396 1015
397 9
397 11
397 13
397 77
397 139
397 141
397 203
397 205
397 267
397 269
397 331
397 333
397 392
397 456
397 461
397 525
397 584
397 589
397 648
397 653
397 712
397 717
397 776
397 779
397 781
397 840
397 843
397 845
397 904
397 907
397 909
397 968
397 971
397 973
397 1032
397 1037
397 1096
397 1099
397 1101
397 1160
397 1163
397 1165
397 1224
397 1229
398 206
398 270
398 334
398 462
398 526
398 590
399 42
399 207
399 271
399 335
399 463
399 527
399 591
400 208
400 272
400 336
400 464
400 528
400 592
400 602
400 637
400 679
400 760
400 995
401 209
401 273
401 337
401 465
401 529
401 593
402 210
402 274
402 338
402 466
402 530
402 594
403 211
403 275
403 339
403 351
403 396
403 467
403 531
403 595
403 802
403 832
403 866
403 879
403 1015
404 212
404 256
404 276
404 340
404 468
404 532
404 596
404 809
404 1021
405 189
405 213
405 277
405 341
405 384
405 469
405 533
405 562
405 597
405 853
405 922
405 1178
406 214
406 278
406 342
406 470
406 534
406 598
407 215
407 279
407 343
407 471
407 535
407 599
407 970
407 1244
408 216
408 280
408 344
408 472
408 536
408 600
409 217
409 281
409 345
409 473
409 537
409 601
409 949
409 1205
410 167
410 218
410 282
410 346
410 439
410 474
410 538
410 602
410 1040
411 219
411 283
411 347
411 475
411 539
411 603
412 220
412 284
412 348
412 476
412 540
412 604
412 934
412 1100
413 221
413 285
413 349
413 477
413 541
413 586
413 605
414 132
414 222
414 286
414 350
414 468
414 478
414 542
414 606
414 1049
415 223
415 287
415 351
415 437
415 479
415 543
415 607
415 1050
415 1060
415 1084
416 224
416 288
416 352
416 480
416 544
416 608
416 899
417 225
417 289
417 353
417 481
417 545
417 609
417 746
418 101
418 226
418 290
418 354
418 482
418 546
418 610
418 708
419 218
419 227
419 291
419 355
419 368
419 483
419 547
419 611
419 1008
420 228
420 292
420 356
420 357
420 421
420 484
420 548
420 612
420 896
420 962
420 1266
421 229
421 293
421 357
421 420
421 485
421 549
421 613
421 896
421 962
421 1266
422 230
422 294
422 358
422 486
422 550
422 614
422 1194
423 231
423 295
423 345
423 359
423 487
423 551
423 615
423 668
423 848
423 1140
424 232
424 296
424 360
424 488
424 552
424 616
425 233
425 297
425 361
425 489
425 553
425 578
425 617
425 674
425 898
425 1010
426 234
426 298
426 362
426 490
426 554
426 618
427 363
428 57
428 103
428 220
428 236
428 300
428 364
428 492
428 556
428 557
428 620
428 980
428 1070
429 237
429 280
429 301
429 365
429 488
429 493
429 547
429 552
429 557
429 621
429 814
430 302
430 366
430 494
430 558
430 627
430 689
430 956
431 239
431 303
431 367
431 486
431 495
431 559
431 623
431 667
432 240
432 304
432 368
432 496
432 560
432 624
433 305
433 313
433 369
433 497
433 561
433 625
434 0
434 242
434 287
434 293
434 306
434 370
434 498
434 562
434 610
434 626
434 916
435 184
435 243
435 251
435 307
435 371
435 499
435 563
435 1075
435 1209
436 21
436 173
436 244
436 308
436 372
436 500
436 564
436 628
437 245
437 309
437 373
437 415
437 501
437 565
437 629
437 1050
437 1060
437 1084
438 246
438 310
438 374
438 502
438 566
438 630
439 167
439 247
439 311
439 375
439 410
439 503
439 567
439 631
439 1040
440 248
440 312
440 376
440 504
440 568
440 632
440 755
441 313
441 377
441 505
441 569
441 624
442 171
442 314
442 378
442 506
442 570
442 1151
443 44
443 208
443 251
443 300
443 315
443 379
443 501
443 507
443 571
443 635
444 190
444 316
444 380
444 508
444 572
444 703
444 811
444 944
445 51
445 120
445 253
445 311
445 317
445 381
445 472
445 509
445 537
445 573
445 637
445 695
445 739
445 816
446 62
446 382
446 510
446 574
447 319
447 383
447 511
447 575
447 766
447 767
447 1214
448 64
448 162
448 256
448 290
448 320
448 384
448 512
448 576
448 612
448 640
448 964
449 257
449 321
449 385
449 513
449 577
449 641
450 90
450 92
450 154
450 258
450 322
450 386
450 514
450 578
450 642
450 878
451 259
451 323
451 387
451 515
451 579
451 580
451 643
451 862
451 1171
452 76
452 260
452 324
452 388
452 516
452 580
452 644
452 735
453 261
453 310
453 325
453 374
453 389
453 480
453 517
453 581
453 645
454 6
454 70
454 134
454 198
454 262
454 326
454 390
454 518
454 582
454 646
454 710
454 774
454 838
454 902
454 966
454 971
454 1030
454 1035
454 1094
454 1099
454 1158
454 1163
454 1222
454 1227
455 263
455 327
455 391
455 519
455 583
455 647
455 1258
456 9
456 11
456 73
456 75
456 77
456 136
456 139
456 203
456 264
456 265
456 267
456 269
456 328
456 331
456 392
456 397
456 459
456 461
456 520
456 525
456 584
456 589
456 648
456 653
456 712
456 776
456 779
456 781
456 840
456 843
456 845
456 904
456 909
456 968
456 973
456 1032
456 1096
456 1101
456 1160
456 1165
456 1224
457 8
457 72
457 137
457 201
457 264
457 265
457 329
457 393
457 521
457 585
457 649
457 713
457 777
457 841
457 905
457 969
457 1033
457 1097
457 1161
457 1225
458 266
458 330
458 394
458 466
458 522
458 546
458 586
458 650
459 9
459 11
459 73
459 75
459 136
459 139
459 203
459 265
459 267
459 328
459 331
459 392
459 395
459 456
459 520
459 523
459 584
459 587
459 648
459 651
459 653
459 712
459 779
459 840
459 845
459 904
459 909
459 973
459 1096
459 1101
459 1160
459 1165
460 268
460 332
460 396
460 524
460 588
460 652
460 787
461 9
461 11
461 13
461 77
461 139
461 141
461 203
461 205
461 269
461 331
461 333
461 392
461 397
461 456
461 525
461 584
461 589
461 653
461 712
461 717
461 776
461 779
461 781
461 840
461 843
461 845
461 904
461 907
461 909
461 968
461 971
461 973
461 1032
461 1037
461 1096
461 1099
461 1101
461 1160
461 1163
461 1165
461 1224
461 1229
462 270
462 334
462 398
462 526
462 590
462 654
463 271
463 335
463 399
463 527
463 591
463 598
463 643
463 655
464 272
464 336
464 369
464 400
464 528
464 592
464 656
464 675
464 912
465 273
465 337
465 401
465 529
465 593
465 657
466 274
466 338
466 402
466 458
466 530
466 546
466 594
466 658
467 147
467 275
467 339
467 388
467 403
467 478
467 531
467 595
467 659
467 1253
468 132
468 276
468 340
468 404
468 414
468 532
468 596
468 660
468 1049
469 277
469 341
469 405
469 533
469 597
469 661
469 686
470 278
470 342
470 406
470 534
470 598
470 662
471 279
471 343
471 407
471 535
471 599
471 663
472 51
472 120
472 280
472 311
472 344
472 408
472 445
472 536
472 537
472 600
472 664
472 695
472 739
472 816
473 281
473 345
473 409
473 537
473 601
473 665
473 1150
474 163
474 242
474 282
474 346
474 410
474 528
474 538
474 602
474 626
474 666
474 930
475 135
475 283
475 347
475 411
475 539
475 603
475 667
476 284
476 348
476 365
476 412
476 540
476 604
476 668
476 991
476 1172
477 285
477 349
477 413
477 541
477 605
477 669
478 147
478 286
478 350
478 388
478 414
478 467
478 542
478 606
478 670
478 1253
479 158
479 287
479 351
479 415
479 543
479 568
479 607
479 671
479 1000
480 288
480 310
480 352
480 374
480 416
480 453
480 544
480 608
480 672
481 289
481 353
481 417
481 539
481 545
481 609
481 673
482 82
482 290
482 354
482 418
482 546
482 610
482 674
482 687
483 43
483 291
483 355
483 419
483 547
483 611
483 635
483 675
483 748
483 1080
484 292
484 356
484 420
484 548
484 612
484 676
484 706
484 1076
485 293
485 357
485 421
485 549
485 613
485 677
485 857
485 869
486 294
486 358
486 422
486 431
486 550
486 614
486 667
486 678
487 52
487 295
487 359
487 423
487 551
487 615
487 679
487 743
487 933
487 1019
487 1143
488 280
488 296
488 360
488 424
488 429
488 547
488 552
488 616
488 680
488 814
489 297
489 361
489 425
489 553
489 617
489 681
490 298
490 362
490 426
490 554
490 618
490 682
491 555
492 300
492 316
492 364
492 428
492 494
492 499
492 556
492 620
492 954
493 20
493 192
493 301
493 365
493 429
493 557
493 621
493 676
493 685
493 768
493 1149
494 302
494 316
494 366
494 430
494 492
494 499
494 558
494 622
494 954
495 303
495 367
495 431
495 559
495 623
495 687
496 56
496 172
496 177
496 304
496 368
496 432
496 560
496 624
496 688
496 1006
496 1009
496 1104
497 305
497 369
497 433
497 561
497 625
497 689
498 306
498 370
498 434
498 562
498 626
498 690
498 732
499 307
499 316
499 371
499 435
499 492
499 494
499 563
499 627
499 954
500 308
500 372
500 436
500 564
500 628
500 692
500 788
501 44
501 208
501 300
501 309
501 373
501 437
501 443
501 565
501 629
501 693
502 310
502 374
502 438
502 566
502 630
502 694
503 245
503 277
503 311
503 375
503 439
503 567
503 631
503 695
503 1218
504 235
504 312
504 376
504 380
504 440
504 568
504 632
504 696
504 871
504 880
505 377
505 441
505 569
505 633
506 378
506 442
506 570
507 59
507 379
507 443
507 571
507 635
507 683
507 1200
508 253
508 380
508 444
508 572
508 636
509 307
509 317
509 381
509 445
509 536
509 573
509 637
509 656
509 701
509 820
509 1144
510 382
510 446
510 574
510 638
510 876
510 939
510 1073
511 383
511 447
511 575
511 639
511 1195
512 165
512 258
512 320
512 384
512 386
512 448
512 576
512 613
512 640
512 704
512 754
512 946
513 321
513 385
513 449
513 577
513 641
513 705
513 806
514 53
514 322
514 386
514 450
514 532
514 578
514 642
514 706
514 807
515 161
515 323
515 387
515 451
515 579
515 643
515 707
515 1057
516 2
516 31
516 105
516 324
516 388
516 452
516 580
516 644
516 708
516 738
516 740
516 813
516 1235
516 1241
517 261
517 325
517 389
517 453
517 581
517 645
517 709
518 6
518 70
518 134
518 198
518 262
518 326
518 390
518 454
518 582
518 646
518 710
518 774
518 838
518 902
518 966
518 971
518 1030
518 1035
518 1094
518 1099
518 1158
518 1163
518 1222
518 1227
519 327
519 391
519 455
519 583
519 647
519 711
519 1103
520 9
520 73
520 75
520 136
520 139
520 200
520 203
520 265
520 267
520 328
520 331
520 392
520 456
520 459
520 584
520 648
520 653
520 712
520 779
520 1160
521 8
521 72
521 137
521 201
521 264
521 329
521 393
521 457
521 585
521 649
521 713
521 777
521 841
521 905
521 969
521 1033
521 1097
521 1161
521 1225
522 98
522 330
522 394
522 458
522 586
522 650
522 714
523 331
523 395
523 459
523 587
523 651
523 715
524 332
524 396
524 460
524 588
524 652
524 716
524 787
525 9
525 11
525 13
525 77
525 139
525 141
525 203
525 205
525 267
525 269
525 331
525 333
525 392
525 397
525 456
525 461
525 584
525 589
525 648
525 653
525 712
525 717
525 776
525 779
525 781
525 840
525 843
525 845
525 904
525 907
525 909
525 968
525 971
525 973
525 1032
525 1037
525 1096
525 1099
525 1101
525 1160
525 1163
525 1165
525 1224
525 1229
526 334
526 398
526 462
526 590
526 654
526 718
527 335
527 399
527 463
527 591
527 603
527 655
527 719
528 163
528 242
528 336
528 400
528 464
528 474
528 592
528 626
528 656
528 720
528 930
529 337
529 401
529 465
529 593
529 657
529 721
530 128
530 338
530 402
530 466
530 594
530 644
530 658
530 722
531 339
531 403
531 467
531 595
531 659
531 723
532 53
532 340
532 404
532 468
532 514
532 596
532 660
532 724
532 807
533 341
533 405
533 469
533 597
533 661
533 725
534 129
534 342
534 406
534 470
534 598
534 662
534 726
535 151
535 343
535 407
535 471
535 599
535 663
535 727
536 307
536 344
536 408
536 472
536 509
536 600
536 656
536 664
536 728
536 820
536 1144
537 51
537 120
537 311
537 345
537 409
537 445
537 472
537 473
537 601
537 665
537 695
537 729
537 739
537 816
538 346
538 410
538 474
538 565
538 567
538 602
538 666
538 730
538 920
538 1077
538 1127
538 1191
539 347
539 411
539 475
539 481
539 603
539 667
539 731
540 229
540 348
540 412
540 476
540 604
540 668
540 732
541 3
541 349
541 413
541 477
541 605
541 669
541 733
541 861
541 1219
542 274
542 350
542 414
542 478
542 606
542 670
542 734
543 340
543 351
543 359
543 415
543 479
543 596
543 607
543 671
543 735
543 818
543 957
543 1202
544 352
544 416
544 480
544 608
544 672
544 736
545 353
545 417
545 481
545 609
545 673
545 737
545 780
546 354
546 418
546 458
546 466
546 482
546 610
546 674
546 738
547 280
547 355
547 419
547 429
547 483
547 488
547 552
547 611
547 675
547 739
547 814
548 36
548 194
548 356
548 420
548 484
548 612
548 676
548 740
548 960
548 1026
549 211
549 357
549 421
549 485
549 613
549 670
549 677
549 741
549 931
549 988
550 358
550 422
550 486
550 614
550 678
550 723
550 742
551 117
551 359
551 423
551 487
551 563
551 615
551 660
551 679
551 690
551 743
551 830
551 1201
552 280
552 360
552 424
552 429
552 488
552 547
552 616
552 680
552 744
552 814
553 39
553 169
553 348
553 361
553 425
553 489
553 617
553 681
553 729
553 745
553 784
553 858
553 1005
553 1188
554 362
554 426
554 490
554 618
554 669
554 682
554 746
555 491
555 619
555 747
556 241
556 364
556 428
556 492
556 620
556 680
556 684
556 1131
556 1274
557 57
557 103
557 220
557 365
557 428
557 429
557 493
557 621
557 685
557 749
557 980
557 1070
558 61
558 180
558 366
558 430
558 494
558 622
558 665
558 686
558 750
558 1255
559 367
559 431
559 495
559 623
559 687
559 751
559 1121
559 1156
560 244
560 368
560 432
560 496
560 564
560 624
560 688
560 1147
561 116
561 369
561 433
561 497
561 625
561 689
561 753
562 189
562 370
562 384
562 405
562 434
562 498
562 626
562 690
562 754
562 853
562 922
562 1178
563 117
563 371
563 435
563 499
563 551
563 627
563 660
563 690
563 691
563 755
563 830
563 1201
564 244
564 372
564 436
564 500
564 560
564 628
564 692
564 756
564 1147
565 373
565 437
565 501
565 538
565 567
565 629
565 693
565 757
565 920
565 1077
565 1127
565 1191
566 374
566 438
566 502
566 630
566 694
566 758
567 375
567 439
567 503
567 538
567 565
567 631
567 695
567 759
567 920
567 1077
567 1127
567 1191
568 158
568 376
568 440
568 479
568 504
568 632
568 696
568 760
568 1000
569 441
569 505
569 633
569 636
569 697
569 752
570 442
570 506
570 634
570 698
571 124
571 314
571 443
571 507
571 635
572 380
572 444
572 508
572 636
572 700
572 764
573 113
573 144
573 381
573 445
573 509
573 637
573 701
573 765
574 108
574 377
574 446
574 510
574 638
574 702
574 889
575 447
575 511
575 639
575 703
576 384
576 448
576 512
576 640
576 704
576 768
576 885
576 997
577 385
577 449
577 513
577 641
577 705
577 769
577 1164
578 386
578 425
578 450
578 514
578 642
578 674
578 706
578 770
578 898
578 1010
579 387
579 451
579 515
579 643
579 707
579 771
579 1153
580 388
580 451
580 452
580 516
580 644
580 708
580 772
580 862
580 1171
581 389
581 453
581 517
581 645
581 709
581 736
581 773
581 965
581 1066
582 6
582 70
582 134
582 198
582 262
582 326
582 390
582 454
582 518
582 646
582 710
582 774
582 838
582 902
582 966
582 971
582 1030
582 1035
582 1094
582 1099
582 1158
582 1163
582 1222
582 1227
583 342
583 391
583 455
583 519
583 647
583 711
583 775
584 9
584 11
584 73
584 75
584 77
584 136
584 139
584 141
584 203
584 205
584 267
584 269
584 331
584 333
584 392
584 397
584 456
584 459
584 461
584 520
584 525
584 589
584 648
584 653
584 712
584 717
584 776
584 779
584 781
584 840
584 843
584 845
584 904
584 909
584 968
584 973
584 1032
584 1096
584 1101
584 1160
584 1165
584 1224
585 8
585 72
585 137
585 201
585 264
585 329
585 393
585 457
585 521
585 649
585 713
585 777
585 841
585 905
585 969
585 1033
585 1097
585 1161
585 1225
586 394
586 413
586 458
586 522
586 650
586 714
586 778
587 395
587 459
587 523
587 651
587 715
587 779
588 396
588 460
588 524
588 614
588 652
588 716
588 780
588 926
589 9
589 11
589 13
589 77
589 139
589 141
589 203
589 205
589 267
589 269
589 331
589 333
589 392
589 397
589 456
589 461
589 525
589 584
589 648
589 653
589 712
589 717
589 776
589 779
589 781
589 840
589 843
589 845
589 904
589 907
589 909
589 968
589 971
589 973
589 1032
589 1037
589 1096
589 1099
589 1101
589 1160
589 1163
589 1165
589 1224
589 1229
590 398
590 462
590 526
590 654
590 718
590 782
591 399
591 463
591 527
591 655
591 719
591 783
592 104
592 355
592 400
592 464
592 528
592 656
592 720
592 784
592 867
592 893
592 1177
592 1240
593 401
593 465
593 529
593 657
593 721
593 785
594 402
594 466
594 530
594 658
594 722
594 786
594 1107
595 403
595 467
595 531
595 659
595 723
595 787
595 1220
595 1234
596 340
596 359
596 404
596 468
596 532
596 543
596 660
596 724
596 788
596 818
596 957
596 1202
597 405
597 469
597 533
597 661
597 692
597 725
597 789
597 803
597 1276
598 406
598 463
598 470
598 534
598 643
598 662
598 726
598 790
599 29
599 407
599 471
599 535
599 663
599 722
599 727
599 783
599 791
600 408
600 472
600 536
600 664
600 728
600 792
601 89
601 409
601 473
601 537
601 665
601 724
601 729
601 759
601 793
601 1114
602 400
602 410
602 474
602 538
602 637
602 666
602 679
602 730
602 760
602 794
602 995
603 411
603 475
603 527
603 539
603 667
603 731
603 795
604 412
604 476
604 540
604 668
604 732
604 756
604 796
604 873
604 1074
605 413
605 477
605 541
605 669
605 733
605 797
606 414
606 478
606 542
606 670
606 734
606 798
607 140
607 415
607 479
607 543
607 671
607 735
607 799
608 416
608 480
608 544
608 672
608 736
608 800
609 417
609 481
609 545
609 673
609 737
609 801
609 835
609 1179
610 0
610 287
610 293
610 306
610 418
610 434
610 482
610 546
610 674
610 738
610 802
610 916
611 419
611 483
611 547
611 675
611 739
611 803
611 937
611 999
612 64
612 162
612 290
612 420
612 448
612 484
612 548
612 676
612 740
612 804
612 964
613 165
613 258
613 386
613 421
613 485
613 512
613 549
613 677
613 741
613 754
613 805
613 946
614 422
614 486
614 550
614 588
614 678
614 742
614 806
614 926
615 291
615 423
615 487
615 551
615 679
615 743
615 807
615 1186
615 1187
616 424
616 488
616 552
616 680
616 744
616 808
616 884
616 1125
617 301
617 425
617 489
617 553
617 681
617 745
617 809
617 1213
618 97
618 426
618 490
618 554
618 682
618 746
618 810
618 1199
619 555
619 683
619 747
620 174
620 185
620 376
620 379
620 428
620 492
620 556
620 664
620 684
620 748
620 812
620 1132
621 30
621 429
621 493
621 557
621 685
621 749
621 813
622 494
622 558
622 686
622 750
622 814
623 431
623 495
623 559
623 678
623 687
623 751
623 815
624 432
624 441
624 496
624 560
624 688
624 752
624 816
625 127
625 188
625 371
625 433
625 497
625 561
625 684
625 689
625 753
625 817
625 1012
625 1176
625 1256
625 1273
626 163
626 242
626 434
626 474
626 498
626 528
626 562
626 690
626 754
626 818
626 930
627 430
627 499
627 563
627 689
627 691
627 755
627 819
627 956
628 341
628 372
628 436
628 500
628 564
628 692
628 693
628 756
628 820
629 115
629 236
629 243
629 364
629 437
629 501
629 565
629 693
629 757
629 821
629 947
629 1136
629 1279
630 438
630 502
630 566
630 694
630 758
630 822
630 1166
631 196
631 354
631 439
631 503
631 567
631 695
631 759
631 823
632 346
632 440
632 504
632 568
632 696
632 760
632 824
632 856
632 1251
633 250
633 505
633 569
633 697
633 702
633 761
633 825
634 570
634 698
635 43
635 443
635 483
635 507
635 571
635 699
635 748
635 763
635 827
635 1080
636 508
636 569
636 572
636 700
636 752
636 764
637 400
637 445
637 509
637 573
637 602
637 679
637 701
637 760
637 765
637 829
637 995
638 510
638 574
638 702
638 766
638 830
638 1211
639 60
639 511
639 575
639 703
639 767
639 888
640 85
640 232
640 275
640 448
640 512
640 576
640 704
640 768
640 819
640 832
640 1138
641 449
641 513
641 577
641 705
641 737
641 769
641 833
642 450
642 514
642 578
642 706
642 770
642 804
642 834
642 1134
643 451
643 463
643 515
643 579
643 598
643 707
643 771
643 835
644 128
644 452
644 516
644 530
644 580
644 708
644 772
644 836
645 453
645 517
645 581
645 709
645 773
645 837
646 6
646 70
646 134
646 198
646 262
646 326
646 390
646 454
646 518
646 582
646 710
646 774
646 838
646 902
646 966
646 971
646 1030
646 1035
646 1094
646 1099
646 1158
646 1163
646 1222
646 1227
647 455
647 519
647 583
647 711
647 775
647 839
648 9
648 11
648 73
648 75
648 77
648 136
648 139
648 203
648 265
648 267
648 331
648 392
648 397
648 456
648 459
648 520
648 525
648 584
648 589
648 653
648 712
648 776
648 779
648 840
648 843
648 845
648 904
648 909
648 968
648 973
648 1096
648 1101
648 1160
648 1165
648 1224
649 8
649 72
649 137
649 201
649 264
649 329
649 393
649 457
649 521
649 585
649 713
649 777
649 841
649 905
649 969
649 1033
649 1097
649 1161
649 1225
650 458
650 522
650 586
650 714
650 778
650 842
650 1190
651 459
651 523
651 587
651 715
651 779
651 843
652 338
652 460
652 524
652 588
652 716
652 780
652 844
653 9
653 11
653 73
653 75
653 77
653 136
653 139
653 203
653 205
653 267
653 269
653 331
653 333
653 392
653 397
653 456
653 459
653 461
653 520
653 525
653 584
653 589
653 648
653 712
653 717
653 776
653 779
653 781
653 840
653 843
653 845
653 904
653 909
653 968
653 973
653 1032
653 1096
653 1101
653 1160
653 1165
653 1224
654 462
654 526
654 590
654 718
654 782
654 846
655 1
655 463
655 527
655 591
655 719
655 783
655 847
656 307
656 464
656 509
656 528
656 536
656 592
656 720
656 784
656 820
656 848
656 1144
657 465
657 529
657 593
657 721
657 785
657 849
658 360
658 466
658 530
658 594
658 722
658 786
658 850
658 1247
659 467
659 531
659 595
659 723
659 787
659 851
659 1183
659 1207
660 117
660 468
660 532
660 551
660 563
660 596
660 690
660 724
660 788
660 830
660 852
660 1201
661 35
661 41
661 148
661 216
661 469
661 533
661 597
661 725
661 747
661 789
661 821
661 853
661 877
661 984
661 1063
662 470
662 534
662 598
662 726
662 790
662 854
663 471
663 535
663 599
663 727
663 791
663 795
663 855
664 174
664 185
664 376
664 379
664 472
664 536
664 600
664 620
664 728
664 792
664 856
664 1132
665 61
665 180
665 473
665 537
665 558
665 601
665 729
665 793
665 857
665 1255
666 272
666 474
666 538
666 602
666 730
666 794
666 824
666 858
667 431
667 475
667 486
667 539
667 603
667 731
667 795
667 859
668 345
668 423
668 476
668 540
668 604
668 732
668 796
668 848
668 860
668 1140
669 477
669 541
669 554
669 605
669 682
669 733
669 797
669 861
670 211
670 478
670 542
670 549
670 606
670 734
670 798
670 862
670 931
670 988
671 26
671 308
671 479
671 543
671 607
671 735
671 799
671 863
672 480
672 544
672 608
672 736
672 800
672 864
673 143
673 481
673 545
673 609
673 737
673 801
673 833
673 865
673 1115
673 1116
674 425
674 482
674 546
674 578
674 610
674 738
674 802
674 866
674 898
674 1010
675 369
675 464
675 483
675 547
675 611
675 739
675 803
675 867
675 912
676 20
676 192
676 484
676 493
676 548
676 612
676 740
676 768
676 804
676 868
676 1149
677 485
677 549
677 613
677 741
677 805
677 869
678 486
678 550
678 614
678 623
678 742
678 806
678 870
679 400
679 487
679 551
679 602
679 615
679 637
679 743
679 760
679 807
679 871
679 995
680 241
680 488
680 552
680 556
680 616
680 744
680 808
680 872
680 1131
680 1274
681 489
681 553
681 617
681 745
681 809
681 873
682 490
682 554
682 618
682 669
682 746
682 810
682 874
683 59
683 507
683 619
683 747
683 811
683 1200
684 127
684 188
684 371
684 556
684 620
684 625
684 748
684 812
684 876
684 1012
684 1176
684 1256
684 1273
685 40
685 149
685 223
685 493
685 557
685 621
685 749
685 813
685 877
686 469
686 558
686 622
686 750
686 814
686 878
687 82
687 482
687 495
687 559
687 623
687 751
687 815
687 879
688 46
688 110
688 227
688 295
688 496
688 560
688 624
688 720
688 752
688 816
688 880
688 891
688 1016
689 430
689 497
689 561
689 625
689 627
689 753
689 817
689 881
689 956
690 117
690 498
690 551
690 562
690 563
690 626
690 660
690 754
690 818
690 830
690 882
690 1201
691 563
691 627
691 755
691 819
691 825
692 500
692 564
692 597
692 628
692 756
692 803
692 820
692 884
692 1276
693 341
693 372
693 501
693 565
693 628
693 629
693 757
693 821
693 885
694 502
694 566
694 630
694 758
694 822
694 886
695 51
695 120
695 311
695 445
695 472
695 503
695 537
695 567
695 631
695 739
695 759
695 816
695 823
695 887
696 235
696 380
696 504
696 568
696 632
696 760
696 824
696 871
696 880
697 569
697 633
697 700
697 761
697 825
698 255
698 570
698 634
698 762
698 826
698 831
699 635
699 763
699 827
699 828
700 572
700 636
700 697
700 764
701 109
701 509
701 573
701 637
701 765
701 829
701 893
701 1109
702 250
702 574
702 633
702 638
702 766
702 830
703 190
703 444
703 575
703 639
703 767
703 811
703 831
703 944
704 512
704 576
704 640
704 768
704 832
704 872
704 896
704 1106
704 1152
705 513
705 577
705 641
705 769
705 833
705 874
705 897
705 923
705 1182
706 484
706 514
706 578
706 642
706 770
706 834
706 898
706 1076
707 515
707 579
707 643
707 771
707 835
707 887
707 899
707 1128
707 1237
708 101
708 418
708 516
708 580
708 644
708 772
708 836
708 900
709 517
709 581
709 645
709 773
709 837
709 901
710 6
710 70
710 134
710 198
710 262
710 326
710 390
710 454
710 518
710 582
710 646
710 774
710 838
710 902
710 966
710 971
710 1030
710 1035
710 1094
710 1099
710 1158
710 1163
710 1222
710 1227
711 519
711 583
711 647
711 775
711 839
711 903
712 9
712 11
712 13
712 73
712 75
712 77
712 136
712 139
712 141
712 203
712 205
712 267
712 269
712 331
712 333
712 392
712 397
712 456
712 459
712 461
712 520
712 525
712 584
712 589
712 648
712 653
712 717
712 776
712 779
712 781
712 840
712 843
712 845
712 904
712 907
712 909
712 968
712 973
712 1032
712 1037
712 1096
712 1101
712 1160
712 1165
712 1224
712 1229
713 8
713 72
713 137
713 201
713 264
713 329
713 393
713 457
713 521
713 585
713 649
713 777
713 841
713 905
713 969
713 1033
713 1097
713 1161
713 1225
714 259
714 522
714 586
714 650
714 744
714 778
714 842
714 906
714 1141
715 523
715 587
715 651
715 779
715 843
715 907
716 524
716 588
716 652
716 780
716 844
716 908
717 11
717 13
717 77
717 139
717 141
717 203
717 205
717 269
717 331
717 333
717 392
717 397
717 461
717 525
717 584
717 589
717 653
717 712
717 776
717 779
717 781
717 840
717 843
717 845
717 904
717 907
717 909
717 968
717 971
717 973
717 1032
717 1035
717 1037
717 1096
717 1099
717 1101
717 1160
717 1163
717 1165
717 1224
717 1227
717 1229
718 526
718 590
718 654
718 782
718 846
718 910
719 527
719 591
719 655
719 783
719 847
719 911
720 46
720 110
720 227
720 295
720 528
720 592
720 656
720 688
720 784
720 848
720 891
720 912
720 1016
721 529
721 593
721 657
721 785
721 849
721 913
722 29
722 530
722 594
722 599
722 658
722 783
722 786
722 850
722 914
723 531
723 550
723 595
723 659
723 787
723 851
723 915
724 89
724 532
724 596
724 601
724 660
724 759
724 788
724 852
724 916
724 1114
725 25
725 533
725 597
725 661
725 789
725 853
725 917
726 534
726 598
726 662
726 790
726 854
726 918
727 535
727 599
727 663
727 791
727 855
727 919
727 1001
728 536
728 600
728 664
728 730
728 792
728 856
728 920
729 39
729 169
729 348
729 537
729 553
729 601
729 665
729 784
729 793
729 857
729 858
729 921
729 1005
729 1188
730 538
730 602
730 666
730 728
730 794
730 858
730 922
731 539
731 603
731 667
731 795
731 859
731 923
731 1246
732 498
732 540
732 604
732 668
732 796
732 860
732 924
733 541
733 605
733 669
733 797
733 861
733 925
734 542
734 606
734 670
734 798
734 862
734 926
735 76
735 452
735 543
735 607
735 671
735 799
735 863
735 927
736 544
736 581
736 608
736 672
736 800
736 864
736 928
736 965
736 1066
737 545
737 609
737 641
737 673
737 801
737 865
737 929
738 2
738 31
738 105
738 516
738 546
738 610
738 674
738 740
738 802
738 813
738 866
738 930
738 1235
738 1241
739 51
739 120
739 311
739 445
739 472
739 537
739 547
739 611
739 675
739 695
739 803
739 816
739 867
739 931
740 2
740 31
740 105
740 516
740 548
740 612
740 676
740 738
740 804
740 813
740 868
740 932
740 1235
740 1241
741 549
741 613
741 677
741 799
741 805
741 869
741 933
741 1129
742 550
742 614
742 678
742 806
742 870
742 934
743 52
743 487
743 551
743 615
743 679
743 807
743 871
743 933
743 935
743 1019
743 1143
744 259
744 552
744 616
744 680
744 714
744 808
744 872
744 936
744 1141
745 83
745 553
745 617
745 681
745 809
745 873
745 927
745 937
745 1113
746 417
746 554
746 618
746 682
746 810
746 874
746 938
747 35
747 41
747 148
747 216
747 555
747 619
747 661
747 683
747 811
747 821
747 875
747 877
747 939
747 984
747 1063
748 43
748 483
748 620
748 635
748 684
748 812
748 876
748 940
748 1080
749 191
749 557
749 621
749 685
749 813
749 877
749 941
750 558
750 622
750 686
750 814
750 878
750 942
751 559
751 623
751 687
751 815
751 879
751 943
752 569
752 624
752 636
752 688
752 816
752 880
753 561
753 625
753 689
753 817
753 881
753 945
754 165
754 258
754 386
754 512
754 562
754 613
754 626
754 690
754 818
754 882
754 946
755 440
755 563
755 627
755 691
755 819
755 883
755 947
756 564
756 604
756 628
756 692
756 820
756 873
756 884
756 948
756 1074
757 164
757 565
757 629
757 693
757 821
757 885
757 949
758 566
758 630
758 694
758 822
758 886
758 950
759 89
759 567
759 601
759 631
759 695
759 724
759 823
759 887
759 951
759 1114
760 400
760 568
760 602
760 632
760 637
760 679
760 696
760 824
760 888
760 952
760 995
761 121
761 305
761 633
761 697
761 825
761 889
762 698
762 826
763 635
763 699
763 826
763 827
763 891
763 895
763 955
763 1023
764 572
764 636
764 700
764 827
764 828
764 892
764 956
764 1087
765 573
765 637
765 701
765 829
765 893
765 957
766 447
766 638
766 702
766 767
766 830
766 894
766 1214
767 447
767 639
767 703
767 766
767 831
767 895
767 1214
768 20
768 192
768 493
768 576
768 640
768 676
768 704
768 832
768 896
768 960
768 1149
769 577
769 641
769 705
769 833
769 897
769 961
770 153
770 381
770 578
770 642
770 706
770 834
770 898
770 962
770 979
771 579
771 643
771 707
771 835
771 899
771 963
772 168
772 580
772 644
772 708
772 836
772 900
772 964
773 133
773 581
773 645
773 709
773 837
773 901
773 965
774 6
774 70
774 134
774 198
774 262
774 326
774 390
774 454
774 518
774 582
774 646
774 710
774 838
774 902
774 966
774 1030
774 1035
774 1094
774 1099
774 1158
774 1222
774 1227
775 583
775 647
775 711
775 839
775 903
775 967
776 9
776 11
776 13
776 77
776 139
776 141
776 203
776 205
776 267
776 269
776 331
776 333
776 392
776 397
776 456
776 461
776 525
776 584
776 589
776 648
776 653
776 712
776 717
776 779
776 781
776 840
776 843
776 845
776 904
776 907
776 909
776 968
776 971
776 973
776 1032
776 1037
776 1096
776 1099
776 1101
776 1160
776 1163
776 1165
776 1224
776 1229
777 8
777 72
777 137
777 201
777 264
777 329
777 393
777 457
777 521
777 585
777 649
777 713
777 841
777 905
777 969
777 1033
777 1097
777 1161
777 1225
778 586
778 650
778 714
778 842
778 906
778 970
779 9
779 11
779 73
779 75
779 77
779 136
779 139
779 203
779 205
779 267
779 269
779 331
779 333
779 392
779 397
779 456
779 459
779 461
779 520
779 525
779 584
779 587
779 589
779 648
779 651
779 653
779 712
779 715
779 717
779 776
779 781
779 840
779 843
779 845
779 904
779 907
779 909
779 968
779 971
779 973
779 1032
779 1096
779 1101
779 1160
779 1165
779 1224
780 545
780 588
780 652
780 716
780 844
780 908
780 972
781 11
781 13
781 77
781 139
781 141
781 203
781 205
781 269
781 331
781 333
781 392
781 397
781 456
781 461
781 525
781 584
781 589
781 653
781 712
781 717
781 776
781 779
781 840
781 843
781 845
781 904
781 907
781 909
781 968
781 971
781 973
781 1032
781 1037
781 1096
781 1099
781 1101
781 1160
781 1163
781 1165
781 1224
781 1229
782 590
782 654
782 718
782 846
782 910
782 974
783 29
783 591
783 599
783 655
783 719
783 722
783 847
783 911
783 975
784 39
784 169
784 348
784 553
784 592
784 656
784 720
784 729
784 848
784 858
784 912
784 976
784 1005
784 1188
785 593
785 657
785 721
785 849
785 913
785 977
786 594
786 658
786 722
786 850
786 914
786 915
786 978
787 460
787 524
787 595
787 659
787 723
787 851
787 915
787 979
788 500
788 596
788 660
788 724
788 852
788 916
788 980
789 322
789 597
789 661
789 725
789 852
789 853
789 917
789 981
790 598
790 662
790 726
790 854
790 918
790 982
791 347
791 599
791 663
791 727
791 855
791 919
791 983
791 1170
792 276
792 600
792 664
792 728
792 856
792 920
792 984
792 1017
793 125
793 601
793 665
793 729
793 857
793 921
793 985
793 990
793 996
793 1112
794 272
794 602
794 666
794 730
794 824
794 858
794 922
794 986
795 603
795 663
795 667
795 731
795 859
795 923
795 987
796 604
796 668
796 732
796 860
796 908
796 924
796 988
797 605
797 669
797 733
797 861
797 901
797 925
797 989
798 111
798 606
798 670
798 734
798 862
798 914
798 926
798 990
799 607
799 671
799 735
799 741
799 863
799 927
799 991
799 1129
800 608
800 672
800 736
800 864
800 928
800 992
801 87
801 609
801 673
801 737
801 865
801 929
801 993
802 351
802 396
802 403
802 610
802 674
802 738
802 832
802 866
802 879
802 930
802 994
802 1015
803 597
803 611
803 675
803 692
803 739
803 867
803 931
803 995
803 1276
804 612
804 642
804 676
804 740
804 868
804 932
804 996
804 1134
805 159
805 613
805 677
805 741
805 869
805 933
805 997
805 1061
805 1122
806 513
806 614
806 678
806 742
806 870
806 934
806 998
807 53
807 514
807 532
807 615
807 679
807 743
807 871
807 935
807 999
808 616
808 680
808 744
808 872
808 936
808 1000
808 1154
809 256
809 404
809 617
809 681
809 745
809 873
809 937
809 1001
809 1021
810 618
810 682
810 746
810 874
810 938
810 1002
811 190
811 444
811 683
811 703
811 747
811 875
811 939
811 944
812 378
812 620
812 684
812 748
812 876
812 940
812 1004
812 1145
812 1275
813 2
813 31
813 105
813 516
813 621
813 685
813 738
813 740
813 749
813 877
813 941
813 1005
813 1235
813 1241
814 280
814 429
814 488
814 547
814 552
814 622
814 686
814 750
814 878
814 942
814 1006
815 119
815 623
815 687
815 751
815 879
815 943
815 1007
815 1028
816 51
816 120
816 311
816 445
816 472
816 537
816 624
816 688
816 695
816 739
816 752
816 880
816 944
816 1008
817 238
817 625
817 689
817 753
817 881
817 945
817 1009
818 340
818 359
818 543
818 596
818 626
818 690
818 754
818 882
818 946
818 957
818 1010
818 1202
819 85
819 232
819 275
819 627
819 640
819 691
819 755
819 883
819 947
819 1011
819 1138
820 307
820 509
820 536
820 628
820 656
820 692
820 756
820 884
820 948
820 1012
820 1144
821 35
821 41
821 148
821 216
821 629
821 661
821 693
821 747
821 757
821 877
821 885
821 949
821 984
821 1013
821 1063
822 630
822 694
822 758
822 886
822 950
822 1014
823 146
823 178
823 631
823 695
823 759
823 887
823 951
823 1015
823 1044
824 272
824 632
824 666
824 696
824 760
824 794
824 888
824 952
824 1016
825 633
825 691
825 697
825 761
825 889
825 953
825 1017
826 698
826 762
826 763
826 890
826 895
826 954
826 1023
827 635
827 699
827 763
827 764
827 891
827 955
827 1019
827 1087
828 699
828 764
828 892
828 956
829 50
829 637
829 701
829 765
829 893
829 957
829 1021
830 117
830 551
830 563
830 638
830 660
830 690
830 702
830 766
830 894
830 958
830 1022
830 1201
831 255
831 698
831 703
831 767
831 895
831 959
832 351
832 396
832 403
832 640
832 704
832 768
832 802
832 866
832 879
832 896
832 960
832 1015
832 1024
833 143
833 641
833 673
833 705
833 769
833 897
833 961
833 1025
833 1115
833 1116
834 344
834 642
834 706
834 770
834 898
834 962
834 1026
835 609
835 643
835 707
835 771
835 899
835 963
835 1027
835 1179
836 644
836 708
836 772
836 860
836 900
836 964
836 1028
837 645
837 709
837 773
837 901
837 965
837 1029
838 6
838 70
838 134
838 198
838 262
838 326
838 390
838 454
838 518
838 582
838 646
838 710
838 774
838 902
838 966
838 971
838 1030
838 1035
838 1094
838 1099
838 1158
838 1163
838 1222
838 1227
839 647
839 711
839 775
839 903
839 967
839 1031
839 1056
840 9
840 11
840 13
840 73
840 75
840 77
840 136
840 139
840 141
840 203
840 205
840 267
840 269
840 331
840 333
840 392
840 397
840 456
840 459
840 461
840 525
840 584
840 589
840 648
840 653
840 712
840 717
840 776
840 779
840 781
840 843
840 845
840 904
840 907
840 909
840 968
840 973
840 1032
840 1037
840 1096
840 1101
840 1160
840 1165
840 1224
840 1229
841 8
841 72
841 137
841 201
841 264
841 329
841 393
841 457
841 521
841 585
841 649
841 713
841 777
841 905
841 969
841 1033
841 1097
841 1161
841 1225
842 268
842 650
842 714
842 778
842 906
842 970
842 1034
842 1216
843 9
843 11
843 13
843 77
843 139
843 141
843 203
843 205
843 267
843 269
843 331
843 333
843 392
843 397
843 456
843 461
843 525
843 584
843 589
843 648
843 651
843 653
843 712
843 715
843 717
843 776
843 779
843 781
843 840
843 845
843 904
843 907
843 909
843 968
843 971
843 973
843 1032
843 1035
843 1037
843 1096
843 1099
843 1101
843 1160
843 1163
843 1165
843 1224
843 1229
844 38
844 652
844 716
844 780
844 908
844 972
844 1036
845 9
845 11
845 13
845 73
845 77
845 139
845 141
845 203
845 205
845 267
845 269
845 331
845 333
845 392
845 397
845 456
845 459
845 461
845 525
845 584
845 589
845 648
845 653
845 712
845 717
845 776
845 779
845 781
845 840
845 843
845 904
845 907
845 909
845 968
845 971
845 973
845 1032
845 1037
845 1096
845 1099
845 1101
845 1160
845 1163
845 1165
845 1224
845 1229
846 654
846 718
846 782
846 910
846 974
846 1038
847 655
847 719
847 783
847 911
847 975
847 1039
848 345
848 423
848 656
848 668
848 720
848 784
848 912
848 976
848 1040
848 1140
849 160
849 657
849 721
849 785
849 913
849 977
849 1041
850 658
850 722
850 786
850 914
850 978
850 1042
851 37
851 659
851 723
851 787
851 915
851 979
851 1043
852 322
852 660
852 724
852 788
852 789
852 916
852 980
852 1044
853 189
853 384
853 405
853 562
853 661
853 725
853 789
853 917
853 922
853 981
853 1045
853 1178
854 662
854 726
854 790
854 918
854 982
854 1046
855 663
855 727
855 791
855 919
855 983
855 1047
855 1079
856 346
856 632
856 664
856 728
856 792
856 920
856 984
856 1048
856 1251
857 485
857 665
857 729
857 793
857 869
857 921
857 985
857 1049
858 39
858 169
858 348
858 553
858 666
858 729
858 730
858 784
858 794
858 922
858 986
858 1005
858 1050
858 1188
859 667
859 731
859 795
859 923
859 987
859 1051
860 668
860 732
860 796
860 836
860 924
860 988
860 1052
861 3
861 541
861 669
861 733
861 797
861 925
861 989
861 1053
861 1219
862 451
862 580
862 670
862 734
862 798
862 926
862 990
862 1054
862 1171
863 671
863 735
863 799
863 927
863 991
863 1055
864 271
864 672
864 736
864 800
864 928
864 992
864 1056
865 673
865 737
865 801
865 929
865 993
865 1042
865 1057
866 351
866 396
866 403
866 674
866 738
866 802
866 832
866 879
866 930
866 994
866 1015
866 1058
867 104
867 355
867 592
867 675
867 739
867 803
867 893
867 931
867 995
867 1059
867 1177
867 1240
868 66
868 247
868 281
868 676
868 740
868 804
868 932
868 996
868 1060
868 1088
869 485
869 677
869 741
869 805
869 857
869 933
869 997
869 1061
870 678
870 742
870 806
870 934
870 998
870 1062
871 235
871 380
871 504
871 679
871 696
871 743
871 807
871 880
871 935
871 999
871 1063
872 680
872 704
872 744
872 808
872 936
872 1000
872 1064
872 1106
872 1152
873 604
873 681
873 745
873 756
873 809
873 937
873 1001
873 1065
873 1074
874 682
874 705
874 746
874 810
874 923
874 938
874 1002
874 1066
874 1182
875 122
875 747
875 811
875 939
876 510
876 684
876 748
876 812
876 939
876 940
876 1004
876 1068
876 1073
877 35
877 41
877 148
877 216
877 661
877 685
877 747
877 749
877 813
877 821
877 941
877 984
877 1005
877 1063
877 1069
878 90
878 92
878 154
878 450
878 686
878 750
878 814
878 942
878 1006
878 1070
879 351
879 396
879 403
879 687
879 751
879 802
879 815
879 832
879 866
879 943
879 1007
879 1015
879 1071
880 235
880 380
880 504
880 688
880 696
880 752
880 816
880 871
880 944
880 1008
880 1072
881 176
881 689
881 753
881 817
881 945
881 955
881 1009
881 1073
881 1081
882 94
882 233
882 690
882 754
882 818
882 941
882 946
882 981
882 1010
882 1074
882 1192
883 383
883 755
883 819
883 947
883 1011
884 616
884 692
884 756
884 820
884 948
884 1012
884 1076
884 1125
885 576
885 693
885 757
885 821
885 949
885 997
885 1013
885 1077
886 694
886 758
886 822
886 950
886 1014
886 1078
887 695
887 707
887 759
887 823
887 951
887 1015
887 1079
887 1128
887 1237
888 60
888 639
888 760
888 824
888 952
888 1016
889 108
889 377
889 574
889 761
889 825
889 953
889 1017
889 1081
890 58
890 254
890 826
890 954
890 1018
891 46
891 110
891 227
891 295
891 688
891 720
891 763
891 827
891 955
891 1016
891 1019
891 1083
892 315
892 764
892 828
892 956
892 1020
892 1084
893 104
893 355
893 592
893 701
893 765
893 829
893 867
893 957
893 1021
893 1085
893 1177
893 1240
894 766
894 830
894 958
894 1022
894 1196
895 763
895 767
895 826
895 831
895 959
895 1023
895 1087
896 357
896 420
896 421
896 704
896 768
896 832
896 960
896 962
896 1024
896 1088
896 1266
897 65
897 705
897 769
897 833
897 961
897 1025
897 1089
898 425
898 578
898 674
898 706
898 770
898 834
898 962
898 1010
898 1026
898 1090
899 416
899 707
899 771
899 835
899 963
899 1027
899 1091
900 138
900 708
900 772
900 836
900 964
900 1028
900 1092
901 709
901 773
901 797
901 837
901 965
901 1029
901 1093
902 6
902 70
902 134
902 198
902 262
902 326
902 390
902 454
902 518
902 582
902 646
902 710
902 774
902 838
902 966
902 971
902 1030
902 1035
902 1094
902 1099
902 1158
902 1163
902 1222
902 1227
903 711
903 775
903 839
903 967
903 1031
903 1095
903 1135
904 11
904 73
904 75
904 77
904 136
904 139
904 141
904 203
904 205
904 267
904 269
904 331
904 333
904 392
904 397
904 456
904 459
904 461
904 525
904 584
904 589
904 648
904 653
904 712
904 717
904 776
904 779
904 781
904 840
904 843
904 845
904 907
904 909
904 968
904 971
904 973
904 1032
904 1037
904 1096
904 1101
904 1160
904 1163
904 1165
904 1224
904 1229
905 8
905 72
905 137
905 201
905 264
905 329
905 393
905 457
905 521
905 585
905 649
905 713
905 777
905 841
905 969
905 1033
905 1097
905 1161
905 1225
906 195
906 714
906 778
906 842
906 970
906 1034
906 1098
907 13
907 77
907 139
907 141
907 203
907 205
907 269
907 333
907 392
907 397
907 461
907 525
907 589
907 712
907 715
907 717
907 776
907 779
907 781
907 840
907 843
907 845
907 904
907 909
907 968
907 971
907 973
907 1032
907 1035
907 1037
907 1096
907 1099
907 1101
907 1160
907 1163
907 1165
907 1224
907 1227
907 1229
908 716
908 780
908 796
908 844
908 972
908 1036
908 1100
909 11
909 73
909 75
909 77
909 136
909 139
909 141
909 203
909 205
909 267
909 269
909 331
909 333
909 392
909 397
909 456
909 459
909 461
909 525
909 584
909 589
909 648
909 653
909 712
909 717
909 776
909 779
909 781
909 840
909 843
909 845
909 904
909 907
909 968
909 973
909 1032
909 1037
909 1096
909 1101
909 1160
909 1163
909 1165
909 1224
909 1229
910 206
910 352
910 718
910 782
910 846
910 974
910 1038
910 1102
911 202
911 719
911 783
911 847
911 975
911 1039
911 1103
912 369
912 464
912 675
912 720
912 784
912 848
912 976
912 1040
912 1104
913 721
913 785
913 849
913 977
913 1041
913 1105
914 111
914 722
914 786
914 798
914 850
914 978
914 1042
914 1106
915 723
915 786
915 787
915 851
915 979
915 1043
915 1107
916 0
916 287
916 293
916 306
916 434
916 610
916 724
916 788
916 852
916 980
916 1044
916 1108
917 296
917 725
917 789
917 853
917 981
917 1045
917 1109
917 1250
918 726
918 790
918 854
918 982
918 1046
918 1110
919 727
919 791
919 855
919 983
919 1047
919 1092
919 1111
920 538
920 565
920 567
920 728
920 792
920 856
920 984
920 1048
920 1077
920 1112
920 1127
920 1191
921 729
921 793
921 857
921 952
921 985
921 1049
921 1064
921 1113
922 189
922 384
922 405
922 562
922 730
922 794
922 853
922 858
922 986
922 1050
922 1114
922 1178
923 705
923 731
923 795
923 859
923 874
923 987
923 1051
923 1115
923 1182
924 353
924 732
924 796
924 860
924 961
924 988
924 1052
924 1116
925 733
925 797
925 861
925 989
925 1053
925 1117
926 588
926 614
926 734
926 798
926 862
926 990
926 1054
926 1118
927 83
927 735
927 745
927 799
927 863
927 991
927 1055
927 1113
927 1119
928 736
928 800
928 864
928 992
928 1056
928 1120
929 737
929 801
929 865
929 993
929 1027
929 1057
929 1121
930 163
930 242
930 474
930 528
930 626
930 738
930 802
930 866
930 994
930 1058
930 1122
931 211
931 549
931 670
931 739
931 803
931 867
931 988
931 995
931 1059
931 1123
932 68
932 183
932 237
932 320
932 740
932 804
932 868
932 996
932 1060
932 1124
933 52
933 487
933 741
933 743
933 805
933 869
933 997
933 1019
933 1061
933 1125
933 1143
934 412
934 742
934 806
934 870
934 998
934 1062
934 1100
934 1126
935 181
935 743
935 807
935 871
935 999
935 1063
935 1127
935 1260
936 187
936 336
936 356
936 744
936 808
936 872
936 1000
936 1048
936 1064
936 1083
936 1128
936 1236
937 611
937 745
937 809
937 873
937 999
937 1001
937 1065
937 1129
938 746
938 810
938 874
938 1002
938 1066
938 1130
938 1254
939 510
939 747
939 811
939 875
939 876
939 1003
939 1067
939 1073
940 48
940 748
940 812
940 876
940 1004
940 1020
940 1068
940 1072
940 1132
941 94
941 233
941 749
941 813
941 877
941 882
941 981
941 1005
941 1069
941 1133
941 1192
942 112
942 750
942 814
942 878
942 1006
942 1022
942 1070
942 1134
942 1262
943 751
943 815
943 879
943 998
943 1007
943 1071
943 1135
944 190
944 444
944 703
944 811
944 816
944 880
944 1008
944 1072
944 1136
945 95
945 753
945 817
945 881
945 1009
945 1073
945 1137
945 1210
946 165
946 258
946 386
946 512
946 613
946 754
946 818
946 882
946 1010
946 1074
946 1138
947 115
947 236
947 243
947 364
947 629
947 755
947 819
947 883
947 1011
947 1075
947 1136
947 1139
947 1279
948 18
948 45
948 756
948 820
948 884
948 1012
948 1013
948 1076
948 1140
948 1155
949 409
949 757
949 821
949 885
949 1013
949 1077
949 1141
949 1205
950 758
950 822
950 886
950 1014
950 1078
950 1142
951 759
951 823
951 887
951 1015
951 1079
951 1143
952 760
952 824
952 888
952 921
952 1016
952 1064
952 1080
952 1144
953 825
953 889
953 1017
953 1081
953 1278
954 316
954 492
954 494
954 499
954 826
954 890
954 1018
955 176
955 763
955 827
955 881
955 891
955 1019
955 1081
955 1083
955 1147
956 430
956 627
956 689
956 764
956 828
956 892
956 1020
956 1084
957 340
957 359
957 543
957 596
957 765
957 818
957 829
957 893
957 1021
957 1085
957 1149
957 1202
958 830
958 894
958 959
958 1022
958 1086
958 1150
958 1267
959 831
959 895
959 958
959 1023
959 1087
959 1267
960 36
960 194
960 548
960 768
960 832
960 896
960 1024
960 1026
960 1088
960 1152
961 353
961 769
961 833
961 897
961 924
961 1025
961 1089
961 1153
962 357
962 420
962 421
962 770
962 834
962 896
962 898
962 1026
962 1090
962 1154
962 1266
963 771
963 835
963 899
963 1027
963 1091
963 1155
964 64
964 162
964 290
964 448
964 612
964 772
964 836
964 900
964 1028
964 1092
964 1156
965 581
965 736
965 773
965 837
965 901
965 1029
965 1066
965 1093
965 1157
966 6
966 70
966 134
966 198
966 262
966 326
966 390
966 454
966 518
966 582
966 646
966 710
966 774
966 838
966 902
966 971
966 1030
966 1035
966 1094
966 1099
966 1158
966 1163
966 1222
966 1227
967 775
967 839
967 903
967 1031
967 1095
967 1159
968 11
968 77
968 139
968 141
968 203
968 205
968 267
968 269
968 331
968 333
968 392
968 397
968 456
968 461
968 525
968 584
968 589
968 648
968 653
968 712
968 717
968 776
968 779
968 781
968 840
968 843
968 845
968 904
968 907
968 909
968 971
968 973
968 1032
968 1037
968 1096
968 1099
968 1101
968 1160
968 1163
968 1165
968 1224
968 1229
969 8
969 72
969 137
969 201
969 264
969 329
969 393
969 457
969 521
969 585
969 649
969 713
969 777
969 841
969 905
969 1033
969 1097
969 1161
969 1225
970 407
970 778
970 842
970 906
970 1034
970 1098
970 1162
970 1244
971 13
971 134
971 141
971 205
971 262
971 269
971 326
971 333
971 390
971 397
971 454
971 461
971 518
971 525
971 582
971 589
971 646
971 710
971 717
971 776
971 779
971 781
971 838
971 843
971 845
971 902
971 904
971 907
971 966
971 968
971 973
971 1030
971 1032
971 1035
971 1037
971 1094
971 1099
971 1101
971 1158
971 1163
971 1165
971 1222
971 1224
971 1227
971 1229
972 780
972 844
972 908
972 1036
972 1100
972 1164
973 11
973 77
973 139
973 141
973 203
973 205
973 267
973 269
973 331
973 333
973 392
973 397
973 456
973 459
973 461
973 525
973 584
973 589
973 648
973 653
973 712
973 717
973 776
973 779
973 781
973 840
973 843
973 845
973 904
973 907
973 909
973 968
973 971
973 1032
973 1037
973 1096
973 1099
973 1101
973 1160
973 1163
973 1165
973 1224
973 1229
974 782
974 846
974 910
974 1038
974 1102
974 1166
975 34
975 226
975 783
975 847
975 911
975 1039
975 1103
975 1111
975 1167
976 99
976 152
976 282
976 284
976 784
976 848
976 912
976 1040
976 1104
976 1168
977 785
977 849
977 913
977 1041
977 1105
977 1169
978 387
978 786
978 850
978 914
978 1042
978 1106
978 1170
979 153
979 381
979 770
979 787
979 851
979 915
979 1043
979 1107
979 1171
980 57
980 103
980 220
980 428
980 557
980 788
980 852
980 916
980 1044
980 1070
980 1108
980 1172
981 94
981 233
981 789
981 853
981 882
981 917
981 941
981 1045
981 1109
981 1173
981 1192
982 790
982 854
982 918
982 1046
982 1110
982 1174
983 791
983 855
983 919
983 1047
983 1111
983 1175
984 35
984 41
984 148
984 216
984 661
984 747
984 792
984 821
984 856
984 877
984 920
984 1048
984 1063
984 1112
984 1176
985 125
985 793
985 857
985 921
985 990
985 996
985 1049
985 1112
985 1113
985 1177
986 794
986 858
986 922
986 1050
986 1114
986 1178
986 1232
987 795
987 859
987 923
987 1051
987 1115
987 1179
988 211
988 549
988 670
988 796
988 860
988 924
988 931
988 1052
988 1116
988 1180
989 79
989 343
989 797
989 861
989 925
989 1053
989 1117
989 1181
990 125
990 793
990 798
990 862
990 926
990 985
990 996
990 1054
990 1112
990 1118
990 1182
991 365
991 476
991 799
991 863
991 927
991 1055
991 1119
991 1172
991 1183
992 800
992 864
992 928
992 1056
992 1120
992 1184
993 801
993 865
993 929
993 1057
993 1121
993 1185
994 802
994 866
994 930
994 1058
994 1122
994 1186
995 400
995 602
995 637
995 679
995 760
995 803
995 867
995 931
995 1059
995 1123
995 1187
996 125
996 793
996 804
996 868
996 932
996 985
996 990
996 1060
996 1112
996 1124
996 1188
997 576
997 805
997 869
997 885
997 933
997 1061
997 1125
997 1189
998 806
998 870
998 934
998 943
998 1062
998 1126
998 1190
999 611
999 807
999 871
999 935
999 937
999 1063
999 1127
999 1191
1000 158
1000 479
1000 568
1000 808
1000 872
1000 936
1000 1064
1000 1128
1000 1192
1001 727
1001 809
1001 873
1001 937
1001 1065
1001 1129
1001 1193
1002 810
1002 874
1002 938
1002 1066
1002 1130
1002 1194
1003 939
1003 1067
1004 312
1004 812
1004 876
1004 940
1004 1068
1004 1132
1004 1196
1004 1272
1005 39
1005 169
1005 348
1005 553
1005 729
1005 784
1005 813
1005 858
1005 877
1005 941
1005 1069
1005 1133
1005 1188
1005 1197
1006 56
1006 172
1006 177
1006 496
1006 814
1006 878
1006 942
1006 1009
1006 1070
1006 1104
1006 1134
1006 1198
1007 12
1007 102
1007 815
1007 879
1007 943
1007 1034
1007 1071
1007 1135
1007 1199
1008 218
1008 368
1008 419
1008 816
1008 880
1008 944
1008 1072
1008 1136
1008 1200
1009 56
1009 172
1009 177
1009 496
1009 817
1009 881
1009 945
1009 1006
1009 1073
1009 1104
1009 1137
1009 1201
1010 425
1010 578
1010 674
1010 818
1010 882
1010 898
1010 946
1010 1074
1010 1138
1010 1202
1011 819
1011 883
1011 947
1011 1075
1011 1139
1012 127
1012 188
1012 371
1012 625
1012 684
1012 820
1012 884
1012 948
1012 1076
1012 1140
1012 1176
1012 1204
1012 1256
1012 1273
1013 18
1013 45
1013 821
1013 885
1013 948
1013 949
1013 1077
1013 1141
1013 1155
1013 1205
1014 69
1014 822
1014 886
1014 950
1014 1078
1014 1142
1014 1206
1015 351
1015 396
1015 403
1015 802
1015 823
1015 832
1015 866
1015 879
1015 887
1015 951
1015 1079
1015 1143
1015 1207
1016 46
1016 110
1016 227
1016 295
1016 688
1016 720
1016 824
1016 888
1016 891
1016 952
1016 1080
1016 1144
1016 1208
1017 276
1017 792
1017 825
1017 889
1017 953
1017 1081
1017 1145
1017 1209
1018 890
1018 954
1018 1082
1018 1146
1018 1210
1019 52
1019 487
1019 743
1019 827
1019 891
1019 933
1019 955
1019 1083
1019 1143
1019 1147
1019 1211
1020 48
1020 892
1020 940
1020 956
1020 1072
1020 1084
1020 1148
1020 1212
1021 256
1021 404
1021 809
1021 829
1021 893
1021 957
1021 1085
1021 1149
1021 1213
1022 112
1022 830
1022 894
1022 942
1022 958
1022 1086
1022 1150
1022 1214
1022 1262
1023 763
1023 826
1023 895
1023 959
1023 1087
1023 1151
1024 292
1024 367
1024 375
1024 832
1024 896
1024 960
1024 1088
1024 1152
1024 1216
1025 833
1025 897
1025 961
1025 1089
1025 1153
1025 1217
1026 36
1026 194
1026 548
1026 834
1026 898
1026 960
1026 962
1026 1090
1026 1154
1026 1218
1027 835
1027 899
1027 929
1027 963
1027 1091
1027 1155
1027 1219
1028 119
1028 815
1028 836
1028 900
1028 964
1028 1092
1028 1156
1028 1220
1029 837
1029 901
1029 965
1029 1093
1029 1157
1029 1221
1030 6
1030 70
1030 134
1030 198
1030 262
1030 326
1030 390
1030 454
1030 518
1030 582
1030 646
1030 710
1030 774
1030 838
1030 902
1030 966
1030 971
1030 1035
1030 1094
1030 1099
1030 1158
1030 1163
1030 1222
1030 1227
1031 246
1031 839
1031 903
1031 967
1031 1095
1031 1159
1031 1223
1032 11
1032 77
1032 141
1032 203
1032 205
1032 269
1032 331
1032 333
1032 392
1032 397
1032 456
1032 461
1032 525
1032 584
1032 589
1032 653
1032 712
1032 717
1032 776
1032 779
1032 781
1032 840
1032 843
1032 845
1032 904
1032 907
1032 909
1032 968
1032 971
1032 973
1032 1035
1032 1037
1032 1096
1032 1099
1032 1101
1032 1160
1032 1163
1032 1165
1032 1224
1032 1227
1032 1229
1033 8
1033 72
1033 137
1033 201
1033 264
1033 329
1033 393
1033 457
1033 521
1033 585
1033 649
1033 713
1033 777
1033 841
1033 905
1033 969
1033 1097
1033 1161
1033 1225
1034 12
1034 102
1034 842
1034 906
1034 970
1034 1007
1034 1098
1034 1162
1034 1226
1035 198
1035 205
1035 262
1035 326
1035 333
1035 390
1035 454
1035 518
1035 582
1035 646
1035 710
1035 717
1035 774
1035 838
1035 843
1035 902
1035 907
1035 966
1035 971
1035 1030
1035 1032
1035 1037
1035 1094
1035 1099
1035 1158
1035 1163
1035 1222
1035 1227
1035 1229
1036 844
1036 908
1036 972
1036 1100
1036 1164
1036 1228
1037 13
1037 141
1037 203
1037 205
1037 269
1037 333
1037 392
1037 397
1037 461
1037 525
1037 589
1037 712
1037 717
1037 776
1037 781
1037 840
1037 843
1037 845
1037 904
1037 907
1037 909
1037 968
1037 971
1037 973
1037 1032
1037 1035
1037 1096
1037 1099
1037 1101
1037 1163
1037 1165
1037 1224
1037 1227
1037 1229
1038 846
1038 910
1038 974
1038 1102
1038 1166
1038 1230
1039 847
1039 911
1039 975
1039 1103
1039 1167
1039 1231
1040 167
1040 410
1040 439
1040 848
1040 912
1040 976
1040 1104
1040 1168
1040 1232
1041 849
1041 913
1041 977
1041 1105
1041 1169
1041 1233
1042 850
1042 865
1042 914
1042 978
1042 1106
1042 1170
1042 1234
1043 851
1043 915
1043 979
1043 1107
1043 1171
1043 1235
1044 146
1044 178
1044 823
1044 852
1044 916
1044 980
1044 1108
1044 1172
1044 1236
1045 361
1045 853
1045 917
1045 981
1045 1109
1045 1173
1045 1237
1046 854
1046 918
1046 982
1046 1110
1046 1174
1046 1238
1047 22
1047 855
1047 919
1047 983
1047 1052
1047 1111
1047 1175
1047 1239
1048 187
1048 336
1048 356
1048 856
1048 920
1048 936
1048 984
1048 1083
1048 1112
1048 1176
1048 1236
1048 1240
1049 132
1049 414
1049 468
1049 857
1049 921
1049 985
1049 1113
1049 1177
1049 1241
1050 415
1050 437
1050 858
1050 922
1050 986
1050 1060
1050 1084
1050 1114
1050 1178
1050 1242
1051 859
1051 923
1051 987
1051 1115
1051 1159
1051 1179
1051 1243
1052 22
1052 860
1052 924
1052 988
1052 1047
1052 1116
1052 1180
1052 1244
1053 861
1053 925
1053 989
1053 1117
1053 1181
1053 1245
1054 862
1054 926
1054 990
1054 1118
1054 1182
1054 1246
1055 863
1055 927
1055 991
1055 1119
1055 1183
1055 1247
1056 839
1056 864
1056 928
1056 992
1056 1120
1056 1184
1056 1248
1057 161
1057 515
1057 865
1057 929
1057 993
1057 1121
1057 1185
1057 1249
1058 303
1058 866
1058 930
1058 994
1058 1122
1058 1186
1058 1250
1059 286
1059 867
1059 931
1059 995
1059 1123
1059 1187
1059 1251
1060 415
1060 437
1060 868
1060 932
1060 996
1060 1050
1060 1084
1060 1124
1060 1188
1060 1252
1061 159
1061 805
1061 869
1061 933
1061 997
1061 1122
1061 1125
1061 1189
1061 1253
1062 106
1062 870
1062 934
1062 998
1062 1126
1062 1190
1062 1254
1063 35
1063 41
1063 148
1063 216
1063 661
1063 747
1063 821
1063 871
1063 877
1063 935
1063 984
1063 999
1063 1127
1063 1191
1063 1255
1064 872
1064 921
1064 936
1064 952
1064 1000
1064 1128
1064 1192
1064 1256
1065 873
1065 937
1065 1001
1065 1129
1065 1193
1065 1257
1066 581
1066 736
1066 874
1066 938
1066 965
1066 1002
1066 1130
1066 1194
1066 1258
1067 249
1067 939
1067 1003
1067 1131
1067 1195
1068 114
1068 876
1068 940
1068 1004
1068 1132
1068 1196
1068 1260
1069 877
1069 941
1069 1005
1069 1133
1069 1197
1069 1261
1069 1268
1070 57
1070 103
1070 220
1070 428
1070 557
1070 878
1070 942
1070 980
1070 1006
1070 1134
1070 1198
1070 1262
1071 879
1071 943
1071 1007
1071 1135
1071 1199
1071 1263
1072 48
1072 880
1072 940
1072 944
1072 1008
1072 1020
1072 1136
1072 1200
1072 1264
1073 510
1073 876
1073 881
1073 939
1073 945
1073 1009
1073 1137
1073 1201
1073 1265
1074 604
1074 756
1074 873
1074 882
1074 946
1074 1010
1074 1138
1074 1202
1074 1266
1075 184
1075 251
1075 435
1075 947
1075 1011
1075 1139
1075 1209
1076 484
1076 706
1076 884
1076 948
1076 1012
1076 1140
1076 1204
1076 1268
1077 538
1077 565
1077 567
1077 885
1077 920
1077 949
1077 1013
1077 1127
1077 1141
1077 1191
1077 1205
1077 1269
1078 886
1078 950
1078 1014
1078 1142
1078 1206
1078 1270
1079 855
1079 887
1079 951
1079 1015
1079 1143
1079 1207
1079 1271
1080 43
1080 483
1080 635
1080 748
1080 952
1080 1016
1080 1144
1080 1208
1080 1272
1081 176
1081 881
1081 889
1081 953
1081 955
1081 1017
1081 1145
1081 1209
1081 1273
1082 1018
1082 1146
1082 1210
1083 187
1083 336
1083 356
1083 891
1083 936
1083 955
1083 1019
1083 1048
1083 1147
1083 1211
1083 1236
1083 1275
1084 415
1084 437
1084 892
1084 956
1084 1020
1084 1050
1084 1060
1084 1148
1084 1212
1084 1276
1085 339
1085 893
1085 957
1085 1021
1085 1149
1085 1213
1085 1277
1086 958
1086 1022
1086 1150
1086 1208
1086 1214
1086 1278
1087 764
1087 827
1087 895
1087 959
1087 1023
1087 1151
1087 1215
1087 1279
1088 66
1088 247
1088 281
1088 868
1088 896
1088 960
1088 1024
1088 1152
1088 1216
1089 897
1089 961
1089 1025
1089 1153
1089 1217
1090 222
1090 898
1090 962
1090 1026
1090 1154
1090 1218
1090 1269
1091 156
1091 899
1091 963
1091 1027
1091 1155
1091 1219
1092 900
1092 919
1092 964
1092 1028
1092 1156
1092 1220
1093 901
1093 965
1093 1029
1093 1157
1093 1169
1093 1221
1094 6
1094 70
1094 134
1094 198
1094 262
1094 326
1094 390
1094 454
1094 518
1094 582
1094 646
1094 710
1094 774
1094 838
1094 902
1094 966
1094 971
1094 1030
1094 1035
1094 1099
1094 1158
1094 1163
1094 1222
1094 1227
1095 157
1095 903
1095 967
1095 1031
1095 1159
1095 1223
1096 11
1096 139
1096 203
1096 267
1096 269
1096 331
1096 333
1096 392
1096 397
1096 456
1096 459
1096 461
1096 525
1096 584
1096 589
1096 648
1096 653
1096 712
1096 717
1096 776
1096 779
1096 781
1096 840
1096 843
1096 845
1096 904
1096 907
1096 909
1096 968
1096 973
1096 1032
1096 1037
1096 1101
1096 1160
1096 1165
1096 1224
1096 1229
1097 8
1097 72
1097 137
1097 201
1097 264
1097 329
1097 393
1097 457
1097 521
1097 585
1097 649
1097 713
1097 777
1097 841
1097 905
1097 969
1097 1033
1097 1161
1097 1225
1098 33
1098 906
1098 970
1098 1034
1098 1162
1098 1226
1099 13
1099 262
1099 269
1099 326
1099 333
1099 390
1099 397
1099 454
1099 461
1099 518
1099 525
1099 582
1099 589
1099 646
1099 710
1099 717
1099 774
1099 776
1099 781
1099 838
1099 843
1099 845
1099 902
1099 907
1099 966
1099 968
1099 971
1099 973
1099 1030
1099 1032
1099 1035
1099 1037
1099 1094
1099 1101
1099 1158
1099 1163
1099 1222
1099 1224
1099 1227
1099 1229
1100 412
1100 908
1100 934
1100 972
1100 1036
1100 1164
1100 1228
1101 11
1101 77
1101 203
1101 267
1101 269
1101 331
1101 333
1101 392
1101 397
1101 456
1101 459
1101 461
1101 525
1101 584
1101 589
1101 648
1101 653
1101 712
1101 717
1101 776
1101 779
1101 781
1101 840
1101 843
1101 845
1101 904
1101 907
1101 909
1101 968
1101 971
1101 973
1101 1032
1101 1037
1101 1096
1101 1099
1101 1160
1101 1163
1101 1165
1101 1224
1101 1229
1102 910
1102 974
1102 1038
1102 1166
1102 1230
1103 519
1103 911
1103 975
1103 1039
1103 1167
1103 1231
1104 56
1104 172
1104 177
1104 496
1104 912
1104 976
1104 1006
1104 1009
1104 1040
1104 1168
1104 1232
1105 913
1105 977
1105 1041
1105 1169
1105 1233
1106 704
1106 872
1106 914
1106 978
1106 1042
1106 1152
1106 1170
1106 1234
1107 594
1107 915
1107 979
1107 1043
1107 1171
1107 1235
1108 317
1108 916
1108 980
1108 1044
1108 1133
1108 1172
1108 1236
1109 109
1109 701
1109 917
1109 981
1109 1045
1109 1173
1109 1237
1110 71
1110 918
1110 982
1110 1046
1110 1174
1110 1238
1111 34
1111 226
1111 919
1111 975
1111 983
1111 1047
1111 1175
1111 1239
1112 125
1112 793
1112 920
1112 984
1112 985
1112 990
1112 996
1112 1048
1112 1176
1112 1240
1113 83
1113 745
1113 921
1113 927
1113 985
1113 1049
1113 1177
1113 1241
1114 89
1114 601
1114 724
1114 759
1114 922
1114 986
1114 1050
1114 1178
1114 1242
1115 143
1115 673
1115 833
1115 923
1115 987
1115 1051
1115 1116
1115 1179
1115 1243
1116 143
1116 673
1116 833
1116 924
1116 988
1116 1052
1116 1115
1116 1180
1116 1244
1117 362
1117 925
1117 989
1117 1053
1117 1181
1117 1245
1118 260
1118 926
1118 990
1118 1054
1118 1182
1118 1246
1119 55
1119 927
1119 991
1119 1055
1119 1183
1119 1193
1119 1247
1120 928
1120 992
1120 1056
1120 1184
1120 1248
1121 559
1121 929
1121 993
1121 1057
1121 1156
1121 1185
1121 1249
1122 159
1122 805
1122 930
1122 994
1122 1058
1122 1061
1122 1186
1122 1250
1123 302
1123 309
1123 931
1123 995
1123 1059
1123 1187
1123 1251
1124 24
1124 932
1124 996
1124 1060
1124 1173
1124 1188
1124 1252
1125 616
1125 884
1125 933
1125 997
1125 1061
1125 1189
1125 1253
1126 934
1126 998
1126 1062
1126 1190
1126 1243
1126 1254
1127 538
1127 565
1127 567
1127 920
1127 935
1127 999
1127 1063
1127 1077
1127 1191
1127 1255
1128 707
1128 887
1128 936
1128 1000
1128 1064
1128 1192
1128 1237
1128 1256
1129 741
1129 799
1129 937
1129 1001
1129 1065
1129 1193
1129 1257
1130 938
1130 1002
1130 1066
1130 1194
1130 1226
1130 1258
1131 241
1131 556
1131 680
1131 1067
1131 1195
1131 1259
1131 1274
1132 174
1132 185
1132 376
1132 379
1132 620
1132 664
1132 940
1132 1004
1132 1068
1132 1196
1132 1260
1133 317
1133 941
1133 1005
1133 1069
1133 1108
1133 1197
1133 1261
1134 642
1134 804
1134 942
1134 1006
1134 1070
1134 1198
1134 1262
1135 903
1135 943
1135 1007
1135 1071
1135 1199
1135 1263
1136 115
1136 236
1136 243
1136 364
1136 629
1136 944
1136 947
1136 1008
1136 1072
1136 1200
1136 1264
1136 1279
1137 16
1137 217
1137 945
1137 1009
1137 1073
1137 1201
1137 1265
1138 85
1138 232
1138 275
1138 640
1138 819
1138 946
1138 1010
1138 1074
1138 1202
1138 1266
1139 947
1139 1011
1139 1075
1139 1203
1139 1267
1140 345
1140 423
1140 668
1140 848
1140 948
1140 1012
1140 1076
1140 1204
1140 1268
1141 259
1141 714
1141 744
1141 949
1141 1013
1141 1077
1141 1205
1141 1269
1142 78
1142 950
1142 1014
1142 1078
1142 1206
1142 1270
1143 52
1143 487
1143 743
1143 933
1143 951
1143 1015
1143 1019
1143 1079
1143 1207
1143 1271
1144 307
1144 509
1144 536
1144 656
1144 820
1144 952
1144 1016
1144 1080
1144 1208
1144 1272
1145 378
1145 812
1145 1017
1145 1081
1145 1209
1145 1273
1145 1275
1146 1018
1146 1082
1146 1210
1146 1215
1146 1274
1147 244
1147 560
1147 564
1147 955
1147 1019
1147 1083
1147 1211
1147 1275
1148 1020
1148 1084
1148 1212
1148 1276
1149 20
1149 192
1149 493
1149 676
1149 768
1149 957
1149 1021
1149 1085
1149 1213
1149 1277
1150 473
1150 958
1150 1022
1150 1086
1150 1214
1150 1278
1151 171
1151 442
1151 1023
1151 1087
1151 1215
1151 1279
1152 704
1152 872
1152 960
1152 1024
1152 1088
1152 1106
1152 1216
1153 579
1153 961
1153 1025
1153 1089
1153 1217
1154 808
1154 962
1154 1026
1154 1090
1154 1218
1155 18
1155 45
1155 948
1155 963
1155 1013
1155 1027
1155 1091
1155 1219
1156 559
1156 964
1156 1028
1156 1092
1156 1121
1156 1220
1157 965
1157 1029
1157 1093
1157 1221
1158 6
1158 70
1158 134
1158 198
1158 262
1158 326
1158 390
1158 454
1158 518
1158 582
1158 646
1158 710
1158 774
1158 838
1158 902
1158 966
1158 971
1158 1030
1158 1035
1158 1094
1158 1099
1158 1163
1158 1222
1158 1227
1159 967
1159 1031
1159 1051
1159 1095
1159 1223
1160 9
1160 139
1160 203
1160 267
1160 331
1160 333
1160 392
1160 397
1160 456
1160 459
1160 461
1160 520
1160 525
1160 584
1160 589
1160 648
1160 653
1160 712
1160 717
1160 776
1160 779
1160 781
1160 840
1160 843
1160 845
1160 904
1160 907
1160 909
1160 968
1160 973
1160 1032
1160 1096
1160 1101
1160 1165
1160 1224
1160 1229
1161 8
1161 72
1161 137
1161 201
1161 264
1161 329
1161 393
1161 457
1161 521
1161 585
1161 649
1161 713
1161 777
1161 841
1161 905
1161 969
1161 1033
1161 1097
1161 1225
1162 219
1162 970
1162 1034
1162 1098
1162 1226
1163 13
1163 141
1163 326
1163 333
1163 390
1163 397
1163 454
1163 461
1163 518
1163 525
1163 582
1163 589
1163 646
1163 710
1163 717
1163 776
1163 781
1163 838
1163 843
1163 845
1163 902
1163 904
1163 907
1163 909
1163 966
1163 968
1163 971
1163 973
1163 1030
1163 1032
1163 1035
1163 1037
1163 1094
1163 1099
1163 1101
1163 1158
1163 1165
1163 1222
1163 1224
1163 1227
1163 1229
1164 577
1164 972
1164 1036
1164 1100
1164 1228
1165 11
1165 77
1165 139
1165 203
1165 331
1165 333
1165 392
1165 397
1165 456
1165 459
1165 461
1165 525
1165 584
1165 589
1165 648
1165 653
1165 712
1165 717
1165 776
1165 779
1165 781
1165 840
1165 843
1165 845
1165 904
1165 907
1165 909
1165 968
1165 971
1165 973
1165 1032
1165 1037
1165 1096
1165 1101
1165 1160
1165 1163
1165 1224
1165 1229
1166 630
1166 974
1166 1038
1166 1102
1166 1230
1167 335
1167 975
1167 1039
1167 1103
1167 1231
1168 976
1168 1040
1168 1104
1168 1232
1169 977
1169 1041
1169 1093
1169 1105
1169 1233
1170 347
1170 791
1170 978
1170 1042
1170 1106
1170 1234
1171 451
1171 580
1171 862
1171 979
1171 1043
1171 1107
1171 1235
1172 365
1172 476
1172 980
1172 991
1172 1044
1172 1108
1172 1236
1173 24
1173 981
1173 1045
1173 1109
1173 1124
1173 1237
1174 982
1174 1046
1174 1110
1174 1238
1175 983
1175 1047
1175 1111
1175 1239
1175 1249
1176 127
1176 188
1176 371
1176 625
1176 684
1176 984
1176 1012
1176 1048
1176 1112
1176 1240
1176 1256
1176 1273
1177 104
1177 355
1177 592
1177 867
1177 893
1177 985
1177 1049
1177 1113
1177 1240
1177 1241
1178 189
1178 384
1178 405
1178 562
1178 853
1178 922
1178 986
1178 1050
1178 1114
1178 1242
1179 609
1179 835
1179 987
1179 1051
1179 1115
1179 1243
1180 212
1180 988
1180 1052
1180 1116
1180 1197
1180 1244
1181 989
1181 1053
1181 1117
1181 1245
1182 705
1182 874
1182 923
1182 990
1182 1054
1182 1118
1182 1246
1183 659
1183 991
1183 1055
1183 1119
1183 1207
1183 1247
1184 992
1184 1056
1184 1120
1184 1248
1185 993
1185 1057
1185 1121
1185 1249
1186 291
1186 615
1186 994
1186 1058
1186 1122
1186 1187
1186 1250
1187 291
1187 615
1187 995
1187 1059
1187 1123
1187 1186
1187 1251
1188 39
1188 169
1188 348
1188 553
1188 729
1188 784
1188 858
1188 996
1188 1005
1188 1060
1188 1124
1188 1252
1189 997
1189 1061
1189 1125
1189 1252
1189 1253
1190 650
1190 998
1190 1062
1190 1126
1190 1254
1191 538
1191 565
1191 567
1191 920
1191 999
1191 1063
1191 1077
1191 1127
1191 1255
1192 94
1192 233
1192 882
1192 941
1192 981
1192 1000
1192 1064
1192 1128
1192 1256
1193 55
1193 1001
1193 1065
1193 1119
1193 1129
1193 1257
1194 422
1194 1002
1194 1066
1194 1130
1194 1258
1195 511
1195 1067
1195 1131
1195 1259
1196 894
1196 1004
1196 1068
1196 1132
1196 1260
1197 212
1197 1005
1197 1069
1197 1133
1197 1180
1197 1261
1198 366
1198 1006
1198 1070
1198 1134
1198 1212
1198 1262
1199 97
1199 618
1199 1007
1199 1071
1199 1135
1199 1263
1200 59
1200 507
1200 683
1200 1008
1200 1072
1200 1136
1200 1264
1201 117
1201 551
1201 563
1201 660
1201 690
1201 830
1201 1009
1201 1073
1201 1137
1201 1265
1202 340
1202 359
1202 543
1202 596
1202 818
1202 957
1202 1010
1202 1074
1202 1138
1202 1266
1203 1139
1203 1267
1204 130
1204 1012
1204 1076
1204 1140
1204 1268
1205 409
1205 949
1205 1013
1205 1077
1205 1141
1205 1269
1206 1014
1206 1078
1206 1142
1206 1270
1207 659
1207 1015
1207 1079
1207 1143
1207 1183
1207 1271
1208 1016
1208 1080
1208 1086
1208 1144
1208 1272
1209 184
1209 251
1209 435
1209 1017
1209 1075
1209 1081
1209 1145
1209 1273
1210 95
1210 945
1210 1018
1210 1082
1210 1146
1210 1274
1211 638
1211 1019
1211 1083
1211 1147
1211 1275
1212 366
1212 1020
1212 1084
1212 1148
1212 1198
1212 1276
1213 301
1213 617
1213 1021
1213 1085
1213 1149
1213 1277
1214 447
1214 766
1214 767
1214 1022
1214 1086
1214 1150
1214 1278
1215 1087
1215 1146
1215 1151
1215 1279
1216 268
1216 842
1216 1024
1216 1088
1216 1152
1217 285
1217 332
1217 1025
1217 1089
1217 1153
1218 245
1218 277
1218 503
1218 1026
1218 1090
1218 1154
1219 3
1219 541
1219 861
1219 1027
1219 1091
1219 1155
1220 595
1220 1028
1220 1092
1220 1156
1220 1234
1221 1029
1221 1093
1221 1157
1222 6
1222 70
1222 134
1222 198
1222 262
1222 326
1222 390
1222 454
1222 518
1222 582
1222 646
1222 710
1222 774
1222 838
1222 902
1222 966
1222 971
1222 1030
1222 1035
1222 1094
1222 1099
1222 1158
1222 1163
1222 1227
1223 1031
1223 1095
1223 1159
1224 11
1224 77
1224 141
1224 205
1224 269
1224 333
1224 392
1224 397
1224 456
1224 461
1224 525
1224 584
1224 589
1224 648
1224 653
1224 712
1224 717
1224 776
1224 779
1224 781
1224 840
1224 843
1224 845
1224 904
1224 907
1224 909
1224 968
1224 971
1224 973
1224 1032
1224 1037
1224 1096
1224 1099
1224 1101
1224 1160
1224 1163
1224 1165
1224 1229
1225 8
1225 72
1225 137
1225 201
1225 264
1225 329
1225 393
1225 457
1225 521
1225 585
1225 649
1225 713
1225 777
1225 841
1225 905
1225 969
1225 1033
1225 1097
1225 1161
1226 1034
1226 1098
1226 1130
1226 1162
1227 390
1227 454
1227 518
1227 582
1227 646
1227 710
1227 717
1227 774
1227 838
1227 902
1227 907
1227 966
1227 971
1227 1030
1227 1032
1227 1035
1227 1037
1227 1094
1227 1099
1227 1158
1227 1163
1227 1222
1227 1229
1228 10
1228 1036
1228 1100
1228 1164
1229 13
1229 77
1229 141
1229 205
1229 269
1229 333
1229 392
1229 397
1229 461
1229 525
1229 589
1229 712
1229 717
1229 776
1229 781
1229 840
1229 843
1229 845
1229 904
1229 907
1229 909
1229 968
1229 971
1229 973
1229 1032
1229 1035
1229 1037
1229 1096
1229 1099
1229 1101
1229 1160
1229 1163
1229 1165
1229 1224
1229 1227
1230 1038
1230 1102
1230 1166
1231 298
1231 1039
1231 1103
1231 1167
1232 986
1232 1040
1232 1104
1232 1168
1233 1041
1233 1105
1233 1169
1234 595
1234 1042
1234 1106
1234 1170
1234 1220
1235 2
1235 31
1235 105
1235 516
1235 738
1235 740
1235 813
1235 1043
1235 1107
1235 1171
1235 1241
1236 187
1236 336
1236 356
1236 936
1236 1044
1236 1048
1236 1083
1236 1108
1236 1172
1237 707
1237 887
1237 1045
1237 1109
1237 1128
1237 1173
1238 1046
1238 1110
1238 1174
1239 166
1239 1047
1239 1111
1239 1175
1240 104
1240 355
1240 592
1240 867
1240 893
1240 1048
1240 1112
1240 1176
1240 1177
1241 2
1241 31
1241 105
1241 516
1241 738
1241 740
1241 813
1241 1049
1241 1113
1241 1177
1241 1235
1242 88
1242 1050
1242 1114
1242 1178
1243 1051
1243 1115
1243 1126
1243 1179
1244 407
1244 970
1244 1052
1244 1116
1244 1180
1245 278
1245 1053
1245 1117
1245 1181
1246 731
1246 1054
1246 1118
1246 1182
1247 360
1247 658
1247 1055
1247 1119
1247 1183
1248 1056
1248 1120
1248 1184
1249 1057
1249 1121
1249 1175
1249 1185
1250 296
1250 917
1250 1058
1250 1122
1250 1186
1251 346
1251 632
1251 856
1251 1059
1251 1123
1251 1187
1252 1060
1252 1124
1252 1188
1252 1189
1253 147
1253 388
1253 467
1253 478
1253 1061
1253 1125
1253 1189
1254 938
1254 1062
1254 1126
1254 1190
1255 61
1255 180
1255 558
1255 665
1255 1063
1255 1127
1255 1191
1256 127
1256 188
1256 371
1256 625
1256 684
1256 1012
1256 1064
1256 1128
1256 1176
1256 1192
1256 1273
1257 1065
1257 1129
1257 1193
1258 455
1258 1066
1258 1130
1258 1194
1259 126
1259 1131
1259 1195
1260 181
1260 935
1260 1068
1260 1132
1260 1196
1261 1069
1261 1133
1261 1197
1262 112
1262 942
1262 1022
1262 1070
1262 1134
1262 1198
1263 1071
1263 1135
1263 1199
1264 1072
1264 1136
1264 1200
1265 1073
1265 1137
1265 1201
1266 357
1266 420
1266 421
1266 896
1266 962
1266 1074
1266 1138
1266 1202
1267 958
1267 959
1267 1139
1267 1203
1268 1069
1268 1076
1268 1140
1268 1204
1269 222
1269 1077
1269 1090
1269 1141
1269 1205
1270 1078
1270 1142
1270 1206
1271 4
1271 1079
1271 1143
1271 1207
1272 312
1272 1004
1272 1080
1272 1144
1272 1208
1273 127
1273 188
1273 371
1273 625
1273 684
1273 1012
1273 1081
1273 1145
1273 1176
1273 1209
1273 1256
1274 241
1274 556
1274 680
1274 1131
1274 1146
1274 1210
1275 378
1275 812
1275 1083
1275 1145
1275 1147
1275 1211
1276 597
1276 692
1276 803
1276 1084
1276 1148
1276 1212
1277 1085
1277 1149
1277 1213
1278 953
1278 1086
1278 1150
1278 1214
1279 115
1279 236
1279 243
1279 364
1279 629
1279 947
1279 1087
1279 1136
1279 1151
1279 1215
