0 64
0 128
0 192
1 65
1 129
1 193
2 66
2 130
2 194
3 67
3 131
3 195
3 265
4 68
4 132
4 196
4 926
4 1053
5 15
5 69
5 133
5 143
5 197
5 207
5 271
5 328
5 335
5 389
5 397
5 399
5 453
5 461
5 517
5 525
5 581
5 589
5 591
5 653
5 655
5 706
5 709
5 717
5 719
5 781
5 834
5 837
5 845
5 901
5 962
5 1093
5 1157
5 1165
5 1221
5 1229
6 70
6 134
6 198
6 262
6 326
6 390
6 399
6 454
6 461
6 463
6 518
6 527
6 582
6 591
6 646
6 655
6 710
6 719
6 774
6 783
6 838
6 847
6 902
6 966
6 1030
6 1094
6 1158
6 1222
6 1231
7 71
7 135
7 199
8 69
8 72
8 133
8 136
8 200
8 264
8 325
8 392
8 456
8 520
8 584
8 645
8 712
8 776
8 840
8 904
8 968
8 1032
8 1096
8 1160
8 1224
9 73
9 137
9 201
10 74
10 138
10 202
10 779
11 75
11 139
11 203
12 76
12 140
12 204
13 77
13 141
13 205
14 78
14 142
14 206
15 5
15 79
15 143
15 197
15 207
15 261
15 271
15 328
15 333
15 389
15 397
15 453
15 581
15 642
15 648
15 653
15 706
15 709
15 717
15 770
15 781
15 834
15 837
15 965
15 1029
15 1154
16 80
16 144
16 208
17 81
17 145
17 209
17 707
17 864
18 82
18 146
18 210
18 749
19 83
19 147
19 211
20 84
20 148
20 212
20 244
20 560
20 622
21 85
21 149
21 213
21 233
21 423
21 528
21 551
22 86
22 150
22 214
22 620
23 87
23 151
23 215
23 810
24 88
24 152
24 216
24 235
24 552
24 554
24 1198
25 89
25 95
25 153
25 217
25 290
25 434
25 500
25 679
25 1204
26 90
26 154
26 218
26 855
26 1002
26 1044
26 1114
27 91
27 155
27 219
27 322
28 82
28 92
28 150
28 156
28 220
28 412
28 610
28 1253
29 93
29 157
29 221
30 94
30 158
30 222
30 812
31 95
31 159
31 223
31 226
31 1168
32 96
32 160
32 224
32 1115
33 97
33 161
33 225
33 729
33 732
34 98
34 162
34 226
34 1110
35 99
35 163
35 227
35 1087
36 100
36 164
36 228
36 866
36 1186
37 101
37 165
37 229
37 613
37 661
38 102
38 166
38 194
38 230
38 608
39 103
39 167
39 223
39 231
39 874
40 104
40 168
40 232
40 298
40 318
40 440
40 446
40 703
41 105
41 169
41 213
41 233
41 1059
42 56
42 106
42 170
42 234
42 495
42 664
43 107
44 108
44 172
44 236
45 109
45 173
45 237
46 110
46 174
46 208
46 238
46 695
46 919
46 1040
46 1112
46 1144
47 111
47 175
47 239
47 469
47 829
47 1016
48 88
48 112
48 176
48 240
48 746
49 113
49 177
49 895
50 114
50 178
50 242
51 115
51 179
51 243
52 104
52 116
52 180
52 244
52 483
52 692
52 942
52 1070
52 1278
53 117
53 181
53 245
54 118
54 182
54 246
54 332
55 119
55 183
55 247
55 532
55 930
56 42
56 120
56 184
56 248
56 495
56 664
57 121
57 185
57 249
57 447
58 122
58 163
58 186
58 250
59 123
59 187
59 251
59 309
59 384
59 594
59 628
59 857
60 124
60 188
60 252
60 1020
61 125
61 189
61 253
61 431
61 1080
61 1274
62 126
62 190
63 127
63 177
63 191
63 255
63 319
64 0
64 128
64 192
64 256
64 1084
65 1
65 129
65 193
65 257
65 977
66 2
66 130
66 194
66 258
67 3
67 131
67 195
67 259
68 4
68 132
68 196
68 260
69 5
69 8
69 133
69 197
69 200
69 261
69 264
69 325
69 392
69 456
69 520
69 584
69 645
69 712
69 776
69 840
69 904
69 968
69 1032
69 1096
69 1160
69 1224
70 6
70 134
70 198
70 262
70 326
70 335
70 390
70 399
70 454
70 461
70 463
70 518
70 527
70 582
70 591
70 646
70 655
70 710
70 719
70 774
70 783
70 838
70 845
70 847
70 902
70 909
70 911
70 966
70 975
70 1030
70 1039
70 1094
70 1103
70 1158
70 1167
70 1222
70 1231
71 7
71 135
71 199
71 263
71 669
72 8
72 136
72 197
72 200
72 261
72 264
72 333
72 642
72 648
72 706
72 770
72 773
73 9
73 137
73 201
73 265
74 10
74 138
74 202
74 266
74 416
74 971
74 1211
75 11
75 139
75 203
75 267
76 12
76 140
76 204
76 268
77 13
77 141
77 205
77 269
77 839
78 14
78 142
78 206
78 270
78 593
78 899
79 15
79 143
79 207
79 271
80 16
80 85
80 144
80 208
80 272
80 293
80 336
80 686
80 1129
81 17
81 145
81 209
81 273
81 795
81 993
81 1100
82 18
82 28
82 146
82 150
82 210
82 274
82 412
82 610
82 1253
83 19
83 147
83 211
83 275
83 459
84 20
84 120
84 148
84 212
84 276
84 747
84 1213
85 21
85 80
85 149
85 213
85 277
85 293
85 336
85 686
85 1129
86 22
86 150
86 214
86 278
86 310
86 796
86 1246
87 23
87 151
87 215
87 279
87 1201
88 24
88 48
88 152
88 216
88 280
88 746
89 25
89 153
89 217
89 281
89 472
89 562
89 1251
90 26
90 154
90 216
90 218
90 282
90 625
90 1136
90 1239
91 27
91 155
91 219
91 283
92 28
92 156
92 220
92 284
92 1118
93 29
93 157
93 221
93 285
93 358
94 30
94 158
94 214
94 222
94 286
94 371
95 25
95 31
95 159
95 223
95 287
95 290
95 434
95 500
95 679
95 1204
96 32
96 160
96 224
96 288
97 33
97 161
97 225
97 281
97 289
97 361
97 567
97 757
97 881
97 1074
98 34
98 162
98 226
98 290
99 35
99 163
99 227
99 282
99 291
99 359
99 671
99 894
100 36
100 164
100 228
100 292
100 324
100 949
101 37
101 165
101 229
101 293
101 419
101 427
101 468
102 38
102 166
102 230
102 294
102 365
103 39
103 167
103 231
103 295
103 407
103 485
103 666
103 1050
103 1209
104 40
104 52
104 168
104 232
104 296
104 483
104 692
104 942
104 1070
104 1278
105 41
105 169
105 233
105 297
105 617
105 878
105 920
106 42
106 170
106 234
106 298
106 302
106 569
106 954
107 43
107 171
107 235
107 248
107 299
107 1279
108 44
108 172
108 236
108 300
108 1255
109 45
109 173
109 237
109 301
110 46
110 174
110 238
111 47
111 175
111 239
111 303
111 624
111 762
111 830
111 893
112 48
112 176
112 234
112 240
112 304
112 633
112 816
112 1018
112 1072
113 49
113 177
113 241
113 305
113 504
113 599
113 817
114 50
114 178
114 242
114 306
115 51
115 179
115 243
115 307
116 52
116 180
116 244
116 308
116 1265
117 53
117 181
117 245
117 309
117 1189
118 54
118 182
118 246
118 310
118 342
119 55
119 183
119 247
119 311
120 56
120 84
120 184
120 248
120 312
120 747
120 1213
121 57
121 185
121 249
121 447
122 58
122 186
122 250
123 59
123 187
123 251
123 315
123 341
123 503
123 1049
124 60
124 188
124 252
124 316
124 382
124 638
124 1194
125 61
125 189
125 253
125 317
125 561
125 727
125 1111
126 62
126 190
126 254
126 318
127 63
127 191
127 255
127 319
127 511
128 0
128 64
128 192
128 256
128 320
128 421
129 1
129 65
129 193
129 257
129 321
130 2
130 66
130 194
130 258
130 322
131 3
131 67
131 195
131 259
131 323
131 386
132 4
132 68
132 196
132 260
132 324
132 1257
133 5
133 8
133 69
133 197
133 200
133 261
133 264
133 325
133 392
133 456
133 520
133 584
133 645
133 712
133 776
133 840
133 904
133 968
133 1032
133 1096
133 1160
133 1224
134 6
134 70
134 198
134 262
134 326
134 390
134 399
134 454
134 461
134 463
134 518
134 527
134 582
134 591
134 646
134 655
134 710
134 719
134 774
134 783
134 838
134 847
134 902
134 911
134 966
134 975
134 1030
134 1094
134 1103
134 1158
134 1222
134 1231
135 7
135 71
135 199
135 263
135 327
135 718
135 1078
136 8
136 72
136 200
136 261
136 264
136 328
136 333
136 642
136 648
136 770
136 773
137 9
137 73
137 201
137 265
137 329
138 10
138 74
138 202
138 204
138 266
138 330
138 539
138 1147
139 11
139 75
139 203
139 267
139 331
139 347
139 1051
140 12
140 76
140 204
140 268
140 332
140 1068
141 13
141 77
141 205
141 269
141 333
141 641
142 14
142 78
142 206
142 270
142 334
143 5
143 15
143 79
143 197
143 207
143 261
143 271
143 328
143 333
143 335
143 389
143 397
143 453
143 517
143 525
143 581
143 589
143 653
143 706
143 709
143 717
143 781
143 834
143 837
143 845
143 901
143 962
143 965
143 973
143 1029
143 1093
143 1154
143 1157
143 1221
143 1229
144 16
144 80
144 180
144 208
144 272
144 305
144 336
144 1210
145 17
145 81
145 209
145 273
145 337
146 18
146 82
146 210
146 274
146 338
147 19
147 83
147 211
147 275
147 339
148 20
148 84
148 212
148 276
148 340
148 408
148 753
148 1271
149 21
149 85
149 213
149 277
149 341
149 681
150 22
150 28
150 82
150 86
150 214
150 278
150 342
150 412
150 610
150 1253
151 23
151 87
151 215
151 279
151 343
152 24
152 88
152 216
152 276
152 280
152 299
152 344
152 496
152 939
152 1149
152 1151
153 25
153 89
153 217
153 281
153 345
153 351
153 728
153 828
153 945
153 984
153 1135
154 26
154 90
154 218
154 282
154 346
154 632
154 683
154 953
155 27
155 91
155 219
155 283
155 288
155 347
155 647
156 28
156 92
156 220
156 284
156 286
156 348
157 29
157 93
157 221
157 285
157 349
158 30
158 94
158 222
158 286
158 350
158 486
158 630
158 1234
159 31
159 95
159 223
159 252
159 287
159 351
159 378
160 32
160 96
160 224
160 288
160 352
160 1105
161 33
161 97
161 225
161 289
161 353
161 553
161 853
161 868
161 1187
162 34
162 98
162 226
162 290
162 354
162 367
162 880
162 957
162 1000
163 35
163 58
163 99
163 227
163 291
163 355
164 36
164 100
164 228
164 292
164 356
164 619
164 1145
165 37
165 101
165 229
165 293
165 355
165 357
165 1021
166 38
166 102
166 230
166 294
166 358
167 39
167 103
167 227
167 231
167 291
167 295
167 296
167 356
167 359
167 370
168 40
168 104
168 232
168 272
168 296
168 360
168 600
168 663
169 41
169 105
169 233
169 297
169 361
169 533
169 756
169 1262
170 42
170 106
170 234
170 298
170 362
170 792
170 852
170 1263
171 107
171 235
171 299
172 44
172 108
172 236
172 300
172 364
172 435
172 580
173 45
173 109
173 237
173 301
173 365
174 46
174 110
174 238
174 254
174 302
174 363
175 47
175 111
175 239
175 303
175 316
175 367
175 508
176 48
176 112
176 240
176 304
177 49
177 63
177 113
177 241
177 305
177 319
177 369
178 50
178 114
178 242
178 289
178 306
178 370
178 869
178 932
179 51
179 115
179 243
179 307
179 371
179 972
180 52
180 116
180 144
180 244
180 305
180 308
180 372
180 1210
181 53
181 117
181 245
181 309
181 373
181 739
182 54
182 118
182 232
182 246
182 310
182 374
182 1240
183 55
183 119
183 247
183 311
183 375
183 1045
184 56
184 120
184 248
184 312
184 376
184 442
184 931
184 1273
185 57
185 121
185 249
185 313
185 369
185 377
185 879
186 58
186 122
186 250
186 314
186 378
186 824
187 59
187 123
187 251
187 315
187 379
187 823
188 60
188 124
188 191
188 252
188 316
189 61
189 125
189 253
189 317
189 831
190 62
190 126
190 254
190 313
190 318
190 382
190 698
191 63
191 127
191 188
191 255
191 319
192 0
192 64
192 128
192 256
192 320
192 373
192 384
192 438
192 996
193 1
193 65
193 129
193 257
193 321
193 385
194 2
194 38
194 66
194 130
194 258
194 322
194 386
194 608
195 3
195 67
195 131
195 259
195 323
195 387
195 523
196 4
196 68
196 132
196 260
196 320
196 324
196 388
196 662
197 5
197 15
197 69
197 72
197 133
197 143
197 207
197 261
197 325
197 328
197 333
197 389
197 397
197 453
197 581
197 642
197 648
197 653
197 706
197 709
197 717
197 770
197 773
197 781
197 962
197 965
197 1029
197 1218
198 6
198 70
198 134
198 262
198 326
198 390
198 399
198 454
198 463
198 518
198 527
198 582
198 591
198 646
198 655
198 710
198 719
198 774
198 783
198 838
198 847
198 902
198 911
198 966
198 975
198 1030
198 1039
198 1094
198 1158
198 1222
199 7
199 71
199 135
199 263
199 327
199 391
199 967
199 1245
200 8
200 69
200 72
200 133
200 136
200 264
200 325
200 328
200 392
200 456
200 520
200 584
200 645
200 712
200 776
200 840
200 904
200 968
200 1032
200 1096
200 1160
200 1224
201 9
201 73
201 137
201 265
201 329
201 393
201 1031
202 10
202 74
202 138
202 266
202 330
202 394
202 915
202 1098
203 11
203 75
203 139
203 267
203 331
203 395
204 12
204 76
204 138
204 140
204 268
204 332
204 396
204 539
204 1147
205 13
205 77
205 141
205 269
205 333
205 397
206 14
206 78
206 142
206 270
206 334
206 398
207 5
207 15
207 79
207 143
207 197
207 261
207 271
207 328
207 335
207 389
207 397
207 399
207 453
207 461
207 517
207 525
207 581
207 589
207 653
207 655
207 706
207 709
207 717
207 719
207 781
207 834
207 837
207 845
207 901
207 909
207 962
207 965
207 973
207 1029
207 1037
207 1093
207 1157
207 1165
207 1221
207 1229
208 16
208 46
208 80
208 144
208 272
208 336
208 400
208 695
208 919
208 1040
208 1112
208 1144
209 17
209 81
209 145
209 273
209 337
209 401
210 18
210 82
210 146
210 274
210 338
210 402
210 836
211 19
211 83
211 147
211 275
211 339
211 403
212 20
212 84
212 148
212 276
212 340
212 404
212 441
212 574
212 688
213 21
213 41
213 85
213 149
213 277
213 341
213 405
213 1059
214 22
214 86
214 94
214 150
214 278
214 342
214 371
214 406
215 23
215 87
215 151
215 279
215 343
215 407
215 634
216 24
216 88
216 90
216 152
216 280
216 344
216 408
216 625
216 1136
216 1239
217 25
217 89
217 153
217 281
217 345
217 409
217 1076
218 26
218 90
218 154
218 282
218 346
218 410
218 1199
219 27
219 91
219 155
219 283
219 347
219 411
219 950
220 28
220 92
220 156
220 284
220 348
220 412
220 474
221 29
221 93
221 157
221 285
221 349
221 413
221 782
222 30
222 94
222 158
222 286
222 350
222 414
223 31
223 39
223 95
223 159
223 287
223 351
223 415
223 874
224 32
224 96
224 160
224 288
224 352
224 416
225 33
225 97
225 161
225 289
225 353
225 417
225 420
225 512
225 871
225 1010
226 31
226 34
226 98
226 162
226 290
226 354
226 418
226 1168
227 35
227 99
227 163
227 167
227 291
227 296
227 355
227 356
227 370
227 419
228 36
228 100
228 164
228 292
228 356
228 420
229 37
229 101
229 165
229 245
229 293
229 357
229 421
229 631
229 743
229 922
230 38
230 102
230 166
230 294
230 358
230 422
230 699
231 39
231 103
231 167
231 295
231 359
231 423
231 498
232 40
232 104
232 168
232 182
232 296
232 360
232 424
232 1240
233 21
233 41
233 105
233 169
233 297
233 361
233 423
233 425
233 528
233 551
234 42
234 106
234 112
234 170
234 298
234 362
234 426
234 633
234 816
234 1018
234 1072
235 24
235 107
235 171
235 299
235 363
235 427
235 552
235 554
235 1198
236 44
236 108
236 172
236 300
236 364
236 428
236 1249
237 45
237 109
237 173
237 301
237 365
237 429
237 499
237 763
238 46
238 110
238 174
238 302
238 366
238 430
238 952
238 1214
239 47
239 111
239 175
239 303
239 367
239 431
239 760
240 48
240 112
240 176
240 304
240 368
240 432
241 113
241 177
241 305
241 369
241 433
242 50
242 114
242 178
242 306
242 370
242 434
242 943
242 1247
243 51
243 115
243 179
243 307
243 371
243 435
244 20
244 52
244 116
244 180
244 308
244 372
244 436
244 560
244 622
245 53
245 117
245 181
245 229
245 309
245 373
245 437
245 631
245 743
245 922
246 54
246 118
246 182
246 310
246 374
246 409
246 438
246 1079
246 1122
246 1177
247 55
247 119
247 183
247 311
247 375
247 439
247 476
247 1007
248 56
248 107
248 120
248 184
248 312
248 376
248 440
248 1279
249 57
249 121
249 185
249 313
249 377
249 441
249 611
249 700
250 58
250 122
250 186
250 314
250 346
250 378
250 426
250 442
250 803
251 59
251 123
251 187
251 315
251 379
251 425
251 443
251 615
251 1143
252 60
252 124
252 159
252 188
252 316
252 378
252 380
252 444
253 61
253 125
253 189
253 317
253 381
253 431
253 445
253 1080
253 1274
254 126
254 174
254 190
254 318
254 363
254 382
254 446
255 63
255 127
255 191
255 319
255 383
255 444
255 447
255 491
255 1086
256 64
256 128
256 192
256 320
256 384
256 448
256 507
257 65
257 129
257 193
257 321
257 385
257 449
257 705
258 66
258 130
258 194
258 322
258 386
258 450
258 586
258 970
259 67
259 131
259 195
259 323
259 387
259 451
260 68
260 132
260 196
260 324
260 388
260 452
260 772
260 804
260 1180
261 15
261 69
261 72
261 133
261 136
261 143
261 197
261 207
261 325
261 328
261 333
261 389
261 397
261 453
261 581
261 642
261 648
261 706
261 709
261 717
261 770
261 773
261 781
261 965
261 1029
261 1218
262 6
262 70
262 134
262 198
262 326
262 390
262 399
262 454
262 461
262 463
262 518
262 527
262 582
262 591
262 646
262 655
262 710
262 719
262 774
262 783
262 838
262 847
262 902
262 909
262 911
262 966
262 975
262 1030
262 1039
262 1094
262 1103
262 1158
262 1222
262 1231
263 71
263 135
263 199
263 327
263 391
263 455
263 731
263 1027
263 1182
264 8
264 69
264 72
264 133
264 136
264 200
264 325
264 328
264 392
264 456
264 520
264 584
264 645
264 712
264 776
264 840
264 904
264 968
264 1032
264 1096
264 1160
264 1224
265 3
265 73
265 137
265 201
265 329
265 393
265 457
266 74
266 138
266 202
266 330
266 394
266 396
266 458
267 75
267 139
267 203
267 331
267 395
267 451
267 459
267 585
268 76
268 140
268 204
268 332
268 396
268 460
268 1088
269 77
269 141
269 205
269 333
269 397
269 461
270 78
270 142
270 206
270 334
270 398
270 462
270 891
271 5
271 15
271 79
271 143
271 207
271 328
271 335
271 389
271 397
271 399
271 453
271 461
271 463
271 517
271 525
271 581
271 589
271 591
271 653
271 655
271 709
271 717
271 719
271 781
271 783
271 834
271 837
271 845
271 901
271 909
271 962
271 965
271 973
271 1029
271 1037
271 1093
271 1101
271 1157
271 1165
271 1221
272 80
272 144
272 168
272 208
272 336
272 400
272 464
272 600
272 663
273 81
273 145
273 209
273 337
273 401
273 465
273 715
274 82
274 146
274 210
274 338
274 402
274 466
275 83
275 147
275 211
275 339
275 395
275 403
275 467
276 84
276 148
276 152
276 212
276 299
276 340
276 404
276 468
276 496
276 939
276 1149
276 1151
277 85
277 149
277 213
277 341
277 405
277 469
277 681
278 86
278 150
278 214
278 342
278 406
278 470
278 530
279 87
279 151
279 215
279 343
279 407
279 433
279 471
279 490
279 980
279 1200
280 88
280 152
280 216
280 344
280 408
280 424
280 472
280 765
280 1081
281 89
281 97
281 153
281 217
281 345
281 361
281 409
281 473
281 567
281 757
281 881
281 1074
282 90
282 99
282 154
282 218
282 346
282 359
282 410
282 474
282 671
282 894
283 91
283 155
283 219
283 347
283 411
283 475
283 1062
284 92
284 156
284 220
284 348
284 412
284 476
284 1130
285 93
285 157
285 221
285 349
285 413
285 477
286 94
286 156
286 158
286 222
286 350
286 414
286 478
287 95
287 159
287 223
287 351
287 415
287 479
287 916
287 1207
288 96
288 155
288 160
288 224
288 352
288 416
288 480
288 647
289 97
289 161
289 178
289 225
289 353
289 417
289 481
289 869
289 932
290 25
290 95
290 98
290 162
290 226
290 354
290 418
290 434
290 482
290 500
290 679
290 1204
291 99
291 163
291 167
291 227
291 296
291 355
291 356
291 370
291 419
291 483
292 100
292 164
292 228
292 300
292 350
292 356
292 420
292 484
293 80
293 85
293 101
293 165
293 229
293 336
293 357
293 421
293 485
293 686
293 1129
294 102
294 166
294 230
294 358
294 422
294 486
295 103
295 167
295 231
295 359
295 418
295 423
295 487
295 1009
295 1012
295 1104
296 104
296 167
296 168
296 227
296 232
296 291
296 356
296 360
296 370
296 424
296 488
297 105
297 169
297 233
297 361
297 425
297 479
297 489
297 793
297 917
298 40
298 106
298 170
298 234
298 318
298 362
298 426
298 440
298 446
298 490
298 703
299 107
299 152
299 171
299 235
299 276
299 363
299 427
299 491
299 496
299 939
299 1149
299 1151
300 108
300 172
300 236
300 292
300 350
300 364
300 428
300 492
301 109
301 173
301 237
301 365
301 429
301 493
302 106
302 174
302 238
302 366
302 430
302 569
302 954
303 111
303 175
303 239
303 312
303 367
303 431
303 495
304 112
304 176
304 240
304 368
304 432
304 496
304 555
304 752
305 113
305 144
305 177
305 180
305 241
305 369
305 433
305 497
305 1210
306 114
306 178
306 242
306 370
306 434
306 498
306 1140
307 115
307 179
307 243
307 371
307 435
307 499
307 940
308 116
308 180
308 244
308 372
308 436
308 500
308 944
309 59
309 117
309 181
309 245
309 373
309 384
309 437
309 501
309 594
309 628
309 857
310 86
310 118
310 182
310 246
310 374
310 438
310 502
310 796
310 1246
311 119
311 183
311 247
311 375
311 439
311 503
311 602
311 983
311 1175
312 120
312 184
312 248
312 303
312 376
312 440
312 504
313 185
313 190
313 249
313 377
313 441
313 505
313 698
314 186
314 250
314 378
314 442
314 558
314 639
314 938
315 123
315 187
315 251
315 379
315 415
315 443
315 507
315 799
316 124
316 175
316 188
316 252
316 380
316 444
316 508
317 125
317 189
317 253
317 381
317 445
317 497
317 509
317 1195
318 40
318 126
318 190
318 254
318 298
318 382
318 440
318 446
318 510
318 703
319 63
319 127
319 177
319 191
319 255
319 383
319 447
319 511
320 128
320 192
320 196
320 256
320 384
320 448
320 512
320 662
321 129
321 193
321 257
321 385
321 449
321 513
322 27
322 130
322 194
322 258
322 386
322 450
322 514
323 131
323 195
323 259
323 387
323 451
323 515
324 100
324 132
324 196
324 260
324 388
324 452
324 516
324 949
325 8
325 69
325 133
325 197
325 200
325 261
325 264
325 389
325 392
325 453
325 456
325 517
325 520
325 584
325 645
325 712
325 776
325 840
325 904
325 968
325 1032
325 1096
325 1160
325 1224
326 6
326 70
326 134
326 198
326 262
326 390
326 399
326 454
326 461
326 463
326 518
326 527
326 582
326 591
326 646
326 655
326 710
326 719
326 774
326 783
326 838
326 847
326 902
326 911
326 966
326 975
326 1030
326 1039
326 1094
326 1103
326 1158
326 1167
326 1222
326 1231
327 135
327 199
327 263
327 391
327 455
327 519
328 5
328 15
328 136
328 143
328 197
328 200
328 207
328 261
328 264
328 271
328 333
328 335
328 389
328 392
328 397
328 453
328 456
328 517
328 520
328 525
328 581
328 589
328 653
328 706
328 709
328 717
328 781
328 834
328 837
328 901
328 962
328 965
328 1029
328 1037
328 1093
328 1101
328 1154
328 1157
328 1165
328 1221
328 1229
329 137
329 201
329 265
329 393
329 457
329 478
329 521
329 526
329 771
329 798
330 138
330 202
330 266
330 394
330 458
330 522
330 755
331 139
331 203
331 267
331 395
331 459
331 523
331 650
331 657
332 54
332 140
332 204
332 268
332 396
332 460
332 524
333 15
333 72
333 136
333 141
333 143
333 197
333 205
333 261
333 269
333 328
333 389
333 397
333 453
333 461
333 525
333 581
333 642
333 648
333 706
333 709
333 717
333 770
333 773
333 781
333 965
333 1029
333 1154
333 1218
334 142
334 206
334 270
334 398
334 462
334 526
335 5
335 70
335 143
335 207
335 271
335 328
335 389
335 399
335 461
335 463
335 517
335 525
335 527
335 589
335 591
335 653
335 655
335 709
335 717
335 719
335 781
335 783
335 834
335 837
335 845
335 847
335 901
335 909
335 911
335 962
335 973
335 975
335 1037
335 1039
335 1093
335 1101
335 1103
335 1157
335 1165
335 1167
336 80
336 85
336 144
336 208
336 272
336 293
336 400
336 464
336 528
336 686
336 1129
337 145
337 209
337 273
337 401
337 465
337 529
337 736
338 146
338 210
338 274
338 402
338 466
338 530
339 147
339 211
339 275
339 403
339 467
339 531
340 148
340 212
340 276
340 404
340 468
340 532
340 791
340 959
340 1208
341 123
341 149
341 213
341 277
341 405
341 469
341 503
341 533
341 1049
342 118
342 150
342 214
342 278
342 406
342 470
342 534
343 151
343 215
343 279
343 407
343 437
343 471
343 535
344 152
344 216
344 280
344 408
344 472
344 536
344 660
344 751
345 153
345 217
345 281
345 409
345 473
345 537
345 744
345 1066
346 154
346 218
346 250
346 282
346 410
346 426
346 474
346 538
346 803
347 139
347 155
347 219
347 283
347 411
347 475
347 539
347 1051
348 156
348 220
348 284
348 412
348 476
348 540
348 597
348 820
349 157
349 221
349 285
349 413
349 477
349 541
349 1185
350 158
350 222
350 286
350 292
350 300
350 414
350 478
350 542
351 153
351 159
351 223
351 287
351 415
351 479
351 543
351 728
351 828
351 945
351 984
351 1135
352 160
352 224
352 288
352 416
352 480
352 544
352 605
352 742
353 161
353 225
353 289
353 417
353 481
353 545
354 162
354 226
354 290
354 418
354 482
354 546
354 900
354 1142
355 163
355 165
355 227
355 291
355 419
355 483
355 547
355 1021
356 164
356 167
356 227
356 228
356 291
356 292
356 296
356 370
356 420
356 484
356 548
357 165
357 229
357 293
357 421
357 485
357 549
357 745
357 1266
358 93
358 166
358 230
358 294
358 422
358 486
358 550
359 99
359 167
359 231
359 282
359 295
359 423
359 487
359 551
359 671
359 894
360 168
360 232
360 296
360 375
360 424
360 488
360 552
360 927
361 97
361 169
361 233
361 281
361 297
361 425
361 489
361 553
361 567
361 757
361 881
361 1074
362 170
362 234
362 298
362 426
362 464
362 490
362 554
363 174
363 235
363 254
363 299
363 427
363 491
363 555
364 172
364 236
364 300
364 428
364 452
364 492
364 556
364 1013
365 102
365 173
365 237
365 301
365 429
365 493
365 557
366 238
366 302
366 430
366 494
366 558
367 162
367 175
367 239
367 303
367 431
367 495
367 559
367 880
367 957
367 1000
368 240
368 304
368 432
368 496
368 560
369 177
369 185
369 241
369 305
369 433
369 497
369 561
369 879
370 167
370 178
370 227
370 242
370 291
370 296
370 306
370 356
370 434
370 498
370 562
371 94
371 179
371 214
371 243
371 307
371 435
371 499
371 563
372 180
372 244
372 308
372 436
372 500
372 564
372 656
373 181
373 192
373 245
373 309
373 437
373 438
373 501
373 565
373 996
374 182
374 246
374 310
374 438
374 502
374 566
374 604
375 183
375 247
375 311
375 360
375 439
375 503
375 567
375 927
376 184
376 248
376 312
376 440
376 494
376 504
376 568
376 767
376 1003
377 185
377 249
377 313
377 430
377 441
377 505
377 569
377 811
378 159
378 186
378 250
378 252
378 314
378 442
378 506
378 570
379 187
379 251
379 315
379 443
379 507
379 571
379 609
380 252
380 316
380 444
380 508
380 572
380 1023
381 253
381 317
381 445
381 509
381 573
382 124
382 190
382 254
382 318
382 446
382 510
382 574
382 638
382 1194
383 255
383 319
383 447
383 511
384 59
384 192
384 256
384 309
384 320
384 448
384 512
384 576
384 594
384 628
384 857
385 193
385 257
385 321
385 449
385 513
385 577
386 131
386 194
386 258
386 322
386 450
386 514
386 578
387 195
387 259
387 323
387 451
387 515
387 579
387 1225
388 196
388 260
388 324
388 452
388 493
388 516
388 580
389 5
389 15
389 143
389 197
389 207
389 261
389 271
389 325
389 328
389 333
389 335
389 397
389 453
389 517
389 525
389 581
389 589
389 653
389 706
389 709
389 717
389 781
389 834
389 837
389 901
389 962
389 965
389 973
389 1029
389 1037
389 1093
389 1101
389 1154
389 1157
389 1165
389 1218
389 1221
389 1229
390 6
390 70
390 134
390 198
390 262
390 326
390 399
390 454
390 461
390 463
390 518
390 527
390 582
390 591
390 646
390 655
390 710
390 719
390 774
390 783
390 838
390 845
390 847
390 902
390 909
390 911
390 966
390 973
390 975
390 1030
390 1039
390 1094
390 1103
390 1158
390 1167
390 1222
390 1231
391 199
391 263
391 327
391 455
391 519
391 583
392 8
392 69
392 133
392 200
392 264
392 325
392 328
392 456
392 520
392 584
392 645
392 712
392 776
392 840
392 904
392 968
392 1032
392 1096
392 1160
392 1224
393 201
393 265
393 329
393 457
393 521
393 585
393 859
393 1033
393 1163
394 202
394 266
394 330
394 458
394 522
394 586
395 203
395 267
395 275
395 331
395 459
395 523
395 587
396 204
396 266
396 268
396 332
396 460
396 524
396 588
397 5
397 15
397 143
397 197
397 205
397 207
397 261
397 269
397 271
397 328
397 333
397 389
397 453
397 461
397 525
397 581
397 589
397 642
397 648
397 653
397 706
397 709
397 717
397 770
397 781
397 834
397 837
397 901
397 962
397 965
397 1029
397 1093
397 1154
397 1157
397 1218
397 1221
397 1229
398 206
398 270
398 334
398 462
398 526
398 590
398 903
399 5
399 6
399 70
399 134
399 198
399 207
399 262
399 271
399 326
399 335
399 390
399 454
399 461
399 463
399 517
399 518
399 525
399 527
399 582
399 589
399 591
399 646
399 653
399 655
399 710
399 719
399 774
399 783
399 834
399 837
399 838
399 845
399 847
399 901
399 902
399 909
399 911
399 962
399 966
399 973
399 975
399 1030
399 1037
399 1039
399 1093
399 1094
399 1101
399 1103
399 1157
399 1158
399 1165
399 1167
399 1222
399 1231
400 208
400 272
400 336
400 464
400 528
400 592
400 805
401 209
401 273
401 337
401 465
401 529
401 593
402 210
402 274
402 338
402 466
402 530
402 594
402 621
403 211
403 275
403 339
403 467
403 531
403 595
404 212
404 276
404 340
404 468
404 532
404 596
405 213
405 277
405 341
405 469
405 533
405 597
405 991
406 214
406 278
406 342
406 470
406 534
406 598
406 1058
407 103
407 215
407 279
407 343
407 471
407 485
407 535
407 599
407 666
407 1050
407 1209
408 148
408 216
408 280
408 344
408 472
408 536
408 600
408 753
408 1271
409 217
409 246
409 281
409 345
409 473
409 537
409 601
409 1079
409 1122
409 1177
410 218
410 282
410 346
410 474
410 538
410 602
410 764
410 1176
411 219
411 283
411 347
411 475
411 539
411 603
411 1034
412 28
412 82
412 150
412 220
412 284
412 348
412 476
412 540
412 604
412 610
412 1253
413 221
413 285
413 349
413 477
413 541
413 605
413 832
413 918
414 222
414 286
414 350
414 478
414 542
414 606
415 223
415 287
415 315
415 351
415 479
415 543
415 607
415 799
416 74
416 224
416 288
416 352
416 480
416 544
416 608
416 971
416 1211
417 225
417 289
417 353
417 481
417 545
417 609
417 802
418 226
418 290
418 295
418 354
418 482
418 487
418 546
418 610
418 1009
418 1012
418 1104
419 101
419 227
419 291
419 355
419 427
419 468
419 483
419 547
419 611
420 225
420 228
420 292
420 356
420 484
420 512
420 548
420 612
420 871
420 1010
421 128
421 229
421 293
421 357
421 485
421 549
421 613
422 230
422 294
422 358
422 486
422 550
422 614
423 21
423 231
423 233
423 295
423 359
423 487
423 528
423 551
423 615
424 232
424 280
424 296
424 360
424 488
424 552
424 616
424 765
424 1081
425 233
425 251
425 297
425 361
425 489
425 553
425 615
425 617
425 1143
426 234
426 250
426 298
426 346
426 362
426 490
426 554
426 618
426 803
427 101
427 235
427 299
427 363
427 419
427 468
427 491
427 555
427 619
428 236
428 300
428 364
428 492
428 556
428 620
429 237
429 301
429 365
429 493
429 557
429 621
430 238
430 302
430 366
430 377
430 494
430 558
430 622
430 811
431 61
431 239
431 253
431 303
431 367
431 495
431 559
431 623
431 1080
431 1274
432 240
432 304
432 368
432 496
432 510
432 560
432 624
433 241
433 279
433 305
433 369
433 490
433 497
433 561
433 625
433 980
433 1200
434 25
434 95
434 242
434 290
434 306
434 370
434 498
434 500
434 562
434 626
434 679
434 1204
435 172
435 243
435 307
435 371
435 499
435 563
435 580
435 627
436 244
436 308
436 372
436 500
436 564
436 628
436 1108
436 1141
437 245
437 309
437 343
437 373
437 501
437 565
437 629
438 192
438 246
438 310
438 373
438 374
438 502
438 566
438 630
438 996
439 247
439 311
439 375
439 503
439 567
439 631
440 40
440 248
440 298
440 312
440 318
440 376
440 446
440 504
440 568
440 632
440 703
441 212
441 249
441 313
441 377
441 505
441 569
441 574
441 633
441 688
442 184
442 250
442 314
442 378
442 506
442 570
442 634
442 931
442 1273
443 251
443 315
443 379
443 507
443 571
443 635
444 252
444 255
444 316
444 380
444 491
444 508
444 572
444 636
444 1086
445 253
445 317
445 381
445 509
445 573
445 616
445 637
445 875
445 892
446 40
446 254
446 298
446 318
446 382
446 440
446 510
446 574
446 638
446 703
447 57
447 121
447 255
447 319
447 383
447 511
447 575
447 639
448 256
448 320
448 384
448 512
448 576
448 640
449 257
449 321
449 385
449 513
449 577
449 641
450 258
450 322
450 386
450 514
450 578
450 642
451 259
451 267
451 323
451 387
451 515
451 579
451 585
451 643
452 260
452 324
452 364
452 388
452 516
452 580
452 644
452 1013
453 5
453 15
453 143
453 197
453 207
453 261
453 271
453 325
453 328
453 333
453 389
453 397
453 517
453 525
453 581
453 645
453 653
453 706
453 709
453 717
453 770
453 781
453 834
453 837
453 901
453 962
453 965
453 1029
453 1037
453 1093
453 1154
453 1157
453 1165
453 1218
453 1221
453 1229
454 6
454 70
454 134
454 198
454 262
454 326
454 390
454 399
454 461
454 463
454 518
454 527
454 582
454 591
454 646
454 655
454 710
454 719
454 774
454 783
454 838
454 847
454 902
454 911
454 966
454 975
454 1030
454 1039
454 1094
454 1103
454 1158
454 1167
454 1222
454 1231
455 263
455 327
455 391
455 519
455 583
455 647
456 8
456 69
456 133
456 200
456 264
456 325
456 328
456 392
456 520
456 584
456 645
456 648
456 712
456 776
456 840
456 904
456 968
456 1032
456 1096
456 1160
456 1224
457 265
457 329
457 393
457 521
457 529
457 585
457 649
458 266
458 330
458 394
458 522
458 586
458 650
459 83
459 267
459 331
459 395
459 523
459 587
459 651
460 268
460 332
460 396
460 524
460 588
460 652
461 5
461 6
461 70
461 134
461 207
461 262
461 269
461 271
461 326
461 333
461 335
461 390
461 397
461 399
461 454
461 463
461 517
461 518
461 525
461 527
461 582
461 589
461 591
461 646
461 653
461 655
461 709
461 710
461 719
461 774
461 783
461 834
461 837
461 845
461 847
461 901
461 909
461 911
461 962
461 966
461 973
461 975
461 1037
461 1039
461 1093
461 1094
461 1101
461 1103
461 1157
461 1158
461 1165
461 1167
461 1221
461 1222
461 1231
462 270
462 334
462 398
462 526
462 590
462 654
463 6
463 70
463 134
463 198
463 262
463 271
463 326
463 335
463 390
463 399
463 454
463 461
463 517
463 518
463 525
463 527
463 582
463 589
463 591
463 646
463 655
463 710
463 719
463 774
463 783
463 834
463 837
463 838
463 845
463 847
463 902
463 909
463 911
463 966
463 973
463 975
463 1030
463 1037
463 1039
463 1094
463 1101
463 1103
463 1158
463 1165
463 1167
463 1222
463 1231
464 272
464 336
464 362
464 400
464 528
464 592
464 656
465 273
465 337
465 401
465 529
465 593
465 657
465 913
466 274
466 338
466 402
466 530
466 594
466 658
466 1269
467 275
467 339
467 403
467 531
467 595
467 659
468 101
468 276
468 340
468 404
468 419
468 427
468 532
468 596
468 660
469 47
469 277
469 341
469 405
469 533
469 597
469 661
469 829
469 1016
470 278
470 342
470 406
470 534
470 598
470 662
470 1083
471 279
471 343
471 407
471 535
471 599
471 663
471 890
471 1272
472 89
472 280
472 344
472 408
472 536
472 562
472 600
472 664
472 1251
473 281
473 345
473 409
473 537
473 601
473 665
473 882
474 220
474 282
474 346
474 410
474 538
474 602
474 666
475 283
475 347
475 411
475 539
475 603
475 667
476 247
476 284
476 348
476 412
476 540
476 604
476 668
476 1007
477 285
477 349
477 413
477 522
477 541
477 605
477 669
477 923
477 1035
477 1227
478 286
478 329
478 350
478 414
478 526
478 542
478 606
478 670
478 771
478 798
479 287
479 297
479 351
479 415
479 543
479 607
479 671
479 793
479 917
480 288
480 352
480 416
480 544
480 608
480 627
480 672
480 955
481 289
481 353
481 417
481 545
481 607
481 609
481 673
481 734
481 1024
481 1109
482 290
482 354
482 418
482 546
482 610
482 674
482 951
483 52
483 104
483 291
483 355
483 419
483 547
483 611
483 675
483 692
483 942
483 1070
483 1278
484 292
484 356
484 420
484 548
484 612
484 676
484 1042
485 103
485 293
485 357
485 407
485 421
485 549
485 613
485 666
485 677
485 1050
485 1209
486 158
486 294
486 358
486 422
486 550
486 614
486 630
486 678
486 1234
487 295
487 359
487 418
487 423
487 551
487 615
487 679
487 1009
487 1012
487 1104
488 296
488 360
488 424
488 552
488 616
488 680
489 297
489 361
489 425
489 553
489 617
489 681
489 1092
490 279
490 298
490 362
490 426
490 433
490 554
490 618
490 682
490 980
490 1200
491 255
491 299
491 363
491 427
491 444
491 555
491 619
491 683
491 1086
492 300
492 364
492 428
492 556
492 620
492 684
493 301
493 365
493 388
493 429
493 557
493 621
493 685
494 366
494 376
494 430
494 558
494 622
494 686
494 767
494 1003
495 42
495 56
495 303
495 367
495 431
495 559
495 623
495 664
495 687
496 152
496 276
496 299
496 304
496 368
496 432
496 560
496 624
496 688
496 939
496 1149
496 1151
497 305
497 317
497 369
497 433
497 561
497 625
497 689
497 1195
498 231
498 306
498 370
498 434
498 562
498 626
498 690
499 237
499 307
499 371
499 435
499 563
499 627
499 691
499 763
500 25
500 95
500 290
500 308
500 372
500 434
500 436
500 564
500 628
500 679
500 692
500 1204
501 309
501 373
501 437
501 565
501 629
501 693
501 720
502 310
502 374
502 438
502 566
502 630
502 694
502 994
502 1001
503 123
503 311
503 341
503 375
503 439
503 567
503 631
503 695
503 1049
504 113
504 312
504 376
504 440
504 568
504 599
504 632
504 696
504 817
505 313
505 377
505 441
505 569
505 633
505 697
506 378
506 442
506 570
506 634
507 256
507 315
507 379
507 443
507 571
507 635
507 699
508 175
508 316
508 380
508 444
508 572
508 636
508 700
509 317
509 381
509 445
509 573
509 637
509 701
509 1017
510 318
510 382
510 432
510 446
510 574
510 638
510 702
511 127
511 319
511 383
511 447
511 575
511 639
511 703
512 225
512 320
512 384
512 420
512 448
512 576
512 640
512 704
512 871
512 1010
513 321
513 385
513 449
513 577
513 641
513 705
514 322
514 386
514 450
514 578
514 642
514 706
515 323
515 387
515 451
515 579
515 643
515 707
516 324
516 388
516 452
516 580
516 588
516 644
516 708
516 850
516 1252
517 5
517 143
517 207
517 271
517 325
517 328
517 335
517 389
517 399
517 453
517 461
517 463
517 525
517 581
517 589
517 591
517 645
517 653
517 655
517 709
517 717
517 719
517 781
517 783
517 834
517 837
517 845
517 901
517 909
517 962
517 965
517 973
517 975
517 1029
517 1037
517 1039
517 1093
517 1101
517 1103
517 1154
517 1157
517 1165
517 1167
517 1221
517 1229
518 6
518 70
518 134
518 198
518 262
518 326
518 390
518 399
518 454
518 461
518 463
518 527
518 582
518 591
518 646
518 655
518 710
518 719
518 774
518 783
518 838
518 847
518 902
518 911
518 966
518 975
518 1030
518 1039
518 1094
518 1103
518 1158
518 1167
518 1222
518 1231
519 327
519 391
519 455
519 583
519 647
519 672
519 711
520 8
520 69
520 133
520 200
520 264
520 325
520 328
520 392
520 456
520 584
520 645
520 648
520 712
520 776
520 840
520 904
520 968
520 1032
520 1096
520 1160
520 1224
521 329
521 393
521 457
521 585
521 649
521 713
521 1169
522 330
522 394
522 458
522 477
522 586
522 650
522 714
522 923
522 1035
522 1227
523 195
523 331
523 395
523 459
523 587
523 651
523 715
524 332
524 396
524 460
524 588
524 652
524 716
524 806
525 5
525 143
525 207
525 271
525 328
525 333
525 335
525 389
525 397
525 399
525 453
525 461
525 463
525 517
525 589
525 591
525 653
525 655
525 709
525 717
525 719
525 781
525 783
525 834
525 837
525 845
525 901
525 909
525 962
525 965
525 973
525 1029
525 1037
525 1039
525 1093
525 1101
525 1154
525 1157
525 1165
525 1167
525 1221
525 1229
526 329
526 334
526 398
526 462
526 478
526 590
526 654
526 718
526 771
526 798
527 6
527 70
527 134
527 198
527 262
527 326
527 335
527 390
527 399
527 454
527 461
527 463
527 518
527 582
527 589
527 591
527 646
527 655
527 710
527 719
527 774
527 783
527 838
527 845
527 847
527 902
527 909
527 911
527 966
527 973
527 975
527 1030
527 1037
527 1039
527 1094
527 1101
527 1103
527 1158
527 1167
527 1222
527 1231
528 21
528 233
528 336
528 400
528 423
528 464
528 551
528 592
528 656
528 720
529 337
529 401
529 457
529 465
529 593
529 657
529 721
530 278
530 338
530 402
530 466
530 594
530 658
530 722
531 339
531 403
531 467
531 595
531 659
531 723
532 55
532 340
532 404
532 468
532 596
532 660
532 724
532 930
533 169
533 341
533 405
533 469
533 597
533 661
533 725
533 756
533 1262
534 342
534 406
534 470
534 598
534 662
534 726
535 343
535 407
535 471
535 599
535 663
535 727
536 344
536 408
536 472
536 600
536 664
536 728
536 825
536 1008
536 1134
536 1259
537 345
537 409
537 473
537 601
537 665
537 729
537 735
537 848
538 346
538 410
538 474
538 568
538 602
538 666
538 730
538 1137
538 1236
539 138
539 204
539 347
539 411
539 475
539 603
539 667
539 731
539 1147
540 348
540 412
540 476
540 604
540 668
540 732
541 349
541 413
541 477
541 605
541 669
541 733
541 778
541 861
542 350
542 414
542 478
542 606
542 670
542 674
542 734
543 351
543 415
543 479
543 607
543 671
543 735
543 1232
543 1241
544 352
544 416
544 480
544 608
544 672
544 736
545 353
545 417
545 481
545 609
545 673
545 737
545 929
546 354
546 418
546 482
546 610
546 674
546 738
547 355
547 419
547 483
547 601
547 611
547 675
547 677
547 739
547 995
548 356
548 420
548 484
548 612
548 676
548 740
549 357
549 421
549 485
549 613
549 640
549 677
549 741
549 1063
550 358
550 422
550 486
550 614
550 678
550 742
551 21
551 233
551 359
551 423
551 487
551 528
551 615
551 679
551 743
552 24
552 235
552 360
552 424
552 488
552 554
552 616
552 680
552 744
552 1198
553 161
553 361
553 425
553 489
553 617
553 681
553 745
553 853
553 868
553 1187
554 24
554 235
554 362
554 426
554 490
554 552
554 618
554 682
554 746
554 1198
555 304
555 363
555 427
555 491
555 619
555 683
555 747
555 752
556 364
556 428
556 492
556 620
556 684
556 748
557 365
557 429
557 493
557 621
557 685
557 749
558 314
558 366
558 430
558 494
558 622
558 639
558 686
558 750
558 938
559 367
559 431
559 495
559 623
559 687
559 751
559 784
560 20
560 244
560 368
560 432
560 496
560 622
560 624
560 688
560 752
561 125
561 369
561 433
561 497
561 625
561 689
561 727
561 753
561 1111
562 89
562 370
562 434
562 472
562 498
562 626
562 690
562 754
562 1251
563 371
563 435
563 499
563 627
563 691
563 755
564 372
564 436
564 500
564 628
564 692
564 756
564 1067
565 373
565 437
565 501
565 629
565 693
565 757
566 374
566 438
566 502
566 630
566 694
566 758
566 876
567 97
567 281
567 361
567 375
567 439
567 503
567 631
567 695
567 757
567 759
567 881
567 1074
568 376
568 440
568 504
568 538
568 632
568 696
568 760
568 1137
568 1236
569 106
569 302
569 377
569 441
569 505
569 633
569 697
569 761
569 954
570 378
570 442
570 506
570 618
570 634
570 636
570 698
570 762
570 1212
571 379
571 443
571 507
571 635
571 699
571 763
571 908
571 1004
572 380
572 444
572 508
572 636
572 700
572 764
572 1023
573 381
573 445
573 509
573 637
573 701
573 765
573 794
573 1073
574 212
574 382
574 441
574 446
574 510
574 638
574 688
574 702
574 766
575 447
575 511
575 639
575 703
576 384
576 448
576 512
576 640
576 704
576 768
576 1015
577 385
577 449
577 513
577 641
577 705
577 769
578 386
578 450
578 514
578 642
578 706
578 770
579 387
579 451
579 515
579 643
579 707
579 771
580 172
580 388
580 435
580 452
580 516
580 644
580 708
580 772
581 5
581 15
581 143
581 197
581 207
581 261
581 271
581 328
581 333
581 389
581 397
581 453
581 517
581 642
581 645
581 648
581 653
581 706
581 709
581 717
581 770
581 773
581 781
581 834
581 837
581 901
581 962
581 965
581 1029
581 1093
581 1154
581 1157
581 1218
581 1221
581 1229
582 6
582 70
582 134
582 198
582 262
582 326
582 390
582 399
582 454
582 461
582 463
582 518
582 527
582 591
582 646
582 655
582 710
582 719
582 774
582 783
582 838
582 845
582 847
582 902
582 909
582 911
582 966
582 973
582 975
582 1030
582 1039
582 1094
582 1103
582 1158
582 1167
582 1222
582 1231
583 391
583 455
583 519
583 647
583 711
583 775
584 8
584 69
584 133
584 200
584 264
584 325
584 392
584 456
584 520
584 645
584 648
584 712
584 776
584 840
584 904
584 968
584 1032
584 1096
584 1160
584 1224
585 267
585 393
585 451
585 457
585 521
585 649
585 713
585 777
586 258
586 394
586 458
586 522
586 650
586 714
586 778
586 970
587 395
587 459
587 523
587 651
587 715
587 779
588 396
588 460
588 516
588 524
588 652
588 716
588 780
588 850
588 1252
589 5
589 143
589 207
589 271
589 328
589 335
589 389
589 397
589 399
589 461
589 463
589 517
589 525
589 527
589 591
589 653
589 655
589 709
589 717
589 719
589 781
589 783
589 834
589 837
589 845
589 847
589 901
589 909
589 911
589 962
589 973
589 975
589 1037
589 1039
589 1093
589 1101
589 1103
589 1157
589 1165
589 1167
589 1221
589 1229
589 1231
590 398
590 462
590 526
590 654
590 718
590 782
591 5
591 6
591 70
591 134
591 198
591 262
591 271
591 326
591 335
591 390
591 399
591 454
591 461
591 463
591 517
591 518
591 525
591 527
591 582
591 589
591 646
591 653
591 655
591 710
591 719
591 774
591 783
591 834
591 837
591 838
591 845
591 847
591 901
591 902
591 909
591 911
591 962
591 966
591 973
591 975
591 1030
591 1037
591 1039
591 1093
591 1094
591 1101
591 1103
591 1157
591 1158
591 1165
591 1167
591 1222
591 1231
592 400
592 464
592 528
592 656
592 665
592 720
592 784
592 933
592 1178
593 78
593 401
593 465
593 529
593 657
593 721
593 785
593 899
594 59
594 309
594 384
594 402
594 466
594 530
594 628
594 658
594 722
594 786
594 857
595 403
595 467
595 531
595 659
595 723
595 787
596 404
596 468
596 532
596 660
596 724
596 788
596 935
596 986
597 348
597 405
597 469
597 533
597 661
597 725
597 789
597 820
598 406
598 470
598 534
598 662
598 726
598 790
599 113
599 407
599 471
599 504
599 535
599 663
599 727
599 791
599 817
600 168
600 272
600 408
600 472
600 536
600 663
600 664
600 728
600 792
601 409
601 473
601 537
601 547
601 665
601 677
601 729
601 793
601 995
602 311
602 410
602 474
602 538
602 666
602 730
602 794
602 983
602 1175
603 411
603 475
603 539
603 667
603 731
603 795
603 1102
604 374
604 412
604 476
604 540
604 668
604 732
604 796
605 352
605 413
605 477
605 541
605 669
605 733
605 742
605 797
606 414
606 478
606 542
606 670
606 734
606 798
607 415
607 479
607 481
607 543
607 671
607 734
607 735
607 799
607 1024
607 1109
608 38
608 194
608 416
608 480
608 544
608 672
608 736
608 800
609 379
609 417
609 481
609 545
609 673
609 737
609 801
610 28
610 82
610 150
610 412
610 418
610 482
610 546
610 674
610 738
610 802
610 1253
611 249
611 419
611 483
611 547
611 675
611 700
611 739
611 803
612 420
612 484
612 548
612 676
612 740
612 804
612 964
612 1116
612 1152
612 1260
613 37
613 421
613 485
613 549
613 661
613 677
613 741
613 805
614 422
614 486
614 550
614 678
614 742
614 806
615 251
615 423
615 425
615 487
615 551
615 679
615 743
615 807
615 1143
616 424
616 445
616 488
616 552
616 680
616 744
616 808
616 875
616 892
617 105
617 425
617 489
617 553
617 681
617 745
617 809
617 878
617 920
618 426
618 490
618 554
618 570
618 636
618 682
618 746
618 810
618 1212
619 164
619 427
619 491
619 555
619 683
619 747
619 811
619 1145
620 22
620 428
620 492
620 556
620 684
620 748
620 812
621 402
621 429
621 493
621 557
621 685
621 749
621 813
622 20
622 244
622 430
622 494
622 558
622 560
622 686
622 750
622 814
623 431
623 495
623 559
623 687
623 751
623 815
623 1215
624 111
624 432
624 496
624 560
624 688
624 752
624 762
624 816
624 830
624 893
625 90
625 216
625 433
625 497
625 561
625 689
625 753
625 817
625 1136
625 1239
626 434
626 498
626 562
626 690
626 754
626 818
626 1242
627 435
627 480
627 499
627 563
627 691
627 755
627 819
627 955
628 59
628 309
628 384
628 436
628 500
628 564
628 594
628 692
628 756
628 820
628 857
629 437
629 501
629 565
629 693
629 757
629 809
629 821
629 1133
630 158
630 438
630 486
630 502
630 566
630 694
630 758
630 822
630 1234
631 229
631 245
631 439
631 503
631 567
631 695
631 743
631 759
631 823
631 922
632 154
632 440
632 504
632 568
632 683
632 696
632 760
632 824
632 953
633 112
633 234
633 441
633 505
633 569
633 697
633 761
633 816
633 825
633 1018
633 1072
634 215
634 442
634 506
634 570
634 698
634 762
634 826
635 443
635 507
635 571
635 699
635 763
635 827
635 1061
636 444
636 508
636 570
636 572
636 618
636 700
636 764
636 828
636 1212
637 445
637 509
637 573
637 701
637 765
637 794
637 829
637 1073
638 124
638 382
638 446
638 510
638 574
638 702
638 766
638 830
638 1194
639 314
639 447
639 511
639 558
639 575
639 703
639 767
639 938
640 448
640 512
640 549
640 576
640 704
640 768
640 832
640 1063
641 141
641 449
641 513
641 577
641 705
641 769
641 833
642 15
642 72
642 136
642 197
642 261
642 333
642 397
642 450
642 514
642 578
642 581
642 648
642 706
642 770
642 773
642 834
642 1029
642 1218
643 451
643 515
643 579
643 707
643 771
643 835
643 1166
644 452
644 516
644 580
644 708
644 772
644 836
644 960
645 8
645 69
645 133
645 200
645 264
645 325
645 392
645 453
645 456
645 517
645 520
645 581
645 584
645 709
645 712
645 773
645 776
645 837
645 840
645 904
645 968
645 1032
645 1096
645 1160
645 1224
646 6
646 70
646 134
646 198
646 262
646 326
646 390
646 399
646 454
646 461
646 463
646 518
646 527
646 582
646 591
646 655
646 710
646 719
646 774
646 783
646 838
646 847
646 902
646 911
646 966
646 975
646 1030
646 1039
646 1094
646 1103
646 1158
646 1167
646 1222
646 1231
647 155
647 288
647 455
647 519
647 583
647 711
647 775
647 839
648 15
648 72
648 136
648 197
648 261
648 333
648 397
648 456
648 520
648 581
648 584
648 642
648 706
648 712
648 770
648 773
648 776
648 840
648 1218
649 457
649 521
649 585
649 713
649 777
649 841
650 331
650 458
650 522
650 586
650 657
650 714
650 778
650 842
651 459
651 523
651 587
651 715
651 779
651 843
651 1099
652 460
652 524
652 588
652 716
652 780
652 844
653 5
653 15
653 143
653 197
653 207
653 271
653 328
653 335
653 389
653 397
653 399
653 453
653 461
653 517
653 525
653 581
653 589
653 591
653 655
653 706
653 709
653 717
653 719
653 781
653 834
653 837
653 845
653 901
653 909
653 962
653 965
653 973
653 1029
653 1037
653 1093
653 1101
653 1154
653 1157
653 1165
653 1221
653 1229
654 462
654 526
654 590
654 718
654 782
654 846
655 5
655 6
655 70
655 134
655 198
655 207
655 262
655 271
655 326
655 335
655 390
655 399
655 454
655 461
655 463
655 517
655 518
655 525
655 527
655 582
655 589
655 591
655 646
655 653
655 709
655 710
655 719
655 774
655 783
655 834
655 837
655 838
655 845
655 847
655 901
655 902
655 909
655 911
655 962
655 966
655 973
655 975
655 1030
655 1037
655 1039
655 1093
655 1094
655 1101
655 1103
655 1157
655 1158
655 1165
655 1167
655 1221
655 1222
655 1231
656 372
656 464
656 528
656 592
656 720
656 784
656 848
657 331
657 465
657 529
657 593
657 650
657 721
657 785
657 849
658 466
658 530
658 594
658 704
658 722
658 786
658 850
659 467
659 531
659 595
659 723
659 787
659 851
660 344
660 468
660 532
660 596
660 724
660 751
660 788
660 852
661 37
661 469
661 533
661 597
661 613
661 725
661 789
661 853
662 196
662 320
662 470
662 534
662 598
662 726
662 790
662 854
663 168
663 272
663 471
663 535
663 599
663 600
663 727
663 791
663 855
664 42
664 56
664 472
664 495
664 536
664 600
664 728
664 792
664 856
665 473
665 537
665 592
665 601
665 729
665 793
665 857
665 933
665 1178
666 103
666 407
666 474
666 485
666 538
666 602
666 730
666 794
666 858
666 1050
666 1209
667 475
667 539
667 603
667 731
667 795
667 859
667 1248
668 476
668 540
668 604
668 732
668 796
668 860
669 71
669 477
669 541
669 605
669 733
669 797
669 861
670 478
670 542
670 606
670 734
670 798
670 862
671 99
671 282
671 359
671 479
671 543
671 607
671 735
671 799
671 863
671 894
672 480
672 519
672 544
672 608
672 736
672 800
672 864
673 481
673 545
673 609
673 737
673 768
673 801
673 865
673 1183
674 482
674 542
674 546
674 610
674 738
674 802
674 866
675 483
675 547
675 611
675 689
675 739
675 803
675 867
675 1264
676 484
676 548
676 612
676 740
676 804
676 868
676 1156
677 485
677 547
677 549
677 601
677 613
677 741
677 805
677 869
677 995
678 486
678 550
678 614
678 742
678 806
678 870
678 1174
679 25
679 95
679 290
679 434
679 487
679 500
679 551
679 615
679 743
679 807
679 871
679 1204
680 488
680 552
680 616
680 744
680 808
680 872
680 888
681 149
681 277
681 489
681 553
681 617
681 745
681 809
681 873
682 490
682 554
682 618
682 702
682 746
682 810
682 874
682 1276
683 154
683 491
683 555
683 619
683 632
683 747
683 811
683 875
683 953
684 492
684 556
684 620
684 685
684 748
684 812
684 876
684 1054
684 1164
685 493
685 557
685 621
685 684
685 749
685 813
685 877
685 1054
685 1164
686 80
686 85
686 293
686 336
686 494
686 558
686 622
686 750
686 814
686 878
686 1129
687 495
687 559
687 623
687 751
687 815
687 879
687 956
687 1150
687 1277
688 212
688 441
688 496
688 560
688 574
688 624
688 752
688 816
688 880
689 497
689 561
689 625
689 675
689 753
689 817
689 881
689 1264
690 498
690 562
690 626
690 754
690 818
690 882
690 1192
691 499
691 563
691 627
691 755
691 819
691 883
692 52
692 104
692 483
692 500
692 564
692 628
692 756
692 820
692 884
692 942
692 1070
692 1278
693 501
693 565
693 629
693 757
693 821
693 867
693 885
693 896
694 502
694 566
694 630
694 758
694 813
694 822
694 886
695 46
695 208
695 503
695 567
695 631
695 759
695 823
695 887
695 919
695 1040
695 1112
695 1144
696 504
696 568
696 632
696 701
696 760
696 824
696 888
696 1082
697 505
697 569
697 633
697 761
697 825
697 889
698 190
698 313
698 570
698 634
698 762
698 826
698 890
699 230
699 507
699 571
699 635
699 763
699 827
699 891
700 249
700 508
700 572
700 611
700 636
700 764
700 828
700 892
701 509
701 573
701 637
701 696
701 765
701 829
701 893
701 1082
702 510
702 574
702 638
702 682
702 766
702 830
702 894
702 1276
703 40
703 298
703 318
703 440
703 446
703 511
703 575
703 639
703 767
703 831
703 895
704 512
704 576
704 640
704 658
704 768
704 832
704 896
705 257
705 513
705 577
705 641
705 769
705 833
705 897
706 5
706 15
706 72
706 143
706 197
706 207
706 261
706 328
706 333
706 389
706 397
706 453
706 514
706 578
706 581
706 642
706 648
706 653
706 709
706 717
706 770
706 773
706 781
706 834
706 898
706 901
706 962
706 965
706 1029
706 1093
706 1154
706 1157
706 1218
706 1221
706 1229
707 17
707 515
707 579
707 643
707 771
707 835
707 864
707 899
708 516
708 580
708 644
708 772
708 836
708 860
708 900
709 5
709 15
709 143
709 197
709 207
709 261
709 271
709 328
709 333
709 335
709 389
709 397
709 453
709 461
709 517
709 525
709 581
709 589
709 645
709 653
709 655
709 706
709 717
709 773
709 781
709 834
709 837
709 845
709 901
709 909
709 962
709 965
709 973
709 1029
709 1037
709 1093
709 1101
709 1154
709 1157
709 1165
709 1221
709 1229
710 6
710 70
710 134
710 198
710 262
710 326
710 390
710 399
710 454
710 461
710 463
710 518
710 527
710 582
710 591
710 646
710 655
710 719
710 774
710 783
710 838
710 847
710 902
710 909
710 911
710 966
710 975
710 1030
710 1039
710 1094
710 1103
710 1158
710 1167
710 1222
710 1231
711 519
711 583
711 647
711 775
711 839
711 903
712 8
712 69
712 133
712 200
712 264
712 325
712 392
712 456
712 520
712 584
712 645
712 648
712 776
712 840
712 904
712 968
712 1032
712 1096
712 1160
712 1224
713 521
713 585
713 649
713 777
713 841
713 905
714 522
714 586
714 650
714 778
714 842
714 906
715 273
715 523
715 587
715 651
715 779
715 843
715 907
716 524
716 588
716 652
716 780
716 844
716 908
717 5
717 15
717 143
717 197
717 207
717 261
717 271
717 328
717 333
717 335
717 389
717 397
717 453
717 517
717 525
717 581
717 589
717 653
717 706
717 709
717 781
717 834
717 837
717 845
717 901
717 909
717 962
717 965
717 1029
717 1037
717 1093
717 1101
717 1154
717 1157
717 1165
717 1218
717 1221
717 1229
718 135
718 526
718 590
718 654
718 782
718 846
718 910
718 1078
719 5
719 6
719 70
719 134
719 198
719 207
719 262
719 271
719 326
719 335
719 390
719 399
719 454
719 461
719 463
719 517
719 518
719 525
719 527
719 582
719 589
719 591
719 646
719 653
719 655
719 710
719 774
719 783
719 834
719 837
719 838
719 845
719 847
719 901
719 902
719 909
719 911
719 962
719 966
719 973
719 975
719 1030
719 1037
719 1039
719 1093
719 1094
719 1101
719 1103
719 1157
719 1158
719 1165
719 1167
719 1221
719 1222
719 1231
720 501
720 528
720 592
720 656
720 784
720 848
720 912
721 529
721 593
721 657
721 785
721 849
721 913
722 530
722 594
722 658
722 786
722 850
722 914
722 1206
723 531
723 595
723 659
723 787
723 851
723 915
723 963
723 987
724 532
724 596
724 660
724 788
724 852
724 916
724 1172
725 533
725 597
725 661
725 754
725 789
725 808
725 853
725 885
725 917
726 534
726 598
726 662
726 790
726 854
726 918
726 1057
727 125
727 535
727 561
727 599
727 663
727 791
727 855
727 919
727 1111
728 153
728 351
728 536
728 600
728 664
728 792
728 828
728 856
728 920
728 945
728 984
728 1135
729 33
729 537
729 601
729 665
729 732
729 793
729 857
729 921
730 538
730 602
730 666
730 794
730 858
730 922
731 263
731 539
731 603
731 667
731 795
731 859
731 923
731 1027
731 1182
732 33
732 540
732 604
732 668
732 729
732 796
732 860
732 924
733 541
733 605
733 669
733 797
733 861
733 925
734 481
734 542
734 606
734 607
734 670
734 798
734 862
734 926
734 1024
734 1109
735 537
735 543
735 607
735 671
735 799
735 848
735 863
735 927
736 337
736 544
736 608
736 672
736 800
736 864
736 928
737 545
737 609
737 673
737 801
737 865
737 929
738 546
738 610
738 674
738 802
738 866
738 930
739 181
739 547
739 611
739 675
739 803
739 867
739 931
740 548
740 612
740 676
740 804
740 868
740 932
741 549
741 613
741 677
741 788
741 805
741 869
741 933
742 352
742 550
742 605
742 614
742 678
742 806
742 870
742 934
743 229
743 245
743 551
743 615
743 631
743 679
743 807
743 871
743 922
743 935
744 345
744 552
744 616
744 680
744 808
744 872
744 936
744 1066
745 357
745 553
745 617
745 681
745 809
745 873
745 937
745 1266
746 48
746 88
746 554
746 618
746 682
746 810
746 874
746 938
747 84
747 120
747 555
747 619
747 683
747 811
747 875
747 939
747 1213
748 556
748 620
748 684
748 812
748 876
748 940
749 18
749 557
749 621
749 685
749 813
749 877
749 941
750 558
750 622
750 686
750 814
750 878
750 924
750 942
750 948
751 344
751 559
751 623
751 660
751 687
751 815
751 879
751 943
752 304
752 555
752 560
752 624
752 688
752 816
752 880
752 944
753 148
753 408
753 561
753 625
753 689
753 817
753 881
753 945
753 1271
754 562
754 626
754 690
754 725
754 808
754 818
754 882
754 885
754 946
755 330
755 563
755 627
755 691
755 819
755 883
755 947
756 169
756 533
756 564
756 628
756 692
756 820
756 884
756 948
756 1262
757 97
757 281
757 361
757 565
757 567
757 629
757 693
757 821
757 881
757 885
757 949
757 1074
758 566
758 630
758 694
758 822
758 886
758 921
758 950
759 567
759 631
759 695
759 823
759 887
759 951
759 1077
760 239
760 568
760 632
760 696
760 824
760 888
760 952
761 569
761 633
761 697
761 825
761 889
761 953
762 111
762 570
762 624
762 634
762 698
762 826
762 830
762 890
762 893
762 954
763 237
763 499
763 571
763 635
763 699
763 827
763 891
763 955
764 410
764 572
764 636
764 700
764 828
764 892
764 956
764 1176
765 280
765 424
765 573
765 637
765 701
765 829
765 893
765 957
765 1081
766 574
766 638
766 702
766 830
766 894
766 958
767 376
767 494
767 639
767 703
767 831
767 895
767 1003
768 576
768 640
768 673
768 704
768 832
768 896
768 960
768 1183
769 577
769 641
769 705
769 833
769 897
769 961
770 15
770 72
770 136
770 197
770 261
770 333
770 397
770 453
770 578
770 581
770 642
770 648
770 706
770 773
770 834
770 898
770 962
770 965
770 1029
770 1154
770 1218
771 329
771 478
771 526
771 579
771 643
771 707
771 798
771 835
771 899
771 963
772 260
772 580
772 644
772 708
772 804
772 836
772 900
772 964
772 1180
773 72
773 136
773 197
773 261
773 333
773 581
773 642
773 645
773 648
773 706
773 709
773 770
773 837
773 901
773 965
773 1218
774 6
774 70
774 134
774 198
774 262
774 326
774 390
774 399
774 454
774 461
774 463
774 518
774 527
774 582
774 591
774 646
774 655
774 710
774 719
774 783
774 838
774 847
774 902
774 911
774 966
774 975
774 1030
774 1039
774 1094
774 1103
774 1158
774 1167
774 1222
774 1231
775 583
775 647
775 711
775 839
775 903
775 967
776 8
776 69
776 133
776 200
776 264
776 325
776 392
776 456
776 520
776 584
776 645
776 648
776 712
776 840
776 904
776 968
776 1032
776 1096
776 1160
776 1224
777 585
777 649
777 713
777 841
777 905
777 969
778 541
778 586
778 650
778 714
778 842
778 861
778 906
778 970
779 10
779 587
779 651
779 715
779 843
779 907
779 971
780 588
780 652
780 716
780 844
780 908
780 972
780 1196
781 5
781 15
781 143
781 197
781 207
781 261
781 271
781 328
781 333
781 335
781 389
781 397
781 453
781 517
781 525
781 581
781 589
781 653
781 706
781 709
781 717
781 834
781 837
781 845
781 901
781 909
781 962
781 965
781 973
781 1029
781 1037
781 1093
781 1101
781 1154
781 1157
781 1165
781 1218
781 1221
781 1229
782 221
782 590
782 654
782 718
782 846
782 910
782 974
783 6
783 70
783 134
783 198
783 262
783 271
783 326
783 335
783 390
783 399
783 454
783 461
783 463
783 517
783 518
783 525
783 527
783 582
783 589
783 591
783 646
783 655
783 710
783 719
783 774
783 834
783 837
783 838
783 845
783 847
783 901
783 902
783 909
783 911
783 966
783 973
783 975
783 1030
783 1037
783 1039
783 1094
783 1101
783 1103
783 1158
783 1165
783 1167
783 1222
783 1231
784 559
784 592
784 656
784 720
784 848
784 912
784 976
785 593
785 657
785 721
785 849
785 913
785 977
785 1155
786 594
786 658
786 722
786 850
786 914
786 978
787 595
787 659
787 723
787 851
787 915
787 979
788 596
788 660
788 724
788 741
788 852
788 916
788 980
789 597
789 661
789 725
789 853
789 917
789 981
790 598
790 662
790 726
790 854
790 918
790 982
791 340
791 599
791 663
791 727
791 855
791 919
791 959
791 983
791 1208
792 170
792 600
792 664
792 728
792 852
792 856
792 920
792 984
792 1263
793 297
793 479
793 601
793 665
793 729
793 857
793 917
793 921
793 985
794 573
794 602
794 637
794 666
794 730
794 858
794 922
794 986
794 1073
795 81
795 603
795 667
795 731
795 859
795 923
795 987
795 993
795 1100
796 86
796 310
796 604
796 668
796 732
796 860
796 924
796 988
796 1246
797 605
797 669
797 733
797 861
797 925
797 989
798 329
798 478
798 526
798 606
798 670
798 734
798 771
798 862
798 926
798 990
799 315
799 415
799 607
799 671
799 735
799 863
799 927
799 991
800 608
800 672
800 736
800 864
800 928
800 992
800 1120
800 1190
801 609
801 673
801 737
801 865
801 929
801 993
801 1191
802 417
802 610
802 674
802 738
802 866
802 930
802 994
803 250
803 346
803 426
803 611
803 675
803 739
803 867
803 931
803 995
804 260
804 612
804 676
804 740
804 772
804 868
804 932
804 996
804 1180
805 400
805 613
805 677
805 741
805 869
805 933
805 997
806 524
806 614
806 678
806 742
806 870
806 934
806 998
807 615
807 679
807 743
807 871
807 935
807 999
808 616
808 680
808 725
808 744
808 754
808 872
808 885
808 936
808 1000
809 617
809 629
809 681
809 745
809 873
809 937
809 1001
809 1133
810 23
810 618
810 682
810 746
810 874
810 938
810 1002
811 377
811 430
811 619
811 683
811 747
811 875
811 939
811 1003
812 30
812 620
812 684
812 748
812 876
812 940
812 1004
813 621
813 685
813 694
813 749
813 877
813 941
813 1005
814 622
814 686
814 750
814 878
814 924
814 942
814 948
814 1006
815 623
815 687
815 751
815 879
815 943
815 1007
816 112
816 234
816 624
816 633
816 688
816 752
816 880
816 944
816 1008
816 1018
816 1072
817 113
817 504
817 599
817 625
817 689
817 753
817 881
817 945
817 1009
818 626
818 690
818 754
818 882
818 946
818 1010
818 1242
819 627
819 691
819 755
819 842
819 883
819 947
819 1011
820 348
820 597
820 628
820 692
820 756
820 884
820 948
820 1012
821 629
821 693
821 757
821 885
821 949
821 997
821 1013
822 630
822 694
822 758
822 886
822 950
822 1014
822 1216
823 187
823 631
823 695
823 759
823 887
823 951
823 1015
824 186
824 632
824 696
824 760
824 888
824 952
824 1016
825 536
825 633
825 697
825 761
825 889
825 953
825 1008
825 1017
825 1134
825 1259
826 634
826 698
826 762
826 890
826 954
827 635
827 699
827 763
827 891
827 955
827 988
827 1019
828 153
828 351
828 636
828 700
828 728
828 764
828 892
828 945
828 956
828 984
828 1020
828 1135
829 47
829 469
829 637
829 701
829 765
829 893
829 957
829 1016
829 1021
830 111
830 624
830 638
830 702
830 762
830 766
830 893
830 894
830 958
830 1022
831 189
831 703
831 767
831 895
831 959
832 413
832 640
832 704
832 768
832 896
832 918
832 960
832 1024
833 641
833 705
833 769
833 897
833 961
833 1025
834 5
834 15
834 143
834 207
834 271
834 328
834 335
834 389
834 397
834 399
834 453
834 461
834 463
834 517
834 525
834 581
834 589
834 591
834 642
834 653
834 655
834 706
834 709
834 717
834 719
834 770
834 781
834 783
834 837
834 845
834 898
834 901
834 909
834 962
834 965
834 973
834 1026
834 1029
834 1037
834 1093
834 1101
834 1154
834 1157
834 1165
834 1221
834 1229
835 643
835 707
835 771
835 899
835 963
835 1027
836 210
836 644
836 708
836 772
836 900
836 964
836 1028
837 5
837 15
837 143
837 207
837 271
837 328
837 335
837 389
837 397
837 399
837 453
837 461
837 463
837 517
837 525
837 581
837 589
837 591
837 645
837 653
837 655
837 709
837 717
837 719
837 773
837 781
837 783
837 834
837 845
837 901
837 909
837 962
837 965
837 973
837 1029
837 1037
837 1093
837 1101
837 1154
837 1157
837 1165
837 1221
837 1229
838 6
838 70
838 134
838 198
838 262
838 326
838 390
838 399
838 454
838 463
838 518
838 527
838 582
838 591
838 646
838 655
838 710
838 719
838 774
838 783
838 847
838 902
838 911
838 966
838 975
838 1030
838 1039
838 1094
838 1103
838 1158
838 1167
838 1222
838 1231
839 77
839 647
839 711
839 775
839 903
839 967
839 1031
840 8
840 69
840 133
840 200
840 264
840 325
840 392
840 456
840 520
840 584
840 645
840 648
840 712
840 776
840 904
840 968
840 1032
840 1096
840 1160
840 1224
841 649
841 713
841 777
841 905
841 969
841 1033
842 650
842 714
842 778
842 819
842 906
842 970
842 1034
843 651
843 715
843 779
843 907
843 971
843 1035
843 1041
844 652
844 716
844 780
844 908
844 972
844 1036
845 5
845 70
845 143
845 207
845 271
845 335
845 390
845 399
845 461
845 463
845 517
845 525
845 527
845 582
845 589
845 591
845 653
845 655
845 709
845 717
845 719
845 781
845 783
845 834
845 837
845 847
845 901
845 909
845 911
845 962
845 973
845 975
845 1037
845 1039
845 1093
845 1101
845 1103
845 1157
845 1165
845 1167
845 1221
845 1229
845 1231
846 654
846 718
846 782
846 910
846 974
846 1038
847 6
847 70
847 134
847 198
847 262
847 326
847 335
847 390
847 399
847 454
847 461
847 463
847 518
847 527
847 582
847 589
847 591
847 646
847 655
847 710
847 719
847 774
847 783
847 838
847 845
847 902
847 909
847 911
847 966
847 973
847 975
847 1030
847 1037
847 1039
847 1094
847 1101
847 1103
847 1158
847 1167
847 1222
847 1231
848 537
848 656
848 720
848 735
848 784
848 912
848 976
848 1040
849 657
849 721
849 785
849 913
849 977
849 1041
850 516
850 588
850 658
850 722
850 786
850 914
850 978
850 1042
850 1252
851 659
851 723
851 787
851 915
851 979
851 1043
852 170
852 660
852 724
852 788
852 792
852 916
852 980
852 1044
852 1263
853 161
853 553
853 661
853 725
853 789
853 868
853 917
853 981
853 1045
853 1187
854 662
854 726
854 790
854 918
854 982
854 1046
854 1052
854 1220
854 1256
855 26
855 663
855 727
855 791
855 919
855 983
855 1002
855 1044
855 1047
855 1114
856 664
856 728
856 792
856 920
856 976
856 984
856 1048
857 59
857 309
857 384
857 594
857 628
857 665
857 729
857 793
857 921
857 985
857 1049
858 666
858 730
858 794
858 886
858 922
858 986
858 1050
859 393
859 667
859 731
859 795
859 923
859 987
859 1033
859 1051
859 1163
860 668
860 708
860 732
860 796
860 924
860 988
860 1052
861 541
861 669
861 733
861 778
861 797
861 925
861 989
861 1053
862 670
862 734
862 798
862 926
862 990
862 1054
863 671
863 735
863 799
863 927
863 991
863 1055
864 17
864 672
864 707
864 736
864 800
864 928
864 992
864 1056
865 673
865 737
865 801
865 929
865 993
865 1057
866 36
866 674
866 738
866 802
866 930
866 994
866 1058
866 1186
867 675
867 693
867 739
867 803
867 896
867 931
867 995
867 1059
868 161
868 553
868 676
868 740
868 804
868 853
868 932
868 996
868 1060
868 1187
869 178
869 289
869 677
869 741
869 805
869 932
869 933
869 997
869 1061
870 678
870 742
870 806
870 934
870 998
870 1062
870 1162
871 225
871 420
871 512
871 679
871 743
871 807
871 935
871 999
871 1010
871 1063
872 680
872 744
872 808
872 936
872 1000
872 1064
873 681
873 745
873 809
873 937
873 1001
873 1065
874 39
874 223
874 682
874 746
874 810
874 938
874 1002
874 1066
875 445
875 616
875 683
875 747
875 811
875 892
875 939
875 1003
875 1067
876 566
876 684
876 748
876 812
876 940
876 1004
876 1068
877 685
877 749
877 813
877 941
877 1005
877 1069
878 105
878 617
878 686
878 750
878 814
878 920
878 942
878 1006
878 1070
879 185
879 369
879 687
879 751
879 815
879 943
879 1007
879 1071
880 162
880 367
880 688
880 752
880 816
880 944
880 957
880 1000
880 1008
880 1072
881 97
881 281
881 361
881 567
881 689
881 753
881 757
881 817
881 945
881 1009
881 1073
881 1074
882 473
882 690
882 754
882 818
882 946
882 1010
882 1074
883 691
883 755
883 819
883 947
883 1011
883 1075
884 692
884 756
884 820
884 948
884 1012
884 1076
884 1202
885 693
885 725
885 754
885 757
885 808
885 821
885 949
885 1013
885 1077
886 694
886 758
886 822
886 858
886 950
886 1014
886 1078
887 695
887 759
887 823
887 951
887 1015
887 1047
887 1079
888 680
888 696
888 760
888 824
888 952
888 1016
888 1080
889 697
889 761
889 825
889 953
889 1017
889 1055
889 1081
890 471
890 698
890 762
890 826
890 954
890 1018
890 1082
890 1272
891 270
891 699
891 763
891 827
891 955
891 1019
891 1083
892 445
892 616
892 700
892 764
892 828
892 875
892 956
892 1020
892 1084
893 111
893 624
893 701
893 762
893 765
893 829
893 830
893 957
893 1021
893 1085
894 99
894 282
894 359
894 671
894 702
894 766
894 830
894 958
894 1022
894 1086
895 49
895 703
895 767
895 831
895 959
895 1023
896 693
896 704
896 768
896 832
896 867
896 960
896 1024
896 1088
897 705
897 769
897 833
897 961
897 1025
897 1089
898 706
898 770
898 834
898 961
898 962
898 1026
898 1090
899 78
899 593
899 707
899 771
899 835
899 963
899 1027
899 1091
900 354
900 708
900 772
900 836
900 964
900 1028
900 1092
900 1142
901 5
901 143
901 207
901 271
901 328
901 335
901 389
901 397
901 399
901 453
901 461
901 517
901 525
901 581
901 589
901 591
901 653
901 655
901 706
901 709
901 717
901 719
901 773
901 781
901 783
901 834
901 837
901 845
901 909
901 962
901 965
901 973
901 1029
901 1037
901 1093
901 1101
901 1154
901 1157
901 1165
901 1221
901 1229
902 6
902 70
902 134
902 198
902 262
902 326
902 390
902 399
902 454
902 463
902 518
902 527
902 582
902 591
902 646
902 655
902 710
902 719
902 774
902 783
902 838
902 847
902 911
902 966
902 975
902 1030
902 1039
902 1094
902 1103
902 1158
902 1167
902 1222
902 1231
903 398
903 711
903 775
903 839
903 967
903 1031
903 1095
904 8
904 69
904 133
904 200
904 264
904 325
904 392
904 456
904 520
904 584
904 645
904 712
904 776
904 840
904 968
904 1032
904 1096
904 1160
904 1224
905 713
905 777
905 841
905 969
905 1033
905 1097
906 714
906 778
906 842
906 970
906 1034
906 1098
907 715
907 779
907 843
907 971
907 1035
907 1099
908 571
908 716
908 780
908 844
908 972
908 1004
908 1036
908 1100
909 70
909 207
909 262
909 271
909 335
909 390
909 399
909 461
909 463
909 517
909 525
909 527
909 582
909 589
909 591
909 653
909 655
909 709
909 710
909 717
909 719
909 781
909 783
909 834
909 837
909 845
909 847
909 901
909 911
909 962
909 973
909 975
909 1037
909 1039
909 1093
909 1101
909 1103
909 1157
909 1165
909 1167
909 1221
909 1222
909 1231
910 718
910 782
910 846
910 974
910 1038
910 1102
910 1139
911 70
911 134
911 198
911 262
911 326
911 335
911 390
911 399
911 454
911 461
911 463
911 518
911 527
911 582
911 589
911 591
911 646
911 655
911 710
911 719
911 774
911 783
911 838
911 845
911 847
911 902
911 909
911 966
911 973
911 975
911 1030
911 1037
911 1039
911 1094
911 1101
911 1103
911 1158
911 1167
911 1222
911 1231
912 720
912 784
912 848
912 946
912 976
912 1040
912 1104
913 465
913 721
913 785
913 849
913 977
913 1041
913 1105
914 722
914 786
914 850
914 978
914 1042
914 1106
915 202
915 723
915 787
915 851
915 979
915 1043
915 1098
915 1107
916 287
916 724
916 788
916 852
916 980
916 1044
916 1108
916 1207
917 297
917 479
917 725
917 789
917 793
917 853
917 981
917 1045
917 1109
918 413
918 726
918 790
918 832
918 854
918 982
918 1046
918 1110
919 46
919 208
919 695
919 727
919 791
919 855
919 983
919 1040
919 1047
919 1111
919 1112
919 1144
920 105
920 617
920 728
920 792
920 856
920 878
920 984
920 1048
920 1112
921 729
921 758
921 793
921 857
921 985
921 1049
921 1113
922 229
922 245
922 631
922 730
922 743
922 794
922 858
922 986
922 1050
922 1114
923 477
923 522
923 731
923 795
923 859
923 987
923 1035
923 1051
923 1115
923 1227
924 732
924 750
924 796
924 814
924 860
924 948
924 988
924 1052
924 1116
925 733
925 797
925 861
925 989
925 1053
925 1117
926 4
926 734
926 798
926 862
926 990
926 1053
926 1054
926 1118
927 360
927 375
927 735
927 799
927 863
927 991
927 1055
927 1119
928 736
928 800
928 864
928 992
928 1056
928 1120
929 545
929 737
929 801
929 865
929 993
929 1057
929 1121
930 55
930 532
930 738
930 802
930 866
930 994
930 1058
930 1122
931 184
931 442
931 739
931 803
931 867
931 995
931 1059
931 1123
931 1273
932 178
932 289
932 740
932 804
932 868
932 869
932 996
932 1060
932 1124
933 592
933 665
933 741
933 805
933 869
933 997
933 1061
933 1125
933 1178
934 742
934 806
934 870
934 982
934 998
934 1062
934 1126
935 596
935 743
935 807
935 871
935 986
935 999
935 1063
935 1127
936 744
936 808
936 872
936 1000
936 1064
936 1128
937 745
937 809
937 873
937 1001
937 1065
937 1119
937 1129
938 314
938 558
938 639
938 746
938 810
938 874
938 1002
938 1066
938 1130
939 152
939 276
939 299
939 496
939 747
939 811
939 875
939 1003
939 1067
939 1131
939 1149
939 1151
940 307
940 748
940 812
940 876
940 1004
940 1068
940 1132
941 749
941 813
941 877
941 1005
941 1069
941 1133
942 52
942 104
942 483
942 692
942 750
942 814
942 878
942 1006
942 1070
942 1134
942 1278
943 242
943 751
943 815
943 879
943 1007
943 1071
943 1135
943 1247
944 308
944 752
944 816
944 880
944 1008
944 1072
944 1136
945 153
945 351
945 728
945 753
945 817
945 828
945 881
945 984
945 1009
945 1073
945 1135
945 1137
946 754
946 818
946 882
946 912
946 1010
946 1074
946 1138
947 755
947 819
947 883
947 1011
947 1075
947 1139
948 750
948 756
948 814
948 820
948 884
948 924
948 1012
948 1076
948 1140
949 100
949 324
949 757
949 821
949 885
949 1013
949 1077
949 1141
950 219
950 758
950 822
950 886
950 1014
950 1078
950 1142
951 482
951 759
951 823
951 887
951 1015
951 1079
951 1143
952 238
952 760
952 824
952 888
952 1016
952 1080
952 1144
952 1214
953 154
953 632
953 683
953 761
953 825
953 889
953 1017
953 1081
953 1145
954 106
954 302
954 569
954 762
954 826
954 890
954 1018
954 1082
955 480
955 627
955 763
955 827
955 891
955 1019
955 1083
955 1147
956 687
956 764
956 828
956 892
956 1020
956 1084
956 1148
956 1150
956 1277
957 162
957 367
957 765
957 829
957 880
957 893
957 1000
957 1021
957 1085
957 1149
958 766
958 830
958 894
958 1022
958 1086
958 1128
958 1150
958 1258
959 340
959 791
959 831
959 895
959 1023
959 1087
959 1151
959 1208
960 644
960 768
960 832
960 896
960 1024
960 1088
960 1152
961 769
961 833
961 897
961 898
961 1025
961 1089
961 1153
962 5
962 143
962 197
962 207
962 271
962 328
962 335
962 389
962 397
962 399
962 453
962 461
962 517
962 525
962 581
962 589
962 591
962 653
962 655
962 706
962 709
962 717
962 719
962 770
962 781
962 834
962 837
962 845
962 898
962 901
962 909
962 965
962 973
962 1026
962 1029
962 1037
962 1090
962 1093
962 1101
962 1154
962 1157
962 1165
962 1221
962 1229
963 723
963 771
963 835
963 899
963 987
963 1027
963 1091
963 1155
964 612
964 772
964 836
964 900
964 1028
964 1092
964 1116
964 1152
964 1156
964 1260
965 15
965 143
965 197
965 207
965 261
965 271
965 328
965 333
965 389
965 397
965 453
965 517
965 525
965 581
965 653
965 706
965 709
965 717
965 770
965 773
965 781
965 834
965 837
965 901
965 962
965 1029
965 1037
965 1093
965 1154
965 1157
965 1165
965 1218
965 1221
965 1229
966 6
966 70
966 134
966 198
966 262
966 326
966 390
966 399
966 454
966 461
966 463
966 518
966 527
966 582
966 591
966 646
966 655
966 710
966 719
966 774
966 783
966 838
966 847
966 902
966 911
966 975
966 1030
966 1039
966 1094
966 1103
966 1158
966 1167
966 1222
966 1231
967 199
967 775
967 839
967 903
967 1031
967 1095
967 1159
967 1245
968 8
968 69
968 133
968 200
968 264
968 325
968 392
968 456
968 520
968 584
968 645
968 712
968 776
968 840
968 904
968 1032
968 1096
968 1160
968 1224
969 777
969 841
969 905
969 1033
969 1097
969 1161
970 258
970 586
970 778
970 842
970 906
970 1034
970 1098
970 1162
971 74
971 416
971 779
971 843
971 907
971 1035
971 1099
971 1163
971 1211
972 179
972 780
972 844
972 908
972 1036
972 1100
972 1164
973 143
973 207
973 271
973 335
973 389
973 390
973 399
973 461
973 463
973 517
973 525
973 527
973 582
973 589
973 591
973 653
973 655
973 709
973 719
973 781
973 783
973 834
973 837
973 845
973 847
973 901
973 909
973 911
973 962
973 975
973 1037
973 1039
973 1093
973 1101
973 1103
973 1157
973 1165
973 1167
973 1221
973 1229
973 1231
974 782
974 846
974 910
974 1038
974 1102
974 1166
975 70
975 134
975 198
975 262
975 326
975 335
975 390
975 399
975 454
975 461
975 463
975 517
975 518
975 527
975 582
975 589
975 591
975 646
975 655
975 710
975 719
975 774
975 783
975 838
975 845
975 847
975 902
975 909
975 911
975 966
975 973
975 1030
975 1037
975 1039
975 1094
975 1101
975 1103
975 1158
975 1165
975 1167
975 1222
975 1231
976 784
976 848
976 856
976 912
976 1040
976 1104
976 1168
977 65
977 785
977 849
977 913
977 1041
977 1105
977 1169
978 786
978 850
978 914
978 1042
978 1106
978 1170
979 787
979 851
979 915
979 1043
979 1107
979 1171
980 279
980 433
980 490
980 788
980 852
980 916
980 1044
980 1108
980 1172
980 1200
981 789
981 853
981 917
981 1045
981 1109
981 1173
982 790
982 854
982 918
982 934
982 1046
982 1110
982 1174
983 311
983 602
983 791
983 855
983 919
983 1047
983 1111
983 1175
984 153
984 351
984 728
984 792
984 828
984 856
984 920
984 945
984 1048
984 1112
984 1135
984 1176
985 793
985 857
985 921
985 1049
985 1113
985 1177
986 596
986 794
986 858
986 922
986 935
986 1050
986 1114
986 1178
987 723
987 795
987 859
987 923
987 963
987 1051
987 1115
987 1179
988 796
988 827
988 860
988 924
988 1052
988 1116
988 1180
989 797
989 861
989 925
989 1053
989 1117
989 1181
990 798
990 862
990 926
990 1054
990 1118
990 1182
991 405
991 799
991 863
991 927
991 1055
991 1119
991 1183
992 800
992 864
992 928
992 1056
992 1120
992 1184
993 81
993 795
993 801
993 865
993 929
993 1057
993 1100
993 1121
993 1185
994 502
994 802
994 866
994 930
994 1001
994 1058
994 1122
994 1186
995 547
995 601
995 677
995 803
995 867
995 931
995 1059
995 1123
995 1187
996 192
996 373
996 438
996 804
996 868
996 932
996 1060
996 1124
996 1188
997 805
997 821
997 869
997 933
997 1061
997 1125
997 1189
998 806
998 870
998 934
998 1062
998 1126
998 1190
999 807
999 871
999 935
999 1063
999 1127
999 1191
1000 162
1000 367
1000 808
1000 872
1000 880
1000 936
1000 957
1000 1064
1000 1128
1000 1192
1001 502
1001 809
1001 873
1001 937
1001 994
1001 1065
1001 1129
1001 1193
1002 26
1002 810
1002 855
1002 874
1002 938
1002 1044
1002 1066
1002 1114
1002 1130
1002 1194
1003 376
1003 494
1003 767
1003 811
1003 875
1003 939
1003 1067
1003 1131
1004 571
1004 812
1004 876
1004 908
1004 940
1004 1068
1004 1132
1004 1196
1005 813
1005 877
1005 941
1005 1069
1005 1133
1005 1197
1006 814
1006 878
1006 942
1006 1048
1006 1070
1006 1134
1006 1198
1007 247
1007 476
1007 815
1007 879
1007 943
1007 1071
1007 1135
1007 1199
1008 536
1008 816
1008 825
1008 880
1008 944
1008 1072
1008 1134
1008 1136
1008 1200
1008 1259
1009 295
1009 418
1009 487
1009 817
1009 881
1009 945
1009 1012
1009 1073
1009 1104
1009 1137
1009 1201
1010 225
1010 420
1010 512
1010 818
1010 871
1010 882
1010 946
1010 1074
1010 1138
1010 1202
1011 819
1011 883
1011 947
1011 1069
1011 1075
1011 1139
1011 1203
1012 295
1012 418
1012 487
1012 820
1012 884
1012 948
1012 1009
1012 1076
1012 1104
1012 1140
1012 1204
1013 364
1013 452
1013 821
1013 885
1013 949
1013 1077
1013 1141
1013 1205
1014 822
1014 886
1014 950
1014 1078
1014 1142
1014 1206
1015 576
1015 823
1015 887
1015 951
1015 1079
1015 1143
1015 1207
1016 47
1016 469
1016 824
1016 829
1016 888
1016 952
1016 1080
1016 1144
1016 1208
1017 509
1017 825
1017 889
1017 953
1017 1081
1017 1145
1017 1209
1018 112
1018 234
1018 633
1018 816
1018 890
1018 954
1018 1072
1018 1082
1018 1146
1018 1210
1019 827
1019 891
1019 955
1019 1083
1019 1147
1019 1211
1020 60
1020 828
1020 892
1020 956
1020 1084
1020 1148
1020 1212
1021 165
1021 355
1021 829
1021 893
1021 957
1021 1085
1021 1149
1021 1213
1022 830
1022 894
1022 958
1022 1086
1022 1150
1022 1214
1023 380
1023 572
1023 895
1023 959
1023 1087
1023 1151
1023 1215
1024 481
1024 607
1024 734
1024 832
1024 896
1024 960
1024 1088
1024 1109
1024 1152
1024 1216
1025 833
1025 897
1025 961
1025 1089
1025 1153
1025 1217
1026 834
1026 898
1026 962
1026 1090
1026 1154
1026 1218
1027 263
1027 731
1027 835
1027 899
1027 963
1027 1091
1027 1155
1027 1182
1027 1219
1028 836
1028 900
1028 964
1028 1092
1028 1156
1028 1220
1029 15
1029 143
1029 197
1029 207
1029 261
1029 271
1029 328
1029 333
1029 389
1029 397
1029 453
1029 517
1029 525
1029 581
1029 642
1029 653
1029 706
1029 709
1029 717
1029 770
1029 781
1029 834
1029 837
1029 901
1029 962
1029 965
1029 1093
1029 1154
1029 1157
1029 1165
1029 1218
1029 1221
1029 1229
1030 6
1030 70
1030 134
1030 198
1030 262
1030 326
1030 390
1030 399
1030 454
1030 463
1030 518
1030 527
1030 582
1030 591
1030 646
1030 655
1030 710
1030 719
1030 774
1030 783
1030 838
1030 847
1030 902
1030 911
1030 966
1030 975
1030 1039
1030 1094
1030 1103
1030 1158
1030 1167
1030 1222
1030 1231
1031 201
1031 839
1031 903
1031 967
1031 1095
1031 1159
1031 1223
1032 8
1032 69
1032 133
1032 200
1032 264
1032 325
1032 392
1032 456
1032 520
1032 584
1032 645
1032 712
1032 776
1032 840
1032 904
1032 968
1032 1096
1032 1160
1032 1224
1033 393
1033 841
1033 859
1033 905
1033 969
1033 1097
1033 1161
1033 1163
1033 1225
1034 411
1034 842
1034 906
1034 970
1034 1098
1034 1162
1034 1226
1035 477
1035 522
1035 843
1035 907
1035 923
1035 971
1035 1099
1035 1163
1035 1227
1036 844
1036 908
1036 972
1036 1100
1036 1164
1036 1228
1037 207
1037 271
1037 328
1037 335
1037 389
1037 399
1037 453
1037 461
1037 463
1037 517
1037 525
1037 527
1037 589
1037 591
1037 653
1037 655
1037 709
1037 717
1037 719
1037 781
1037 783
1037 834
1037 837
1037 845
1037 847
1037 901
1037 909
1037 911
1037 962
1037 965
1037 973
1037 975
1037 1039
1037 1093
1037 1101
1037 1103
1037 1154
1037 1157
1037 1165
1037 1167
1037 1221
1037 1229
1037 1231
1038 846
1038 910
1038 974
1038 1102
1038 1166
1038 1230
1039 70
1039 198
1039 262
1039 326
1039 335
1039 390
1039 399
1039 454
1039 461
1039 463
1039 517
1039 518
1039 525
1039 527
1039 582
1039 589
1039 591
1039 646
1039 655
1039 710
1039 719
1039 774
1039 783
1039 838
1039 845
1039 847
1039 902
1039 909
1039 911
1039 966
1039 973
1039 975
1039 1030
1039 1037
1039 1094
1039 1101
1039 1103
1039 1158
1039 1165
1039 1167
1039 1222
1039 1231
1040 46
1040 208
1040 695
1040 848
1040 912
1040 919
1040 976
1040 1104
1040 1112
1040 1144
1040 1168
1040 1232
1041 843
1041 849
1041 913
1041 977
1041 1105
1041 1169
1041 1233
1042 484
1042 850
1042 914
1042 978
1042 1106
1042 1170
1042 1234
1043 851
1043 915
1043 979
1043 1107
1043 1171
1043 1235
1044 26
1044 852
1044 855
1044 916
1044 980
1044 1002
1044 1108
1044 1114
1044 1172
1044 1236
1045 183
1045 853
1045 917
1045 981
1045 1109
1045 1173
1045 1237
1046 854
1046 918
1046 982
1046 1110
1046 1174
1046 1238
1047 855
1047 887
1047 919
1047 983
1047 1111
1047 1175
1047 1239
1048 856
1048 920
1048 984
1048 1006
1048 1112
1048 1176
1048 1240
1049 123
1049 341
1049 503
1049 857
1049 921
1049 985
1049 1113
1049 1177
1049 1241
1050 103
1050 407
1050 485
1050 666
1050 858
1050 922
1050 986
1050 1114
1050 1178
1050 1209
1050 1242
1051 139
1051 347
1051 859
1051 923
1051 987
1051 1115
1051 1179
1051 1243
1052 854
1052 860
1052 924
1052 988
1052 1116
1052 1180
1052 1220
1052 1244
1052 1256
1053 4
1053 861
1053 925
1053 926
1053 989
1053 1117
1053 1181
1053 1245
1054 684
1054 685
1054 862
1054 926
1054 990
1054 1118
1054 1164
1054 1182
1054 1246
1055 863
1055 889
1055 927
1055 991
1055 1119
1055 1183
1055 1247
1056 864
1056 928
1056 992
1056 1120
1056 1184
1056 1248
1057 726
1057 865
1057 929
1057 993
1057 1121
1057 1185
1057 1249
1058 406
1058 866
1058 930
1058 994
1058 1122
1058 1186
1058 1250
1059 41
1059 213
1059 867
1059 931
1059 995
1059 1123
1059 1187
1059 1251
1060 868
1060 932
1060 996
1060 1124
1060 1188
1060 1252
1061 635
1061 869
1061 933
1061 997
1061 1125
1061 1189
1061 1253
1062 283
1062 870
1062 934
1062 998
1062 1126
1062 1190
1062 1254
1063 549
1063 640
1063 871
1063 935
1063 999
1063 1127
1063 1191
1063 1255
1064 872
1064 936
1064 1000
1064 1128
1064 1192
1064 1256
1065 873
1065 937
1065 1001
1065 1129
1065 1193
1065 1257
1066 345
1066 744
1066 874
1066 938
1066 1002
1066 1130
1066 1194
1066 1258
1067 564
1067 875
1067 939
1067 1003
1067 1131
1067 1195
1067 1259
1068 140
1068 876
1068 940
1068 1004
1068 1132
1068 1196
1068 1260
1069 877
1069 941
1069 1005
1069 1011
1069 1133
1069 1197
1069 1261
1070 52
1070 104
1070 483
1070 692
1070 878
1070 942
1070 1006
1070 1134
1070 1198
1070 1262
1070 1278
1071 879
1071 943
1071 1007
1071 1135
1071 1199
1071 1263
1072 112
1072 234
1072 633
1072 816
1072 880
1072 944
1072 1008
1072 1018
1072 1136
1072 1200
1072 1264
1073 573
1073 637
1073 794
1073 881
1073 945
1073 1009
1073 1137
1073 1201
1073 1265
1074 97
1074 281
1074 361
1074 567
1074 757
1074 881
1074 882
1074 946
1074 1010
1074 1138
1074 1202
1074 1266
1075 883
1075 947
1075 1011
1075 1139
1075 1203
1075 1267
1076 217
1076 884
1076 948
1076 1012
1076 1140
1076 1204
1076 1268
1077 759
1077 885
1077 949
1077 1013
1077 1141
1077 1205
1077 1269
1078 135
1078 718
1078 886
1078 950
1078 1014
1078 1142
1078 1206
1078 1270
1079 246
1079 409
1079 887
1079 951
1079 1015
1079 1122
1079 1143
1079 1177
1079 1207
1079 1271
1080 61
1080 253
1080 431
1080 888
1080 952
1080 1016
1080 1144
1080 1208
1080 1272
1080 1274
1081 280
1081 424
1081 765
1081 889
1081 953
1081 1017
1081 1145
1081 1209
1081 1273
1082 696
1082 701
1082 890
1082 954
1082 1018
1082 1146
1082 1210
1082 1274
1083 470
1083 891
1083 955
1083 1019
1083 1147
1083 1211
1083 1275
1084 64
1084 892
1084 956
1084 1020
1084 1148
1084 1212
1084 1276
1085 893
1085 957
1085 1021
1085 1149
1085 1213
1085 1277
1086 255
1086 444
1086 491
1086 894
1086 958
1086 1022
1086 1150
1086 1214
1086 1278
1087 35
1087 959
1087 1023
1087 1151
1087 1215
1087 1279
1088 268
1088 896
1088 960
1088 1024
1088 1152
1088 1216
1089 897
1089 961
1089 1025
1089 1153
1089 1217
1090 898
1090 962
1090 1026
1090 1154
1090 1218
1091 899
1091 963
1091 1027
1091 1155
1091 1219
1091 1233
1092 489
1092 900
1092 964
1092 1028
1092 1156
1092 1220
1093 5
1093 143
1093 207
1093 271
1093 328
1093 335
1093 389
1093 397
1093 399
1093 453
1093 461
1093 517
1093 525
1093 581
1093 589
1093 591
1093 653
1093 655
1093 706
1093 709
1093 717
1093 719
1093 781
1093 834
1093 837
1093 845
1093 901
1093 909
1093 962
1093 965
1093 973
1093 1029
1093 1037
1093 1101
1093 1154
1093 1157
1093 1165
1093 1221
1093 1229
1094 6
1094 70
1094 134
1094 198
1094 262
1094 326
1094 390
1094 399
1094 454
1094 461
1094 463
1094 518
1094 527
1094 582
1094 591
1094 646
1094 655
1094 710
1094 719
1094 774
1094 783
1094 838
1094 847
1094 902
1094 911
1094 966
1094 975
1094 1030
1094 1039
1094 1103
1094 1158
1094 1167
1094 1222
1094 1231
1095 903
1095 967
1095 1031
1095 1159
1095 1223
1096 8
1096 69
1096 133
1096 200
1096 264
1096 325
1096 392
1096 456
1096 520
1096 584
1096 645
1096 712
1096 776
1096 840
1096 904
1096 968
1096 1032
1096 1160
1096 1224
1097 905
1097 969
1097 1033
1097 1161
1097 1225
1098 202
1098 906
1098 915
1098 970
1098 1034
1098 1162
1098 1226
1099 651
1099 907
1099 971
1099 1035
1099 1163
1099 1227
1100 81
1100 795
1100 908
1100 972
1100 993
1100 1036
1100 1164
1100 1228
1101 271
1101 328
1101 335
1101 389
1101 399
1101 461
1101 463
1101 517
1101 525
1101 527
1101 589
1101 591
1101 653
1101 655
1101 709
1101 717
1101 719
1101 781
1101 783
1101 834
1101 837
1101 845
1101 847
1101 901
1101 909
1101 911
1101 962
1101 973
1101 975
1101 1037
1101 1039
1101 1093
1101 1103
1101 1157
1101 1165
1101 1167
1101 1221
1101 1229
1101 1231
1102 603
1102 910
1102 974
1102 1038
1102 1166
1102 1230
1103 70
1103 134
1103 262
1103 326
1103 335
1103 390
1103 399
1103 454
1103 461
1103 463
1103 517
1103 518
1103 527
1103 582
1103 589
1103 591
1103 646
1103 655
1103 710
1103 719
1103 774
1103 783
1103 838
1103 845
1103 847
1103 902
1103 909
1103 911
1103 966
1103 973
1103 975
1103 1030
1103 1037
1103 1039
1103 1094
1103 1101
1103 1158
1103 1165
1103 1167
1103 1222
1103 1231
1104 295
1104 418
1104 487
1104 912
1104 976
1104 1009
1104 1012
1104 1040
1104 1168
1104 1232
1105 160
1105 913
1105 977
1105 1041
1105 1169
1105 1233
1106 914
1106 978
1106 1042
1106 1170
1106 1234
1107 915
1107 979
1107 1043
1107 1171
1107 1235
1108 436
1108 916
1108 980
1108 1044
1108 1141
1108 1172
1108 1236
1109 481
1109 607
1109 734
1109 917
1109 981
1109 1024
1109 1045
1109 1173
1109 1237
1110 34
1110 918
1110 982
1110 1046
1110 1174
1110 1238
1111 125
1111 561
1111 727
1111 919
1111 983
1111 1047
1111 1175
1111 1239
1112 46
1112 208
1112 695
1112 919
1112 920
1112 984
1112 1040
1112 1048
1112 1144
1112 1176
1112 1240
1113 921
1113 985
1113 1049
1113 1177
1113 1241
1114 26
1114 855
1114 922
1114 986
1114 1002
1114 1044
1114 1050
1114 1178
1114 1242
1115 32
1115 923
1115 987
1115 1051
1115 1179
1115 1243
1116 612
1116 924
1116 964
1116 988
1116 1052
1116 1152
1116 1180
1116 1244
1116 1260
1117 925
1117 989
1117 1053
1117 1181
1117 1245
1118 92
1118 926
1118 990
1118 1054
1118 1182
1118 1246
1119 927
1119 937
1119 991
1119 1055
1119 1183
1119 1247
1120 800
1120 928
1120 992
1120 1056
1120 1184
1120 1190
1120 1248
1121 929
1121 993
1121 1057
1121 1185
1121 1249
1122 246
1122 409
1122 930
1122 994
1122 1058
1122 1079
1122 1177
1122 1186
1122 1250
1123 931
1123 995
1123 1059
1123 1187
1123 1251
1124 932
1124 996
1124 1060
1124 1188
1124 1252
1125 933
1125 997
1125 1061
1125 1189
1125 1253
1126 934
1126 998
1126 1062
1126 1190
1126 1254
1127 935
1127 999
1127 1063
1127 1191
1127 1255
1128 936
1128 958
1128 1000
1128 1064
1128 1192
1128 1256
1128 1258
1129 80
1129 85
1129 293
1129 336
1129 686
1129 937
1129 1001
1129 1065
1129 1193
1129 1257
1130 284
1130 938
1130 1002
1130 1066
1130 1194
1130 1258
1131 939
1131 1003
1131 1067
1131 1195
1131 1259
1132 940
1132 1004
1132 1068
1132 1196
1132 1260
1133 629
1133 809
1133 941
1133 1005
1133 1069
1133 1197
1133 1261
1134 536
1134 825
1134 942
1134 1006
1134 1008
1134 1070
1134 1198
1134 1259
1134 1262
1135 153
1135 351
1135 728
1135 828
1135 943
1135 945
1135 984
1135 1007
1135 1071
1135 1199
1135 1263
1136 90
1136 216
1136 625
1136 944
1136 1008
1136 1072
1136 1200
1136 1239
1136 1264
1137 538
1137 568
1137 945
1137 1009
1137 1073
1137 1201
1137 1236
1137 1265
1138 946
1138 1010
1138 1074
1138 1193
1138 1202
1138 1266
1139 910
1139 947
1139 1011
1139 1075
1139 1203
1139 1267
1140 306
1140 948
1140 1012
1140 1076
1140 1204
1140 1268
1141 436
1141 949
1141 1013
1141 1077
1141 1108
1141 1205
1141 1269
1142 354
1142 900
1142 950
1142 1014
1142 1078
1142 1206
1142 1270
1143 251
1143 425
1143 615
1143 951
1143 1015
1143 1079
1143 1207
1143 1271
1144 46
1144 208
1144 695
1144 919
1144 952
1144 1016
1144 1040
1144 1080
1144 1112
1144 1208
1144 1272
1145 164
1145 619
1145 953
1145 1017
1145 1081
1145 1209
1145 1273
1146 1018
1146 1082
1146 1210
1146 1274
1147 138
1147 204
1147 539
1147 955
1147 1019
1147 1083
1147 1211
1147 1275
1148 956
1148 1020
1148 1084
1148 1212
1148 1276
1149 152
1149 276
1149 299
1149 496
1149 939
1149 957
1149 1021
1149 1085
1149 1151
1149 1213
1149 1277
1150 687
1150 956
1150 958
1150 1022
1150 1086
1150 1214
1150 1277
1150 1278
1151 152
1151 276
1151 299
1151 496
1151 939
1151 959
1151 1023
1151 1087
1151 1149
1151 1215
1151 1279
1152 612
1152 960
1152 964
1152 1024
1152 1088
1152 1116
1152 1216
1152 1260
1153 961
1153 1025
1153 1089
1153 1217
1154 15
1154 143
1154 328
1154 333
1154 389
1154 397
1154 453
1154 517
1154 525
1154 581
1154 653
1154 706
1154 709
1154 717
1154 770
1154 781
1154 834
1154 837
1154 901
1154 962
1154 965
1154 1026
1154 1029
1154 1037
1154 1090
1154 1093
1154 1157
1154 1165
1154 1218
1154 1221
1154 1229
1155 785
1155 963
1155 1027
1155 1091
1155 1219
1156 676
1156 964
1156 1028
1156 1092
1156 1220
1157 5
1157 143
1157 207
1157 271
1157 328
1157 335
1157 389
1157 397
1157 399
1157 453
1157 461
1157 517
1157 525
1157 581
1157 589
1157 591
1157 653
1157 655
1157 706
1157 709
1157 717
1157 719
1157 781
1157 834
1157 837
1157 845
1157 901
1157 909
1157 962
1157 965
1157 973
1157 1029
1157 1037
1157 1093
1157 1101
1157 1154
1157 1165
1157 1221
1157 1229
1158 6
1158 70
1158 134
1158 198
1158 262
1158 326
1158 390
1158 399
1158 454
1158 461
1158 463
1158 518
1158 527
1158 582
1158 591
1158 646
1158 655
1158 710
1158 719
1158 774
1158 783
1158 838
1158 847
1158 902
1158 911
1158 966
1158 975
1158 1030
1158 1039
1158 1094
1158 1103
1158 1167
1158 1222
1158 1231
1159 967
1159 1031
1159 1095
1159 1223
1160 8
1160 69
1160 133
1160 200
1160 264
1160 325
1160 392
1160 456
1160 520
1160 584
1160 645
1160 712
1160 776
1160 840
1160 904
1160 968
1160 1032
1160 1096
1160 1224
1161 969
1161 1033
1161 1097
1161 1225
1162 870
1162 970
1162 1034
1162 1098
1162 1226
1163 393
1163 859
1163 971
1163 1033
1163 1035
1163 1099
1163 1227
1164 684
1164 685
1164 972
1164 1036
1164 1054
1164 1100
1164 1228
1165 5
1165 207
1165 271
1165 328
1165 335
1165 389
1165 399
1165 453
1165 461
1165 463
1165 517
1165 525
1165 589
1165 591
1165 653
1165 655
1165 709
1165 717
1165 719
1165 781
1165 783
1165 834
1165 837
1165 845
1165 901
1165 909
1165 962
1165 965
1165 973
1165 975
1165 1029
1165 1037
1165 1039
1165 1093
1165 1101
1165 1103
1165 1154
1165 1157
1165 1167
1165 1221
1165 1229
1166 643
1166 974
1166 1038
1166 1102
1166 1230
1167 70
1167 326
1167 335
1167 390
1167 399
1167 454
1167 461
1167 463
1167 517
1167 518
1167 525
1167 527
1167 582
1167 589
1167 591
1167 646
1167 655
1167 710
1167 719
1167 774
1167 783
1167 838
1167 845
1167 847
1167 902
1167 909
1167 911
1167 966
1167 973
1167 975
1167 1030
1167 1037
1167 1039
1167 1094
1167 1101
1167 1103
1167 1158
1167 1165
1167 1222
1167 1231
1168 31
1168 226
1168 976
1168 1040
1168 1104
1168 1232
1169 521
1169 977
1169 1041
1169 1105
1169 1233
1170 978
1170 1042
1170 1106
1170 1234
1171 979
1171 1043
1171 1107
1171 1235
1172 724
1172 980
1172 1044
1172 1108
1172 1236
1173 981
1173 1045
1173 1109
1173 1237
1174 678
1174 982
1174 1046
1174 1110
1174 1238
1175 311
1175 602
1175 983
1175 1047
1175 1111
1175 1239
1176 410
1176 764
1176 984
1176 1048
1176 1112
1176 1240
1177 246
1177 409
1177 985
1177 1049
1177 1079
1177 1113
1177 1122
1177 1241
1178 592
1178 665
1178 933
1178 986
1178 1050
1178 1114
1178 1242
1179 987
1179 1051
1179 1115
1179 1243
1180 260
1180 772
1180 804
1180 988
1180 1052
1180 1116
1180 1244
1181 989
1181 1053
1181 1117
1181 1245
1182 263
1182 731
1182 990
1182 1027
1182 1054
1182 1118
1182 1246
1183 673
1183 768
1183 991
1183 1055
1183 1119
1183 1247
1184 992
1184 1056
1184 1120
1184 1248
1185 349
1185 993
1185 1057
1185 1121
1185 1249
1186 36
1186 866
1186 994
1186 1058
1186 1122
1186 1250
1187 161
1187 553
1187 853
1187 868
1187 995
1187 1059
1187 1123
1187 1251
1188 996
1188 1060
1188 1124
1188 1252
1189 117
1189 997
1189 1061
1189 1125
1189 1253
1190 800
1190 998
1190 1062
1190 1120
1190 1126
1190 1254
1191 801
1191 999
1191 1063
1191 1127
1191 1255
1192 690
1192 1000
1192 1064
1192 1128
1192 1256
1193 1001
1193 1065
1193 1129
1193 1138
1193 1257
1194 124
1194 382
1194 638
1194 1002
1194 1066
1194 1130
1194 1258
1195 317
1195 497
1195 1067
1195 1131
1195 1259
1196 780
1196 1004
1196 1068
1196 1132
1196 1260
1197 1005
1197 1069
1197 1133
1197 1261
1198 24
1198 235
1198 552
1198 554
1198 1006
1198 1070
1198 1134
1198 1262
1199 218
1199 1007
1199 1071
1199 1135
1199 1263
1200 279
1200 433
1200 490
1200 980
1200 1008
1200 1072
1200 1136
1200 1264
1201 87
1201 1009
1201 1073
1201 1137
1201 1265
1202 884
1202 1010
1202 1074
1202 1138
1202 1266
1203 1011
1203 1075
1203 1139
1203 1267
1204 25
1204 95
1204 290
1204 434
1204 500
1204 679
1204 1012
1204 1076
1204 1140
1204 1268
1205 1013
1205 1077
1205 1141
1205 1268
1205 1269
1206 722
1206 1014
1206 1078
1206 1142
1206 1270
1207 287
1207 916
1207 1015
1207 1079
1207 1143
1207 1271
1208 340
1208 791
1208 959
1208 1016
1208 1080
1208 1144
1208 1272
1209 103
1209 407
1209 485
1209 666
1209 1017
1209 1050
1209 1081
1209 1145
1209 1273
1210 144
1210 180
1210 305
1210 1018
1210 1082
1210 1146
1210 1274
1211 74
1211 416
1211 971
1211 1019
1211 1083
1211 1147
1211 1275
1212 570
1212 618
1212 636
1212 1020
1212 1084
1212 1148
1212 1276
1213 84
1213 120
1213 747
1213 1021
1213 1085
1213 1149
1213 1277
1214 238
1214 952
1214 1022
1214 1086
1214 1150
1214 1278
1215 623
1215 1023
1215 1087
1215 1151
1215 1279
1216 822
1216 1024
1216 1088
1216 1152
1217 1025
1217 1089
1217 1153
1218 197
1218 261
1218 333
1218 389
1218 397
1218 453
1218 581
1218 642
1218 648
1218 706
1218 717
1218 770
1218 773
1218 781
1218 965
1218 1026
1218 1029
1218 1090
1218 1154
1218 1229
1219 1027
1219 1091
1219 1155
1220 854
1220 1028
1220 1052
1220 1092
1220 1156
1220 1256
1221 5
1221 143
1221 207
1221 271
1221 328
1221 389
1221 397
1221 453
1221 461
1221 517
1221 525
1221 581
1221 589
1221 653
1221 655
1221 706
1221 709
1221 717
1221 719
1221 781
1221 834
1221 837
1221 845
1221 901
1221 909
1221 962
1221 965
1221 973
1221 1029
1221 1037
1221 1093
1221 1101
1221 1154
1221 1157
1221 1165
1221 1229
1222 6
1222 70
1222 134
1222 198
1222 262
1222 326
1222 390
1222 399
1222 454
1222 461
1222 463
1222 518
1222 527
1222 582
1222 591
1222 646
1222 655
1222 710
1222 719
1222 774
1222 783
1222 838
1222 847
1222 902
1222 909
1222 911
1222 966
1222 975
1222 1030
1222 1039
1222 1094
1222 1103
1222 1158
1222 1167
1222 1231
1223 1031
1223 1095
1223 1159
1224 8
1224 69
1224 133
1224 200
1224 264
1224 325
1224 392
1224 456
1224 520
1224 584
1224 645
1224 712
1224 776
1224 840
1224 904
1224 968
1224 1032
1224 1096
1224 1160
1225 387
1225 1033
1225 1097
1225 1161
1226 1034
1226 1098
1226 1162
1227 477
1227 522
1227 923
1227 1035
1227 1099
1227 1163
1228 1036
1228 1100
1228 1164
1229 5
1229 143
1229 207
1229 328
1229 389
1229 397
1229 453
1229 517
1229 525
1229 581
1229 589
1229 653
1229 706
1229 709
1229 717
1229 781
1229 834
1229 837
1229 845
1229 901
1229 962
1229 965
1229 973
1229 1029
1229 1037
1229 1093
1229 1101
1229 1154
1229 1157
1229 1165
1229 1218
1229 1221
1230 1038
1230 1102
1230 1166
1231 6
1231 70
1231 134
1231 262
1231 326
1231 390
1231 399
1231 454
1231 461
1231 463
1231 518
1231 527
1231 582
1231 589
1231 591
1231 646
1231 655
1231 710
1231 719
1231 774
1231 783
1231 838
1231 845
1231 847
1231 902
1231 909
1231 911
1231 966
1231 973
1231 975
1231 1030
1231 1037
1231 1039
1231 1094
1231 1101
1231 1103
1231 1158
1231 1167
1231 1222
1232 543
1232 1040
1232 1104
1232 1168
1232 1241
1233 1041
1233 1091
1233 1105
1233 1169
1234 158
1234 486
1234 630
1234 1042
1234 1106
1234 1170
1235 1043
1235 1107
1235 1171
1236 538
1236 568
1236 1044
1236 1108
1236 1137
1236 1172
1237 1045
1237 1109
1237 1173
1238 1046
1238 1110
1238 1174
1239 90
1239 216
1239 625
1239 1047
1239 1111
1239 1136
1239 1175
1240 182
1240 232
1240 1048
1240 1112
1240 1176
1241 543
1241 1049
1241 1113
1241 1177
1241 1232
1242 626
1242 818
1242 1050
1242 1114
1242 1178
1243 1051
1243 1115
1243 1179
1243 1270
1244 1052
1244 1116
1244 1180
1245 199
1245 967
1245 1053
1245 1117
1245 1181
1246 86
1246 310
1246 796
1246 1054
1246 1118
1246 1182
1247 242
1247 943
1247 1055
1247 1119
1247 1183
1248 667
1248 1056
1248 1120
1248 1184
1249 236
1249 1057
1249 1121
1249 1185
1250 1058
1250 1122
1250 1186
1251 89
1251 472
1251 562
1251 1059
1251 1123
1251 1187
1252 516
1252 588
1252 850
1252 1060
1252 1124
1252 1188
1253 28
1253 82
1253 150
1253 412
1253 610
1253 1061
1253 1125
1253 1189
1254 1062
1254 1126
1254 1190
1255 108
1255 1063
1255 1127
1255 1191
1256 854
1256 1052
1256 1064
1256 1128
1256 1192
1256 1220
1257 132
1257 1065
1257 1129
1257 1193
1258 958
1258 1066
1258 1128
1258 1130
1258 1194
1259 536
1259 825
1259 1008
1259 1067
1259 1131
1259 1134
1259 1195
1260 612
1260 964
1260 1068
1260 1116
1260 1132
1260 1152
1260 1196
1261 1069
1261 1133
1261 1197
1262 169
1262 533
1262 756
1262 1070
1262 1134
1262 1198
1263 170
1263 792
1263 852
1263 1071
1263 1135
1263 1199
1264 675
1264 689
1264 1072
1264 1136
1264 1200
1265 116
1265 1073
1265 1137
1265 1201
1266 357
1266 745
1266 1074
1266 1138
1266 1202
1267 1075
1267 1139
1267 1203
1268 1076
1268 1140
1268 1204
1268 1205
1269 466
1269 1077
1269 1141
1269 1205
1270 1078
1270 1142
1270 1206
1270 1243
1271 148
1271 408
1271 753
1271 1079
1271 1143
1271 1207
1272 471
1272 890
1272 1080
1272 1144
1272 1208
1273 184
1273 442
1273 931
1273 1081
1273 1145
1273 1209
1274 61
1274 253
1274 431
1274 1080
1274 1082
1274 1146
1274 1210
1275 1083
1275 1147
1275 1211
1276 682
1276 702
1276 1084
1276 1148
1276 1212
1277 687
1277 956
1277 1085
1277 1149
1277 1150
1277 1213
1278 52
1278 104
1278 483
1278 692
1278 942
1278 1070
1278 1086
1278 1150
1278 1214
1279 107
1279 248
1279 1087
1279 1151
1279 1215
