0 64
0 128
0 192
1 65
1 129
1 193
1 396
1 794
1 1063
1 1090
2 66
2 130
2 194
2 675
2 1016
3 67
3 131
3 139
3 195
3 919
4 68
4 132
4 196
4 1126
5 69
5 133
5 197
5 245
5 332
6 70
6 73
6 134
6 198
6 265
6 326
6 393
6 454
6 521
6 585
6 646
6 710
6 774
6 838
6 905
6 969
6 1030
6 1097
6 1161
6 1225
7 71
7 135
7 199
7 262
7 263
7 327
7 329
7 334
7 342
7 390
7 455
7 457
7 518
7 519
7 526
7 582
7 583
7 647
7 649
7 654
7 694
7 711
7 713
7 777
7 778
7 782
7 787
7 790
7 822
7 839
7 841
7 846
7 911
7 967
7 974
7 1031
7 1033
7 1046
7 1222
8 72
8 136
8 200
8 559
8 1256
9 70
9 73
9 137
9 201
9 262
9 278
9 329
9 330
9 334
9 342
9 390
9 457
9 518
9 526
9 582
9 598
9 654
9 694
9 711
9 713
9 726
9 758
9 822
9 1094
9 1103
9 1158
9 1252
10 74
10 138
10 202
11 75
11 139
11 203
11 353
11 459
11 614
11 1079
11 1089
12 76
12 140
12 204
12 376
13 56
13 77
13 141
13 205
13 344
13 495
13 1229
14 78
14 142
14 206
15 79
15 143
15 207
16 80
16 144
16 208
17 81
17 145
17 209
17 363
17 476
17 639
17 955
17 983
18 82
18 107
18 146
18 210
18 221
18 739
18 1007
19 83
19 147
19 211
19 231
19 678
19 977
20 84
20 92
20 148
20 212
20 626
20 820
20 877
20 1224
21 85
21 149
21 213
22 86
22 150
22 214
23 87
23 151
23 215
23 373
23 722
23 741
23 825
23 1064
24 88
24 152
24 216
24 940
24 1068
24 1085
25 89
25 153
25 217
25 1147
25 1240
26 90
26 154
26 218
26 401
27 91
27 155
27 219
27 572
27 697
28 92
28 156
28 220
29 93
29 157
29 221
30 94
30 158
30 222
30 971
30 1190
31 95
31 159
31 223
31 1084
32 96
32 160
32 224
32 249
32 383
32 466
33 97
33 161
33 225
33 578
34 98
34 162
34 226
34 864
35 99
35 163
35 227
35 616
36 100
36 164
36 228
36 1077
37 60
37 96
37 101
37 165
37 229
37 381
37 1212
38 102
38 166
38 230
38 897
39 103
39 167
39 231
39 525
39 1011
40 104
40 167
40 168
40 232
40 716
40 738
40 895
41 94
41 105
41 169
41 233
41 306
41 869
41 985
42 106
42 170
42 234
42 593
42 1274
43 107
43 171
43 235
43 1214
44 108
44 172
44 217
44 236
45 109
45 173
45 237
45 695
45 1026
46 110
46 174
46 215
46 238
46 456
46 831
47 82
47 111
47 175
47 239
47 253
48 112
48 176
48 240
48 317
48 364
49 113
49 177
49 241
49 411
49 755
49 830
50 114
50 178
50 242
50 307
50 461
50 858
50 1067
51 115
51 179
51 243
52 116
52 180
52 244
52 371
52 372
52 953
53 117
53 181
53 245
54 118
54 182
54 246
55 119
55 183
55 247
55 261
55 1150
56 13
56 120
56 184
56 248
56 344
56 495
56 1229
57 121
57 185
57 249
57 303
57 1279
58 122
58 186
58 250
58 743
58 857
59 123
59 187
59 251
59 608
60 37
60 96
60 124
60 188
60 252
60 381
60 1212
61 125
61 189
61 253
61 684
61 856
62 126
62 190
62 254
62 853
62 1132
63 127
63 191
63 255
63 728
64 0
64 128
64 192
64 256
64 586
64 1216
65 1
65 129
65 193
65 257
65 621
65 927
66 2
66 130
66 194
66 258
66 337
66 451
66 812
66 1275
67 3
67 131
67 195
67 259
68 4
68 132
68 162
68 196
68 260
68 333
68 1057
69 5
69 75
69 133
69 197
69 261
69 609
69 753
70 6
70 9
70 134
70 137
70 198
70 201
70 262
70 278
70 330
70 582
70 598
70 711
70 726
70 758
70 896
70 950
70 966
70 1152
70 1252
71 7
71 135
71 199
71 262
71 263
71 327
71 329
71 334
71 342
71 390
71 391
71 455
71 457
71 518
71 519
71 526
71 582
71 583
71 647
71 649
71 654
71 694
71 711
71 713
71 777
71 778
71 782
71 787
71 790
71 822
71 839
71 841
71 846
71 902
71 903
71 911
71 967
71 974
71 1031
71 1046
72 8
72 136
72 200
72 264
72 409
72 1017
72 1021
72 1187
73 6
73 9
73 134
73 137
73 198
73 201
73 265
73 326
73 393
73 454
73 521
73 585
73 646
73 710
73 774
73 838
73 905
73 969
73 1030
73 1097
73 1161
73 1225
74 10
74 138
74 202
74 266
75 11
75 69
75 139
75 203
75 267
75 609
75 753
76 12
76 140
76 204
76 268
77 13
77 129
77 141
77 205
77 269
77 936
78 14
78 142
78 206
78 270
79 15
79 143
79 207
79 271
80 16
80 144
80 208
80 272
80 1034
81 17
81 145
81 209
81 273
81 563
81 926
82 18
82 47
82 146
82 210
82 253
82 274
83 19
83 147
83 211
83 275
84 20
84 148
84 180
84 212
84 276
85 21
85 149
85 213
85 277
85 510
85 991
85 1109
86 22
86 150
86 214
86 278
87 23
87 151
87 215
87 279
87 709
87 1037
88 24
88 152
88 216
88 280
89 25
89 153
89 217
89 281
90 26
90 154
90 218
90 282
91 27
91 155
91 219
92 20
92 28
92 156
92 220
92 284
92 626
92 820
92 877
92 1224
93 29
93 157
93 221
93 285
94 30
94 41
94 158
94 222
94 286
94 306
94 869
94 985
95 31
95 159
95 223
95 287
95 529
95 751
96 32
96 37
96 60
96 160
96 224
96 288
96 381
96 1212
97 33
97 161
97 225
97 289
98 34
98 108
98 111
98 162
98 191
98 226
98 290
98 943
99 35
99 163
99 227
100 36
100 164
100 228
100 292
100 1186
101 37
101 165
101 229
101 293
101 538
101 958
102 38
102 166
102 230
102 294
103 39
103 167
103 231
103 295
103 904
103 1058
103 1143
104 40
104 117
104 168
104 232
104 296
104 618
104 816
105 41
105 169
105 205
105 233
105 297
105 322
105 546
105 677
106 42
106 170
106 234
106 298
106 308
106 431
106 561
107 18
107 43
107 171
107 221
107 235
107 299
107 739
107 1007
108 44
108 98
108 111
108 172
108 191
108 236
108 300
108 943
109 45
109 173
109 237
109 301
109 648
109 924
109 1164
109 1248
110 46
110 174
110 238
110 302
111 47
111 98
111 108
111 175
111 191
111 239
111 303
111 943
112 48
112 176
112 240
112 304
113 49
113 177
113 241
113 305
114 50
114 178
114 242
114 306
114 606
114 957
114 1020
115 51
115 179
115 243
115 307
115 1210
116 52
116 180
116 244
116 308
116 533
116 623
116 757
117 53
117 104
117 181
117 245
117 309
117 618
117 816
118 54
118 182
118 246
118 310
119 55
119 183
119 247
119 311
119 627
119 762
120 56
120 184
120 248
120 312
120 338
120 607
120 737
121 57
121 185
121 249
121 313
121 469
122 58
122 179
122 186
122 250
122 314
122 318
122 447
122 692
122 735
122 874
123 59
123 187
123 251
123 315
123 1128
124 60
124 188
124 252
124 316
124 427
124 498
124 920
125 61
125 189
125 253
125 317
125 530
126 62
126 190
126 254
126 318
127 63
127 191
127 255
127 319
128 0
128 64
128 192
128 208
128 256
128 320
129 1
129 65
129 77
129 193
129 257
129 321
129 936
130 2
130 66
130 194
130 229
130 258
130 296
130 322
130 1062
131 3
131 67
131 195
131 259
131 323
131 501
131 504
131 551
131 1179
131 1196
132 4
132 68
132 196
132 260
132 324
133 5
133 69
133 151
133 197
133 261
133 325
133 1272
134 6
134 70
134 73
134 198
134 262
134 265
134 326
134 393
134 454
134 521
134 585
134 646
134 710
134 774
134 838
134 905
134 969
134 1030
134 1097
134 1161
134 1225
135 7
135 71
135 199
135 263
135 327
135 391
135 455
135 519
135 583
135 647
135 649
135 775
135 777
135 778
135 782
135 790
135 839
135 841
135 846
135 902
135 903
135 967
135 974
135 1095
135 1223
136 8
136 72
136 200
136 242
136 264
136 328
136 568
136 1072
137 9
137 70
137 73
137 201
137 265
137 278
137 329
137 330
137 582
137 598
137 711
137 726
137 758
137 896
137 950
137 966
137 1152
137 1252
138 10
138 74
138 202
138 266
138 330
139 3
139 11
139 75
139 203
139 267
139 331
139 919
140 12
140 76
140 204
140 268
140 332
140 671
140 1170
141 13
141 77
141 148
141 205
141 269
141 333
141 470
142 14
142 78
142 206
142 270
142 334
143 15
143 79
143 207
143 271
143 335
144 16
144 80
144 208
144 272
144 336
144 576
144 717
145 17
145 81
145 209
145 273
145 337
145 651
146 18
146 82
146 210
146 274
146 338
146 1001
147 19
147 83
147 211
147 275
147 339
148 20
148 84
148 141
148 212
148 276
148 340
148 470
149 21
149 85
149 213
149 277
149 341
150 22
150 86
150 214
150 278
150 342
151 23
151 87
151 133
151 215
151 279
151 343
151 1272
152 24
152 88
152 216
152 280
152 344
152 725
153 25
153 89
153 217
153 281
153 345
153 619
153 668
153 690
154 26
154 90
154 218
154 282
154 346
154 603
154 826
154 863
154 888
154 1073
154 1267
155 27
155 91
155 219
155 283
155 347
155 410
156 28
156 92
156 220
156 225
156 284
156 289
156 348
156 700
156 1254
157 29
157 93
157 221
157 285
157 349
158 30
158 94
158 222
158 286
158 350
159 31
159 95
159 223
159 287
159 351
160 32
160 96
160 224
160 288
160 352
161 33
161 97
161 225
161 289
161 353
161 360
161 417
161 610
161 1145
162 34
162 68
162 98
162 226
162 290
162 333
162 354
162 1057
163 35
163 99
163 227
163 355
164 36
164 100
164 228
164 292
164 356
164 968
165 37
165 101
165 229
165 293
165 357
165 523
165 892
165 995
166 38
166 102
166 230
166 294
166 358
166 483
166 1211
167 39
167 40
167 103
167 231
167 295
167 359
167 716
167 738
167 895
168 40
168 104
168 232
168 236
168 296
168 360
168 948
169 41
169 105
169 233
169 297
169 361
169 481
170 42
170 106
170 234
170 298
170 362
170 642
170 1047
171 43
171 107
171 235
171 299
171 363
171 536
171 1003
171 1049
172 44
172 108
172 236
172 300
172 364
172 1178
172 1260
173 45
173 109
173 237
173 301
173 365
173 1127
174 46
174 110
174 238
174 302
174 366
174 539
174 780
174 806
174 1261
175 47
175 111
175 239
175 300
175 303
175 315
175 367
176 48
176 112
176 240
176 304
176 368
176 657
176 873
176 999
177 49
177 113
177 241
177 305
177 369
177 1195
178 50
178 114
178 242
178 288
178 306
178 370
178 800
178 834
179 51
179 115
179 122
179 243
179 307
179 318
179 371
179 447
179 692
179 735
179 874
180 52
180 84
180 116
180 244
180 308
180 372
181 53
181 117
181 245
181 309
181 373
181 385
181 479
181 557
182 54
182 118
182 246
182 310
182 374
182 591
182 1188
183 55
183 119
183 247
183 311
183 358
183 375
184 56
184 120
184 248
184 312
184 376
185 57
185 121
185 240
185 249
185 313
185 377
185 1130
185 1135
185 1137
186 58
186 122
186 250
186 314
186 378
186 544
187 59
187 123
187 251
187 315
187 379
188 60
188 124
188 252
188 281
188 287
188 316
188 380
189 61
189 125
189 204
189 253
189 317
189 381
190 62
190 126
190 254
190 318
190 382
190 480
191 63
191 98
191 108
191 111
191 127
191 255
191 319
191 383
191 943
192 0
192 64
192 128
192 256
192 320
192 384
192 718
193 1
193 65
193 129
193 257
193 259
193 321
193 385
193 933
193 1123
193 1144
194 2
194 66
194 130
194 258
194 322
194 386
194 961
194 1105
195 3
195 67
195 131
195 227
195 259
195 323
195 387
196 4
196 68
196 132
196 260
196 324
196 388
196 835
197 5
197 69
197 133
197 261
197 325
197 389
197 517
197 789
198 6
198 70
198 73
198 134
198 262
198 265
198 326
198 390
198 393
198 454
198 521
198 585
198 646
198 710
198 774
198 838
198 905
198 969
198 1030
198 1097
198 1161
198 1225
199 7
199 71
199 135
199 263
199 327
199 391
199 455
199 519
199 583
199 647
199 649
199 775
199 777
199 778
199 782
199 790
199 839
199 841
199 846
199 902
199 903
199 967
199 974
199 1095
200 8
200 72
200 136
200 264
200 328
200 392
200 409
200 1017
200 1021
200 1187
201 9
201 70
201 73
201 137
201 262
201 265
201 278
201 329
201 330
201 390
201 393
201 582
201 598
201 694
201 711
201 713
201 726
201 758
201 896
201 950
201 966
201 970
201 982
201 1038
201 1094
201 1152
201 1252
202 10
202 74
202 138
202 211
202 266
202 330
202 394
202 478
202 912
203 11
203 75
203 139
203 267
203 331
203 395
204 12
204 76
204 140
204 189
204 268
204 332
204 396
205 13
205 77
205 105
205 141
205 269
205 322
205 333
205 397
205 546
205 677
206 14
206 78
206 142
206 270
206 334
206 398
207 15
207 79
207 143
207 271
207 335
207 399
207 740
208 16
208 80
208 128
208 144
208 272
208 336
208 400
209 17
209 81
209 145
209 273
209 285
209 337
209 401
209 442
210 18
210 82
210 146
210 274
210 338
210 402
210 683
210 867
211 19
211 83
211 147
211 202
211 275
211 339
211 403
211 478
211 912
212 20
212 84
212 148
212 276
212 340
212 404
212 565
212 724
213 21
213 85
213 149
213 277
213 341
213 405
213 666
214 22
214 86
214 150
214 278
214 342
214 406
214 1098
215 23
215 46
215 87
215 151
215 279
215 343
215 407
215 456
215 831
216 24
216 88
216 152
216 220
216 280
216 344
216 408
217 25
217 44
217 89
217 153
217 281
217 345
217 409
218 26
218 90
218 154
218 282
218 346
218 410
218 1106
219 27
219 91
219 155
219 235
219 283
219 299
219 347
219 368
219 411
219 872
219 1050
220 28
220 92
220 156
220 216
220 284
220 348
220 412
221 18
221 29
221 93
221 107
221 157
221 285
221 349
221 413
221 739
221 1007
222 30
222 94
222 158
222 286
222 350
222 414
222 821
222 1099
222 1101
223 31
223 95
223 159
223 287
223 351
223 415
223 529
223 751
224 32
224 96
224 160
224 288
224 352
224 416
225 33
225 97
225 156
225 161
225 289
225 353
225 417
225 700
225 1254
226 34
226 98
226 162
226 290
226 293
226 354
226 418
226 1193
227 35
227 99
227 163
227 195
227 291
227 355
227 419
228 36
228 100
228 164
228 292
228 356
228 420
229 37
229 101
229 130
229 165
229 293
229 296
229 357
229 421
229 1062
230 38
230 102
230 166
230 294
230 358
230 422
230 622
231 19
231 39
231 103
231 167
231 295
231 359
231 423
231 678
231 977
232 40
232 104
232 168
232 296
232 357
232 360
232 424
232 931
233 41
233 105
233 169
233 247
233 297
233 361
233 425
233 802
233 1008
234 42
234 106
234 170
234 298
234 362
234 382
234 426
234 605
234 661
235 43
235 107
235 171
235 219
235 299
235 363
235 368
235 427
235 872
235 1050
236 44
236 108
236 168
236 172
236 300
236 364
236 428
236 948
237 45
237 109
237 173
237 301
237 365
237 429
238 46
238 110
238 174
238 302
238 366
238 430
238 515
239 47
239 111
239 175
239 303
239 367
239 431
240 48
240 112
240 176
240 185
240 304
240 368
240 432
240 1130
240 1135
240 1137
241 49
241 113
241 177
241 305
241 369
241 433
241 1075
242 50
242 114
242 136
242 178
242 306
242 370
242 434
242 568
242 1072
243 51
243 115
243 179
243 307
243 371
243 435
244 52
244 116
244 180
244 308
244 372
244 436
244 615
245 5
245 53
245 117
245 181
245 309
245 332
245 373
245 437
246 54
246 118
246 182
246 256
246 310
246 374
246 438
247 55
247 119
247 183
247 233
247 311
247 375
247 439
247 802
247 1008
248 56
248 120
248 184
248 312
248 376
248 440
248 511
248 632
248 636
248 1243
249 32
249 57
249 121
249 185
249 313
249 377
249 383
249 441
249 466
250 58
250 122
250 186
250 314
250 378
250 442
251 59
251 123
251 187
251 315
251 379
251 428
251 443
251 1048
252 60
252 124
252 188
252 316
252 380
252 444
253 47
253 61
253 82
253 125
253 189
253 317
253 381
253 445
254 62
254 126
254 190
254 318
254 382
254 446
254 752
254 1215
255 63
255 127
255 191
255 319
255 383
255 447
256 64
256 128
256 192
256 246
256 320
256 384
256 448
257 65
257 129
257 193
257 321
257 385
257 386
257 421
257 449
257 1096
258 66
258 130
258 194
258 322
258 386
258 450
259 67
259 131
259 193
259 195
259 323
259 387
259 451
259 933
259 1123
259 1144
260 68
260 132
260 196
260 324
260 388
260 452
260 1092
261 55
261 69
261 133
261 197
261 325
261 389
261 453
261 1150
262 7
262 9
262 70
262 71
262 134
262 198
262 201
262 326
262 329
262 330
262 334
262 342
262 390
262 454
262 457
262 518
262 519
262 526
262 582
262 598
262 654
262 694
262 711
262 713
262 758
262 778
262 787
262 822
262 846
262 911
262 967
262 970
262 974
262 982
262 1031
262 1033
262 1046
262 1094
262 1103
262 1158
262 1222
263 7
263 71
263 135
263 199
263 327
263 329
263 334
263 342
263 391
263 455
263 519
263 526
263 583
263 647
263 649
263 775
263 777
263 778
263 782
263 787
263 790
263 839
263 841
263 846
263 902
263 903
263 911
263 967
263 974
263 1031
263 1033
263 1046
263 1095
263 1159
263 1223
264 72
264 136
264 200
264 328
264 392
264 439
264 456
264 658
264 994
264 1213
265 6
265 73
265 134
265 137
265 198
265 201
265 326
265 329
265 393
265 454
265 457
265 521
265 585
265 646
265 710
265 774
265 838
265 905
265 969
265 1030
265 1097
265 1161
265 1225
266 74
266 138
266 202
266 330
266 394
266 458
267 75
267 139
267 203
267 331
267 395
267 459
267 980
268 76
268 140
268 204
268 332
268 396
268 460
268 1051
269 77
269 141
269 205
269 333
269 397
269 461
270 78
270 142
270 206
270 334
270 398
270 462
270 1206
271 79
271 143
271 207
271 335
271 399
271 463
271 975
272 80
272 144
272 208
272 336
272 400
272 464
273 81
273 145
273 209
273 337
273 401
273 465
273 1153
274 82
274 146
274 210
274 338
274 402
274 466
275 83
275 147
275 211
275 339
275 403
275 467
276 84
276 148
276 212
276 340
276 404
276 468
277 85
277 149
277 213
277 341
277 405
277 469
277 1023
278 9
278 70
278 86
278 137
278 150
278 201
278 214
278 330
278 342
278 406
278 470
278 582
278 598
278 711
278 726
278 758
278 896
278 950
278 966
278 1038
278 1094
278 1103
278 1152
278 1252
279 87
279 151
279 215
279 343
279 407
279 471
279 701
279 894
279 1081
280 88
280 152
280 216
280 344
280 408
280 472
280 1004
281 89
281 153
281 188
281 217
281 287
281 345
281 409
281 473
282 90
282 154
282 218
282 346
282 410
282 474
282 633
282 664
282 689
282 891
283 155
283 219
283 347
283 411
283 475
284 92
284 156
284 220
284 348
284 412
284 476
284 727
285 93
285 157
285 209
285 221
285 349
285 413
285 442
285 477
286 94
286 158
286 222
286 350
286 414
286 478
286 653
286 803
287 95
287 159
287 188
287 223
287 281
287 351
287 415
287 479
288 96
288 160
288 178
288 224
288 352
288 416
288 480
288 800
288 834
289 97
289 156
289 161
289 225
289 353
289 417
289 481
289 700
289 1254
290 98
290 162
290 226
290 354
290 418
290 482
290 581
291 227
291 355
291 419
291 483
292 100
292 164
292 228
292 356
292 420
292 484
292 749
292 814
292 963
293 101
293 165
293 226
293 229
293 357
293 421
293 485
293 1193
294 102
294 166
294 230
294 358
294 422
294 486
295 103
295 167
295 231
295 359
295 423
295 487
296 104
296 130
296 168
296 229
296 232
296 360
296 424
296 488
296 1062
297 105
297 169
297 233
297 361
297 425
297 440
297 489
297 679
297 1234
298 106
298 170
298 234
298 362
298 426
298 490
299 107
299 171
299 219
299 235
299 363
299 368
299 427
299 491
299 872
299 1050
300 108
300 172
300 175
300 236
300 315
300 364
300 428
300 492
301 109
301 173
301 237
301 365
301 429
301 493
301 599
302 110
302 174
302 238
302 366
302 430
302 494
303 57
303 111
303 175
303 239
303 367
303 431
303 495
303 1279
304 112
304 176
304 240
304 368
304 432
304 496
305 113
305 177
305 241
305 369
305 433
305 473
305 497
305 884
306 41
306 94
306 114
306 178
306 242
306 370
306 434
306 498
306 869
306 985
307 50
307 115
307 179
307 243
307 371
307 435
307 461
307 499
307 858
307 1067
308 106
308 116
308 180
308 244
308 372
308 431
308 436
308 500
308 561
309 117
309 181
309 245
309 373
309 437
309 501
310 118
310 182
310 246
310 374
310 438
310 502
310 1133
311 119
311 183
311 247
311 375
311 439
311 503
312 120
312 184
312 248
312 376
312 440
312 504
313 121
313 185
313 249
313 377
313 441
313 505
313 766
314 122
314 186
314 250
314 378
314 442
314 506
314 617
314 705
314 875
314 1258
315 123
315 175
315 187
315 251
315 300
315 379
315 443
315 507
316 124
316 188
316 252
316 380
316 444
316 508
316 509
316 1140
317 48
317 125
317 189
317 253
317 364
317 381
317 445
317 509
318 122
318 126
318 179
318 190
318 254
318 382
318 446
318 447
318 510
318 692
318 735
318 874
319 127
319 191
319 255
319 341
319 383
319 447
319 511
319 702
319 972
320 128
320 192
320 256
320 384
320 448
320 512
321 129
321 193
321 257
321 385
321 449
321 513
321 545
321 733
321 807
321 1165
322 105
322 130
322 194
322 205
322 258
322 386
322 450
322 514
322 546
322 677
323 131
323 195
323 259
323 387
323 451
323 487
323 515
323 746
323 870
324 132
324 196
324 260
324 388
324 452
324 516
325 133
325 197
325 261
325 389
325 453
325 517
325 885
325 959
326 6
326 73
326 134
326 198
326 262
326 265
326 390
326 393
326 454
326 518
326 521
326 585
326 646
326 710
326 774
326 838
326 905
326 969
326 1030
326 1097
326 1161
326 1225
327 7
327 71
327 135
327 199
327 263
327 334
327 391
327 455
327 519
327 583
327 647
327 649
327 775
327 777
327 778
327 782
327 787
327 790
327 839
327 841
327 846
327 902
327 903
327 911
327 967
327 974
327 1046
327 1095
327 1159
327 1223
328 136
328 200
328 264
328 392
328 456
328 520
329 7
329 9
329 71
329 137
329 201
329 262
329 263
329 265
329 330
329 334
329 342
329 390
329 393
329 457
329 518
329 519
329 521
329 526
329 582
329 583
329 647
329 649
329 654
329 694
329 711
329 713
329 778
329 782
329 787
329 822
329 839
329 841
329 846
329 902
329 911
329 967
329 970
329 974
329 982
329 1031
329 1033
329 1046
329 1094
329 1103
329 1158
329 1159
329 1222
330 9
330 70
330 137
330 138
330 201
330 202
330 262
330 266
330 278
330 329
330 342
330 390
330 394
330 457
330 458
330 518
330 522
330 526
330 582
330 598
330 654
330 694
330 711
330 713
330 726
330 758
330 822
330 896
330 950
330 966
330 970
330 982
330 1031
330 1033
330 1038
330 1094
330 1103
330 1152
330 1158
330 1252
331 139
331 203
331 267
331 395
331 459
331 523
331 941
332 5
332 140
332 204
332 245
332 268
332 396
332 460
332 524
333 68
333 141
333 162
333 205
333 269
333 397
333 461
333 525
333 1057
334 7
334 9
334 71
334 142
334 206
334 262
334 263
334 270
334 327
334 329
334 342
334 390
334 398
334 455
334 457
334 462
334 518
334 519
334 526
334 582
334 583
334 647
334 649
334 654
334 694
334 711
334 713
334 777
334 778
334 782
334 787
334 790
334 822
334 839
334 841
334 846
334 902
334 903
334 911
334 967
334 970
334 974
334 982
334 1031
334 1033
334 1046
334 1095
334 1103
334 1158
334 1159
334 1222
335 143
335 207
335 271
335 399
335 463
335 527
336 144
336 208
336 272
336 400
336 464
336 528
336 979
337 66
337 145
337 209
337 273
337 401
337 451
337 465
337 529
337 812
337 1275
338 120
338 146
338 210
338 274
338 402
338 466
338 530
338 607
338 737
339 147
339 211
339 275
339 403
339 467
339 531
339 771
340 148
340 212
340 276
340 404
340 468
340 532
340 558
340 890
341 149
341 213
341 277
341 319
341 405
341 469
341 533
341 702
341 972
342 7
342 9
342 71
342 150
342 214
342 262
342 263
342 278
342 329
342 330
342 334
342 390
342 406
342 457
342 470
342 518
342 519
342 526
342 534
342 582
342 583
342 647
342 649
342 654
342 694
342 711
342 713
342 777
342 778
342 782
342 787
342 790
342 822
342 839
342 841
342 846
342 902
342 911
342 967
342 970
342 974
342 982
342 1031
342 1033
342 1046
342 1095
342 1103
342 1158
342 1159
342 1222
343 151
343 215
343 279
343 407
343 471
343 535
344 13
344 56
344 152
344 216
344 280
344 408
344 472
344 495
344 536
344 1229
345 153
345 217
345 281
345 409
345 473
345 537
345 840
345 1053
346 154
346 218
346 282
346 410
346 474
346 490
346 538
346 729
346 1131
347 155
347 219
347 283
347 411
347 475
347 539
347 1172
348 156
348 220
348 284
348 412
348 476
348 540
349 157
349 221
349 285
349 413
349 477
349 541
350 158
350 222
350 286
350 414
350 478
350 542
350 595
351 159
351 223
351 287
351 402
351 415
351 450
351 479
351 543
351 1218
352 160
352 224
352 288
352 416
352 480
352 544
352 564
352 628
352 1271
353 11
353 161
353 225
353 289
353 417
353 459
353 481
353 545
353 614
353 1079
353 1089
354 162
354 226
354 290
354 418
354 423
354 482
354 546
354 570
354 997
354 1052
355 163
355 227
355 291
355 419
355 483
355 547
355 811
355 981
355 1114
356 164
356 228
356 292
356 420
356 484
356 548
357 165
357 229
357 232
357 293
357 421
357 485
357 549
357 931
358 166
358 183
358 230
358 294
358 422
358 486
358 550
359 167
359 231
359 295
359 423
359 487
359 551
360 161
360 168
360 232
360 296
360 417
360 424
360 488
360 552
360 610
360 1145
361 169
361 233
361 297
361 425
361 489
361 553
362 170
362 234
362 298
362 426
362 490
362 554
362 828
363 17
363 171
363 235
363 299
363 427
363 476
363 491
363 555
363 639
363 955
363 983
364 48
364 172
364 236
364 300
364 317
364 428
364 492
364 556
365 173
365 237
365 301
365 429
365 493
365 557
365 817
365 1113
366 174
366 238
366 302
366 430
366 494
366 558
367 175
367 239
367 303
367 431
367 495
367 550
367 559
368 176
368 219
368 235
368 240
368 299
368 304
368 432
368 496
368 560
368 872
368 1050
369 177
369 241
369 305
369 389
369 433
369 497
369 561
369 827
369 954
369 1036
370 178
370 242
370 306
370 407
370 434
370 498
370 562
370 613
370 1141
370 1228
371 52
371 179
371 243
371 307
371 372
371 435
371 499
371 563
371 953
372 52
372 180
372 244
372 308
372 371
372 436
372 500
372 564
372 953
373 23
373 181
373 245
373 309
373 437
373 501
373 565
373 722
373 741
373 825
373 1064
374 182
374 246
374 310
374 438
374 502
374 566
375 183
375 247
375 311
375 432
375 434
375 439
375 503
375 543
375 567
375 571
376 12
376 184
376 248
376 312
376 440
376 504
376 568
377 185
377 249
377 313
377 441
377 505
377 569
377 1259
378 186
378 250
378 314
378 442
378 506
378 570
379 187
379 251
379 315
379 443
379 507
379 571
379 631
379 914
379 1066
379 1273
380 188
380 252
380 316
380 444
380 508
380 572
380 1244
381 37
381 60
381 96
381 189
381 253
381 317
381 445
381 509
381 573
381 1212
382 190
382 234
382 254
382 318
382 446
382 510
382 574
382 605
382 661
383 32
383 191
383 249
383 255
383 319
383 447
383 466
383 511
383 575
384 192
384 256
384 320
384 448
384 512
384 576
384 1027
385 181
385 193
385 257
385 321
385 449
385 479
385 513
385 557
385 577
386 194
386 257
386 258
386 322
386 421
386 450
386 514
386 578
386 1096
387 195
387 259
387 323
387 451
387 515
387 579
388 196
388 260
388 324
388 452
388 516
388 580
389 197
389 261
389 325
389 369
389 453
389 517
389 581
389 827
389 954
389 1036
390 7
390 9
390 71
390 198
390 201
390 262
390 326
390 329
390 330
390 334
390 342
390 454
390 457
390 518
390 519
390 526
390 582
390 598
390 654
390 694
390 711
390 713
390 758
390 778
390 787
390 822
390 846
390 911
390 967
390 970
390 974
390 982
390 1031
390 1033
390 1046
390 1094
390 1103
390 1152
390 1158
390 1222
390 1252
391 71
391 135
391 199
391 263
391 327
391 455
391 519
391 583
391 647
391 649
391 775
391 777
391 778
391 782
391 790
391 839
391 841
391 846
391 902
391 903
391 967
391 974
391 1095
391 1159
391 1223
392 200
392 264
392 328
392 456
392 520
392 532
392 584
392 1117
393 6
393 73
393 134
393 198
393 201
393 265
393 326
393 329
393 454
393 457
393 521
393 585
393 646
393 710
393 774
393 838
393 905
393 969
393 1030
393 1097
393 1161
393 1225
394 202
394 266
394 330
394 458
394 522
394 586
395 203
395 267
395 331
395 459
395 523
395 587
396 1
396 204
396 268
396 332
396 460
396 524
396 588
396 794
396 1063
396 1090
397 205
397 269
397 333
397 461
397 525
397 589
398 206
398 270
398 334
398 462
398 526
398 590
398 1156
399 207
399 271
399 335
399 463
399 527
399 591
399 662
400 208
400 272
400 336
400 464
400 528
400 592
401 26
401 209
401 273
401 337
401 465
401 529
401 593
402 210
402 274
402 338
402 351
402 450
402 466
402 530
402 594
402 1218
403 211
403 275
403 339
403 467
403 531
403 595
404 212
404 276
404 340
404 468
404 488
404 532
404 548
404 596
405 213
405 277
405 341
405 469
405 533
405 575
405 597
405 624
405 956
405 1201
405 1247
406 214
406 278
406 342
406 470
406 534
406 598
406 918
407 215
407 279
407 343
407 370
407 471
407 535
407 599
407 613
407 1141
407 1228
408 216
408 280
408 344
408 472
408 536
408 600
409 72
409 200
409 217
409 281
409 345
409 473
409 537
409 601
409 1017
409 1021
409 1187
410 155
410 218
410 282
410 346
410 474
410 538
410 602
411 49
411 219
411 283
411 347
411 475
411 539
411 603
411 755
411 830
412 220
412 284
412 348
412 476
412 540
412 604
412 889
413 221
413 285
413 349
413 430
413 477
413 541
413 605
413 1220
414 222
414 286
414 350
414 478
414 542
414 606
415 223
415 287
415 351
415 479
415 543
415 607
415 978
415 1136
416 224
416 288
416 352
416 480
416 544
416 608
416 660
416 860
416 951
416 1032
416 1108
417 161
417 225
417 289
417 353
417 360
417 481
417 545
417 609
417 610
417 1145
418 226
418 290
418 354
418 482
418 546
418 610
419 227
419 291
419 355
419 483
419 547
419 562
419 604
419 611
419 865
419 1202
420 228
420 292
420 356
420 484
420 548
420 612
420 809
420 964
420 1192
421 229
421 257
421 293
421 357
421 386
421 485
421 549
421 613
421 1096
422 230
422 294
422 358
422 486
422 550
422 614
423 231
423 295
423 354
423 359
423 487
423 551
423 570
423 615
423 997
423 1052
424 232
424 296
424 360
424 488
424 552
424 616
425 233
425 297
425 361
425 489
425 553
425 617
425 1116
426 234
426 298
426 362
426 472
426 490
426 554
426 618
427 124
427 235
427 299
427 363
427 491
427 498
427 555
427 619
427 920
428 236
428 251
428 300
428 364
428 492
428 556
428 620
428 1048
429 237
429 301
429 365
429 493
429 557
429 621
429 965
429 992
430 238
430 302
430 366
430 413
430 494
430 558
430 622
430 1220
431 106
431 239
431 303
431 308
431 367
431 495
431 559
431 561
431 623
432 240
432 304
432 368
432 375
432 434
432 496
432 543
432 560
432 571
432 624
433 241
433 305
433 369
433 497
433 561
433 620
433 625
433 691
433 1251
434 242
434 306
434 370
434 375
434 432
434 498
434 543
434 562
434 571
434 626
435 243
435 307
435 371
435 499
435 563
435 627
435 799
436 244
436 308
436 372
436 500
436 564
436 628
437 245
437 309
437 373
437 501
437 565
437 629
437 1257
438 246
438 310
438 374
438 484
438 502
438 566
438 630
439 247
439 264
439 311
439 375
439 503
439 567
439 631
439 658
439 994
439 1213
440 248
440 297
440 312
440 376
440 504
440 568
440 632
440 679
440 1234
441 249
441 313
441 377
441 505
441 569
441 633
441 761
441 1138
442 209
442 250
442 285
442 314
442 378
442 506
442 570
442 634
443 251
443 315
443 379
443 507
443 571
443 635
443 730
443 748
444 252
444 316
444 380
444 508
444 572
444 574
444 636
444 763
445 253
445 317
445 381
445 465
445 497
445 509
445 573
445 637
445 760
445 1086
445 1119
446 254
446 318
446 382
446 510
446 574
446 638
447 122
447 179
447 255
447 318
447 319
447 383
447 511
447 575
447 639
447 692
447 735
447 874
448 256
448 320
448 384
448 512
448 576
448 640
449 257
449 321
449 385
449 513
449 554
449 577
449 641
449 663
449 1264
449 1266
450 258
450 322
450 351
450 386
450 402
450 514
450 578
450 642
450 1218
451 66
451 259
451 323
451 337
451 387
451 515
451 579
451 643
451 812
451 1275
452 260
452 324
452 388
452 516
452 580
452 644
452 708
453 261
453 325
453 389
453 517
453 581
453 645
453 754
454 6
454 73
454 134
454 198
454 262
454 265
454 326
454 390
454 393
454 518
454 521
454 582
454 585
454 646
454 710
454 774
454 838
454 905
454 969
454 1030
454 1097
454 1161
454 1225
455 7
455 71
455 135
455 199
455 263
455 327
455 334
455 391
455 519
455 583
455 647
455 649
455 775
455 777
455 778
455 782
455 787
455 790
455 839
455 841
455 846
455 902
455 903
455 911
455 967
455 974
455 1046
455 1095
455 1159
455 1223
456 46
456 215
456 264
456 328
456 392
456 520
456 584
456 648
456 831
457 7
457 9
457 71
457 262
457 265
457 329
457 330
457 334
457 342
457 390
457 393
457 518
457 519
457 521
457 526
457 582
457 583
457 585
457 647
457 649
457 654
457 694
457 711
457 713
457 778
457 782
457 787
457 822
457 841
457 846
457 902
457 911
457 967
457 970
457 974
457 982
457 1031
457 1033
457 1046
457 1094
457 1103
457 1158
457 1222
457 1252
458 266
458 330
458 394
458 522
458 586
458 650
459 11
459 267
459 331
459 353
459 395
459 523
459 587
459 614
459 651
459 1079
459 1089
460 268
460 332
460 396
460 524
460 579
460 588
460 652
460 866
460 1182
461 50
461 269
461 307
461 333
461 397
461 525
461 589
461 653
461 858
461 1067
462 270
462 334
462 398
462 526
462 590
462 654
462 805
463 271
463 335
463 399
463 527
463 591
463 643
463 655
464 272
464 336
464 400
464 528
464 592
464 656
465 273
465 337
465 401
465 445
465 497
465 529
465 593
465 657
465 760
465 1086
465 1119
466 32
466 249
466 274
466 338
466 383
466 402
466 530
466 594
466 658
467 275
467 339
467 403
467 531
467 595
467 659
468 276
468 340
468 404
468 532
468 596
468 660
468 1125
469 121
469 277
469 341
469 405
469 533
469 597
469 661
470 141
470 148
470 278
470 342
470 406
470 534
470 598
470 662
471 279
471 343
471 407
471 535
471 599
471 663
472 280
472 344
472 408
472 426
472 536
472 600
472 664
473 281
473 305
473 345
473 409
473 537
473 601
473 665
473 884
474 282
474 346
474 410
474 538
474 602
474 666
474 1176
475 283
475 347
475 411
475 507
475 539
475 603
475 667
476 17
476 284
476 348
476 363
476 412
476 540
476 604
476 639
476 668
476 955
476 983
477 285
477 349
477 413
477 541
477 605
477 645
477 669
477 1129
477 1203
478 202
478 211
478 286
478 350
478 414
478 542
478 606
478 670
478 912
479 181
479 287
479 351
479 385
479 415
479 543
479 557
479 607
479 671
480 190
480 288
480 352
480 416
480 544
480 608
480 672
481 169
481 289
481 353
481 417
481 545
481 609
481 673
482 290
482 354
482 418
482 546
482 610
482 674
483 166
483 291
483 355
483 419
483 547
483 611
483 675
483 1211
484 292
484 356
484 420
484 438
484 548
484 612
484 676
485 293
485 357
485 421
485 549
485 613
485 677
485 1149
486 294
486 358
486 422
486 550
486 614
486 678
487 295
487 323
487 359
487 423
487 551
487 615
487 679
487 746
487 870
488 296
488 360
488 404
488 424
488 548
488 552
488 616
488 680
489 297
489 361
489 425
489 553
489 617
489 681
489 750
490 298
490 346
490 362
490 426
490 554
490 618
490 682
490 729
490 1131
491 299
491 363
491 427
491 555
491 619
491 683
492 300
492 364
492 428
492 556
492 600
492 620
492 684
493 301
493 365
493 429
493 557
493 621
493 685
493 1250
494 302
494 366
494 430
494 558
494 622
494 686
495 13
495 56
495 303
495 344
495 367
495 431
495 559
495 623
495 687
495 1229
496 304
496 368
496 432
496 560
496 602
496 624
496 688
497 305
497 369
497 433
497 445
497 465
497 561
497 625
497 689
497 760
497 1086
497 1119
498 124
498 306
498 370
498 427
498 434
498 562
498 626
498 690
498 920
499 307
499 371
499 435
499 563
499 627
499 691
500 308
500 372
500 436
500 503
500 506
500 564
500 628
500 692
501 131
501 309
501 373
501 437
501 504
501 551
501 565
501 629
501 693
501 1179
501 1196
502 310
502 374
502 438
502 566
502 630
502 694
502 798
502 908
503 311
503 375
503 439
503 500
503 506
503 567
503 631
503 695
504 131
504 312
504 376
504 440
504 501
504 551
504 568
504 632
504 696
504 1179
504 1196
505 313
505 377
505 441
505 569
505 633
505 697
505 761
505 1138
506 314
506 378
506 442
506 500
506 503
506 570
506 634
506 698
507 315
507 379
507 443
507 475
507 571
507 635
507 699
508 316
508 380
508 444
508 572
508 636
508 700
509 316
509 317
509 381
509 445
509 573
509 637
509 701
509 1140
510 85
510 318
510 382
510 446
510 574
510 638
510 702
510 991
510 1109
511 248
511 319
511 383
511 447
511 575
511 632
511 636
511 639
511 703
511 1243
512 320
512 384
512 448
512 576
512 640
512 704
513 321
513 385
513 449
513 577
513 641
513 705
514 322
514 386
514 450
514 578
514 642
514 706
514 1100
515 238
515 323
515 387
515 451
515 579
515 643
515 707
516 324
516 388
516 452
516 580
516 644
516 708
517 197
517 325
517 389
517 453
517 581
517 645
517 709
517 789
518 7
518 9
518 71
518 262
518 326
518 329
518 330
518 334
518 342
518 390
518 454
518 457
518 519
518 526
518 582
518 583
518 646
518 647
518 649
518 654
518 694
518 710
518 711
518 713
518 778
518 782
518 787
518 822
518 841
518 846
518 902
518 911
518 967
518 970
518 974
518 982
518 1031
518 1033
518 1046
518 1094
518 1103
518 1158
518 1222
518 1252
519 7
519 71
519 135
519 199
519 262
519 263
519 327
519 329
519 334
519 342
519 390
519 391
519 455
519 457
519 518
519 526
519 583
519 647
519 649
519 654
519 694
519 711
519 713
519 775
519 777
519 778
519 782
519 787
519 790
519 822
519 839
519 841
519 846
519 902
519 903
519 911
519 967
519 970
519 974
519 982
519 1031
519 1033
519 1046
519 1095
519 1159
519 1222
519 1223
520 328
520 392
520 456
520 584
520 648
520 712
520 962
520 1217
521 6
521 73
521 134
521 198
521 265
521 326
521 329
521 393
521 454
521 457
521 585
521 646
521 649
521 710
521 713
521 774
521 838
521 905
521 969
521 1030
521 1097
521 1161
521 1225
522 330
522 394
522 458
522 586
522 650
522 714
523 165
523 331
523 395
523 459
523 587
523 651
523 715
523 892
523 995
524 332
524 396
524 460
524 588
524 652
524 665
524 716
524 795
524 855
525 39
525 333
525 397
525 461
525 589
525 653
525 717
525 1011
526 7
526 9
526 71
526 262
526 263
526 329
526 330
526 334
526 342
526 390
526 398
526 457
526 462
526 518
526 519
526 582
526 583
526 590
526 647
526 649
526 654
526 694
526 711
526 713
526 718
526 778
526 782
526 787
526 790
526 822
526 839
526 841
526 846
526 902
526 911
526 967
526 970
526 974
526 982
526 1031
526 1033
526 1046
526 1095
526 1103
526 1158
526 1159
526 1222
526 1223
527 335
527 399
527 463
527 591
527 592
527 655
527 719
528 336
528 400
528 464
528 592
528 656
528 720
529 95
529 223
529 337
529 401
529 465
529 593
529 657
529 721
529 751
530 125
530 338
530 402
530 466
530 594
530 658
530 722
531 339
531 403
531 467
531 595
531 659
531 723
532 340
532 392
532 404
532 468
532 596
532 660
532 724
532 1117
533 116
533 341
533 405
533 469
533 597
533 623
533 661
533 725
533 757
534 342
534 406
534 470
534 598
534 662
534 726
535 343
535 407
535 471
535 599
535 663
535 727
535 747
536 171
536 344
536 408
536 472
536 600
536 664
536 728
536 1003
536 1049
537 345
537 409
537 473
537 601
537 665
537 729
538 101
538 346
538 410
538 474
538 602
538 666
538 730
538 958
539 174
539 347
539 411
539 475
539 603
539 667
539 731
539 780
539 806
539 1261
540 348
540 412
540 476
540 604
540 668
540 732
540 1061
540 1080
540 1208
541 349
541 413
541 477
541 605
541 669
541 733
542 350
542 414
542 478
542 606
542 670
542 734
543 351
543 375
543 415
543 432
543 434
543 479
543 571
543 607
543 671
543 735
544 186
544 352
544 416
544 480
544 608
544 672
544 736
545 321
545 353
545 417
545 481
545 609
545 673
545 733
545 737
545 807
545 1165
546 105
546 205
546 322
546 354
546 418
546 482
546 610
546 674
546 677
546 738
547 355
547 419
547 483
547 556
547 611
547 675
547 739
547 1263
548 356
548 404
548 420
548 484
548 488
548 612
548 676
548 740
549 357
549 421
549 485
549 613
549 677
549 741
549 922
550 358
550 367
550 422
550 486
550 614
550 678
550 742
551 131
551 359
551 423
551 487
551 501
551 504
551 615
551 679
551 743
551 1179
551 1196
552 360
552 424
552 488
552 616
552 680
552 744
552 901
553 361
553 425
553 489
553 617
553 681
553 745
554 362
554 426
554 449
554 490
554 618
554 663
554 682
554 746
554 1264
554 1266
555 363
555 427
555 491
555 619
555 683
555 747
555 1042
555 1076
555 1087
556 364
556 428
556 492
556 547
556 620
556 684
556 748
556 1263
557 181
557 365
557 385
557 429
557 479
557 493
557 621
557 685
557 749
558 340
558 366
558 430
558 494
558 622
558 686
558 750
558 890
559 8
559 367
559 431
559 495
559 623
559 687
559 751
559 1256
560 368
560 432
560 496
560 624
560 688
560 752
561 106
561 308
561 369
561 431
561 433
561 497
561 625
561 689
561 753
562 370
562 419
562 434
562 498
562 604
562 626
562 690
562 754
562 865
562 1202
563 81
563 371
563 435
563 499
563 627
563 691
563 755
563 926
564 352
564 372
564 436
564 500
564 628
564 692
564 756
564 1271
565 212
565 373
565 437
565 501
565 629
565 693
565 724
565 757
566 374
566 438
566 502
566 630
566 694
566 758
567 375
567 439
567 503
567 631
567 695
567 759
568 136
568 242
568 376
568 440
568 504
568 632
568 696
568 760
568 1072
569 377
569 441
569 505
569 633
569 697
569 761
569 1199
570 354
570 378
570 423
570 442
570 506
570 634
570 698
570 762
570 997
570 1052
571 375
571 379
571 432
571 434
571 443
571 507
571 543
571 635
571 699
571 763
572 27
572 380
572 444
572 508
572 636
572 697
572 700
572 764
573 381
573 445
573 509
573 637
573 667
573 701
573 765
574 382
574 444
574 446
574 510
574 638
574 702
574 763
574 766
575 383
575 405
575 447
575 511
575 624
575 639
575 703
575 767
575 956
575 1201
575 1247
576 144
576 384
576 448
576 512
576 640
576 704
576 717
576 768
577 385
577 449
577 513
577 641
577 705
577 769
577 1253
578 33
578 386
578 450
578 514
578 642
578 706
578 770
579 387
579 451
579 460
579 515
579 643
579 707
579 771
579 866
579 1182
580 388
580 452
580 516
580 644
580 708
580 772
581 290
581 389
581 453
581 517
581 645
581 709
581 773
582 7
582 9
582 70
582 71
582 137
582 201
582 262
582 278
582 329
582 330
582 334
582 342
582 390
582 454
582 457
582 518
582 526
582 598
582 646
582 654
582 694
582 710
582 711
582 713
582 758
582 774
582 778
582 787
582 822
582 911
582 967
582 970
582 982
582 1031
582 1033
582 1046
582 1094
582 1103
582 1152
582 1158
582 1222
582 1252
583 7
583 71
583 135
583 199
583 263
583 327
583 329
583 334
583 342
583 391
583 455
583 457
583 518
583 519
583 526
583 647
583 649
583 654
583 711
583 775
583 777
583 778
583 782
583 787
583 790
583 839
583 841
583 846
583 902
583 903
583 911
583 967
583 974
583 1031
583 1033
583 1046
583 1095
583 1159
583 1222
583 1223
584 392
584 456
584 520
584 648
584 712
584 776
584 808
584 1209
585 6
585 73
585 134
585 198
585 265
585 326
585 393
585 454
585 457
585 521
585 646
585 649
585 710
585 713
585 774
585 777
585 838
585 905
585 969
585 1030
585 1097
585 1161
585 1225
586 64
586 394
586 458
586 522
586 650
586 714
586 778
586 1216
587 395
587 459
587 523
587 651
587 715
587 779
587 937
588 396
588 460
588 524
588 652
588 716
588 780
588 987
589 397
589 461
589 525
589 653
589 717
589 781
590 398
590 462
590 526
590 654
590 718
590 782
591 182
591 399
591 463
591 527
591 655
591 719
591 783
591 1188
592 400
592 464
592 527
592 528
592 656
592 720
592 784
593 42
593 401
593 465
593 529
593 657
593 721
593 785
593 1274
594 402
594 466
594 530
594 658
594 722
594 786
595 350
595 403
595 467
595 531
595 659
595 723
595 787
596 404
596 468
596 532
596 660
596 724
596 788
596 810
596 849
596 1111
597 405
597 469
597 533
597 661
597 699
597 725
597 789
597 1139
598 9
598 70
598 137
598 201
598 262
598 278
598 330
598 390
598 406
598 470
598 534
598 582
598 662
598 711
598 726
598 758
598 790
598 896
598 950
598 966
598 1038
598 1094
598 1103
598 1152
598 1158
598 1252
599 301
599 407
599 471
599 535
599 663
599 727
599 791
600 408
600 472
600 492
600 536
600 664
600 728
600 792
601 409
601 473
601 537
601 611
601 665
601 729
601 793
601 1278
602 410
602 474
602 496
602 538
602 666
602 730
602 794
603 154
603 411
603 475
603 539
603 667
603 731
603 795
603 826
603 863
603 888
603 1073
603 1267
604 412
604 419
604 476
604 540
604 562
604 668
604 732
604 796
604 865
604 1202
605 234
605 382
605 413
605 477
605 541
605 661
605 669
605 733
605 797
606 114
606 414
606 478
606 542
606 670
606 734
606 798
606 957
606 1020
607 120
607 338
607 415
607 479
607 543
607 671
607 735
607 737
607 799
608 59
608 416
608 480
608 544
608 672
608 736
608 800
609 69
609 75
609 417
609 481
609 545
609 673
609 737
609 753
609 801
610 161
610 360
610 417
610 418
610 482
610 546
610 674
610 738
610 802
610 1145
611 419
611 483
611 547
611 601
611 675
611 739
611 803
611 1278
612 420
612 484
612 548
612 676
612 740
612 804
613 370
613 407
613 421
613 485
613 549
613 677
613 741
613 805
613 1141
613 1228
614 11
614 353
614 422
614 459
614 486
614 550
614 678
614 742
614 806
614 1079
614 1089
615 244
615 423
615 487
615 551
615 679
615 743
615 807
616 35
616 424
616 488
616 552
616 680
616 744
616 808
617 314
617 425
617 489
617 553
617 681
617 705
617 745
617 809
617 875
617 1258
618 104
618 117
618 426
618 490
618 554
618 682
618 746
618 810
618 816
619 153
619 427
619 491
619 555
619 668
619 683
619 690
619 747
619 811
620 428
620 433
620 492
620 556
620 684
620 691
620 748
620 812
620 1251
621 65
621 429
621 493
621 557
621 685
621 749
621 813
621 927
622 230
622 430
622 494
622 558
622 686
622 750
622 814
623 116
623 431
623 495
623 533
623 559
623 687
623 751
623 757
623 815
624 405
624 432
624 496
624 560
624 575
624 688
624 752
624 816
624 956
624 1201
624 1247
625 433
625 497
625 561
625 689
625 698
625 753
625 817
626 20
626 92
626 434
626 498
626 562
626 690
626 754
626 818
626 820
626 877
626 1224
627 119
627 435
627 499
627 563
627 691
627 755
627 762
627 819
628 352
628 436
628 500
628 564
628 692
628 756
628 820
628 1271
629 437
629 501
629 565
629 693
629 757
629 821
629 845
630 438
630 502
630 566
630 694
630 758
630 819
630 822
630 852
631 379
631 439
631 503
631 567
631 695
631 759
631 823
631 914
631 1066
631 1273
632 248
632 440
632 504
632 511
632 568
632 636
632 696
632 760
632 824
632 1243
633 282
633 441
633 505
633 569
633 664
633 689
633 697
633 761
633 825
633 891
634 442
634 506
634 570
634 698
634 762
634 826
635 443
635 507
635 571
635 699
635 763
635 827
636 248
636 444
636 508
636 511
636 572
636 632
636 700
636 764
636 828
636 1243
637 445
637 509
637 573
637 701
637 765
637 829
637 986
638 446
638 510
638 574
638 702
638 765
638 766
638 830
639 17
639 363
639 447
639 476
639 511
639 575
639 703
639 767
639 831
639 955
639 983
640 448
640 512
640 576
640 704
640 768
640 832
641 449
641 513
641 577
641 705
641 769
641 833
641 862
641 907
642 170
642 450
642 514
642 578
642 706
642 770
642 834
642 1047
643 451
643 463
643 515
643 579
643 707
643 771
643 835
644 452
644 516
644 580
644 708
644 772
644 836
645 453
645 477
645 517
645 581
645 709
645 773
645 837
645 1129
645 1203
646 6
646 73
646 134
646 198
646 265
646 326
646 393
646 454
646 518
646 521
646 582
646 585
646 710
646 774
646 838
646 905
646 969
646 1030
646 1097
646 1161
646 1225
647 7
647 71
647 135
647 199
647 263
647 327
647 329
647 334
647 342
647 391
647 455
647 457
647 518
647 519
647 526
647 583
647 649
647 654
647 694
647 711
647 713
647 775
647 777
647 778
647 782
647 787
647 790
647 822
647 839
647 841
647 846
647 902
647 903
647 911
647 967
647 970
647 974
647 982
647 1031
647 1033
647 1046
647 1095
647 1159
647 1222
647 1223
648 109
648 456
648 520
648 584
648 712
648 776
648 840
648 924
648 1164
648 1248
649 7
649 71
649 135
649 199
649 263
649 327
649 329
649 334
649 342
649 391
649 455
649 457
649 518
649 519
649 521
649 526
649 583
649 585
649 647
649 654
649 694
649 713
649 775
649 777
649 778
649 782
649 787
649 790
649 822
649 839
649 841
649 846
649 902
649 903
649 911
649 967
649 970
649 974
649 1031
649 1033
649 1046
649 1095
649 1159
649 1222
649 1223
650 458
650 522
650 586
650 714
650 778
650 842
651 145
651 459
651 523
651 587
651 715
651 779
651 843
652 460
652 524
652 588
652 716
652 780
652 824
652 844
652 1082
653 286
653 461
653 525
653 589
653 717
653 781
653 803
653 845
654 7
654 9
654 71
654 262
654 329
654 330
654 334
654 342
654 390
654 457
654 462
654 518
654 519
654 526
654 582
654 583
654 590
654 647
654 649
654 694
654 711
654 713
654 718
654 778
654 782
654 787
654 822
654 841
654 846
654 902
654 911
654 967
654 970
654 974
654 982
654 1031
654 1033
654 1046
654 1094
654 1103
654 1158
654 1222
654 1252
655 463
655 527
655 591
655 719
655 783
655 847
656 464
656 528
656 592
656 720
656 784
656 848
657 176
657 465
657 529
657 593
657 721
657 785
657 849
657 873
657 999
658 264
658 439
658 466
658 530
658 594
658 722
658 786
658 850
658 994
658 1213
659 467
659 531
659 595
659 723
659 787
659 851
660 416
660 468
660 532
660 596
660 724
660 788
660 852
660 860
660 951
660 1032
660 1108
661 234
661 382
661 469
661 533
661 597
661 605
661 725
661 789
661 853
662 399
662 470
662 534
662 598
662 726
662 790
662 854
663 449
663 471
663 535
663 554
663 599
663 727
663 791
663 855
663 1264
663 1266
664 282
664 472
664 536
664 600
664 633
664 689
664 728
664 792
664 856
664 891
665 473
665 524
665 537
665 601
665 729
665 793
665 795
665 855
665 857
666 213
666 474
666 538
666 602
666 730
666 794
666 858
667 475
667 539
667 573
667 603
667 731
667 795
667 859
668 153
668 476
668 540
668 604
668 619
668 690
668 732
668 796
668 860
669 477
669 541
669 605
669 733
669 797
669 861
670 478
670 542
670 606
670 734
670 798
670 862
670 1183
671 140
671 479
671 543
671 607
671 735
671 799
671 863
671 1170
672 480
672 544
672 608
672 736
672 800
672 864
673 481
673 545
673 609
673 737
673 801
673 865
673 929
674 482
674 546
674 610
674 738
674 802
674 866
675 2
675 483
675 547
675 611
675 739
675 803
675 867
675 1016
676 484
676 548
676 612
676 740
676 804
676 868
677 105
677 205
677 322
677 485
677 546
677 549
677 613
677 741
677 805
677 869
678 19
678 231
678 486
678 550
678 614
678 742
678 806
678 870
678 977
679 297
679 440
679 487
679 551
679 615
679 743
679 807
679 871
679 1234
680 488
680 552
680 616
680 744
680 808
680 872
680 1173
681 489
681 553
681 617
681 745
681 809
681 873
681 921
681 1163
682 490
682 554
682 618
682 746
682 810
682 874
683 210
683 491
683 555
683 619
683 747
683 811
683 867
683 875
684 61
684 492
684 556
684 620
684 748
684 812
684 856
684 876
685 493
685 557
685 621
685 749
685 813
685 877
686 494
686 558
686 622
686 750
686 814
686 878
686 1197
687 495
687 559
687 623
687 751
687 815
687 859
687 879
687 1276
688 496
688 560
688 624
688 752
688 816
688 880
688 917
688 990
689 282
689 497
689 561
689 625
689 633
689 664
689 753
689 817
689 881
689 891
690 153
690 498
690 562
690 619
690 626
690 668
690 754
690 818
690 882
691 433
691 499
691 563
691 620
691 627
691 755
691 819
691 883
691 1251
692 122
692 179
692 318
692 447
692 500
692 564
692 628
692 735
692 756
692 820
692 874
692 884
693 501
693 565
693 629
693 757
693 821
693 885
693 1018
694 7
694 9
694 71
694 201
694 262
694 329
694 330
694 334
694 342
694 390
694 457
694 502
694 518
694 519
694 526
694 566
694 582
694 630
694 647
694 649
694 654
694 711
694 713
694 758
694 778
694 782
694 787
694 822
694 841
694 846
694 886
694 902
694 911
694 967
694 970
694 974
694 982
694 1031
694 1033
694 1046
694 1094
694 1103
694 1158
694 1222
694 1252
695 45
695 503
695 567
695 631
695 759
695 823
695 887
695 1026
696 504
696 568
696 632
696 760
696 824
696 888
697 27
697 505
697 569
697 572
697 633
697 761
697 825
697 889
698 506
698 570
698 625
698 634
698 762
698 826
698 890
699 507
699 571
699 597
699 635
699 763
699 827
699 891
699 1139
700 156
700 225
700 289
700 508
700 572
700 636
700 764
700 828
700 892
700 1254
701 279
701 509
701 573
701 637
701 765
701 829
701 893
701 894
701 1081
702 319
702 341
702 510
702 574
702 638
702 766
702 830
702 894
702 972
703 511
703 575
703 639
703 767
703 831
703 895
703 1019
703 1112
704 512
704 576
704 640
704 768
704 832
704 854
704 896
705 314
705 513
705 577
705 617
705 641
705 769
705 833
705 875
705 897
705 1258
706 514
706 578
706 642
706 770
706 834
706 843
706 898
706 993
707 515
707 579
707 643
707 771
707 835
707 899
708 452
708 516
708 580
708 644
708 772
708 836
708 900
709 87
709 517
709 581
709 645
709 773
709 837
709 901
709 1037
710 6
710 73
710 134
710 198
710 265
710 326
710 393
710 454
710 518
710 521
710 582
710 585
710 646
710 774
710 838
710 902
710 905
710 969
710 1030
710 1097
710 1161
710 1225
711 7
711 9
711 70
711 71
711 137
711 201
711 262
711 278
711 329
711 330
711 334
711 342
711 390
711 457
711 518
711 519
711 526
711 582
711 583
711 598
711 647
711 654
711 694
711 713
711 758
711 775
711 778
711 787
711 822
711 839
711 846
711 903
711 911
711 967
711 970
711 974
711 982
711 1031
711 1033
711 1046
711 1094
711 1103
711 1152
711 1158
711 1222
711 1252
712 520
712 584
712 648
712 776
712 840
712 904
713 7
713 9
713 71
713 201
713 262
713 329
713 330
713 334
713 342
713 390
713 457
713 518
713 519
713 521
713 526
713 582
713 585
713 647
713 649
713 654
713 694
713 711
713 777
713 778
713 782
713 787
713 822
713 841
713 846
713 905
713 911
713 967
713 970
713 974
713 982
713 1031
713 1033
713 1046
713 1094
713 1103
713 1158
713 1222
713 1252
714 522
714 586
714 650
714 778
714 842
714 906
715 523
715 587
715 651
715 779
715 793
715 843
715 907
716 40
716 167
716 524
716 588
716 652
716 738
716 780
716 844
716 895
716 908
717 144
717 525
717 576
717 589
717 653
717 781
717 845
717 909
718 192
718 526
718 590
718 654
718 782
718 846
718 910
719 527
719 591
719 655
719 783
719 847
719 911
719 934
720 528
720 592
720 656
720 784
720 848
720 912
721 529
721 593
721 657
721 785
721 849
721 913
722 23
722 373
722 530
722 594
722 658
722 741
722 786
722 825
722 850
722 914
722 1064
723 531
723 595
723 659
723 787
723 851
723 915
724 212
724 532
724 565
724 596
724 660
724 788
724 852
724 916
725 152
725 533
725 597
725 661
725 789
725 853
725 917
726 9
726 70
726 137
726 201
726 278
726 330
726 534
726 598
726 662
726 758
726 790
726 854
726 896
726 918
726 950
726 966
726 1038
726 1094
726 1152
726 1252
727 284
727 535
727 599
727 663
727 791
727 855
727 919
728 63
728 536
728 600
728 664
728 792
728 856
728 920
729 346
729 490
729 537
729 601
729 665
729 793
729 857
729 921
729 1131
730 443
730 538
730 602
730 666
730 748
730 794
730 858
730 922
731 539
731 603
731 667
731 795
731 859
731 923
732 540
732 604
732 668
732 796
732 860
732 924
732 1238
733 321
733 541
733 545
733 605
733 669
733 797
733 807
733 861
733 925
733 1165
734 542
734 606
734 670
734 798
734 862
734 926
734 1198
735 122
735 179
735 318
735 447
735 543
735 607
735 671
735 692
735 799
735 863
735 874
735 927
736 544
736 608
736 672
736 800
736 837
736 864
736 928
736 938
736 989
736 1255
737 120
737 338
737 545
737 607
737 609
737 673
737 801
737 865
737 929
738 40
738 167
738 546
738 610
738 674
738 716
738 802
738 866
738 895
738 930
739 18
739 107
739 221
739 547
739 611
739 675
739 803
739 867
739 931
739 1007
740 207
740 548
740 612
740 676
740 804
740 868
740 932
741 23
741 373
741 549
741 613
741 677
741 722
741 805
741 825
741 869
741 933
741 1064
742 550
742 614
742 678
742 806
742 870
742 934
743 58
743 551
743 615
743 679
743 807
743 857
743 871
743 935
744 552
744 616
744 680
744 808
744 872
744 936
744 1118
745 553
745 617
745 681
745 809
745 873
745 937
746 323
746 487
746 554
746 618
746 682
746 810
746 870
746 874
746 938
747 535
747 555
747 619
747 683
747 811
747 875
747 939
748 443
748 556
748 620
748 684
748 730
748 812
748 876
748 940
749 292
749 557
749 621
749 685
749 813
749 814
749 877
749 941
749 963
750 489
750 558
750 622
750 686
750 814
750 878
750 942
751 95
751 223
751 529
751 559
751 623
751 687
751 815
751 879
751 943
752 254
752 560
752 624
752 688
752 816
752 880
752 944
752 1215
753 69
753 75
753 561
753 609
753 625
753 689
753 817
753 881
753 945
754 453
754 562
754 626
754 690
754 818
754 882
754 946
755 49
755 411
755 563
755 627
755 691
755 819
755 830
755 883
755 947
756 564
756 628
756 692
756 820
756 884
756 948
757 116
757 533
757 565
757 623
757 629
757 693
757 821
757 885
757 949
758 9
758 70
758 137
758 201
758 262
758 278
758 330
758 390
758 566
758 582
758 598
758 630
758 694
758 711
758 726
758 822
758 886
758 896
758 950
758 966
758 982
758 1038
758 1094
758 1103
758 1152
758 1158
758 1252
759 567
759 631
759 695
759 823
759 887
759 939
759 951
760 445
760 465
760 497
760 568
760 632
760 696
760 824
760 888
760 952
760 1086
760 1119
761 441
761 505
761 569
761 633
761 697
761 825
761 889
761 953
761 1138
762 119
762 570
762 627
762 634
762 698
762 826
762 890
762 954
763 444
763 571
763 574
763 635
763 699
763 827
763 891
763 955
764 572
764 636
764 700
764 828
764 892
764 956
765 573
765 637
765 638
765 701
765 829
765 893
765 957
766 313
766 574
766 638
766 702
766 830
766 894
766 958
767 575
767 639
767 703
767 831
767 895
767 959
768 576
768 640
768 704
768 832
768 896
768 960
769 577
769 641
769 705
769 776
769 833
769 897
769 961
770 578
770 642
770 706
770 834
770 898
770 962
770 1006
770 1221
771 339
771 579
771 643
771 707
771 835
771 899
771 963
772 580
772 644
772 708
772 836
772 900
772 964
773 581
773 645
773 709
773 837
773 901
773 965
774 6
774 73
774 134
774 198
774 265
774 326
774 393
774 454
774 521
774 582
774 585
774 646
774 710
774 838
774 902
774 905
774 966
774 969
774 1030
774 1097
774 1161
774 1225
775 135
775 199
775 263
775 327
775 391
775 455
775 519
775 583
775 647
775 649
775 711
775 777
775 782
775 790
775 839
775 841
775 846
775 902
775 903
775 967
775 974
775 1095
775 1159
775 1223
776 584
776 648
776 712
776 769
776 840
776 904
776 968
777 7
777 71
777 135
777 199
777 263
777 327
777 334
777 342
777 391
777 455
777 519
777 583
777 585
777 647
777 649
777 713
777 775
777 778
777 782
777 787
777 790
777 839
777 841
777 846
777 902
777 903
777 905
777 911
777 967
777 969
777 974
777 1046
777 1095
777 1159
777 1223
778 7
778 71
778 135
778 199
778 262
778 263
778 327
778 329
778 334
778 342
778 390
778 391
778 455
778 457
778 518
778 519
778 526
778 582
778 583
778 586
778 647
778 649
778 650
778 654
778 694
778 711
778 713
778 714
778 777
778 782
778 787
778 790
778 822
778 839
778 841
778 842
778 846
778 902
778 903
778 906
778 911
778 967
778 970
778 974
778 982
778 1031
778 1033
778 1046
778 1095
778 1159
778 1222
778 1223
779 587
779 651
779 715
779 843
779 907
779 971
780 174
780 539
780 588
780 652
780 716
780 806
780 844
780 908
780 972
780 1261
781 589
781 653
781 717
781 845
781 909
781 973
782 7
782 71
782 135
782 199
782 263
782 327
782 329
782 334
782 342
782 391
782 455
782 457
782 518
782 519
782 526
782 583
782 590
782 647
782 649
782 654
782 694
782 713
782 718
782 775
782 777
782 778
782 787
782 790
782 822
782 839
782 841
782 846
782 902
782 903
782 910
782 911
782 967
782 970
782 974
782 1031
782 1033
782 1046
782 1095
782 1159
782 1222
782 1223
783 591
783 655
783 719
783 847
783 911
783 975
784 592
784 656
784 720
784 848
784 912
784 976
785 593
785 657
785 721
785 849
785 913
785 977
785 1169
785 1226
786 594
786 658
786 722
786 850
786 914
786 978
787 7
787 71
787 262
787 263
787 327
787 329
787 334
787 342
787 390
787 455
787 457
787 518
787 519
787 526
787 582
787 583
787 595
787 647
787 649
787 654
787 659
787 694
787 711
787 713
787 723
787 777
787 778
787 782
787 790
787 822
787 839
787 841
787 846
787 851
787 902
787 903
787 911
787 915
787 967
787 970
787 974
787 979
787 982
787 1031
787 1033
787 1046
787 1095
787 1103
787 1158
787 1159
787 1222
787 1223
788 596
788 660
788 724
788 852
788 916
788 980
789 197
789 517
789 597
789 661
789 725
789 853
789 917
789 981
790 7
790 71
790 135
790 199
790 263
790 327
790 334
790 342
790 391
790 455
790 519
790 526
790 583
790 598
790 647
790 649
790 662
790 726
790 775
790 777
790 778
790 782
790 787
790 839
790 841
790 846
790 854
790 902
790 903
790 911
790 918
790 967
790 974
790 982
790 1031
790 1033
790 1046
790 1095
790 1159
790 1223
791 599
791 663
791 727
791 855
791 919
791 983
791 1270
792 600
792 664
792 728
792 856
792 920
792 984
792 1121
793 601
793 665
793 715
793 729
793 857
793 921
793 985
794 1
794 396
794 602
794 666
794 730
794 858
794 922
794 986
794 1063
794 1090
795 524
795 603
795 665
795 667
795 731
795 855
795 859
795 923
795 987
796 604
796 668
796 732
796 860
796 924
796 988
797 605
797 669
797 733
797 861
797 925
797 989
798 502
798 606
798 670
798 734
798 862
798 908
798 926
798 990
799 435
799 607
799 671
799 735
799 863
799 927
799 991
800 178
800 288
800 608
800 672
800 736
800 834
800 864
800 928
800 992
801 609
801 673
801 737
801 865
801 929
801 993
802 233
802 247
802 610
802 674
802 738
802 866
802 930
802 994
802 1008
803 286
803 611
803 653
803 675
803 739
803 867
803 931
803 995
804 612
804 676
804 740
804 868
804 932
804 996
805 462
805 613
805 677
805 741
805 869
805 933
805 997
806 174
806 539
806 614
806 678
806 742
806 780
806 870
806 934
806 998
806 1261
807 321
807 545
807 615
807 679
807 733
807 743
807 871
807 935
807 999
807 1165
808 584
808 616
808 680
808 744
808 872
808 936
808 1000
808 1209
809 420
809 617
809 681
809 745
809 873
809 937
809 964
809 1001
809 1192
810 596
810 618
810 682
810 746
810 849
810 874
810 938
810 1002
810 1111
811 355
811 619
811 683
811 747
811 875
811 939
811 981
811 1003
811 1114
812 66
812 337
812 451
812 620
812 684
812 748
812 876
812 940
812 1004
812 1275
813 621
813 685
813 749
813 877
813 941
813 1005
814 292
814 622
814 686
814 749
814 750
814 878
814 942
814 963
814 1006
815 623
815 687
815 751
815 879
815 943
815 1007
816 104
816 117
816 618
816 624
816 688
816 752
816 880
816 944
816 1008
817 365
817 625
817 689
817 753
817 881
817 945
817 1009
817 1113
818 626
818 690
818 754
818 844
818 882
818 946
818 1010
818 1148
819 627
819 630
819 691
819 755
819 852
819 883
819 947
819 1011
820 20
820 92
820 626
820 628
820 692
820 756
820 877
820 884
820 948
820 1012
820 1224
821 222
821 629
821 693
821 757
821 885
821 949
821 1013
821 1099
821 1101
822 7
822 9
822 71
822 262
822 329
822 330
822 334
822 342
822 390
822 457
822 518
822 519
822 526
822 582
822 630
822 647
822 649
822 654
822 694
822 711
822 713
822 758
822 778
822 782
822 787
822 841
822 846
822 886
822 902
822 911
822 950
822 967
822 970
822 974
822 982
822 1014
822 1031
822 1033
822 1046
822 1094
822 1103
822 1158
822 1222
822 1252
823 631
823 695
823 759
823 887
823 951
823 1015
824 632
824 652
824 696
824 760
824 888
824 952
824 1016
824 1082
825 23
825 373
825 633
825 697
825 722
825 741
825 761
825 889
825 953
825 1017
825 1064
826 154
826 603
826 634
826 698
826 762
826 863
826 888
826 890
826 954
826 1018
826 1073
826 1267
827 369
827 389
827 635
827 699
827 763
827 891
827 954
827 955
827 1019
827 1036
828 362
828 636
828 700
828 764
828 892
828 956
828 1020
829 637
829 701
829 765
829 893
829 957
829 1010
829 1021
830 49
830 411
830 638
830 702
830 755
830 766
830 894
830 958
830 1022
831 46
831 215
831 456
831 639
831 703
831 767
831 895
831 959
831 1023
832 640
832 704
832 768
832 896
832 960
832 1024
833 641
833 705
833 769
833 862
833 897
833 907
833 961
833 1025
834 178
834 288
834 642
834 706
834 770
834 800
834 898
834 962
834 1026
835 196
835 643
835 707
835 771
835 899
835 963
835 1027
836 644
836 708
836 772
836 900
836 942
836 964
836 1028
837 645
837 709
837 736
837 773
837 901
837 938
837 965
837 989
837 1029
837 1255
838 6
838 73
838 134
838 198
838 265
838 326
838 393
838 454
838 521
838 585
838 646
838 710
838 774
838 902
838 905
838 966
838 969
838 1030
838 1097
838 1161
838 1225
839 7
839 71
839 135
839 199
839 263
839 327
839 329
839 334
839 342
839 391
839 455
839 519
839 526
839 583
839 647
839 649
839 711
839 775
839 777
839 778
839 782
839 787
839 790
839 841
839 846
839 902
839 903
839 911
839 967
839 974
839 1031
839 1033
839 1046
839 1095
839 1159
839 1223
840 345
840 648
840 712
840 776
840 904
840 968
840 1032
840 1053
841 7
841 71
841 135
841 199
841 263
841 327
841 329
841 334
841 342
841 391
841 455
841 457
841 518
841 519
841 526
841 583
841 647
841 649
841 654
841 694
841 713
841 775
841 777
841 778
841 782
841 787
841 790
841 822
841 839
841 846
841 902
841 903
841 905
841 911
841 967
841 969
841 970
841 974
841 1031
841 1033
841 1046
841 1095
841 1159
841 1222
841 1223
842 650
842 714
842 778
842 906
842 970
842 1034
843 651
843 706
843 715
843 779
843 907
843 971
843 993
843 1035
844 652
844 716
844 780
844 818
844 908
844 972
844 1036
844 1148
845 629
845 653
845 717
845 781
845 909
845 973
845 1037
846 7
846 71
846 135
846 199
846 262
846 263
846 327
846 329
846 334
846 342
846 390
846 391
846 455
846 457
846 518
846 519
846 526
846 583
846 647
846 649
846 654
846 694
846 711
846 713
846 718
846 775
846 777
846 778
846 782
846 787
846 790
846 822
846 839
846 841
846 902
846 903
846 910
846 911
846 967
846 970
846 974
846 982
846 1031
846 1033
846 1038
846 1046
846 1095
846 1159
846 1222
846 1223
847 655
847 719
847 783
847 911
847 975
847 1039
847 1230
848 656
848 720
848 784
848 912
848 976
848 1040
849 596
849 657
849 721
849 785
849 810
849 913
849 977
849 1041
849 1111
850 658
850 722
850 786
850 914
850 944
850 978
850 1042
850 1045
851 659
851 723
851 787
851 868
851 915
851 979
851 1043
852 630
852 660
852 724
852 788
852 819
852 916
852 980
852 1044
853 62
853 661
853 725
853 789
853 917
853 981
853 1045
853 1132
854 662
854 704
854 726
854 790
854 918
854 982
854 1046
855 524
855 663
855 665
855 727
855 791
855 795
855 919
855 983
855 1047
856 61
856 664
856 684
856 728
856 792
856 920
856 984
856 1048
857 58
857 665
857 729
857 743
857 793
857 921
857 985
857 1049
858 50
858 307
858 461
858 666
858 730
858 794
858 922
858 986
858 1050
858 1067
859 667
859 687
859 731
859 795
859 923
859 987
859 1051
859 1276
860 416
860 660
860 668
860 732
860 796
860 924
860 951
860 988
860 1032
860 1052
860 1108
861 669
861 733
861 797
861 925
861 989
861 1053
861 1194
862 641
862 670
862 734
862 798
862 833
862 907
862 926
862 990
862 1054
863 154
863 603
863 671
863 735
863 799
863 826
863 888
863 927
863 991
863 1055
863 1073
863 1267
864 34
864 672
864 736
864 800
864 928
864 992
864 1056
865 419
865 562
865 604
865 673
865 737
865 801
865 929
865 993
865 1057
865 1202
866 460
866 579
866 674
866 738
866 802
866 930
866 994
866 1058
866 1182
867 210
867 675
867 683
867 739
867 803
867 931
867 995
867 1059
868 676
868 740
868 804
868 851
868 932
868 996
868 1060
869 41
869 94
869 306
869 677
869 741
869 805
869 933
869 985
869 997
869 1061
870 323
870 487
870 678
870 742
870 746
870 806
870 934
870 998
870 1062
871 679
871 743
871 807
871 935
871 999
871 1063
872 219
872 235
872 299
872 368
872 680
872 744
872 808
872 936
872 1000
872 1050
872 1064
873 176
873 657
873 681
873 745
873 809
873 937
873 999
873 1001
873 1065
874 122
874 179
874 318
874 447
874 682
874 692
874 735
874 746
874 810
874 938
874 1002
874 1066
875 314
875 617
875 683
875 705
875 747
875 811
875 939
875 1003
875 1067
875 1258
876 684
876 748
876 812
876 940
876 1004
876 1068
877 20
877 92
877 626
877 685
877 749
877 813
877 820
877 941
877 1005
877 1069
877 1224
878 686
878 750
878 814
878 942
878 1006
878 1070
879 687
879 751
879 815
879 943
879 1007
879 1071
879 1151
880 688
880 752
880 816
880 916
880 944
880 946
880 1008
880 1072
881 689
881 753
881 817
881 945
881 1009
881 1073
881 1185
882 690
882 754
882 818
882 923
882 946
882 1010
882 1074
883 691
883 755
883 819
883 930
883 947
883 1011
883 1075
884 305
884 473
884 692
884 756
884 820
884 948
884 1012
884 1076
885 325
885 693
885 757
885 821
885 949
885 959
885 1013
885 1077
886 694
886 758
886 822
886 950
886 1014
886 1078
886 1166
887 695
887 759
887 823
887 951
887 1015
887 1079
888 154
888 603
888 696
888 760
888 824
888 826
888 863
888 952
888 1016
888 1073
888 1080
888 1267
889 412
889 697
889 761
889 825
889 953
889 1017
889 1081
890 340
890 558
890 698
890 762
890 826
890 954
890 1018
890 1082
891 282
891 633
891 664
891 689
891 699
891 763
891 827
891 955
891 1019
891 1083
892 165
892 523
892 700
892 764
892 828
892 956
892 995
892 1020
892 1084
893 701
893 765
893 829
893 957
893 1021
893 1085
894 279
894 701
894 702
894 766
894 830
894 958
894 1022
894 1081
894 1086
895 40
895 167
895 703
895 716
895 738
895 767
895 831
895 959
895 1023
895 1087
896 70
896 137
896 201
896 278
896 330
896 598
896 704
896 726
896 758
896 768
896 832
896 950
896 960
896 966
896 1024
896 1038
896 1088
896 1094
896 1152
896 1252
897 38
897 705
897 769
897 833
897 961
897 1025
897 1089
898 706
898 770
898 834
898 962
898 1026
898 1090
899 707
899 771
899 835
899 963
899 1027
899 1091
900 708
900 772
900 836
900 964
900 1028
900 1092
901 552
901 709
901 773
901 837
901 965
901 1029
901 1093
902 71
902 135
902 199
902 263
902 327
902 329
902 334
902 342
902 391
902 455
902 457
902 518
902 519
902 526
902 583
902 647
902 649
902 654
902 694
902 710
902 774
902 775
902 777
902 778
902 782
902 787
902 790
902 822
902 838
902 839
902 841
902 846
902 903
902 911
902 966
902 967
902 970
902 974
902 1030
902 1031
902 1033
902 1046
902 1094
902 1095
902 1159
902 1222
902 1223
903 71
903 135
903 199
903 263
903 327
903 334
903 391
903 455
903 519
903 583
903 647
903 649
903 711
903 775
903 777
903 778
903 782
903 787
903 790
903 839
903 841
903 846
903 902
903 911
903 967
903 974
903 1031
903 1046
903 1095
903 1159
903 1223
904 103
904 712
904 776
904 840
904 968
904 1032
904 1058
904 1096
904 1143
905 6
905 73
905 134
905 198
905 265
905 326
905 393
905 454
905 521
905 585
905 646
905 710
905 713
905 774
905 777
905 838
905 841
905 969
905 1030
905 1033
905 1097
905 1161
905 1225
906 714
906 778
906 842
906 970
906 1034
906 1070
906 1098
907 641
907 715
907 779
907 833
907 843
907 862
907 971
907 1035
907 1099
908 502
908 716
908 780
908 798
908 844
908 972
908 1036
908 1100
909 717
909 781
909 845
909 973
909 1037
909 1101
910 718
910 782
910 846
910 974
910 1038
910 1102
911 7
911 71
911 262
911 263
911 327
911 329
911 334
911 342
911 390
911 455
911 457
911 518
911 519
911 526
911 582
911 583
911 647
911 649
911 654
911 694
911 711
911 713
911 719
911 777
911 778
911 782
911 783
911 787
911 790
911 822
911 839
911 841
911 846
911 847
911 902
911 903
911 967
911 970
911 974
911 975
911 982
911 1031
911 1033
911 1039
911 1046
911 1095
911 1103
911 1158
911 1159
911 1222
911 1223
912 202
912 211
912 478
912 720
912 784
912 848
912 976
912 1040
912 1104
913 721
913 785
913 849
913 977
913 1041
913 1105
913 1160
914 379
914 631
914 722
914 786
914 850
914 978
914 1042
914 1066
914 1106
914 1273
915 723
915 787
915 851
915 979
915 1043
915 1107
916 724
916 788
916 852
916 880
916 946
916 980
916 1044
916 1108
917 688
917 725
917 789
917 853
917 981
917 990
917 1045
917 1109
918 406
918 726
918 790
918 854
918 982
918 1046
918 1110
919 3
919 139
919 727
919 791
919 855
919 983
919 1047
919 1111
920 124
920 427
920 498
920 728
920 792
920 856
920 984
920 1048
920 1112
921 681
921 729
921 793
921 857
921 985
921 1049
921 1113
921 1163
922 549
922 730
922 794
922 858
922 986
922 1050
922 1114
923 731
923 795
923 859
923 882
923 987
923 1051
923 1115
924 109
924 648
924 732
924 796
924 860
924 988
924 1052
924 1116
924 1164
924 1248
925 733
925 797
925 861
925 989
925 1053
925 1069
925 1117
926 81
926 563
926 734
926 798
926 862
926 990
926 1054
926 1118
927 65
927 621
927 735
927 799
927 863
927 991
927 1055
927 1119
928 736
928 800
928 864
928 992
928 1056
928 1120
928 1122
928 1245
929 673
929 737
929 801
929 865
929 993
929 1057
929 1121
930 738
930 802
930 866
930 883
930 994
930 1058
930 1122
931 232
931 357
931 739
931 803
931 867
931 995
931 1059
931 1123
932 740
932 804
932 868
932 996
932 1060
932 1124
933 193
933 259
933 741
933 805
933 869
933 997
933 1061
933 1123
933 1125
933 1144
934 719
934 742
934 806
934 870
934 998
934 1062
934 1126
935 743
935 807
935 871
935 999
935 1063
935 1127
936 77
936 129
936 744
936 808
936 872
936 1000
936 1064
936 1128
937 587
937 745
937 809
937 873
937 1001
937 1065
937 1129
938 736
938 746
938 810
938 837
938 874
938 989
938 1002
938 1066
938 1130
938 1255
939 747
939 759
939 811
939 875
939 1003
939 1067
939 1131
940 24
940 748
940 812
940 876
940 1004
940 1068
940 1085
940 1132
941 331
941 749
941 813
941 877
941 1005
941 1069
941 1133
942 750
942 814
942 836
942 878
942 1006
942 1070
942 1134
943 98
943 108
943 111
943 191
943 751
943 815
943 879
943 1007
943 1071
943 1135
944 752
944 816
944 850
944 880
944 1008
944 1045
944 1072
944 1136
945 753
945 817
945 881
945 1009
945 1073
945 1137
945 1185
946 754
946 818
946 880
946 882
946 916
946 1010
946 1074
946 1138
947 755
947 819
947 883
947 1011
947 1059
947 1075
947 1115
947 1120
947 1139
947 1180
948 168
948 236
948 756
948 820
948 884
948 1012
948 1076
948 1140
949 757
949 821
949 885
949 1013
949 1077
949 1141
950 70
950 137
950 201
950 278
950 330
950 598
950 726
950 758
950 822
950 886
950 896
950 966
950 1014
950 1038
950 1078
950 1094
950 1142
950 1152
950 1158
950 1252
951 416
951 660
951 759
951 823
951 860
951 887
951 1015
951 1032
951 1079
951 1108
951 1143
952 760
952 824
952 888
952 1016
952 1080
952 1144
953 52
953 371
953 372
953 761
953 825
953 889
953 1017
953 1081
953 1145
954 369
954 389
954 762
954 826
954 827
954 890
954 1018
954 1036
954 1082
954 1146
955 17
955 363
955 476
955 639
955 763
955 827
955 891
955 983
955 1019
955 1083
955 1147
956 405
956 575
956 624
956 764
956 828
956 892
956 1020
956 1084
956 1148
956 1201
956 1247
957 114
957 606
957 765
957 829
957 893
957 1020
957 1021
957 1085
957 1149
958 101
958 538
958 766
958 830
958 894
958 1022
958 1086
958 1150
959 325
959 767
959 831
959 885
959 895
959 1023
959 1087
959 1151
960 768
960 832
960 896
960 1024
960 1088
960 1152
961 194
961 769
961 833
961 897
961 1025
961 1089
961 1105
961 1153
962 520
962 770
962 834
962 898
962 1026
962 1090
962 1154
962 1217
963 292
963 749
963 771
963 814
963 835
963 899
963 1027
963 1091
963 1155
964 420
964 772
964 809
964 836
964 900
964 1028
964 1092
964 1156
964 1192
965 429
965 773
965 837
965 901
965 992
965 1029
965 1093
965 1157
966 70
966 137
966 201
966 278
966 330
966 598
966 726
966 758
966 774
966 838
966 896
966 902
966 950
966 1030
966 1038
966 1094
966 1152
966 1158
966 1252
967 7
967 71
967 135
967 199
967 262
967 263
967 327
967 329
967 334
967 342
967 390
967 391
967 455
967 457
967 518
967 519
967 526
967 582
967 583
967 647
967 649
967 654
967 694
967 711
967 713
967 775
967 777
967 778
967 782
967 787
967 790
967 822
967 839
967 841
967 846
967 902
967 903
967 911
967 970
967 974
967 982
967 1031
967 1033
967 1046
967 1095
967 1103
967 1159
967 1222
967 1223
968 164
968 776
968 840
968 904
968 1032
968 1096
968 1160
969 6
969 73
969 134
969 198
969 265
969 326
969 393
969 454
969 521
969 585
969 646
969 710
969 774
969 777
969 838
969 841
969 905
969 1030
969 1033
969 1097
969 1161
969 1225
970 201
970 262
970 329
970 330
970 334
970 342
970 390
970 457
970 518
970 519
970 526
970 582
970 647
970 649
970 654
970 694
970 711
970 713
970 778
970 782
970 787
970 822
970 841
970 842
970 846
970 902
970 906
970 911
970 967
970 974
970 982
970 1031
970 1033
970 1034
970 1046
970 1094
970 1098
970 1103
970 1158
970 1162
970 1222
970 1252
971 30
971 779
971 843
971 907
971 1035
971 1099
971 1163
971 1190
972 319
972 341
972 702
972 780
972 844
972 908
972 1036
972 1100
972 1164
973 781
973 845
973 909
973 1037
973 1101
973 1165
974 7
974 71
974 135
974 199
974 262
974 263
974 327
974 329
974 334
974 342
974 390
974 391
974 455
974 457
974 518
974 519
974 526
974 583
974 647
974 649
974 654
974 694
974 711
974 713
974 775
974 777
974 778
974 782
974 787
974 790
974 822
974 839
974 841
974 846
974 902
974 903
974 910
974 911
974 967
974 970
974 982
974 1031
974 1033
974 1038
974 1046
974 1095
974 1102
974 1159
974 1166
974 1222
974 1223
975 271
975 783
975 847
975 911
975 1039
975 1103
975 1167
976 784
976 848
976 912
976 1040
976 1104
976 1168
977 19
977 231
977 678
977 785
977 849
977 913
977 1041
977 1105
977 1169
978 415
978 786
978 850
978 914
978 1042
978 1106
978 1136
978 1170
979 336
979 787
979 851
979 915
979 1043
979 1107
979 1171
980 267
980 788
980 852
980 916
980 1044
980 1108
980 1172
981 355
981 789
981 811
981 853
981 917
981 1045
981 1109
981 1114
981 1173
982 201
982 262
982 329
982 330
982 334
982 342
982 390
982 457
982 518
982 519
982 526
982 582
982 647
982 654
982 694
982 711
982 713
982 758
982 778
982 787
982 790
982 822
982 846
982 854
982 911
982 918
982 967
982 970
982 974
982 1031
982 1033
982 1046
982 1094
982 1103
982 1110
982 1152
982 1158
982 1174
982 1222
982 1252
983 17
983 363
983 476
983 639
983 791
983 855
983 919
983 955
983 1047
983 1111
983 1175
984 792
984 856
984 920
984 1048
984 1112
984 1176
985 41
985 94
985 306
985 793
985 857
985 869
985 921
985 1049
985 1113
985 1177
986 637
986 794
986 858
986 922
986 1050
986 1114
986 1178
987 588
987 795
987 859
987 923
987 1051
987 1115
987 1179
988 796
988 860
988 924
988 1052
988 1116
988 1180
989 736
989 797
989 837
989 861
989 925
989 938
989 1053
989 1117
989 1181
989 1255
990 688
990 798
990 862
990 917
990 926
990 1054
990 1118
990 1182
991 85
991 510
991 799
991 863
991 927
991 1055
991 1109
991 1119
991 1183
992 429
992 800
992 864
992 928
992 965
992 1056
992 1120
992 1184
993 706
993 801
993 843
993 865
993 929
993 1057
993 1121
993 1185
994 264
994 439
994 658
994 802
994 866
994 930
994 1058
994 1122
994 1186
994 1213
995 165
995 523
995 803
995 867
995 892
995 931
995 1059
995 1123
995 1187
996 804
996 868
996 932
996 1060
996 1124
996 1188
997 354
997 423
997 570
997 805
997 869
997 933
997 1052
997 1061
997 1125
997 1189
998 806
998 870
998 934
998 1062
998 1126
998 1190
999 176
999 657
999 807
999 871
999 873
999 935
999 1063
999 1127
999 1191
1000 808
1000 872
1000 936
1000 1064
1000 1128
1000 1192
1001 146
1001 809
1001 873
1001 937
1001 1065
1001 1129
1001 1193
1002 810
1002 874
1002 938
1002 1066
1002 1130
1002 1194
1003 171
1003 536
1003 811
1003 875
1003 939
1003 1049
1003 1067
1003 1131
1003 1195
1004 280
1004 812
1004 876
1004 940
1004 1068
1004 1132
1004 1196
1005 813
1005 877
1005 941
1005 1069
1005 1133
1005 1197
1006 770
1006 814
1006 878
1006 942
1006 1070
1006 1134
1006 1198
1006 1221
1007 18
1007 107
1007 221
1007 739
1007 815
1007 879
1007 943
1007 1071
1007 1135
1007 1199
1008 233
1008 247
1008 802
1008 816
1008 880
1008 944
1008 1072
1008 1136
1008 1200
1009 817
1009 881
1009 945
1009 1073
1009 1137
1009 1201
1010 818
1010 829
1010 882
1010 946
1010 1074
1010 1138
1010 1202
1011 39
1011 525
1011 819
1011 883
1011 947
1011 1075
1011 1139
1011 1203
1012 820
1012 884
1012 948
1012 1076
1012 1140
1012 1204
1012 1268
1013 821
1013 885
1013 949
1013 1077
1013 1141
1013 1205
1014 822
1014 886
1014 950
1014 1078
1014 1142
1014 1206
1015 823
1015 887
1015 951
1015 1079
1015 1110
1015 1143
1015 1207
1016 2
1016 675
1016 824
1016 888
1016 952
1016 1080
1016 1144
1016 1208
1017 72
1017 200
1017 409
1017 825
1017 889
1017 953
1017 1021
1017 1081
1017 1145
1017 1187
1017 1209
1018 693
1018 826
1018 890
1018 954
1018 1082
1018 1146
1018 1210
1019 703
1019 827
1019 891
1019 955
1019 1083
1019 1112
1019 1147
1019 1211
1020 114
1020 606
1020 828
1020 892
1020 956
1020 957
1020 1084
1020 1148
1020 1212
1021 72
1021 200
1021 409
1021 829
1021 893
1021 957
1021 1017
1021 1085
1021 1149
1021 1187
1021 1213
1022 830
1022 894
1022 958
1022 1086
1022 1150
1022 1214
1023 277
1023 831
1023 895
1023 959
1023 1087
1023 1151
1023 1215
1024 832
1024 896
1024 960
1024 1088
1024 1152
1024 1216
1025 833
1025 897
1025 961
1025 1089
1025 1153
1025 1217
1026 45
1026 695
1026 834
1026 898
1026 962
1026 1090
1026 1154
1026 1218
1027 384
1027 835
1027 899
1027 963
1027 1091
1027 1155
1027 1219
1028 836
1028 900
1028 964
1028 1035
1028 1060
1028 1092
1028 1156
1028 1220
1029 837
1029 901
1029 965
1029 1056
1029 1093
1029 1157
1029 1221
1030 6
1030 73
1030 134
1030 198
1030 265
1030 326
1030 393
1030 454
1030 521
1030 585
1030 646
1030 710
1030 774
1030 838
1030 902
1030 905
1030 966
1030 969
1030 1094
1030 1097
1030 1158
1030 1161
1030 1222
1030 1225
1031 7
1031 71
1031 262
1031 263
1031 329
1031 330
1031 334
1031 342
1031 390
1031 457
1031 518
1031 519
1031 526
1031 582
1031 583
1031 647
1031 649
1031 654
1031 694
1031 711
1031 713
1031 778
1031 782
1031 787
1031 790
1031 822
1031 839
1031 841
1031 846
1031 902
1031 903
1031 911
1031 967
1031 970
1031 974
1031 982
1031 1033
1031 1046
1031 1094
1031 1095
1031 1103
1031 1158
1031 1159
1031 1222
1031 1223
1032 416
1032 660
1032 840
1032 860
1032 904
1032 951
1032 968
1032 1096
1032 1108
1032 1160
1032 1224
1033 7
1033 262
1033 263
1033 329
1033 330
1033 334
1033 342
1033 390
1033 457
1033 518
1033 519
1033 526
1033 582
1033 583
1033 647
1033 649
1033 654
1033 694
1033 711
1033 713
1033 778
1033 782
1033 787
1033 790
1033 822
1033 839
1033 841
1033 846
1033 902
1033 905
1033 911
1033 967
1033 969
1033 970
1033 974
1033 982
1033 1031
1033 1046
1033 1094
1033 1097
1033 1103
1033 1158
1033 1159
1033 1161
1033 1222
1033 1223
1033 1225
1034 80
1034 842
1034 906
1034 970
1034 1098
1034 1162
1034 1226
1035 843
1035 907
1035 971
1035 1028
1035 1060
1035 1099
1035 1163
1035 1227
1036 369
1036 389
1036 827
1036 844
1036 908
1036 954
1036 972
1036 1100
1036 1164
1036 1228
1037 87
1037 709
1037 845
1037 909
1037 973
1037 1101
1037 1165
1037 1229
1038 201
1038 278
1038 330
1038 598
1038 726
1038 758
1038 846
1038 896
1038 910
1038 950
1038 966
1038 974
1038 1094
1038 1102
1038 1152
1038 1166
1038 1230
1038 1252
1039 847
1039 911
1039 975
1039 1103
1039 1167
1039 1231
1040 848
1040 912
1040 976
1040 1104
1040 1168
1040 1232
1041 849
1041 913
1041 977
1041 1105
1041 1169
1041 1233
1042 555
1042 850
1042 914
1042 978
1042 1076
1042 1087
1042 1106
1042 1170
1042 1234
1043 851
1043 915
1043 979
1043 1107
1043 1171
1043 1235
1044 852
1044 916
1044 980
1044 1108
1044 1172
1044 1205
1044 1236
1045 850
1045 853
1045 917
1045 944
1045 981
1045 1109
1045 1173
1045 1237
1046 7
1046 71
1046 262
1046 263
1046 327
1046 329
1046 334
1046 342
1046 390
1046 455
1046 457
1046 518
1046 519
1046 526
1046 582
1046 583
1046 647
1046 649
1046 654
1046 694
1046 711
1046 713
1046 777
1046 778
1046 782
1046 787
1046 790
1046 822
1046 839
1046 841
1046 846
1046 854
1046 902
1046 903
1046 911
1046 918
1046 967
1046 970
1046 974
1046 982
1046 1031
1046 1033
1046 1095
1046 1103
1046 1110
1046 1158
1046 1159
1046 1174
1046 1222
1046 1223
1046 1238
1047 170
1047 642
1047 855
1047 919
1047 983
1047 1111
1047 1175
1047 1239
1048 251
1048 428
1048 856
1048 920
1048 984
1048 1112
1048 1176
1048 1240
1049 171
1049 536
1049 857
1049 921
1049 985
1049 1003
1049 1113
1049 1177
1049 1241
1050 219
1050 235
1050 299
1050 368
1050 858
1050 872
1050 922
1050 986
1050 1114
1050 1178
1050 1242
1051 268
1051 859
1051 923
1051 987
1051 1115
1051 1179
1051 1243
1052 354
1052 423
1052 570
1052 860
1052 924
1052 988
1052 997
1052 1116
1052 1180
1052 1244
1053 345
1053 840
1053 861
1053 925
1053 989
1053 1117
1053 1181
1053 1245
1054 862
1054 926
1054 990
1054 1118
1054 1182
1054 1246
1055 863
1055 927
1055 991
1055 1119
1055 1183
1055 1236
1055 1247
1056 864
1056 928
1056 992
1056 1029
1056 1120
1056 1184
1056 1248
1057 68
1057 162
1057 333
1057 865
1057 929
1057 993
1057 1121
1057 1185
1057 1249
1058 103
1058 866
1058 904
1058 930
1058 994
1058 1122
1058 1143
1058 1186
1058 1250
1059 867
1059 931
1059 947
1059 995
1059 1115
1059 1120
1059 1123
1059 1180
1059 1187
1059 1251
1060 868
1060 932
1060 996
1060 1028
1060 1035
1060 1124
1060 1188
1060 1252
1061 540
1061 869
1061 933
1061 997
1061 1080
1061 1125
1061 1189
1061 1208
1061 1253
1062 130
1062 229
1062 296
1062 870
1062 934
1062 998
1062 1126
1062 1190
1062 1254
1063 1
1063 396
1063 794
1063 871
1063 935
1063 999
1063 1090
1063 1127
1063 1191
1063 1255
1064 23
1064 373
1064 722
1064 741
1064 825
1064 872
1064 936
1064 1000
1064 1128
1064 1192
1064 1256
1065 873
1065 937
1065 1001
1065 1129
1065 1193
1065 1257
1066 379
1066 631
1066 874
1066 914
1066 938
1066 1002
1066 1130
1066 1194
1066 1258
1066 1273
1067 50
1067 307
1067 461
1067 858
1067 875
1067 939
1067 1003
1067 1131
1067 1195
1067 1259
1068 24
1068 876
1068 940
1068 1004
1068 1085
1068 1132
1068 1196
1068 1260
1069 877
1069 925
1069 941
1069 1005
1069 1133
1069 1197
1069 1261
1070 878
1070 906
1070 942
1070 1006
1070 1134
1070 1198
1070 1262
1071 879
1071 943
1071 1007
1071 1135
1071 1199
1071 1263
1072 136
1072 242
1072 568
1072 880
1072 944
1072 1008
1072 1136
1072 1200
1072 1264
1073 154
1073 603
1073 826
1073 863
1073 881
1073 888
1073 945
1073 1009
1073 1137
1073 1201
1073 1265
1073 1267
1074 882
1074 946
1074 1010
1074 1138
1074 1202
1074 1266
1075 241
1075 883
1075 947
1075 1011
1075 1139
1075 1203
1075 1267
1076 555
1076 884
1076 948
1076 1012
1076 1042
1076 1087
1076 1140
1076 1204
1076 1268
1077 36
1077 885
1077 949
1077 1013
1077 1141
1077 1205
1077 1269
1078 886
1078 950
1078 1014
1078 1142
1078 1206
1078 1270
1079 11
1079 353
1079 459
1079 614
1079 887
1079 951
1079 1015
1079 1089
1079 1143
1079 1207
1079 1271
1080 540
1080 888
1080 952
1080 1016
1080 1061
1080 1144
1080 1208
1080 1272
1081 279
1081 701
1081 889
1081 894
1081 953
1081 1017
1081 1145
1081 1209
1081 1273
1082 652
1082 824
1082 890
1082 954
1082 1018
1082 1146
1082 1210
1082 1274
1083 891
1083 955
1083 1019
1083 1147
1083 1211
1083 1275
1084 31
1084 892
1084 956
1084 1020
1084 1148
1084 1212
1084 1276
1085 24
1085 893
1085 940
1085 957
1085 1021
1085 1068
1085 1149
1085 1213
1085 1277
1086 445
1086 465
1086 497
1086 760
1086 894
1086 958
1086 1022
1086 1119
1086 1150
1086 1214
1086 1278
1087 555
1087 895
1087 959
1087 1023
1087 1042
1087 1076
1087 1151
1087 1215
1087 1279
1088 896
1088 960
1088 1024
1088 1152
1088 1216
1089 11
1089 353
1089 459
1089 614
1089 897
1089 961
1089 1025
1089 1079
1089 1153
1089 1217
1090 1
1090 396
1090 794
1090 898
1090 962
1090 1026
1090 1063
1090 1154
1090 1218
1091 899
1091 963
1091 1027
1091 1155
1091 1162
1091 1219
1092 260
1092 900
1092 964
1092 1028
1092 1156
1092 1220
1093 901
1093 965
1093 1029
1093 1157
1093 1221
1094 9
1094 201
1094 262
1094 278
1094 329
1094 330
1094 390
1094 457
1094 518
1094 582
1094 598
1094 654
1094 694
1094 711
1094 713
1094 726
1094 758
1094 822
1094 896
1094 902
1094 950
1094 966
1094 970
1094 982
1094 1030
1094 1031
1094 1033
1094 1038
1094 1103
1094 1152
1094 1158
1094 1222
1094 1252
1095 135
1095 199
1095 263
1095 327
1095 334
1095 342
1095 391
1095 455
1095 519
1095 526
1095 583
1095 647
1095 649
1095 775
1095 777
1095 778
1095 782
1095 787
1095 790
1095 839
1095 841
1095 846
1095 902
1095 903
1095 911
1095 967
1095 974
1095 1031
1095 1046
1095 1159
1095 1223
1096 257
1096 386
1096 421
1096 904
1096 968
1096 1032
1096 1160
1096 1224
1097 6
1097 73
1097 134
1097 198
1097 265
1097 326
1097 393
1097 454
1097 521
1097 585
1097 646
1097 710
1097 774
1097 838
1097 905
1097 969
1097 1030
1097 1033
1097 1161
1097 1225
1098 214
1098 906
1098 970
1098 1034
1098 1162
1098 1226
1099 222
1099 821
1099 907
1099 971
1099 1035
1099 1101
1099 1163
1099 1227
1100 514
1100 908
1100 972
1100 1036
1100 1164
1100 1228
1101 222
1101 821
1101 909
1101 973
1101 1037
1101 1099
1101 1165
1101 1229
1102 910
1102 974
1102 1038
1102 1166
1102 1174
1102 1230
1103 9
1103 262
1103 278
1103 329
1103 330
1103 334
1103 342
1103 390
1103 457
1103 518
1103 526
1103 582
1103 598
1103 654
1103 694
1103 711
1103 713
1103 758
1103 787
1103 822
1103 911
1103 967
1103 970
1103 975
1103 982
1103 1031
1103 1033
1103 1039
1103 1046
1103 1094
1103 1152
1103 1158
1103 1167
1103 1222
1103 1231
1103 1252
1104 912
1104 976
1104 1040
1104 1168
1104 1232
1105 194
1105 913
1105 961
1105 977
1105 1041
1105 1169
1105 1233
1106 218
1106 914
1106 978
1106 1042
1106 1170
1106 1234
1107 915
1107 979
1107 1043
1107 1171
1107 1235
1108 416
1108 660
1108 860
1108 916
1108 951
1108 980
1108 1032
1108 1044
1108 1172
1108 1236
1109 85
1109 510
1109 917
1109 981
1109 991
1109 1045
1109 1173
1109 1237
1110 918
1110 982
1110 1015
1110 1046
1110 1174
1110 1238
1111 596
1111 810
1111 849
1111 919
1111 983
1111 1047
1111 1175
1111 1239
1112 703
1112 920
1112 984
1112 1019
1112 1048
1112 1176
1112 1240
1113 365
1113 817
1113 921
1113 985
1113 1049
1113 1177
1113 1241
1114 355
1114 811
1114 922
1114 981
1114 986
1114 1050
1114 1178
1114 1242
1115 923
1115 947
1115 987
1115 1051
1115 1059
1115 1120
1115 1179
1115 1180
1115 1243
1116 425
1116 924
1116 988
1116 1052
1116 1180
1116 1244
1117 392
1117 532
1117 925
1117 989
1117 1053
1117 1181
1117 1245
1118 744
1118 926
1118 990
1118 1054
1118 1182
1118 1246
1119 445
1119 465
1119 497
1119 760
1119 927
1119 991
1119 1055
1119 1086
1119 1183
1119 1247
1120 928
1120 947
1120 992
1120 1056
1120 1059
1120 1115
1120 1180
1120 1184
1120 1248
1121 792
1121 929
1121 993
1121 1057
1121 1185
1121 1249
1122 928
1122 930
1122 994
1122 1058
1122 1186
1122 1245
1122 1250
1123 193
1123 259
1123 931
1123 933
1123 995
1123 1059
1123 1144
1123 1187
1123 1251
1124 932
1124 996
1124 1060
1124 1188
1124 1252
1125 468
1125 933
1125 997
1125 1061
1125 1189
1125 1253
1126 4
1126 934
1126 998
1126 1062
1126 1190
1126 1254
1127 173
1127 935
1127 999
1127 1063
1127 1191
1127 1255
1128 123
1128 936
1128 1000
1128 1064
1128 1192
1128 1256
1129 477
1129 645
1129 937
1129 1001
1129 1065
1129 1193
1129 1203
1129 1257
1130 185
1130 240
1130 938
1130 1002
1130 1066
1130 1135
1130 1137
1130 1194
1130 1258
1131 346
1131 490
1131 729
1131 939
1131 1003
1131 1067
1131 1195
1131 1259
1132 62
1132 853
1132 940
1132 1004
1132 1068
1132 1196
1132 1260
1133 310
1133 941
1133 1005
1133 1069
1133 1197
1133 1261
1134 942
1134 1006
1134 1070
1134 1198
1134 1262
1135 185
1135 240
1135 943
1135 1007
1135 1071
1135 1130
1135 1137
1135 1199
1135 1263
1136 415
1136 944
1136 978
1136 1008
1136 1072
1136 1200
1136 1264
1137 185
1137 240
1137 945
1137 1009
1137 1073
1137 1130
1137 1135
1137 1201
1137 1265
1138 441
1138 505
1138 761
1138 946
1138 1010
1138 1074
1138 1202
1138 1266
1139 597
1139 699
1139 947
1139 1011
1139 1075
1139 1203
1139 1267
1140 316
1140 509
1140 948
1140 1012
1140 1076
1140 1204
1140 1268
1141 370
1141 407
1141 613
1141 949
1141 1013
1141 1077
1141 1205
1141 1228
1141 1269
1142 950
1142 1014
1142 1078
1142 1206
1142 1270
1143 103
1143 904
1143 951
1143 1015
1143 1058
1143 1079
1143 1207
1143 1271
1144 193
1144 259
1144 933
1144 952
1144 1016
1144 1080
1144 1123
1144 1208
1144 1272
1145 161
1145 360
1145 417
1145 610
1145 953
1145 1017
1145 1081
1145 1209
1145 1273
1146 954
1146 1018
1146 1082
1146 1210
1146 1227
1146 1274
1147 25
1147 955
1147 1019
1147 1083
1147 1211
1147 1240
1147 1275
1148 818
1148 844
1148 956
1148 1020
1148 1084
1148 1212
1148 1276
1149 485
1149 957
1149 1021
1149 1085
1149 1213
1149 1277
1150 55
1150 261
1150 958
1150 1022
1150 1086
1150 1214
1150 1278
1151 879
1151 959
1151 1023
1151 1087
1151 1215
1151 1279
1152 70
1152 137
1152 201
1152 278
1152 330
1152 390
1152 582
1152 598
1152 711
1152 726
1152 758
1152 896
1152 950
1152 960
1152 966
1152 982
1152 1024
1152 1038
1152 1088
1152 1094
1152 1103
1152 1158
1152 1216
1152 1252
1153 273
1153 961
1153 1025
1153 1089
1153 1217
1154 962
1154 1026
1154 1090
1154 1218
1155 963
1155 1027
1155 1091
1155 1219
1156 398
1156 964
1156 1028
1156 1092
1156 1220
1157 965
1157 1029
1157 1093
1157 1200
1157 1221
1158 9
1158 262
1158 329
1158 330
1158 334
1158 342
1158 390
1158 457
1158 518
1158 526
1158 582
1158 598
1158 654
1158 694
1158 711
1158 713
1158 758
1158 787
1158 822
1158 911
1158 950
1158 966
1158 970
1158 982
1158 1030
1158 1031
1158 1033
1158 1046
1158 1094
1158 1103
1158 1152
1158 1222
1158 1252
1159 263
1159 327
1159 329
1159 334
1159 342
1159 391
1159 455
1159 519
1159 526
1159 583
1159 647
1159 649
1159 775
1159 777
1159 778
1159 782
1159 787
1159 790
1159 839
1159 841
1159 846
1159 902
1159 903
1159 911
1159 967
1159 974
1159 1031
1159 1033
1159 1046
1159 1095
1159 1222
1159 1223
1160 913
1160 968
1160 1032
1160 1096
1160 1224
1161 6
1161 73
1161 134
1161 198
1161 265
1161 326
1161 393
1161 454
1161 521
1161 585
1161 646
1161 710
1161 774
1161 838
1161 905
1161 969
1161 1030
1161 1033
1161 1097
1161 1225
1162 970
1162 1034
1162 1091
1162 1098
1162 1226
1163 681
1163 921
1163 971
1163 1035
1163 1099
1163 1227
1164 109
1164 648
1164 924
1164 972
1164 1036
1164 1100
1164 1228
1164 1248
1165 321
1165 545
1165 733
1165 807
1165 973
1165 1037
1165 1101
1165 1229
1166 886
1166 974
1166 1038
1166 1102
1166 1230
1167 975
1167 1039
1167 1103
1167 1231
1168 976
1168 1040
1168 1104
1168 1232
1169 785
1169 977
1169 1041
1169 1105
1169 1226
1169 1233
1170 140
1170 671
1170 978
1170 1042
1170 1106
1170 1234
1171 979
1171 1043
1171 1107
1171 1235
1172 347
1172 980
1172 1044
1172 1108
1172 1236
1173 680
1173 981
1173 1045
1173 1109
1173 1237
1174 982
1174 1046
1174 1102
1174 1110
1174 1238
1175 983
1175 1047
1175 1111
1175 1239
1176 474
1176 984
1176 1048
1176 1112
1176 1240
1177 985
1177 1049
1177 1113
1177 1204
1177 1241
1178 172
1178 986
1178 1050
1178 1114
1178 1242
1178 1260
1179 131
1179 501
1179 504
1179 551
1179 987
1179 1051
1179 1115
1179 1196
1179 1243
1180 947
1180 988
1180 1052
1180 1059
1180 1115
1180 1116
1180 1120
1180 1244
1181 989
1181 1053
1181 1117
1181 1245
1182 460
1182 579
1182 866
1182 990
1182 1054
1182 1118
1182 1246
1183 670
1183 991
1183 1055
1183 1119
1183 1247
1184 992
1184 1056
1184 1120
1184 1248
1184 1269
1185 881
1185 945
1185 993
1185 1057
1185 1121
1185 1249
1186 100
1186 994
1186 1058
1186 1122
1186 1250
1187 72
1187 200
1187 409
1187 995
1187 1017
1187 1021
1187 1059
1187 1123
1187 1251
1188 182
1188 591
1188 996
1188 1060
1188 1124
1188 1252
1189 997
1189 1061
1189 1125
1189 1253
1190 30
1190 971
1190 998
1190 1062
1190 1126
1190 1254
1191 999
1191 1063
1191 1127
1191 1255
1192 420
1192 809
1192 964
1192 1000
1192 1064
1192 1128
1192 1256
1193 226
1193 293
1193 1001
1193 1065
1193 1129
1193 1257
1194 861
1194 1002
1194 1066
1194 1130
1194 1258
1195 177
1195 1003
1195 1067
1195 1131
1195 1259
1196 131
1196 501
1196 504
1196 551
1196 1004
1196 1068
1196 1132
1196 1179
1196 1260
1197 686
1197 1005
1197 1069
1197 1133
1197 1261
1198 734
1198 1006
1198 1070
1198 1134
1198 1262
1199 569
1199 1007
1199 1071
1199 1135
1199 1263
1200 1008
1200 1072
1200 1136
1200 1157
1200 1264
1201 405
1201 575
1201 624
1201 956
1201 1009
1201 1073
1201 1137
1201 1247
1201 1265
1202 419
1202 562
1202 604
1202 865
1202 1010
1202 1074
1202 1138
1202 1266
1203 477
1203 645
1203 1011
1203 1075
1203 1129
1203 1139
1203 1267
1204 1012
1204 1076
1204 1140
1204 1177
1204 1268
1205 1013
1205 1044
1205 1077
1205 1141
1205 1269
1206 270
1206 1014
1206 1078
1206 1142
1206 1270
1207 1015
1207 1079
1207 1143
1207 1271
1208 540
1208 1016
1208 1061
1208 1080
1208 1144
1208 1272
1209 584
1209 808
1209 1017
1209 1081
1209 1145
1209 1273
1210 115
1210 1018
1210 1082
1210 1146
1210 1274
1211 166
1211 483
1211 1019
1211 1083
1211 1147
1211 1275
1212 37
1212 60
1212 96
1212 381
1212 1020
1212 1084
1212 1148
1212 1276
1213 264
1213 439
1213 658
1213 994
1213 1021
1213 1085
1213 1149
1213 1277
1214 43
1214 1022
1214 1086
1214 1150
1214 1278
1215 254
1215 752
1215 1023
1215 1087
1215 1151
1215 1279
1216 64
1216 586
1216 1024
1216 1088
1216 1152
1217 520
1217 962
1217 1025
1217 1089
1217 1153
1218 351
1218 402
1218 450
1218 1026
1218 1090
1218 1154
1219 1027
1219 1091
1219 1155
1220 413
1220 430
1220 1028
1220 1092
1220 1156
1221 770
1221 1006
1221 1029
1221 1093
1221 1157
1222 7
1222 262
1222 329
1222 334
1222 342
1222 390
1222 457
1222 518
1222 519
1222 526
1222 582
1222 583
1222 647
1222 649
1222 654
1222 694
1222 711
1222 713
1222 778
1222 782
1222 787
1222 822
1222 841
1222 846
1222 902
1222 911
1222 967
1222 970
1222 974
1222 982
1222 1030
1222 1031
1222 1033
1222 1046
1222 1094
1222 1103
1222 1158
1222 1159
1222 1223
1223 135
1223 263
1223 327
1223 391
1223 455
1223 519
1223 526
1223 583
1223 647
1223 649
1223 775
1223 777
1223 778
1223 782
1223 787
1223 790
1223 839
1223 841
1223 846
1223 902
1223 903
1223 911
1223 967
1223 974
1223 1031
1223 1033
1223 1046
1223 1095
1223 1159
1223 1222
1224 20
1224 92
1224 626
1224 820
1224 877
1224 1032
1224 1096
1224 1160
1225 6
1225 73
1225 134
1225 198
1225 265
1225 326
1225 393
1225 454
1225 521
1225 585
1225 646
1225 710
1225 774
1225 838
1225 905
1225 969
1225 1030
1225 1033
1225 1097
1225 1161
1226 785
1226 1034
1226 1098
1226 1162
1226 1169
1227 1035
1227 1099
1227 1146
1227 1163
1228 370
1228 407
1228 613
1228 1036
1228 1100
1228 1141
1228 1164
1229 13
1229 56
1229 344
1229 495
1229 1037
1229 1101
1229 1165
1230 847
1230 1038
1230 1102
1230 1166
1231 1039
1231 1103
1231 1167
1232 1040
1232 1104
1232 1168
1233 1041
1233 1105
1233 1169
1234 297
1234 440
1234 679
1234 1042
1234 1106
1234 1170
1235 1043
1235 1107
1235 1171
1236 1044
1236 1055
1236 1108
1236 1172
1237 1045
1237 1109
1237 1173
1238 732
1238 1046
1238 1110
1238 1174
1239 1047
1239 1111
1239 1175
1240 25
1240 1048
1240 1112
1240 1147
1240 1176
1241 1049
1241 1113
1241 1177
1242 1050
1242 1114
1242 1178
1243 248
1243 511
1243 632
1243 636
1243 1051
1243 1115
1243 1179
1244 380
1244 1052
1244 1116
1244 1180
1245 928
1245 1053
1245 1117
1245 1122
1245 1181
1246 1054
1246 1118
1246 1182
1247 405
1247 575
1247 624
1247 956
1247 1055
1247 1119
1247 1183
1247 1201
1248 109
1248 648
1248 924
1248 1056
1248 1120
1248 1164
1248 1184
1249 1057
1249 1121
1249 1185
1250 493
1250 1058
1250 1122
1250 1186
1251 433
1251 620
1251 691
1251 1059
1251 1123
1251 1187
1252 9
1252 70
1252 137
1252 201
1252 278
1252 330
1252 390
1252 457
1252 518
1252 582
1252 598
1252 654
1252 694
1252 711
1252 713
1252 726
1252 758
1252 822
1252 896
1252 950
1252 966
1252 970
1252 982
1252 1038
1252 1060
1252 1094
1252 1103
1252 1124
1252 1152
1252 1158
1252 1188
1253 577
1253 1061
1253 1125
1253 1189
1254 156
1254 225
1254 289
1254 700
1254 1062
1254 1126
1254 1190
1255 736
1255 837
1255 938
1255 989
1255 1063
1255 1127
1255 1191
1256 8
1256 559
1256 1064
1256 1128
1256 1192
1257 437
1257 1065
1257 1129
1257 1193
1258 314
1258 617
1258 705
1258 875
1258 1066
1258 1130
1258 1194
1259 377
1259 1067
1259 1131
1259 1195
1260 172
1260 1068
1260 1132
1260 1178
1260 1196
1261 174
1261 539
1261 780
1261 806
1261 1069
1261 1133
1261 1197
1262 1070
1262 1134
1262 1198
1263 547
1263 556
1263 1071
1263 1135
1263 1199
1264 449
1264 554
1264 663
1264 1072
1264 1136
1264 1200
1264 1266
1265 1073
1265 1137
1265 1201
1266 449
1266 554
1266 663
1266 1074
1266 1138
1266 1202
1266 1264
1267 154
1267 603
1267 826
1267 863
1267 888
1267 1073
1267 1075
1267 1139
1267 1203
1268 1012
1268 1076
1268 1140
1268 1204
1269 1077
1269 1141
1269 1184
1269 1205
1270 791
1270 1078
1270 1142
1270 1206
1271 352
1271 564
1271 628
1271 1079
1271 1143
1271 1207
1272 133
1272 151
1272 1080
1272 1144
1272 1208
1273 379
1273 631
1273 914
1273 1066
1273 1081
1273 1145
1273 1209
1274 42
1274 593
1274 1082
1274 1146
1274 1210
1275 66
1275 337
1275 451
1275 812
1275 1083
1275 1147
1275 1211
1276 687
1276 859
1276 1084
1276 1148
1276 1212
1277 1085
1277 1149
1277 1213
1278 601
1278 611
1278 1086
1278 1150
1278 1214
1279 57
1279 303
1279 1087
1279 1151
1279 1215
