0 64
0 128
0 192
0 300
0 1186
1 65
1 129
1 193
2 66
2 130
2 194
2 323
3 67
3 131
3 195
4 68
4 132
4 196
4 726
4 978
5 15
5 19
5 65
5 69
5 79
5 83
5 133
5 143
5 147
5 197
5 207
5 261
5 262
5 325
5 335
5 390
5 453
5 454
5 518
5 582
5 646
5 655
5 710
5 719
5 774
5 783
5 838
5 847
5 909
5 911
5 1037
5 1039
5 1103
5 1167
5 1231
6 70
6 134
6 198
6 262
6 326
6 390
6 454
6 518
6 582
6 646
6 710
6 774
6 838
7 71
7 135
7 199
7 778
7 1203
8 72
8 136
8 200
9 72
9 73
9 136
9 137
9 200
9 201
9 264
9 328
9 392
9 456
9 517
9 581
9 648
9 712
9 773
9 840
9 904
9 968
9 1032
9 1093
9 1160
9 1224
10 74
10 138
10 155
10 202
11 75
11 139
11 203
12 76
12 140
12 204
12 337
12 1091
13 77
13 141
13 205
14 78
14 142
14 199
14 206
14 714
14 844
15 5
15 19
15 65
15 69
15 77
15 79
15 83
15 133
15 143
15 147
15 197
15 207
15 211
15 261
15 271
15 325
15 335
15 453
15 518
15 591
15 655
15 719
15 776
15 783
15 837
15 847
15 909
15 965
15 973
15 1037
15 1103
15 1167
16 80
16 144
16 208
16 1249
17 81
17 145
17 209
18 82
18 146
18 158
18 210
19 5
19 15
19 65
19 69
19 77
19 79
19 83
19 129
19 133
19 143
19 147
19 193
19 197
19 207
19 211
19 261
19 271
19 325
19 335
19 389
19 453
19 591
19 655
19 719
19 776
19 783
19 837
19 847
19 965
19 973
19 1037
19 1101
20 84
20 148
20 212
20 1074
20 1266
21 85
21 149
21 213
21 556
22 86
22 150
22 214
23 55
23 87
23 151
23 215
23 277
23 293
23 732
24 88
24 152
24 216
25 89
25 153
25 217
25 231
26 90
26 154
26 218
26 362
26 663
26 1082
27 91
27 155
27 219
27 283
27 1062
28 92
28 156
28 220
28 918
29 93
29 157
29 221
30 94
30 158
30 222
30 1107
31 95
31 159
31 223
31 827
31 1057
32 96
32 160
32 224
33 97
33 161
33 225
34 98
34 162
34 226
34 544
35 99
35 103
35 163
35 227
35 865
35 1250
36 100
36 164
36 228
36 891
37 101
37 165
37 229
37 548
37 772
38 102
38 166
38 230
39 41
39 103
39 167
39 231
39 233
39 550
39 813
40 46
40 104
40 168
40 232
40 359
40 489
40 661
41 39
41 105
41 169
41 233
41 550
41 813
42 106
42 163
42 170
42 234
42 494
42 656
42 1143
43 107
43 171
44 108
44 172
44 236
44 972
44 1254
45 109
45 173
45 237
45 1106
45 1152
46 40
46 110
46 174
46 238
46 359
46 489
46 661
47 111
47 175
47 239
48 112
48 176
48 188
48 240
48 496
48 536
48 1194
49 113
49 177
49 241
49 471
49 1258
50 114
50 178
50 242
50 439
51 115
51 179
51 243
52 116
52 180
52 244
53 117
53 181
53 245
53 1255
54 118
54 182
54 246
55 23
55 119
55 183
55 247
55 277
55 293
55 732
56 120
56 184
56 248
56 250
57 121
57 185
57 238
57 249
57 280
58 122
58 186
58 250
58 632
58 890
59 123
59 187
59 192
59 251
59 492
60 124
60 188
60 252
60 372
61 125
61 189
61 212
61 253
61 597
61 725
61 1129
62 126
62 190
62 254
62 607
62 700
62 826
63 127
63 191
63 255
63 302
63 511
63 625
63 767
64 0
64 128
64 192
64 256
64 786
65 1
65 5
65 15
65 19
65 69
65 77
65 79
65 83
65 129
65 133
65 143
65 147
65 193
65 197
65 207
65 211
65 257
65 261
65 271
65 325
65 335
65 389
65 453
65 463
65 591
65 645
65 655
65 709
65 719
65 776
65 781
65 783
65 837
65 845
65 901
65 909
65 973
65 1101
65 1157
65 1165
65 1229
66 2
66 130
66 194
66 258
66 330
67 3
67 91
67 131
67 195
67 259
68 4
68 132
68 196
68 260
68 850
68 1069
69 5
69 15
69 19
69 65
69 79
69 83
69 133
69 143
69 147
69 197
69 207
69 261
69 262
69 325
69 335
69 390
69 453
69 454
69 518
69 582
69 646
69 655
69 710
69 719
69 774
69 783
69 838
69 847
69 902
69 909
69 911
69 1039
69 1103
69 1167
69 1231
70 6
70 134
70 198
70 262
70 326
70 390
70 454
70 518
70 582
70 646
70 710
70 774
70 838
70 902
71 7
71 135
71 195
71 199
71 263
72 8
72 9
72 136
72 200
72 264
72 328
72 392
72 456
72 517
72 581
72 648
72 712
72 773
72 840
72 904
72 968
72 1032
72 1093
72 1160
72 1224
73 9
73 137
73 201
73 265
74 10
74 138
74 202
74 266
75 11
75 139
75 203
75 267
76 12
76 140
76 204
76 268
76 403
77 13
77 15
77 19
77 65
77 83
77 129
77 141
77 147
77 193
77 205
77 211
77 261
77 269
77 271
77 325
77 335
77 389
77 453
77 463
77 591
77 645
77 655
77 709
77 719
77 776
77 781
77 783
77 837
77 845
77 901
77 1157
77 1165
77 1229
78 14
78 142
78 206
78 270
79 5
79 15
79 19
79 65
79 69
79 83
79 133
79 143
79 147
79 197
79 207
79 261
79 262
79 271
79 325
79 335
79 390
79 453
79 454
79 518
79 582
79 646
79 655
79 710
79 719
79 774
79 783
79 838
79 847
79 902
79 909
79 911
79 1039
79 1103
79 1167
79 1231
80 16
80 144
80 208
80 272
80 1270
81 17
81 145
81 209
81 273
82 18
82 146
82 210
82 274
82 870
83 5
83 15
83 19
83 65
83 69
83 77
83 79
83 129
83 133
83 143
83 147
83 193
83 197
83 207
83 211
83 261
83 271
83 275
83 325
83 335
83 389
83 453
83 463
83 591
83 655
83 719
83 776
83 783
83 837
83 845
83 847
83 901
83 909
83 965
83 973
83 1101
83 1157
83 1229
84 20
84 119
84 148
84 212
84 276
84 469
84 681
84 871
84 976
84 999
85 21
85 149
85 213
85 277
85 749
86 22
86 150
86 214
86 278
86 1228
87 23
87 151
87 215
87 279
87 443
87 690
88 24
88 152
88 216
88 280
88 571
88 789
88 951
89 25
89 153
89 217
89 281
89 929
89 1055
89 1182
90 26
90 154
90 218
90 282
90 434
90 1044
91 27
91 67
91 155
91 219
91 283
92 28
92 156
92 220
92 274
92 284
92 801
93 29
93 157
93 221
93 285
93 1181
94 30
94 158
94 222
94 286
94 1217
95 31
95 159
95 223
95 287
95 728
95 872
95 1213
96 32
96 160
96 224
96 288
96 717
97 33
97 161
97 182
97 225
97 289
98 34
98 162
98 226
98 290
98 877
99 35
99 163
99 227
99 291
99 345
99 805
99 1193
100 36
100 164
100 228
100 292
100 1100
101 37
101 165
101 229
101 293
101 470
101 1068
102 38
102 166
102 230
102 294
102 522
102 864
103 35
103 39
103 167
103 231
103 295
103 865
103 1250
104 40
104 168
104 232
104 296
104 640
104 821
104 886
105 41
105 169
105 233
105 297
105 466
105 1197
106 42
106 170
106 176
106 184
106 191
106 234
106 282
106 298
106 600
106 724
106 747
106 944
107 43
107 171
107 235
107 299
107 355
107 919
108 44
108 172
108 236
108 300
108 657
109 45
109 173
109 237
109 301
109 940
110 46
110 174
110 238
110 302
110 316
110 404
110 559
110 1072
110 1210
110 1278
111 47
111 175
111 239
111 303
112 48
112 176
112 240
112 304
112 535
113 49
113 177
113 185
113 241
113 305
113 602
113 1080
113 1131
114 50
114 178
114 242
114 306
114 754
115 51
115 179
115 243
115 307
115 1011
116 52
116 159
116 180
116 244
116 308
116 620
116 883
116 1028
117 53
117 149
117 181
117 245
117 309
118 54
118 182
118 246
118 310
118 1196
119 55
119 84
119 183
119 247
119 311
119 469
119 681
119 871
119 976
119 999
120 56
120 184
120 248
120 251
120 312
120 745
120 927
120 1241
121 57
121 185
121 249
121 313
121 426
121 660
121 889
121 1022
121 1136
122 58
122 186
122 250
122 314
122 400
122 409
123 59
123 187
123 251
123 315
123 937
124 60
124 188
124 252
124 316
124 343
124 828
124 1020
125 61
125 189
125 253
125 317
125 340
125 984
125 1273
126 62
126 190
126 254
126 318
126 1145
127 63
127 191
127 255
127 319
127 751
127 760
128 0
128 64
128 150
128 192
128 256
128 320
128 1164
129 1
129 19
129 65
129 77
129 83
129 147
129 193
129 211
129 257
129 271
129 321
129 325
129 335
129 389
129 453
129 463
129 591
129 645
129 655
129 709
129 719
129 776
129 781
129 837
129 845
129 901
129 965
129 973
129 1029
129 1157
129 1165
129 1229
130 2
130 66
130 194
130 258
130 322
131 3
131 67
131 195
131 259
131 323
132 4
132 68
132 196
132 260
132 324
132 854
133 5
133 15
133 19
133 65
133 69
133 79
133 83
133 143
133 147
133 197
133 207
133 261
133 262
133 325
133 335
133 390
133 453
133 454
133 518
133 582
133 646
133 655
133 710
133 719
133 774
133 783
133 838
133 847
133 902
133 909
133 911
133 965
133 966
133 973
133 975
133 1039
133 1103
133 1167
133 1231
134 6
134 70
134 198
134 262
134 326
134 390
134 454
134 518
134 582
134 646
134 710
134 774
134 838
134 902
134 966
134 975
135 7
135 71
135 199
135 263
135 327
136 8
136 9
136 72
136 200
136 264
136 328
136 392
136 456
136 517
136 581
136 648
136 712
136 773
136 840
136 904
136 968
136 1032
136 1093
136 1160
136 1224
137 9
137 73
137 201
137 265
137 329
138 10
138 74
138 155
138 202
138 266
138 330
139 11
139 75
139 203
139 267
139 331
140 12
140 76
140 204
140 268
140 332
140 1035
141 13
141 77
141 205
141 269
141 333
142 14
142 78
142 206
142 270
142 334
143 5
143 15
143 19
143 65
143 69
143 79
143 83
143 133
143 147
143 197
143 207
143 261
143 262
143 271
143 325
143 335
143 390
143 453
143 454
143 518
143 582
143 646
143 655
143 710
143 719
143 774
143 783
143 838
143 847
143 902
143 909
143 911
143 965
143 966
143 973
143 975
143 1037
143 1039
143 1103
143 1167
143 1231
144 16
144 80
144 208
144 272
144 336
144 567
145 17
145 81
145 209
145 273
145 337
146 18
146 82
146 210
146 274
146 338
147 5
147 15
147 19
147 65
147 69
147 77
147 79
147 83
147 129
147 133
147 143
147 193
147 197
147 207
147 211
147 261
147 271
147 275
147 325
147 335
147 339
147 389
147 453
147 591
147 655
147 719
147 776
147 783
147 837
147 847
147 901
147 909
147 911
147 965
147 973
147 1037
147 1101
148 20
148 84
148 212
148 234
148 276
148 340
148 884
149 21
149 85
149 117
149 213
149 277
149 341
150 22
150 86
150 128
150 214
150 278
150 342
150 1164
151 23
151 87
151 215
151 279
151 343
151 356
151 537
151 920
151 1010
152 24
152 88
152 215
152 216
152 280
152 344
152 407
152 793
152 1192
153 25
153 89
153 217
153 281
153 345
153 694
153 857
154 26
154 90
154 218
154 253
154 282
154 309
154 346
154 618
154 1240
155 10
155 27
155 91
155 138
155 219
155 283
155 347
156 28
156 92
156 220
156 284
156 306
156 348
157 29
157 93
157 221
157 285
157 349
158 18
158 30
158 94
158 222
158 286
158 350
159 31
159 95
159 116
159 223
159 287
159 351
159 620
159 883
159 1028
160 32
160 96
160 224
160 288
160 352
161 33
161 97
161 225
161 289
161 353
161 1174
162 34
162 98
162 226
162 242
162 290
162 354
162 452
163 35
163 42
163 99
163 227
163 291
163 355
163 494
163 656
163 1143
164 36
164 100
164 228
164 292
164 356
164 932
165 37
165 101
165 220
165 229
165 293
165 357
165 1173
165 1202
165 1256
166 38
166 102
166 230
166 294
166 358
166 787
167 39
167 103
167 231
167 295
167 359
167 566
167 790
168 40
168 104
168 232
168 235
168 296
168 360
168 686
169 41
169 105
169 233
169 297
169 361
169 718
170 42
170 106
170 234
170 298
170 312
170 362
170 679
170 946
171 43
171 107
171 235
171 299
171 363
171 687
171 1208
172 44
172 108
172 236
172 300
172 364
172 539
173 45
173 109
173 237
173 301
173 365
173 406
174 46
174 110
174 238
174 302
174 366
174 549
174 867
174 875
174 916
175 47
175 111
175 239
175 303
175 367
175 503
175 980
176 48
176 106
176 112
176 184
176 191
176 240
176 282
176 304
176 368
176 600
176 724
176 747
176 944
177 49
177 113
177 241
177 305
177 369
178 50
178 114
178 242
178 306
178 351
178 370
179 51
179 115
179 243
179 307
179 371
180 52
180 116
180 244
180 308
180 372
181 53
181 117
181 245
181 297
181 309
181 373
181 479
181 674
182 54
182 97
182 118
182 246
182 310
182 374
183 55
183 119
183 247
183 311
183 375
183 1206
184 56
184 106
184 120
184 176
184 191
184 248
184 282
184 312
184 376
184 600
184 724
184 747
184 944
185 57
185 113
185 121
185 249
185 313
185 377
185 602
185 1080
185 1131
186 58
186 122
186 250
186 314
186 363
186 378
186 1130
186 1150
187 59
187 123
187 251
187 315
187 379
188 48
188 60
188 124
188 252
188 316
188 380
188 496
188 536
188 1194
189 61
189 125
189 227
189 253
189 317
189 381
189 759
189 1050
190 62
190 126
190 254
190 318
190 360
190 369
190 382
191 63
191 106
191 127
191 176
191 184
191 255
191 282
191 319
191 383
191 600
191 724
191 747
191 944
192 0
192 59
192 64
192 128
192 256
192 320
192 384
192 492
193 1
193 19
193 65
193 77
193 83
193 129
193 147
193 211
193 257
193 261
193 271
193 321
193 325
193 335
193 385
193 389
193 453
193 463
193 591
193 645
193 655
193 709
193 719
193 776
193 781
193 837
193 845
193 901
193 965
193 973
193 1029
193 1157
193 1165
193 1229
194 2
194 66
194 130
194 258
194 322
194 386
195 3
195 67
195 71
195 131
195 259
195 323
195 387
196 4
196 68
196 132
196 260
196 324
196 388
196 1185
197 5
197 15
197 19
197 65
197 69
197 79
197 83
197 133
197 143
197 147
197 207
197 261
197 262
197 325
197 335
197 389
197 390
197 453
197 454
197 518
197 582
197 646
197 655
197 710
197 719
197 774
197 783
197 838
197 847
197 902
197 909
197 911
197 965
197 966
197 973
197 975
197 1030
197 1037
197 1039
197 1103
197 1167
197 1231
198 6
198 70
198 134
198 262
198 326
198 390
198 454
198 518
198 582
198 646
198 710
198 774
198 838
198 902
198 911
198 966
198 975
198 1030
198 1094
198 1222
199 7
199 14
199 71
199 135
199 263
199 327
199 391
199 714
199 844
200 8
200 9
200 72
200 136
200 264
200 328
200 392
200 456
200 517
200 581
200 648
200 712
200 773
200 840
200 904
200 968
200 1032
200 1093
200 1160
200 1224
201 9
201 73
201 137
201 265
201 329
201 393
202 10
202 74
202 138
202 266
202 330
202 394
203 11
203 75
203 139
203 267
203 331
203 395
204 12
204 76
204 140
204 268
204 332
204 396
205 13
205 77
205 141
205 269
205 333
205 397
205 463
205 520
205 584
205 645
205 709
205 781
205 845
205 1029
205 1090
205 1096
205 1218
205 1221
206 14
206 78
206 142
206 270
206 334
206 385
206 398
207 5
207 15
207 19
207 65
207 69
207 79
207 83
207 133
207 143
207 147
207 197
207 211
207 261
207 271
207 325
207 335
207 390
207 399
207 453
207 454
207 518
207 582
207 655
207 710
207 719
207 774
207 783
207 838
207 847
207 902
207 909
207 911
207 965
207 966
207 973
207 975
207 1030
207 1037
207 1039
207 1103
207 1167
207 1231
208 16
208 80
208 144
208 272
208 336
208 400
208 609
208 1001
209 17
209 81
209 145
209 273
209 337
209 401
210 18
210 82
210 146
210 274
210 338
210 402
210 1223
211 15
211 19
211 65
211 77
211 83
211 129
211 147
211 193
211 207
211 261
211 271
211 275
211 325
211 335
211 339
211 389
211 403
211 453
211 463
211 591
211 645
211 655
211 709
211 719
211 776
211 781
211 783
211 837
211 845
211 901
211 909
211 965
211 973
211 1029
211 1037
211 1101
211 1157
211 1165
211 1229
212 20
212 61
212 84
212 148
212 276
212 340
212 404
212 597
212 725
212 1129
213 21
213 85
213 149
213 277
213 341
213 405
213 516
214 22
214 86
214 150
214 278
214 338
214 342
214 406
215 23
215 87
215 151
215 152
215 279
215 343
215 407
215 793
215 1192
216 24
216 88
216 152
216 280
216 344
216 408
216 546
217 25
217 89
217 153
217 281
217 290
217 303
217 345
217 409
217 820
217 1104
218 26
218 90
218 154
218 282
218 346
218 410
218 418
218 1138
219 27
219 91
219 155
219 283
219 347
219 386
219 411
220 28
220 92
220 156
220 165
220 284
220 348
220 412
220 1173
220 1202
220 1256
221 29
221 93
221 157
221 285
221 349
221 413
221 465
221 1155
222 30
222 94
222 158
222 286
222 350
222 414
222 460
223 31
223 95
223 159
223 287
223 351
223 415
223 893
223 1064
224 32
224 96
224 160
224 288
224 352
224 416
225 33
225 97
225 161
225 289
225 353
225 417
225 733
226 34
226 98
226 162
226 290
226 354
226 418
227 35
227 99
227 163
227 189
227 291
227 355
227 419
227 759
227 1050
228 36
228 100
228 164
228 292
228 356
228 420
229 37
229 101
229 165
229 293
229 357
229 421
230 38
230 102
230 166
230 294
230 358
230 422
230 1046
231 25
231 39
231 103
231 167
231 295
231 359
231 423
232 40
232 104
232 168
232 296
232 360
232 424
232 448
233 39
233 41
233 105
233 169
233 297
233 361
233 425
233 550
233 813
234 42
234 106
234 148
234 170
234 298
234 362
234 426
234 884
235 107
235 168
235 171
235 299
235 363
235 427
235 686
236 44
236 108
236 172
236 300
236 364
236 428
237 45
237 109
237 173
237 301
237 365
237 429
238 46
238 57
238 110
238 174
238 280
238 302
238 366
238 430
239 47
239 111
239 175
239 303
239 367
239 431
239 512
240 48
240 112
240 176
240 304
240 368
240 432
240 498
241 49
241 113
241 177
241 304
241 305
241 369
241 380
241 762
241 1006
241 1087
242 50
242 114
242 162
242 178
242 306
242 370
242 434
242 452
243 51
243 115
243 179
243 307
243 371
243 435
244 52
244 116
244 180
244 308
244 372
244 436
244 468
244 692
244 1008
244 1070
245 53
245 117
245 181
245 309
245 373
245 419
245 437
245 665
246 54
246 118
246 182
246 310
246 374
246 438
247 55
247 119
247 183
247 311
247 375
247 439
247 670
248 56
248 120
248 184
248 312
248 346
248 376
248 440
248 756
249 57
249 121
249 185
249 313
249 377
249 441
249 488
249 746
249 766
249 888
249 894
249 1151
250 56
250 58
250 122
250 186
250 314
250 378
250 442
251 59
251 120
251 123
251 187
251 315
251 379
251 443
251 745
251 927
251 1241
252 60
252 124
252 188
252 311
252 316
252 380
252 444
252 825
252 878
252 1259
253 61
253 125
253 154
253 189
253 309
253 317
253 381
253 445
253 618
253 1240
254 62
254 126
254 190
254 318
254 382
254 446
254 953
255 63
255 127
255 191
255 319
255 366
255 383
255 447
255 1018
255 1066
255 1084
256 64
256 128
256 192
256 320
256 384
256 448
256 1121
256 1216
257 65
257 129
257 193
257 321
257 385
257 449
257 962
258 66
258 130
258 194
258 322
258 386
258 450
258 1159
259 67
259 131
259 195
259 323
259 387
259 451
260 68
260 132
260 196
260 324
260 388
260 452
261 5
261 15
261 19
261 65
261 69
261 77
261 79
261 83
261 133
261 143
261 147
261 193
261 197
261 207
261 211
261 271
261 325
261 335
261 389
261 453
261 591
261 655
261 719
261 776
261 783
261 837
261 847
261 901
261 909
261 911
261 965
261 973
261 975
261 1037
261 1039
261 1101
261 1103
262 5
262 6
262 69
262 70
262 79
262 133
262 134
262 143
262 197
262 198
262 326
262 390
262 454
262 518
262 582
262 646
262 710
262 774
262 838
262 847
262 902
262 911
262 966
262 975
262 1030
262 1039
262 1094
262 1103
262 1158
262 1222
263 71
263 135
263 199
263 327
263 391
263 396
263 455
264 9
264 72
264 136
264 200
264 328
264 392
264 456
264 517
264 581
264 648
264 712
264 773
264 840
264 904
264 968
264 1032
264 1093
264 1160
264 1224
265 73
265 137
265 201
265 329
265 393
265 457
266 74
266 138
266 202
266 330
266 394
266 458
266 777
266 926
266 974
266 1219
266 1246
267 75
267 139
267 203
267 331
267 395
267 459
268 76
268 140
268 204
268 332
268 396
268 460
269 77
269 141
269 205
269 333
269 397
269 461
270 78
270 142
270 206
270 334
270 398
270 462
271 15
271 19
271 65
271 77
271 79
271 83
271 129
271 143
271 147
271 193
271 207
271 211
271 261
271 325
271 335
271 389
271 399
271 453
271 463
271 591
271 645
271 655
271 709
271 719
271 776
271 781
271 783
271 837
271 845
271 901
271 965
271 973
271 1029
271 1037
271 1101
271 1157
271 1165
271 1229
272 80
272 144
272 208
272 336
272 400
272 464
272 792
272 1108
272 1199
273 81
273 145
273 209
273 337
273 401
273 465
273 775
274 82
274 92
274 146
274 210
274 338
274 402
274 466
274 801
275 83
275 147
275 211
275 339
275 403
275 467
275 961
276 84
276 148
276 212
276 340
276 404
276 468
276 592
276 628
276 753
277 23
277 55
277 85
277 149
277 213
277 293
277 341
277 405
277 469
277 732
278 86
278 150
278 214
278 342
278 406
278 470
279 87
279 151
279 215
279 343
279 381
279 407
279 471
279 495
279 917
279 1277
280 57
280 88
280 152
280 216
280 238
280 344
280 408
280 472
281 89
281 153
281 217
281 345
281 367
281 368
281 409
281 473
281 1123
281 1137
282 90
282 106
282 154
282 176
282 184
282 191
282 218
282 346
282 410
282 474
282 600
282 724
282 747
282 944
283 27
283 91
283 155
283 219
283 347
283 411
283 475
283 1062
284 92
284 156
284 220
284 348
284 412
284 476
285 93
285 157
285 221
285 349
285 413
285 477
285 486
285 642
285 1056
286 94
286 158
286 222
286 350
286 414
286 478
287 95
287 159
287 223
287 296
287 351
287 415
287 437
287 479
288 96
288 160
288 224
288 352
288 416
288 480
289 97
289 161
289 225
289 353
289 417
289 481
289 848
289 1253
290 98
290 162
290 217
290 226
290 303
290 354
290 418
290 482
290 820
290 1104
291 99
291 163
291 227
291 355
291 419
291 483
291 727
291 881
291 938
292 100
292 164
292 228
292 356
292 420
292 484
293 23
293 55
293 101
293 165
293 229
293 277
293 357
293 421
293 485
293 732
294 102
294 166
294 230
294 358
294 422
294 486
295 103
295 167
295 231
295 359
295 423
295 473
295 487
295 543
295 738
295 882
295 948
295 1127
296 104
296 168
296 232
296 287
296 360
296 424
296 437
296 488
297 105
297 169
297 181
297 233
297 361
297 425
297 479
297 489
297 674
298 106
298 170
298 234
298 362
298 426
298 474
298 490
299 107
299 171
299 235
299 363
299 427
299 816
300 0
300 108
300 172
300 236
300 364
300 428
300 492
300 1186
301 109
301 173
301 237
301 365
301 429
301 493
301 507
301 757
301 832
301 1042
301 1076
302 63
302 110
302 174
302 238
302 366
302 430
302 494
302 511
302 625
302 767
303 111
303 175
303 217
303 239
303 290
303 367
303 431
303 495
303 820
303 1104
304 112
304 176
304 240
304 241
304 368
304 380
304 432
304 496
304 762
304 1006
304 1087
305 113
305 177
305 241
305 369
305 433
305 497
305 852
306 114
306 156
306 178
306 242
306 370
306 434
306 498
307 115
307 179
307 243
307 371
307 435
307 499
308 116
308 180
308 244
308 372
308 436
308 500
308 695
308 924
309 117
309 154
309 181
309 245
309 253
309 373
309 437
309 501
309 618
309 1240
310 118
310 182
310 246
310 374
310 438
310 502
311 119
311 183
311 247
311 252
311 375
311 439
311 503
311 825
311 878
311 1259
312 120
312 170
312 184
312 248
312 376
312 440
312 504
312 679
312 946
313 121
313 185
313 249
313 377
313 440
313 441
313 505
313 983
314 122
314 186
314 250
314 378
314 442
314 506
315 123
315 187
315 251
315 379
315 443
315 507
315 1237
316 110
316 124
316 188
316 252
316 380
316 404
316 444
316 508
316 559
316 1072
316 1210
316 1278
317 125
317 189
317 253
317 381
317 445
317 509
317 791
317 885
318 126
318 190
318 254
318 375
318 382
318 446
318 532
318 568
318 1195
319 127
319 191
319 255
319 383
319 410
319 430
319 444
319 447
319 511
319 957
320 128
320 192
320 256
320 384
320 448
320 512
320 1188
321 129
321 193
321 257
321 385
321 449
321 513
322 130
322 194
322 258
322 386
322 450
322 514
323 2
323 131
323 195
323 259
323 387
323 451
323 515
324 132
324 196
324 260
324 388
324 452
324 476
324 516
324 530
324 598
324 860
324 1058
325 5
325 15
325 19
325 65
325 69
325 77
325 79
325 83
325 129
325 133
325 143
325 147
325 193
325 197
325 207
325 211
325 261
325 271
325 335
325 389
325 453
325 517
325 591
325 655
325 719
325 776
325 783
325 837
325 847
325 901
325 909
325 911
325 965
325 973
325 975
325 1037
325 1039
325 1101
325 1103
325 1157
325 1165
325 1167
326 6
326 70
326 134
326 198
326 262
326 390
326 454
326 518
326 582
326 646
326 710
326 774
326 838
326 902
326 911
326 966
326 975
326 1030
326 1094
326 1158
326 1222
327 135
327 199
327 263
327 391
327 455
327 519
327 1102
328 9
328 72
328 136
328 200
328 264
328 392
328 456
328 517
328 520
328 581
328 648
328 712
328 773
328 840
328 904
328 968
328 1032
328 1093
328 1160
328 1224
329 137
329 201
329 265
329 393
329 457
329 521
329 1043
330 66
330 138
330 202
330 266
330 394
330 458
330 522
331 139
331 203
331 267
331 395
331 459
331 523
332 140
332 204
332 268
332 396
332 460
332 524
332 684
333 141
333 205
333 269
333 397
333 461
333 525
334 142
334 206
334 270
334 398
334 462
334 526
335 5
335 15
335 19
335 65
335 69
335 77
335 79
335 83
335 129
335 133
335 143
335 147
335 193
335 197
335 207
335 211
335 261
335 271
335 325
335 389
335 399
335 453
335 463
335 527
335 591
335 655
335 719
335 776
335 783
335 837
335 847
335 901
335 909
335 911
335 965
335 973
335 1037
335 1039
335 1101
335 1103
335 1157
335 1165
335 1167
336 144
336 208
336 272
336 400
336 464
336 528
337 12
337 145
337 209
337 273
337 401
337 465
337 529
337 1091
338 146
338 210
338 214
338 274
338 402
338 466
338 530
339 147
339 211
339 275
339 403
339 467
339 531
340 125
340 148
340 212
340 276
340 404
340 468
340 532
340 984
340 1273
341 149
341 213
341 277
341 405
341 417
341 469
341 533
341 676
342 150
342 214
342 278
342 406
342 470
342 534
342 908
343 124
343 151
343 215
343 279
343 407
343 471
343 535
343 828
343 1020
344 152
344 216
344 280
344 408
344 472
344 536
344 596
344 856
344 1201
345 99
345 153
345 217
345 281
345 409
345 473
345 537
345 805
345 1193
346 154
346 218
346 248
346 282
346 410
346 474
346 538
346 756
347 155
347 219
347 283
347 411
347 475
347 539
348 156
348 220
348 284
348 388
348 412
348 476
348 540
348 699
348 873
348 1063
349 157
349 221
349 285
349 413
349 477
349 541
350 158
350 222
350 286
350 414
350 478
350 519
350 542
350 1117
351 159
351 178
351 223
351 287
351 415
351 479
351 543
352 160
352 224
352 288
352 416
352 480
352 544
352 593
353 161
353 225
353 289
353 370
353 417
353 481
353 545
354 162
354 226
354 290
354 418
354 482
354 546
354 630
354 680
355 107
355 163
355 227
355 291
355 419
355 483
355 547
355 919
356 151
356 164
356 228
356 292
356 420
356 484
356 537
356 548
356 920
356 1010
357 165
357 229
357 293
357 421
357 485
357 549
358 166
358 230
358 294
358 422
358 486
358 550
358 669
358 1230
359 40
359 46
359 167
359 231
359 295
359 423
359 487
359 489
359 551
359 661
360 168
360 190
360 232
360 296
360 369
360 424
360 488
360 552
361 169
361 233
361 297
361 425
361 489
361 553
361 997
361 1088
362 26
362 170
362 234
362 298
362 426
362 490
362 554
362 663
362 1082
363 171
363 186
363 235
363 299
363 427
363 491
363 555
363 1130
363 1150
364 172
364 236
364 300
364 428
364 492
364 556
364 996
365 173
365 237
365 301
365 429
365 493
365 557
365 673
365 868
365 960
366 174
366 238
366 255
366 302
366 430
366 494
366 558
366 1018
366 1066
366 1084
367 175
367 239
367 281
367 303
367 368
367 431
367 495
367 559
367 1123
367 1137
368 176
368 240
368 281
368 304
368 367
368 432
368 496
368 560
368 1123
368 1137
369 177
369 190
369 241
369 305
369 360
369 433
369 497
369 561
370 178
370 242
370 306
370 353
370 434
370 498
370 562
371 179
371 243
371 307
371 435
371 499
371 563
372 60
372 180
372 244
372 308
372 436
372 500
372 564
373 181
373 245
373 309
373 420
373 437
373 501
373 565
373 735
374 182
374 246
374 310
374 438
374 502
374 566
374 677
374 693
374 1079
374 1191
375 183
375 247
375 311
375 318
375 439
375 503
375 532
375 567
375 568
375 1195
376 184
376 248
376 312
376 440
376 504
376 508
376 568
377 185
377 249
377 313
377 441
377 505
377 569
377 634
377 1272
378 186
378 250
378 314
378 442
378 506
378 637
378 1279
379 187
379 251
379 315
379 443
379 507
379 571
380 188
380 241
380 252
380 304
380 316
380 444
380 508
380 572
380 762
380 1006
380 1087
381 189
381 253
381 279
381 317
381 445
381 495
381 509
381 573
381 917
381 1277
382 190
382 254
382 318
382 446
382 510
382 1012
383 191
383 255
383 319
383 447
383 511
383 555
383 575
383 696
384 192
384 256
384 320
384 448
384 512
384 576
384 796
384 1045
384 1268
385 193
385 206
385 257
385 321
385 449
385 513
385 577
386 194
386 219
386 258
386 322
386 450
386 514
386 578
387 195
387 259
387 323
387 451
387 515
387 579
387 1099
388 196
388 260
388 324
388 348
388 452
388 516
388 580
388 699
388 873
388 1063
389 19
389 65
389 77
389 83
389 129
389 147
389 193
389 197
389 211
389 261
389 271
389 325
389 335
389 453
389 463
389 517
389 581
389 591
389 645
389 655
389 709
389 719
389 776
389 781
389 837
389 845
389 901
389 965
389 973
389 1029
389 1037
389 1101
389 1154
389 1157
389 1165
389 1218
389 1229
390 5
390 6
390 69
390 70
390 79
390 133
390 134
390 143
390 197
390 198
390 207
390 262
390 326
390 454
390 518
390 582
390 646
390 710
390 774
390 838
390 847
390 902
390 909
390 911
390 966
390 975
390 1030
390 1039
390 1094
390 1103
390 1158
390 1167
390 1222
390 1231
391 199
391 263
391 327
391 455
391 519
391 583
391 621
392 9
392 72
392 136
392 200
392 264
392 328
392 456
392 517
392 520
392 581
392 584
392 648
392 712
392 773
392 840
392 904
392 968
392 1032
392 1093
392 1160
392 1224
393 201
393 265
393 329
393 457
393 521
393 585
393 769
394 202
394 266
394 330
394 458
394 522
394 586
395 203
395 267
395 331
395 459
395 523
395 587
396 204
396 263
396 268
396 332
396 455
396 460
396 524
396 588
397 205
397 269
397 333
397 461
397 525
397 589
398 206
398 270
398 334
398 462
398 526
398 590
398 672
399 207
399 271
399 335
399 463
399 527
399 591
400 122
400 208
400 272
400 336
400 409
400 464
400 528
400 592
401 209
401 273
401 337
401 465
401 529
401 593
402 210
402 274
402 338
402 466
402 530
402 594
403 76
403 211
403 275
403 339
403 467
403 531
403 595
404 110
404 212
404 276
404 316
404 340
404 468
404 532
404 559
404 596
404 1072
404 1210
404 1278
405 213
405 277
405 341
405 469
405 533
405 597
406 173
406 214
406 278
406 342
406 470
406 534
406 598
407 152
407 215
407 279
407 343
407 471
407 535
407 599
407 793
407 1192
408 216
408 280
408 344
408 472
408 506
408 536
408 600
408 611
409 122
409 217
409 281
409 345
409 400
409 473
409 537
409 601
410 218
410 282
410 319
410 346
410 430
410 444
410 474
410 538
410 602
410 957
411 219
411 283
411 347
411 435
411 475
411 524
411 539
411 603
412 220
412 284
412 348
412 476
412 540
412 604
413 221
413 285
413 349
413 477
413 541
413 605
413 812
413 900
414 222
414 286
414 350
414 478
414 542
414 606
415 223
415 287
415 351
415 479
415 543
415 607
415 991
416 224
416 288
416 352
416 480
416 544
416 608
416 969
417 225
417 289
417 341
417 353
417 481
417 545
417 609
417 676
418 218
418 226
418 290
418 354
418 482
418 546
418 610
418 1138
419 227
419 245
419 291
419 355
419 483
419 547
419 611
419 665
420 228
420 292
420 356
420 373
420 484
420 548
420 612
420 735
421 229
421 293
421 357
421 485
421 549
421 613
422 230
422 294
422 358
422 486
422 550
422 614
423 231
423 295
423 359
423 487
423 551
423 615
423 855
423 933
423 1114
424 232
424 296
424 360
424 488
424 552
424 616
424 880
424 958
425 233
425 297
425 361
425 489
425 553
425 617
426 121
426 234
426 298
426 362
426 490
426 554
426 618
426 660
426 889
426 1022
426 1136
427 235
427 299
427 363
427 491
427 555
427 765
427 945
428 236
428 300
428 364
428 492
428 556
428 620
428 822
428 1052
429 237
429 301
429 365
429 493
429 557
429 621
430 238
430 302
430 319
430 366
430 410
430 444
430 494
430 558
430 957
431 239
431 303
431 367
431 495
431 512
431 559
431 623
432 240
432 304
432 368
432 496
432 560
432 624
432 1144
432 1149
433 305
433 369
433 497
433 561
433 599
433 625
434 90
434 242
434 306
434 370
434 498
434 562
434 626
434 1044
435 243
435 307
435 371
435 411
435 499
435 524
435 563
435 627
436 244
436 308
436 372
436 500
436 564
436 628
436 763
436 863
436 1247
437 245
437 287
437 296
437 309
437 373
437 501
437 565
437 629
438 246
438 310
438 374
438 502
438 566
438 630
439 50
439 247
439 311
439 375
439 503
439 567
439 631
440 248
440 312
440 313
440 376
440 504
440 568
440 632
440 983
441 249
441 313
441 377
441 505
441 569
441 688
442 250
442 314
442 378
442 506
442 634
443 87
443 251
443 315
443 379
443 507
443 571
443 635
443 690
444 252
444 316
444 319
444 380
444 410
444 430
444 508
444 572
444 957
445 253
445 317
445 381
445 509
445 573
445 1209
446 254
446 318
446 382
446 510
446 547
446 574
446 638
446 730
446 807
446 1119
447 255
447 319
447 383
447 511
447 575
448 232
448 256
448 320
448 384
448 512
448 576
448 640
449 257
449 321
449 385
449 513
449 577
449 641
450 258
450 322
450 386
450 514
450 578
450 642
451 259
451 323
451 387
451 515
451 579
451 643
451 713
452 162
452 242
452 260
452 324
452 388
452 516
452 580
452 644
453 5
453 15
453 19
453 65
453 69
453 77
453 79
453 83
453 129
453 133
453 143
453 147
453 193
453 197
453 207
453 211
453 261
453 271
453 325
453 335
453 389
453 463
453 517
453 581
453 591
453 645
453 655
453 719
453 776
453 783
453 837
453 845
453 847
453 901
453 909
453 965
453 973
453 1029
453 1037
453 1039
453 1101
453 1103
453 1154
453 1157
453 1165
453 1167
453 1229
454 5
454 6
454 69
454 70
454 79
454 133
454 134
454 143
454 197
454 198
454 207
454 262
454 326
454 390
454 518
454 582
454 646
454 710
454 774
454 838
454 847
454 902
454 909
454 911
454 966
454 975
454 1030
454 1039
454 1094
454 1103
454 1158
454 1167
454 1222
454 1231
455 263
455 327
455 391
455 396
455 519
455 583
455 647
456 9
456 72
456 136
456 200
456 264
456 328
456 392
456 517
456 520
456 581
456 584
456 648
456 712
456 773
456 840
456 904
456 968
456 1032
456 1093
456 1160
456 1224
457 265
457 329
457 393
457 521
457 585
457 649
458 266
458 330
458 394
458 522
458 586
458 650
458 1227
459 267
459 331
459 395
459 523
459 587
459 651
460 222
460 268
460 332
460 396
460 524
460 588
460 652
461 269
461 333
461 397
461 525
461 589
461 653
462 270
462 334
462 398
462 526
462 590
462 654
463 65
463 77
463 83
463 129
463 193
463 205
463 211
463 271
463 335
463 389
463 399
463 453
463 527
463 591
463 645
463 655
463 709
463 719
463 776
463 781
463 837
463 845
463 901
463 1029
463 1090
463 1096
463 1101
463 1154
463 1157
463 1165
463 1218
463 1229
464 272
464 336
464 400
464 528
464 592
464 656
465 221
465 273
465 337
465 401
465 529
465 593
465 657
465 1155
466 105
466 274
466 338
466 402
466 530
466 594
466 658
466 1197
467 275
467 339
467 403
467 531
467 595
467 659
468 244
468 276
468 340
468 404
468 532
468 596
468 660
468 692
468 1008
468 1070
469 84
469 119
469 277
469 341
469 405
469 533
469 597
469 661
469 681
469 871
469 976
469 999
470 101
470 278
470 342
470 406
470 534
470 598
470 662
470 1068
471 49
471 279
471 343
471 407
471 535
471 599
471 663
471 1258
472 280
472 344
472 408
472 536
472 600
472 664
472 683
472 1000
472 1002
473 281
473 295
473 345
473 409
473 537
473 543
473 601
473 665
473 738
473 882
473 948
473 1127
474 282
474 298
474 346
474 410
474 538
474 602
474 666
475 283
475 347
475 411
475 539
475 603
475 667
475 770
476 284
476 324
476 348
476 412
476 530
476 540
476 598
476 604
476 668
476 860
476 1058
477 285
477 349
477 413
477 541
477 605
477 669
478 286
478 350
478 414
478 542
478 606
478 670
478 1260
479 181
479 287
479 297
479 351
479 415
479 543
479 607
479 671
479 674
480 288
480 352
480 416
480 544
480 608
480 672
481 289
481 353
481 417
481 545
481 609
481 673
481 1177
481 1180
482 290
482 354
482 418
482 546
482 610
482 674
483 291
483 355
483 419
483 547
483 611
483 675
484 292
484 356
484 420
484 548
484 612
484 676
485 293
485 357
485 421
485 549
485 613
485 677
485 1061
485 1109
486 285
486 294
486 358
486 422
486 550
486 614
486 642
486 678
486 1056
487 295
487 359
487 423
487 551
487 615
487 671
487 679
488 249
488 296
488 360
488 424
488 552
488 616
488 680
488 746
488 766
488 888
488 894
488 1151
489 40
489 46
489 297
489 359
489 361
489 425
489 553
489 617
489 661
489 681
490 298
490 362
490 426
490 504
490 554
490 618
490 682
490 943
490 1112
491 363
491 427
491 555
492 59
492 192
492 300
492 364
492 428
492 556
492 620
492 684
493 301
493 365
493 429
493 557
493 621
493 685
494 42
494 163
494 302
494 366
494 430
494 558
494 622
494 656
494 686
494 1143
495 279
495 303
495 367
495 381
495 431
495 559
495 623
495 687
495 917
495 1277
496 48
496 188
496 304
496 368
496 432
496 536
496 560
496 624
496 688
496 1194
497 305
497 369
497 433
497 561
497 625
498 240
498 306
498 370
498 434
498 562
498 626
498 690
499 307
499 371
499 435
499 563
499 627
499 691
500 308
500 372
500 436
500 552
500 564
500 628
500 692
500 931
500 1140
501 309
501 373
501 437
501 565
501 629
501 693
502 310
502 374
502 438
502 566
502 630
502 694
502 780
503 175
503 311
503 375
503 439
503 567
503 631
503 695
503 980
504 312
504 376
504 440
504 490
504 568
504 632
504 696
504 943
504 1112
505 313
505 377
505 441
505 569
505 633
505 697
505 895
506 314
506 378
506 408
506 442
506 570
506 611
506 634
506 698
507 301
507 315
507 379
507 443
507 571
507 635
507 699
507 757
507 832
507 1042
507 1076
508 316
508 376
508 380
508 444
508 572
508 636
508 700
509 317
509 381
509 445
509 573
509 637
509 701
509 879
510 382
510 446
510 574
510 638
511 63
511 302
511 319
511 383
511 447
511 575
511 625
511 639
511 703
511 767
512 239
512 320
512 384
512 431
512 448
512 576
512 640
512 704
513 321
513 385
513 449
513 577
513 641
513 705
514 322
514 386
514 450
514 578
514 642
514 706
515 323
515 387
515 451
515 579
515 643
515 707
516 213
516 324
516 388
516 452
516 580
516 644
516 708
517 9
517 72
517 136
517 200
517 264
517 325
517 328
517 389
517 392
517 453
517 456
517 581
517 645
517 648
517 709
517 712
517 773
517 840
517 904
517 968
517 1032
517 1093
517 1160
517 1224
518 5
518 6
518 15
518 69
518 70
518 79
518 133
518 134
518 143
518 197
518 198
518 207
518 262
518 326
518 390
518 454
518 582
518 646
518 710
518 774
518 783
518 838
518 847
518 902
518 909
518 911
518 966
518 975
518 1030
518 1039
518 1094
518 1103
518 1158
518 1167
518 1222
518 1231
519 327
519 350
519 391
519 455
519 583
519 647
519 711
519 1117
520 205
520 328
520 392
520 456
520 584
520 645
520 648
520 709
520 712
520 781
520 1090
520 1096
520 1154
520 1218
520 1221
521 329
521 393
521 457
521 585
521 649
521 713
522 102
522 330
522 394
522 458
522 586
522 650
522 714
522 864
523 331
523 395
523 459
523 587
523 651
523 715
524 332
524 396
524 411
524 435
524 460
524 588
524 652
524 716
525 333
525 397
525 461
525 589
525 653
525 717
526 334
526 398
526 462
526 590
526 654
526 718
526 1041
527 335
527 399
527 463
527 591
527 655
527 719
528 336
528 400
528 464
528 533
528 592
528 656
528 720
528 741
528 784
528 1134
529 337
529 401
529 465
529 593
529 657
529 721
529 1243
530 324
530 338
530 402
530 466
530 476
530 594
530 598
530 658
530 722
530 860
530 1058
531 339
531 403
531 467
531 595
531 659
531 723
531 907
532 318
532 340
532 375
532 404
532 468
532 568
532 596
532 660
532 724
532 1195
533 341
533 405
533 469
533 528
533 597
533 661
533 725
533 741
533 784
533 1134
534 342
534 406
534 470
534 598
534 662
534 726
534 758
534 1244
535 112
535 343
535 407
535 471
535 599
535 663
535 727
536 48
536 188
536 344
536 408
536 472
536 496
536 600
536 664
536 728
536 1194
537 151
537 345
537 356
537 409
537 473
537 601
537 665
537 729
537 920
537 1010
538 346
538 410
538 474
538 602
538 664
538 666
538 730
538 1073
539 172
539 347
539 411
539 475
539 603
539 667
539 731
540 348
540 412
540 476
540 604
540 668
540 732
541 349
541 413
541 477
541 605
541 669
541 733
541 806
542 350
542 414
542 478
542 606
542 662
542 670
542 734
542 819
543 295
543 351
543 415
543 473
543 479
543 607
543 671
543 735
543 738
543 882
543 948
543 1127
544 34
544 352
544 416
544 480
544 608
544 672
544 736
545 353
545 417
545 481
545 609
545 673
545 729
545 737
545 809
545 1015
545 1205
546 216
546 354
546 418
546 482
546 610
546 674
546 738
547 355
547 419
547 446
547 483
547 611
547 675
547 730
547 739
547 807
547 1119
548 37
548 356
548 420
548 484
548 612
548 676
548 740
548 772
549 174
549 357
549 421
549 485
549 613
549 677
549 741
549 867
549 875
549 916
550 39
550 41
550 233
550 358
550 422
550 486
550 614
550 678
550 742
550 813
551 359
551 423
551 487
551 615
551 679
551 743
551 855
551 933
551 1114
552 360
552 424
552 488
552 500
552 616
552 680
552 744
552 931
552 1140
553 361
553 425
553 489
553 617
553 681
553 745
553 1065
554 362
554 426
554 490
554 618
554 682
554 746
554 750
554 1017
555 363
555 383
555 427
555 491
555 619
555 683
555 696
555 747
556 21
556 364
556 428
556 492
556 620
556 684
556 748
557 365
557 429
557 493
557 621
557 685
557 749
558 366
558 430
558 494
558 622
558 686
559 110
559 316
559 367
559 404
559 431
559 495
559 623
559 687
559 751
559 1072
559 1210
559 1278
560 368
560 432
560 496
560 624
560 682
560 688
560 752
560 1081
560 1264
561 369
561 433
561 497
561 625
561 689
561 753
561 952
561 1047
561 1265
562 370
562 434
562 498
562 626
562 690
562 754
563 371
563 435
563 499
563 627
563 691
563 755
564 372
564 436
564 500
564 628
564 692
564 756
565 373
565 437
565 501
565 629
565 693
565 757
566 167
566 374
566 438
566 502
566 630
566 694
566 758
566 790
567 144
567 375
567 439
567 503
567 631
567 695
567 759
568 318
568 375
568 376
568 440
568 504
568 532
568 632
568 696
568 760
568 1195
569 377
569 441
569 505
569 633
569 697
569 895
570 506
570 634
570 698
571 88
571 379
571 443
571 507
571 635
571 699
571 763
571 789
571 951
572 380
572 444
572 508
572 636
572 700
572 764
572 830
572 1086
573 381
573 445
573 509
573 637
573 701
573 765
573 1009
573 1175
574 446
574 510
574 638
574 702
574 766
575 383
575 447
575 511
575 639
575 703
575 767
575 959
576 384
576 448
576 512
576 640
576 704
576 768
576 869
577 385
577 449
577 513
577 641
577 705
577 769
578 386
578 450
578 514
578 642
578 706
578 770
579 387
579 451
579 515
579 643
579 707
579 771
579 834
580 388
580 452
580 516
580 644
580 708
580 772
581 9
581 72
581 136
581 200
581 264
581 328
581 389
581 392
581 453
581 456
581 517
581 645
581 648
581 709
581 712
581 773
581 840
581 904
581 968
581 1032
581 1093
581 1160
581 1224
582 5
582 6
582 69
582 70
582 79
582 133
582 134
582 143
582 197
582 198
582 207
582 262
582 326
582 390
582 454
582 518
582 646
582 710
582 774
582 838
582 847
582 902
582 909
582 911
582 966
582 975
582 1030
582 1039
582 1094
582 1103
582 1158
582 1167
582 1222
582 1231
583 391
583 455
583 519
583 647
583 711
583 775
583 1166
584 205
584 392
584 456
584 520
584 648
584 709
584 712
584 776
584 781
584 1090
584 1096
584 1218
584 1221
585 393
585 457
585 521
585 649
585 713
585 777
586 394
586 458
586 522
586 650
586 652
586 714
586 778
586 987
587 395
587 459
587 523
587 651
587 715
587 779
587 795
588 396
588 460
588 524
588 652
588 716
588 780
589 397
589 461
589 525
589 653
589 717
589 781
589 1089
590 398
590 462
590 526
590 654
590 718
590 782
591 15
591 19
591 65
591 77
591 83
591 129
591 147
591 193
591 211
591 261
591 271
591 325
591 335
591 389
591 399
591 453
591 463
591 527
591 645
591 655
591 709
591 719
591 776
591 781
591 783
591 837
591 845
591 901
591 965
591 973
591 1029
591 1037
591 1101
591 1154
591 1157
591 1165
591 1229
592 276
592 400
592 464
592 528
592 628
592 656
592 720
592 753
592 784
593 352
593 401
593 465
593 529
593 657
593 721
593 785
594 402
594 466
594 530
594 658
594 722
594 786
595 403
595 467
595 531
595 659
595 723
595 787
596 344
596 404
596 468
596 532
596 660
596 724
596 788
596 856
596 1201
597 61
597 212
597 405
597 469
597 533
597 661
597 725
597 789
597 1129
598 324
598 406
598 470
598 476
598 530
598 534
598 662
598 726
598 790
598 860
598 1058
599 407
599 433
599 471
599 535
599 663
599 727
599 791
600 106
600 176
600 184
600 191
600 282
600 408
600 472
600 536
600 664
600 724
600 728
600 747
600 792
600 944
601 409
601 473
601 537
601 665
601 729
601 793
601 799
601 1176
601 1276
602 113
602 185
602 410
602 474
602 538
602 666
602 730
602 794
602 1080
602 1131
603 411
603 475
603 539
603 667
603 731
603 736
603 795
603 1095
604 412
604 476
604 540
604 668
604 732
604 734
604 796
605 413
605 477
605 541
605 669
605 733
605 797
606 414
606 478
606 542
606 670
606 734
606 798
606 934
606 1078
607 62
607 415
607 479
607 543
607 671
607 700
607 735
607 799
607 826
608 416
608 480
608 544
608 672
608 736
608 800
609 208
609 417
609 481
609 545
609 673
609 737
609 801
609 1001
610 418
610 482
610 546
610 674
610 738
610 802
610 815
611 408
611 419
611 483
611 506
611 547
611 675
611 739
611 803
612 420
612 484
612 548
612 676
612 740
612 804
612 1067
613 421
613 485
613 549
613 677
613 741
613 803
613 805
614 422
614 486
614 550
614 678
614 742
614 806
615 423
615 487
615 551
615 675
615 679
615 739
615 743
615 744
615 804
615 807
615 818
616 424
616 488
616 552
616 680
616 720
616 744
616 808
616 1048
616 1111
617 425
617 489
617 553
617 681
617 745
617 809
617 981
617 1204
618 154
618 253
618 309
618 426
618 490
618 554
618 682
618 746
618 810
618 1240
619 555
619 683
619 747
620 116
620 159
620 428
620 492
620 556
620 684
620 748
620 812
620 883
620 1028
621 391
621 429
621 493
621 557
621 685
621 749
621 813
622 494
622 558
622 686
622 702
622 750
622 811
623 431
623 495
623 559
623 687
623 751
623 764
623 815
623 956
624 432
624 496
624 560
624 688
624 752
625 63
625 302
625 433
625 497
625 511
625 561
625 689
625 753
625 767
625 817
626 434
626 498
626 562
626 690
626 737
626 754
626 818
627 435
627 499
627 563
627 691
627 755
627 819
628 276
628 436
628 500
628 564
628 592
628 692
628 753
628 756
628 820
629 437
629 501
629 565
629 693
629 757
629 821
629 1187
630 354
630 438
630 502
630 566
630 680
630 694
630 758
630 822
631 439
631 503
631 567
631 695
631 759
631 823
632 58
632 440
632 504
632 568
632 696
632 760
632 824
632 890
633 505
633 569
633 697
633 761
633 817
633 825
634 377
634 442
634 506
634 570
634 698
634 762
634 826
634 1272
635 443
635 507
635 571
635 699
635 763
635 827
635 1271
636 508
636 572
636 639
636 700
636 764
637 378
637 509
637 573
637 701
637 765
637 1279
638 446
638 510
638 574
638 702
638 761
638 766
638 830
638 1146
639 511
639 575
639 636
639 703
639 767
640 104
640 448
640 512
640 576
640 704
640 768
640 821
640 832
640 886
641 449
641 513
641 577
641 705
641 769
641 833
642 285
642 450
642 486
642 514
642 578
642 706
642 770
642 834
642 1056
643 451
643 515
643 579
643 707
643 771
643 835
643 971
644 452
644 516
644 580
644 708
644 768
644 772
644 836
644 1110
645 65
645 77
645 129
645 193
645 205
645 211
645 271
645 389
645 453
645 463
645 517
645 520
645 581
645 591
645 655
645 709
645 773
645 776
645 781
645 837
645 845
645 901
645 1029
645 1090
645 1096
645 1101
645 1154
645 1157
645 1165
645 1218
645 1221
645 1229
646 5
646 6
646 69
646 70
646 79
646 133
646 134
646 143
646 197
646 198
646 262
646 326
646 390
646 454
646 518
646 582
646 710
646 774
646 838
646 847
646 902
646 911
646 966
646 975
646 1030
646 1039
646 1094
646 1103
646 1158
646 1167
646 1222
646 1231
647 455
647 519
647 583
647 711
647 775
647 839
648 9
648 72
648 136
648 200
648 264
648 328
648 392
648 456
648 517
648 520
648 581
648 584
648 712
648 773
648 776
648 840
648 904
648 968
648 1032
648 1093
648 1160
648 1224
649 457
649 521
649 585
649 713
649 777
649 841
650 458
650 522
650 586
650 714
650 778
650 842
651 459
651 523
651 587
651 715
651 779
651 843
652 460
652 524
652 586
652 588
652 716
652 780
652 844
652 987
653 461
653 525
653 589
653 717
653 781
653 845
654 462
654 526
654 590
654 718
654 782
654 846
655 5
655 15
655 19
655 65
655 69
655 77
655 79
655 83
655 129
655 133
655 143
655 147
655 193
655 197
655 207
655 211
655 261
655 271
655 325
655 335
655 389
655 453
655 463
655 527
655 591
655 645
655 709
655 719
655 776
655 783
655 837
655 845
655 847
655 901
655 909
655 965
655 973
655 1029
655 1037
655 1101
655 1103
655 1154
655 1157
655 1165
655 1167
655 1229
656 42
656 163
656 464
656 494
656 528
656 592
656 720
656 784
656 848
656 1143
657 108
657 465
657 529
657 593
657 721
657 785
657 849
658 466
658 530
658 594
658 722
658 786
658 850
659 467
659 531
659 595
659 723
659 787
659 851
660 121
660 426
660 468
660 532
660 596
660 724
660 788
660 852
660 889
660 1022
660 1136
661 40
661 46
661 359
661 469
661 489
661 533
661 597
661 725
661 789
661 853
662 470
662 534
662 542
662 598
662 726
662 790
662 819
662 854
663 26
663 362
663 471
663 535
663 599
663 727
663 791
663 855
663 1082
664 472
664 536
664 538
664 600
664 728
664 792
664 856
664 1073
665 245
665 419
665 473
665 537
665 601
665 729
665 793
665 857
666 474
666 538
666 602
666 730
666 794
666 858
667 475
667 539
667 603
667 731
667 795
667 859
668 476
668 540
668 604
668 732
668 796
668 860
668 922
669 358
669 477
669 541
669 605
669 733
669 797
669 861
669 1230
670 247
670 478
670 542
670 606
670 734
670 798
670 862
671 479
671 487
671 543
671 607
671 735
671 799
671 863
672 398
672 480
672 544
672 608
672 736
672 800
672 864
673 365
673 481
673 545
673 609
673 737
673 801
673 865
673 868
673 960
674 181
674 297
674 479
674 482
674 546
674 610
674 738
674 802
674 866
675 483
675 547
675 611
675 615
675 739
675 744
675 803
675 804
675 818
675 867
676 341
676 417
676 484
676 548
676 612
676 740
676 804
676 868
677 374
677 485
677 549
677 613
677 693
677 741
677 805
677 869
677 1079
677 1191
678 486
678 550
678 614
678 742
678 806
678 870
678 1147
679 170
679 312
679 487
679 551
679 615
679 743
679 807
679 871
679 946
680 354
680 488
680 552
680 616
680 630
680 744
680 808
680 872
681 84
681 119
681 469
681 489
681 553
681 617
681 745
681 809
681 871
681 873
681 976
681 999
682 490
682 554
682 560
682 618
682 746
682 810
682 874
682 1081
682 1264
683 472
683 555
683 619
683 747
683 811
683 875
683 1000
683 1002
684 332
684 492
684 556
684 620
684 748
684 812
684 876
685 493
685 557
685 621
685 749
685 813
685 877
685 947
685 1211
686 168
686 235
686 494
686 558
686 622
686 750
686 814
686 878
687 171
687 495
687 559
687 623
687 751
687 815
687 879
687 1208
688 441
688 496
688 560
688 624
688 752
688 816
688 880
689 561
689 625
689 753
689 817
689 881
690 87
690 443
690 498
690 562
690 626
690 754
690 818
690 882
691 499
691 563
691 627
691 755
691 819
691 883
692 244
692 468
692 500
692 564
692 628
692 756
692 820
692 884
692 1008
692 1070
693 374
693 501
693 565
693 629
693 677
693 757
693 821
693 885
693 1079
693 1191
694 153
694 502
694 566
694 630
694 758
694 822
694 857
694 886
695 308
695 503
695 567
695 631
695 759
695 823
695 887
695 924
696 383
696 504
696 555
696 568
696 632
696 760
696 824
696 888
697 505
697 569
697 633
697 761
697 825
697 889
697 1059
697 1148
698 506
698 570
698 634
698 762
698 794
698 826
698 874
698 890
698 1251
699 348
699 388
699 507
699 571
699 635
699 763
699 827
699 873
699 891
699 1063
700 62
700 508
700 572
700 607
700 636
700 764
700 826
700 828
700 892
701 509
701 573
701 637
701 765
701 829
701 879
701 893
702 574
702 622
702 638
702 766
702 811
702 830
702 894
703 511
703 575
703 639
703 767
703 831
703 892
703 895
703 939
704 512
704 576
704 640
704 768
704 832
704 896
704 955
705 513
705 577
705 641
705 769
705 833
705 897
705 1153
706 514
706 578
706 642
706 770
706 834
706 898
706 1034
707 515
707 579
707 643
707 771
707 835
707 899
708 516
708 580
708 644
708 772
708 836
708 900
708 1220
708 1252
709 65
709 77
709 129
709 193
709 205
709 211
709 271
709 389
709 463
709 517
709 520
709 581
709 584
709 591
709 645
709 655
709 773
709 776
709 781
709 837
709 845
709 901
709 1029
709 1090
709 1096
709 1154
709 1157
709 1165
709 1218
709 1221
709 1229
710 5
710 6
710 69
710 70
710 79
710 133
710 134
710 143
710 197
710 198
710 207
710 262
710 326
710 390
710 454
710 518
710 582
710 646
710 774
710 838
710 847
710 902
710 909
710 911
710 966
710 975
710 1030
710 1039
710 1094
710 1103
710 1158
710 1167
710 1222
710 1231
711 519
711 583
711 647
711 775
711 839
711 903
711 1179
712 9
712 72
712 136
712 200
712 264
712 328
712 392
712 456
712 517
712 520
712 581
712 584
712 648
712 773
712 776
712 840
712 904
712 968
712 1032
712 1093
712 1160
712 1224
713 451
713 521
713 585
713 649
713 777
713 841
713 905
714 14
714 199
714 522
714 586
714 650
714 778
714 842
714 844
714 906
715 523
715 587
715 651
715 779
715 843
715 899
715 907
715 1033
716 524
716 588
716 652
716 780
716 844
716 908
717 96
717 525
717 589
717 653
717 781
717 845
717 909
718 169
718 526
718 590
718 654
718 782
718 846
718 910
719 5
719 15
719 19
719 65
719 69
719 77
719 79
719 83
719 129
719 133
719 143
719 147
719 193
719 197
719 207
719 211
719 261
719 271
719 325
719 335
719 389
719 453
719 463
719 527
719 591
719 655
719 776
719 783
719 837
719 845
719 847
719 901
719 909
719 911
719 965
719 973
719 1029
719 1037
719 1039
719 1101
719 1103
719 1157
719 1165
719 1167
719 1229
719 1231
720 528
720 592
720 616
720 656
720 784
720 848
720 912
720 1048
720 1111
721 529
721 593
721 657
721 785
721 849
721 913
721 1163
722 530
722 594
722 658
722 786
722 850
722 914
723 531
723 595
723 659
723 787
723 843
723 851
723 915
724 106
724 176
724 184
724 191
724 282
724 532
724 596
724 600
724 660
724 747
724 788
724 852
724 916
724 944
725 61
725 212
725 533
725 597
725 661
725 789
725 853
725 917
725 1129
726 4
726 534
726 598
726 662
726 790
726 854
726 918
726 978
727 291
727 535
727 599
727 663
727 791
727 855
727 881
727 919
727 938
728 95
728 536
728 600
728 664
728 792
728 856
728 872
728 920
728 1213
729 537
729 545
729 601
729 665
729 793
729 809
729 857
729 921
729 1015
729 1205
730 446
730 538
730 547
730 602
730 666
730 794
730 807
730 858
730 922
730 1119
731 539
731 603
731 667
731 795
731 859
731 923
732 23
732 55
732 277
732 293
732 540
732 604
732 668
732 796
732 860
732 924
733 225
733 541
733 605
733 669
733 797
733 861
733 925
734 542
734 604
734 606
734 670
734 798
734 862
734 926
735 373
735 420
735 543
735 607
735 671
735 799
735 863
735 927
736 544
736 603
736 608
736 672
736 800
736 864
736 928
736 1095
737 545
737 609
737 626
737 673
737 801
737 865
737 929
738 295
738 473
738 543
738 546
738 610
738 674
738 802
738 866
738 882
738 930
738 948
738 1127
739 547
739 611
739 615
739 675
739 744
739 803
739 804
739 818
739 867
739 931
740 548
740 612
740 676
740 748
740 798
740 804
740 868
740 932
741 528
741 533
741 549
741 613
741 677
741 784
741 805
741 869
741 933
741 1134
742 550
742 614
742 678
742 806
742 870
742 934
743 551
743 615
743 679
743 807
743 866
743 871
743 935
744 552
744 615
744 616
744 675
744 680
744 739
744 804
744 808
744 818
744 872
744 936
745 120
745 251
745 553
745 617
745 681
745 809
745 873
745 927
745 937
745 1241
746 249
746 488
746 554
746 618
746 682
746 766
746 810
746 874
746 888
746 894
746 938
746 1151
747 106
747 176
747 184
747 191
747 282
747 555
747 600
747 619
747 683
747 724
747 811
747 875
747 939
747 944
748 556
748 620
748 684
748 740
748 798
748 812
748 876
748 940
749 85
749 557
749 621
749 685
749 813
749 877
749 941
750 554
750 622
750 686
750 814
750 878
750 1017
751 127
751 559
751 623
751 687
751 760
751 815
751 879
751 943
752 560
752 624
752 688
752 816
752 880
752 944
752 1003
752 1200
753 276
753 561
753 592
753 625
753 628
753 689
753 817
753 881
753 945
754 114
754 562
754 626
754 690
754 818
754 882
754 946
755 563
755 627
755 691
755 819
755 883
755 947
756 248
756 346
756 564
756 628
756 692
756 820
756 884
756 948
757 301
757 507
757 565
757 629
757 693
757 821
757 832
757 885
757 949
757 1042
757 1076
758 534
758 566
758 630
758 694
758 822
758 886
758 950
758 1244
759 189
759 227
759 567
759 631
759 695
759 823
759 887
759 951
759 1050
760 127
760 568
760 632
760 696
760 751
760 824
760 888
760 952
761 633
761 638
761 697
761 825
761 889
761 953
761 1146
762 241
762 304
762 380
762 634
762 698
762 826
762 890
762 1006
762 1087
763 436
763 571
763 635
763 699
763 827
763 863
763 891
763 955
763 1247
764 572
764 623
764 636
764 700
764 828
764 892
764 956
765 427
765 573
765 637
765 701
765 829
765 893
765 945
765 957
766 249
766 488
766 574
766 638
766 702
766 746
766 830
766 888
766 894
766 958
766 1151
767 63
767 302
767 511
767 575
767 625
767 639
767 703
767 831
767 895
767 959
768 576
768 640
768 644
768 704
768 832
768 896
768 960
768 1110
769 393
769 577
769 641
769 705
769 833
769 897
769 961
770 475
770 578
770 642
770 706
770 834
770 898
770 962
771 579
771 643
771 707
771 835
771 899
771 963
772 37
772 548
772 580
772 644
772 708
772 836
772 900
772 964
773 9
773 72
773 136
773 200
773 264
773 328
773 392
773 456
773 517
773 581
773 645
773 648
773 709
773 712
773 837
773 840
773 901
773 904
773 965
773 968
773 1032
773 1093
773 1160
773 1224
774 5
774 6
774 69
774 70
774 79
774 133
774 134
774 143
774 197
774 198
774 207
774 262
774 326
774 390
774 454
774 518
774 582
774 646
774 710
774 838
774 847
774 902
774 909
774 911
774 966
774 975
774 1030
774 1039
774 1094
774 1103
774 1158
774 1167
774 1222
774 1231
775 273
775 583
775 647
775 711
775 839
775 903
775 967
776 15
776 19
776 65
776 77
776 83
776 129
776 147
776 193
776 211
776 261
776 271
776 325
776 335
776 389
776 453
776 463
776 584
776 591
776 645
776 648
776 655
776 709
776 712
776 719
776 781
776 783
776 837
776 840
776 845
776 901
776 904
776 965
776 968
776 973
776 1029
776 1037
776 1101
776 1154
776 1157
776 1165
776 1229
777 266
777 585
777 649
777 713
777 841
777 905
777 926
777 969
777 974
777 1219
777 1246
778 7
778 586
778 650
778 714
778 842
778 906
778 970
778 1203
779 587
779 651
779 715
779 843
779 907
779 971
779 1098
779 1105
780 502
780 588
780 652
780 716
780 844
780 908
780 972
781 65
781 77
781 129
781 193
781 205
781 211
781 271
781 389
781 463
781 520
781 584
781 589
781 591
781 645
781 653
781 709
781 717
781 776
781 837
781 845
781 901
781 909
781 973
781 1029
781 1090
781 1096
781 1154
781 1157
781 1165
781 1218
781 1221
781 1229
782 590
782 654
782 718
782 846
782 910
782 974
783 5
783 15
783 19
783 65
783 69
783 77
783 79
783 83
783 133
783 143
783 147
783 197
783 207
783 211
783 261
783 271
783 325
783 335
783 453
783 518
783 591
783 655
783 719
783 776
783 837
783 847
783 909
783 911
783 965
783 973
783 975
783 1037
783 1039
783 1101
783 1103
783 1157
783 1165
783 1167
783 1229
783 1231
784 528
784 533
784 592
784 656
784 720
784 741
784 848
784 912
784 976
784 1134
785 593
785 657
785 721
785 849
785 913
785 977
785 1184
786 64
786 594
786 658
786 722
786 850
786 914
786 978
787 166
787 595
787 659
787 723
787 851
787 915
787 979
788 596
788 660
788 724
788 852
788 916
788 980
788 1239
789 88
789 571
789 597
789 661
789 725
789 853
789 917
789 951
789 981
790 167
790 566
790 598
790 662
790 726
790 854
790 918
790 982
791 317
791 599
791 663
791 727
791 855
791 885
791 919
791 983
792 272
792 600
792 664
792 728
792 856
792 920
792 984
792 1108
792 1199
793 152
793 215
793 407
793 601
793 665
793 729
793 857
793 921
793 985
793 1192
794 602
794 666
794 698
794 730
794 858
794 874
794 922
794 986
794 1251
795 587
795 603
795 667
795 731
795 859
795 923
795 987
796 384
796 604
796 668
796 732
796 860
796 924
796 988
796 1045
796 1268
797 605
797 669
797 733
797 861
797 925
797 989
798 606
798 670
798 734
798 740
798 748
798 862
798 926
798 990
799 601
799 607
799 671
799 735
799 863
799 927
799 991
799 1176
799 1276
800 608
800 672
800 736
800 864
800 928
800 992
800 1053
800 1190
801 92
801 274
801 609
801 673
801 737
801 865
801 929
801 993
802 610
802 674
802 738
802 866
802 930
802 994
803 611
803 613
803 675
803 739
803 867
803 931
803 995
804 612
804 615
804 675
804 676
804 739
804 740
804 744
804 818
804 868
804 932
804 996
805 99
805 345
805 613
805 677
805 741
805 869
805 933
805 997
805 1193
806 541
806 614
806 678
806 742
806 870
806 934
806 998
807 446
807 547
807 615
807 679
807 730
807 743
807 871
807 935
807 999
807 1119
808 616
808 680
808 744
808 823
808 872
808 936
808 1000
809 545
809 617
809 681
809 729
809 745
809 873
809 937
809 1001
809 1015
809 1205
810 618
810 682
810 746
810 874
810 912
810 938
810 1002
811 622
811 683
811 702
811 747
811 875
811 939
811 1003
812 413
812 620
812 684
812 748
812 876
812 900
812 940
812 1004
813 39
813 41
813 233
813 550
813 621
813 685
813 749
813 877
813 941
813 1005
814 686
814 750
814 878
814 942
814 1006
815 610
815 623
815 687
815 751
815 879
815 943
815 1007
816 299
816 688
816 752
816 880
816 944
816 1008
817 625
817 633
817 689
817 753
817 881
817 945
817 1009
818 615
818 626
818 675
818 690
818 739
818 744
818 754
818 804
818 882
818 946
818 1010
819 542
819 627
819 662
819 691
819 755
819 883
819 947
819 1011
820 217
820 290
820 303
820 628
820 692
820 756
820 884
820 948
820 1012
820 1104
821 104
821 629
821 640
821 693
821 757
821 885
821 886
821 949
821 1013
822 428
822 630
822 694
822 758
822 886
822 950
822 1014
822 1052
823 631
823 695
823 759
823 808
823 887
823 951
823 1015
824 632
824 696
824 760
824 888
824 942
824 952
824 1016
824 1215
825 252
825 311
825 633
825 697
825 761
825 878
825 889
825 953
825 1017
825 1259
826 62
826 607
826 634
826 698
826 700
826 762
826 890
826 954
826 1018
827 31
827 635
827 699
827 763
827 891
827 955
827 1019
827 1057
828 124
828 343
828 700
828 764
828 892
828 956
828 1020
829 701
829 765
829 893
829 957
829 1021
830 572
830 638
830 702
830 766
830 894
830 958
830 1022
830 1086
831 703
831 767
831 895
831 959
832 301
832 507
832 640
832 704
832 757
832 768
832 896
832 960
832 1024
832 1042
832 1076
833 641
833 705
833 769
833 897
833 961
833 1025
834 579
834 642
834 706
834 770
834 898
834 962
834 1026
835 643
835 707
835 771
835 899
835 963
835 1027
836 644
836 708
836 772
836 900
836 941
836 964
836 1028
837 15
837 19
837 65
837 77
837 83
837 129
837 147
837 193
837 211
837 261
837 271
837 325
837 335
837 389
837 453
837 463
837 591
837 645
837 655
837 709
837 719
837 773
837 776
837 781
837 783
837 845
837 901
837 965
837 973
837 1029
837 1037
837 1101
837 1154
837 1157
837 1165
837 1229
838 5
838 6
838 69
838 70
838 79
838 133
838 134
838 143
838 197
838 198
838 207
838 262
838 326
838 390
838 454
838 518
838 582
838 646
838 710
838 774
838 847
838 902
838 909
838 911
838 966
838 975
838 1030
838 1039
838 1094
838 1103
838 1158
838 1167
838 1222
838 1231
839 647
839 711
839 775
839 903
839 967
839 1031
840 9
840 72
840 136
840 200
840 264
840 328
840 392
840 456
840 517
840 581
840 648
840 712
840 773
840 776
840 904
840 968
840 1032
840 1093
840 1160
840 1224
841 649
841 713
841 777
841 905
841 969
841 1033
842 650
842 714
842 778
842 906
842 970
842 1034
843 651
843 715
843 723
843 779
843 907
843 971
843 1035
844 14
844 199
844 652
844 714
844 716
844 780
844 908
844 972
844 1036
845 65
845 77
845 83
845 129
845 193
845 205
845 211
845 271
845 389
845 453
845 463
845 591
845 645
845 653
845 655
845 709
845 717
845 719
845 776
845 781
845 837
845 901
845 909
845 973
845 1029
845 1037
845 1090
845 1096
845 1101
845 1154
845 1157
845 1165
845 1218
845 1229
846 654
846 718
846 782
846 910
846 974
846 1038
847 5
847 15
847 19
847 69
847 79
847 83
847 133
847 143
847 147
847 197
847 207
847 261
847 262
847 325
847 335
847 390
847 453
847 454
847 518
847 582
847 646
847 655
847 710
847 719
847 774
847 783
847 838
847 902
847 909
847 911
847 965
847 966
847 973
847 975
847 1030
847 1037
847 1039
847 1094
847 1101
847 1103
847 1158
847 1167
847 1222
847 1231
848 289
848 656
848 720
848 784
848 912
848 976
848 1040
848 1253
849 657
849 721
849 785
849 913
849 977
849 1041
850 68
850 658
850 722
850 786
850 914
850 978
850 1042
850 1069
851 659
851 723
851 787
851 915
851 979
851 1043
852 305
852 660
852 724
852 788
852 916
852 980
852 1044
853 661
853 725
853 789
853 917
853 981
853 1045
854 132
854 662
854 726
854 790
854 918
854 982
854 1046
855 423
855 551
855 663
855 727
855 791
855 919
855 933
855 983
855 1047
855 1114
856 344
856 596
856 664
856 728
856 792
856 920
856 984
856 1048
856 1201
857 153
857 665
857 694
857 729
857 793
857 921
857 985
857 1049
858 666
858 730
858 794
858 922
858 986
858 1050
858 1212
859 667
859 731
859 795
859 923
859 987
859 1051
860 324
860 476
860 530
860 598
860 668
860 732
860 796
860 924
860 988
860 1052
860 1058
861 669
861 733
861 797
861 925
861 989
861 1053
862 670
862 734
862 798
862 926
862 990
862 1054
863 436
863 671
863 735
863 763
863 799
863 927
863 991
863 1055
863 1247
864 102
864 522
864 672
864 736
864 800
864 928
864 992
864 1056
865 35
865 103
865 673
865 737
865 801
865 929
865 993
865 1057
865 1250
866 674
866 738
866 743
866 802
866 930
866 935
866 994
866 1058
867 174
867 549
867 675
867 739
867 803
867 875
867 916
867 931
867 995
867 1059
868 365
868 673
868 676
868 740
868 804
868 932
868 960
868 996
868 1060
869 576
869 677
869 741
869 805
869 933
869 997
869 1061
870 82
870 678
870 742
870 806
870 934
870 998
870 1062
871 84
871 119
871 469
871 679
871 681
871 743
871 807
871 935
871 976
871 999
871 1063
872 95
872 680
872 728
872 744
872 808
872 936
872 1000
872 1064
872 1213
873 348
873 388
873 681
873 699
873 745
873 809
873 937
873 1001
873 1063
873 1065
874 682
874 698
874 746
874 794
874 810
874 938
874 1002
874 1066
874 1251
875 174
875 549
875 683
875 747
875 811
875 867
875 916
875 939
875 1003
875 1067
876 684
876 748
876 812
876 940
876 1004
876 1068
877 98
877 685
877 749
877 813
877 941
877 1005
877 1069
878 252
878 311
878 686
878 750
878 814
878 825
878 942
878 1006
878 1070
878 1259
879 509
879 687
879 701
879 751
879 815
879 943
879 1007
879 1071
880 424
880 688
880 752
880 816
880 944
880 958
880 1008
880 1072
881 291
881 689
881 727
881 753
881 817
881 938
881 945
881 1009
881 1073
882 295
882 473
882 543
882 690
882 738
882 754
882 818
882 946
882 948
882 1010
882 1074
882 1127
883 116
883 159
883 620
883 691
883 755
883 819
883 947
883 1011
883 1028
883 1075
884 148
884 234
884 692
884 756
884 820
884 948
884 1012
884 1076
885 317
885 693
885 757
885 791
885 821
885 949
885 1013
885 1077
886 104
886 640
886 694
886 758
886 821
886 822
886 950
886 1014
886 1078
887 695
887 759
887 823
887 951
887 1015
887 1079
888 249
888 488
888 696
888 746
888 760
888 766
888 824
888 894
888 952
888 1016
888 1080
888 1151
889 121
889 426
889 660
889 697
889 761
889 825
889 953
889 1017
889 1022
889 1081
889 1136
890 58
890 632
890 698
890 762
890 826
890 954
890 1018
890 1082
891 36
891 699
891 763
891 827
891 955
891 1019
891 1083
892 700
892 703
892 764
892 828
892 939
892 956
892 1020
892 1084
893 223
893 701
893 765
893 829
893 957
893 1021
893 1064
893 1085
894 249
894 488
894 702
894 746
894 766
894 830
894 888
894 958
894 1022
894 1086
894 1151
895 505
895 569
895 703
895 767
895 831
895 959
895 1023
895 1087
896 704
896 768
896 832
896 960
896 1024
896 1088
897 705
897 769
897 833
897 961
897 1025
897 1089
898 706
898 770
898 834
898 962
898 1026
898 1090
899 707
899 715
899 771
899 835
899 963
899 1027
899 1033
899 1091
900 413
900 708
900 772
900 812
900 836
900 964
900 1028
900 1092
901 65
901 77
901 83
901 129
901 147
901 193
901 211
901 261
901 271
901 325
901 335
901 389
901 453
901 463
901 591
901 645
901 655
901 709
901 719
901 773
901 776
901 781
901 837
901 845
901 965
901 973
901 1029
901 1093
901 1101
901 1154
901 1157
901 1165
901 1218
901 1229
902 69
902 70
902 79
902 133
902 134
902 143
902 197
902 198
902 207
902 262
902 326
902 390
902 454
902 518
902 582
902 646
902 710
902 774
902 838
902 847
902 909
902 911
902 966
902 975
902 1030
902 1039
902 1094
902 1103
902 1158
902 1167
902 1222
902 1231
903 711
903 775
903 839
903 967
903 1031
903 1095
904 9
904 72
904 136
904 200
904 264
904 328
904 392
904 456
904 517
904 581
904 648
904 712
904 773
904 776
904 840
904 968
904 1032
904 1093
904 1096
904 1160
904 1224
905 713
905 777
905 841
905 969
905 977
905 1033
905 1097
906 714
906 778
906 842
906 970
906 1034
906 1098
907 531
907 715
907 779
907 843
907 971
907 1035
907 1099
908 342
908 716
908 780
908 844
908 972
908 1036
908 1100
909 5
909 15
909 65
909 69
909 79
909 83
909 133
909 143
909 147
909 197
909 207
909 211
909 261
909 325
909 335
909 390
909 453
909 454
909 518
909 582
909 655
909 710
909 717
909 719
909 774
909 781
909 783
909 838
909 845
909 847
909 902
909 911
909 965
909 966
909 973
909 975
909 1030
909 1037
909 1039
909 1094
909 1101
909 1103
909 1157
909 1158
909 1167
909 1222
909 1231
910 718
910 782
910 846
910 974
910 1038
910 1102
911 5
911 69
911 79
911 133
911 143
911 147
911 197
911 198
911 207
911 261
911 262
911 325
911 326
911 335
911 390
911 454
911 518
911 582
911 646
911 710
911 719
911 774
911 783
911 838
911 847
911 902
911 909
911 965
911 966
911 973
911 975
911 1030
911 1037
911 1039
911 1094
911 1103
911 1158
911 1167
911 1222
911 1231
912 720
912 784
912 810
912 848
912 976
912 1040
912 1104
913 721
913 785
913 849
913 977
913 1041
913 1105
914 722
914 786
914 850
914 978
914 1042
914 1106
915 723
915 787
915 851
915 979
915 1043
915 1107
916 174
916 549
916 724
916 788
916 852
916 867
916 875
916 980
916 1044
916 1108
917 279
917 381
917 495
917 725
917 789
917 853
917 981
917 1045
917 1109
917 1277
918 28
918 726
918 790
918 854
918 982
918 1046
918 1110
919 107
919 355
919 727
919 791
919 855
919 983
919 1047
919 1111
920 151
920 356
920 537
920 728
920 792
920 856
920 984
920 1010
920 1048
920 1112
921 729
921 793
921 857
921 985
921 1049
921 1113
922 668
922 730
922 794
922 858
922 986
922 1050
922 1114
923 731
923 795
923 859
923 987
923 1051
923 1115
924 308
924 695
924 732
924 796
924 860
924 988
924 1052
924 1116
925 733
925 797
925 861
925 970
925 989
925 1053
925 1117
926 266
926 734
926 777
926 798
926 862
926 974
926 990
926 1054
926 1118
926 1219
926 1246
927 120
927 251
927 735
927 745
927 799
927 863
927 991
927 1055
927 1119
927 1241
928 736
928 800
928 864
928 992
928 1056
928 1075
928 1120
929 89
929 737
929 801
929 865
929 993
929 1055
929 1057
929 1121
929 1182
930 738
930 802
930 866
930 994
930 1058
930 1122
931 500
931 552
931 739
931 803
931 867
931 995
931 1059
931 1123
931 1140
932 164
932 740
932 804
932 868
932 996
932 1060
932 1124
933 423
933 551
933 741
933 805
933 855
933 869
933 997
933 1061
933 1114
933 1125
934 606
934 742
934 806
934 870
934 998
934 1062
934 1078
934 1126
935 743
935 807
935 866
935 871
935 999
935 1063
935 1127
936 744
936 808
936 872
936 1000
936 1064
936 1128
937 123
937 745
937 809
937 873
937 1001
937 1065
937 1129
938 291
938 727
938 746
938 810
938 874
938 881
938 1002
938 1066
938 1130
939 703
939 747
939 811
939 875
939 892
939 1003
939 1067
939 1131
940 109
940 748
940 812
940 876
940 1004
940 1068
940 1132
941 749
941 813
941 836
941 877
941 1005
941 1069
941 1133
942 814
942 824
942 878
942 1006
942 1070
942 1134
942 1215
943 490
943 504
943 751
943 815
943 879
943 1007
943 1071
943 1112
943 1135
944 106
944 176
944 184
944 191
944 282
944 600
944 724
944 747
944 752
944 816
944 880
944 1008
944 1072
944 1136
945 427
945 753
945 765
945 817
945 881
945 1009
945 1073
945 1137
946 170
946 312
946 679
946 754
946 818
946 882
946 1010
946 1074
946 1138
947 685
947 755
947 819
947 883
947 1011
947 1075
947 1139
947 1211
948 295
948 473
948 543
948 738
948 756
948 820
948 882
948 884
948 1012
948 1076
948 1127
948 1140
949 757
949 821
949 885
949 1013
949 1077
949 1141
949 1168
950 758
950 822
950 886
950 1014
950 1078
950 1142
951 88
951 571
951 759
951 789
951 823
951 887
951 1015
951 1079
951 1143
952 561
952 760
952 824
952 888
952 1016
952 1047
952 1080
952 1144
952 1265
953 254
953 761
953 825
953 889
953 1017
953 1081
953 1145
954 826
954 890
954 1018
954 1082
955 704
955 763
955 827
955 891
955 1019
955 1083
955 1147
956 623
956 764
956 828
956 892
956 1020
956 1084
956 1148
957 319
957 410
957 430
957 444
957 765
957 829
957 893
957 1021
957 1085
957 1149
958 424
958 766
958 830
958 880
958 894
958 1022
958 1086
958 1150
959 575
959 767
959 831
959 895
959 1023
959 1087
959 1151
960 365
960 673
960 768
960 832
960 868
960 896
960 1024
960 1088
960 1152
961 275
961 769
961 833
961 897
961 1025
961 1089
961 1153
962 257
962 770
962 834
962 898
962 1026
962 1090
962 1154
963 771
963 835
963 899
963 1027
963 1091
963 1155
964 772
964 836
964 900
964 1028
964 1036
964 1092
964 1156
965 15
965 19
965 83
965 129
965 133
965 143
965 147
965 193
965 197
965 207
965 211
965 261
965 271
965 325
965 335
965 389
965 453
965 591
965 655
965 719
965 773
965 776
965 783
965 837
965 847
965 901
965 909
965 911
965 973
965 1029
965 1037
965 1039
965 1093
965 1101
965 1103
965 1157
965 1165
965 1167
965 1229
965 1231
966 133
966 134
966 143
966 197
966 198
966 207
966 262
966 326
966 390
966 454
966 518
966 582
966 646
966 710
966 774
966 838
966 847
966 902
966 909
966 911
966 975
966 1030
966 1039
966 1094
966 1103
966 1158
966 1167
966 1222
966 1231
967 775
967 839
967 903
967 1031
967 1095
967 1120
967 1159
968 9
968 72
968 136
968 200
968 264
968 328
968 392
968 456
968 517
968 581
968 648
968 712
968 773
968 776
968 840
968 904
968 1032
968 1093
968 1096
968 1160
968 1224
969 416
969 777
969 841
969 905
969 1033
969 1097
969 1161
970 778
970 842
970 906
970 925
970 1034
970 1098
970 1162
971 643
971 779
971 843
971 907
971 1035
971 1099
971 1163
972 44
972 780
972 844
972 908
972 1036
972 1100
972 1164
972 1254
973 15
973 19
973 65
973 83
973 129
973 133
973 143
973 147
973 193
973 197
973 207
973 211
973 261
973 271
973 325
973 335
973 389
973 453
973 591
973 655
973 719
973 776
973 781
973 783
973 837
973 845
973 847
973 901
973 909
973 911
973 965
973 1037
973 1039
973 1101
973 1103
973 1157
973 1165
973 1167
973 1229
973 1231
974 266
974 777
974 782
974 846
974 910
974 926
974 1038
974 1102
974 1166
974 1219
974 1246
975 133
975 134
975 143
975 197
975 198
975 207
975 261
975 262
975 325
975 326
975 390
975 454
975 518
975 582
975 646
975 710
975 774
975 783
975 838
975 847
975 902
975 909
975 911
975 966
975 1030
975 1037
975 1039
975 1094
975 1103
975 1158
975 1167
975 1222
975 1231
976 84
976 119
976 469
976 681
976 784
976 848
976 871
976 912
976 999
976 1040
976 1104
976 1168
977 785
977 849
977 905
977 913
977 1041
977 1105
977 1169
978 4
978 726
978 786
978 850
978 914
978 1042
978 1106
978 1170
979 787
979 851
979 915
979 1043
979 1107
979 1171
980 175
980 503
980 788
980 852
980 916
980 1044
980 1108
980 1172
981 617
981 789
981 853
981 917
981 1045
981 1109
981 1173
981 1204
982 790
982 854
982 918
982 1046
982 1110
982 1174
983 313
983 440
983 791
983 855
983 919
983 1047
983 1111
983 1175
984 125
984 340
984 792
984 856
984 920
984 1048
984 1112
984 1176
984 1273
985 793
985 857
985 921
985 1049
985 1113
985 1177
985 1183
986 794
986 858
986 922
986 1016
986 1050
986 1114
986 1178
987 586
987 652
987 795
987 859
987 923
987 1051
987 1115
987 1179
988 796
988 860
988 924
988 1052
988 1116
988 1180
989 797
989 861
989 925
989 1053
989 1117
989 1181
989 1226
990 798
990 862
990 926
990 1054
990 1118
990 1122
990 1182
991 415
991 799
991 863
991 927
991 1055
991 1119
991 1183
992 800
992 864
992 928
992 1056
992 1120
992 1184
993 801
993 865
993 929
993 1057
993 1121
993 1185
994 802
994 866
994 930
994 1058
994 1122
994 1186
995 803
995 867
995 931
995 1049
995 1059
995 1123
995 1125
995 1187
996 364
996 804
996 868
996 932
996 1060
996 1124
996 1188
997 361
997 805
997 869
997 933
997 1061
997 1088
997 1125
997 1189
998 806
998 870
998 934
998 1062
998 1126
998 1190
999 84
999 119
999 469
999 681
999 807
999 871
999 935
999 976
999 1063
999 1127
999 1191
1000 472
1000 683
1000 808
1000 872
1000 936
1000 1002
1000 1064
1000 1128
1000 1192
1001 208
1001 609
1001 809
1001 873
1001 937
1001 1065
1001 1129
1001 1193
1002 472
1002 683
1002 810
1002 874
1002 938
1002 1000
1002 1066
1002 1130
1002 1194
1003 752
1003 811
1003 875
1003 939
1003 1067
1003 1131
1003 1195
1003 1200
1004 812
1004 876
1004 940
1004 1068
1004 1132
1004 1196
1005 813
1005 877
1005 941
1005 1069
1005 1133
1005 1197
1006 241
1006 304
1006 380
1006 762
1006 814
1006 878
1006 942
1006 1070
1006 1087
1006 1134
1006 1198
1007 815
1007 879
1007 943
1007 1071
1007 1135
1007 1199
1007 1232
1008 244
1008 468
1008 692
1008 816
1008 880
1008 944
1008 1070
1008 1072
1008 1136
1008 1200
1009 573
1009 817
1009 881
1009 945
1009 1073
1009 1137
1009 1175
1009 1201
1010 151
1010 356
1010 537
1010 818
1010 882
1010 920
1010 946
1010 1074
1010 1138
1010 1202
1011 115
1011 819
1011 883
1011 947
1011 1075
1011 1139
1011 1203
1012 382
1012 820
1012 884
1012 948
1012 1076
1012 1140
1012 1204
1013 821
1013 885
1013 949
1013 1077
1013 1141
1013 1205
1014 822
1014 886
1014 950
1014 1078
1014 1142
1014 1206
1015 545
1015 729
1015 809
1015 823
1015 887
1015 951
1015 1079
1015 1143
1015 1205
1015 1207
1016 824
1016 888
1016 952
1016 986
1016 1080
1016 1144
1016 1208
1017 554
1017 750
1017 825
1017 889
1017 953
1017 1081
1017 1145
1017 1209
1018 255
1018 366
1018 826
1018 890
1018 954
1018 1066
1018 1082
1018 1084
1018 1146
1018 1210
1019 827
1019 891
1019 955
1019 1083
1019 1147
1019 1211
1020 124
1020 343
1020 828
1020 892
1020 956
1020 1084
1020 1148
1020 1212
1021 829
1021 893
1021 957
1021 1085
1021 1149
1021 1213
1021 1242
1022 121
1022 426
1022 660
1022 830
1022 889
1022 894
1022 958
1022 1086
1022 1136
1022 1150
1022 1214
1023 895
1023 959
1023 1087
1023 1151
1024 832
1024 896
1024 960
1024 1088
1024 1152
1024 1216
1025 833
1025 897
1025 961
1025 1089
1025 1153
1025 1217
1026 834
1026 898
1026 962
1026 1090
1026 1154
1026 1218
1027 835
1027 899
1027 963
1027 1091
1027 1155
1027 1219
1028 116
1028 159
1028 620
1028 836
1028 883
1028 900
1028 964
1028 1092
1028 1156
1028 1220
1029 129
1029 193
1029 205
1029 211
1029 271
1029 389
1029 453
1029 463
1029 591
1029 645
1029 655
1029 709
1029 719
1029 776
1029 781
1029 837
1029 845
1029 901
1029 965
1029 1090
1029 1093
1029 1096
1029 1101
1029 1154
1029 1157
1029 1165
1029 1218
1029 1221
1029 1229
1030 197
1030 198
1030 207
1030 262
1030 326
1030 390
1030 454
1030 518
1030 582
1030 646
1030 710
1030 774
1030 838
1030 847
1030 902
1030 909
1030 911
1030 966
1030 975
1030 1039
1030 1094
1030 1103
1030 1158
1030 1167
1030 1222
1030 1231
1031 839
1031 903
1031 967
1031 1095
1031 1159
1031 1223
1032 9
1032 72
1032 136
1032 200
1032 264
1032 328
1032 392
1032 456
1032 517
1032 581
1032 648
1032 712
1032 773
1032 840
1032 904
1032 968
1032 1093
1032 1096
1032 1160
1032 1224
1033 715
1033 841
1033 899
1033 905
1033 969
1033 1097
1033 1161
1033 1225
1034 706
1034 842
1034 906
1034 970
1034 1098
1034 1162
1034 1226
1035 140
1035 843
1035 907
1035 971
1035 1099
1035 1163
1035 1227
1036 844
1036 908
1036 964
1036 972
1036 1100
1036 1164
1036 1228
1037 5
1037 15
1037 19
1037 143
1037 147
1037 197
1037 207
1037 211
1037 261
1037 271
1037 325
1037 335
1037 389
1037 453
1037 591
1037 655
1037 719
1037 776
1037 783
1037 837
1037 845
1037 847
1037 909
1037 911
1037 965
1037 973
1037 975
1037 1039
1037 1101
1037 1103
1037 1157
1037 1165
1037 1167
1037 1229
1037 1231
1038 846
1038 910
1038 974
1038 1102
1038 1166
1038 1230
1039 5
1039 69
1039 79
1039 133
1039 143
1039 197
1039 207
1039 261
1039 262
1039 325
1039 335
1039 390
1039 453
1039 454
1039 518
1039 582
1039 646
1039 710
1039 719
1039 774
1039 783
1039 838
1039 847
1039 902
1039 909
1039 911
1039 965
1039 966
1039 973
1039 975
1039 1030
1039 1037
1039 1094
1039 1101
1039 1103
1039 1158
1039 1167
1039 1222
1039 1231
1040 848
1040 912
1040 976
1040 1104
1040 1113
1040 1168
1040 1232
1041 526
1041 849
1041 913
1041 977
1041 1105
1041 1169
1041 1233
1042 301
1042 507
1042 757
1042 832
1042 850
1042 914
1042 978
1042 1076
1042 1106
1042 1170
1042 1234
1043 329
1043 851
1043 915
1043 979
1043 1107
1043 1171
1043 1235
1044 90
1044 434
1044 852
1044 916
1044 980
1044 1108
1044 1172
1044 1236
1045 384
1045 796
1045 853
1045 917
1045 981
1045 1109
1045 1173
1045 1237
1045 1268
1046 230
1046 854
1046 918
1046 982
1046 1110
1046 1174
1046 1238
1047 561
1047 855
1047 919
1047 952
1047 983
1047 1111
1047 1175
1047 1239
1047 1265
1048 616
1048 720
1048 856
1048 920
1048 984
1048 1111
1048 1112
1048 1176
1048 1240
1049 857
1049 921
1049 985
1049 995
1049 1113
1049 1125
1049 1177
1049 1241
1050 189
1050 227
1050 759
1050 858
1050 922
1050 986
1050 1114
1050 1178
1050 1242
1051 859
1051 923
1051 987
1051 1115
1051 1179
1051 1243
1052 428
1052 822
1052 860
1052 924
1052 988
1052 1116
1052 1180
1052 1244
1053 800
1053 861
1053 925
1053 989
1053 1117
1053 1181
1053 1190
1053 1245
1054 862
1054 926
1054 990
1054 1118
1054 1182
1054 1246
1055 89
1055 863
1055 927
1055 929
1055 991
1055 1119
1055 1182
1055 1183
1055 1247
1056 285
1056 486
1056 642
1056 864
1056 928
1056 992
1056 1120
1056 1184
1056 1248
1057 31
1057 827
1057 865
1057 929
1057 993
1057 1121
1057 1185
1057 1249
1058 324
1058 476
1058 530
1058 598
1058 860
1058 866
1058 930
1058 994
1058 1122
1058 1186
1058 1250
1059 697
1059 867
1059 931
1059 995
1059 1123
1059 1148
1059 1187
1059 1251
1060 868
1060 932
1060 996
1060 1124
1060 1188
1060 1252
1061 485
1061 869
1061 933
1061 997
1061 1109
1061 1125
1061 1189
1061 1253
1062 27
1062 283
1062 870
1062 934
1062 998
1062 1126
1062 1190
1062 1254
1063 348
1063 388
1063 699
1063 871
1063 873
1063 935
1063 999
1063 1127
1063 1191
1063 1255
1064 223
1064 872
1064 893
1064 936
1064 1000
1064 1128
1064 1192
1064 1256
1065 553
1065 873
1065 937
1065 1001
1065 1129
1065 1193
1065 1257
1066 255
1066 366
1066 874
1066 938
1066 1002
1066 1018
1066 1084
1066 1130
1066 1194
1066 1258
1067 612
1067 875
1067 939
1067 1003
1067 1131
1067 1195
1067 1259
1068 101
1068 470
1068 876
1068 940
1068 1004
1068 1132
1068 1196
1068 1260
1069 68
1069 850
1069 877
1069 941
1069 1005
1069 1133
1069 1197
1069 1261
1070 244
1070 468
1070 692
1070 878
1070 942
1070 1006
1070 1008
1070 1134
1070 1198
1070 1262
1071 879
1071 943
1071 1007
1071 1135
1071 1199
1071 1263
1072 110
1072 316
1072 404
1072 559
1072 880
1072 944
1072 1008
1072 1136
1072 1200
1072 1210
1072 1264
1072 1278
1073 538
1073 664
1073 881
1073 945
1073 1009
1073 1137
1073 1201
1073 1265
1074 20
1074 882
1074 946
1074 1010
1074 1138
1074 1202
1074 1266
1075 883
1075 928
1075 947
1075 1011
1075 1139
1075 1203
1075 1267
1076 301
1076 507
1076 757
1076 832
1076 884
1076 948
1076 1012
1076 1042
1076 1140
1076 1204
1076 1268
1077 885
1077 949
1077 1013
1077 1141
1077 1205
1077 1257
1077 1269
1078 606
1078 886
1078 934
1078 950
1078 1014
1078 1142
1078 1206
1078 1270
1079 374
1079 677
1079 693
1079 887
1079 951
1079 1015
1079 1143
1079 1191
1079 1207
1079 1271
1080 113
1080 185
1080 602
1080 888
1080 952
1080 1016
1080 1131
1080 1144
1080 1208
1080 1272
1081 560
1081 682
1081 889
1081 953
1081 1017
1081 1145
1081 1209
1081 1264
1081 1273
1082 26
1082 362
1082 663
1082 890
1082 954
1082 1018
1082 1146
1082 1210
1082 1274
1083 891
1083 955
1083 1019
1083 1147
1083 1211
1083 1275
1084 255
1084 366
1084 892
1084 956
1084 1018
1084 1020
1084 1066
1084 1148
1084 1212
1084 1276
1085 893
1085 957
1085 1021
1085 1149
1085 1213
1085 1242
1085 1277
1086 572
1086 830
1086 894
1086 958
1086 1022
1086 1150
1086 1214
1086 1278
1087 241
1087 304
1087 380
1087 762
1087 895
1087 959
1087 1006
1087 1023
1087 1151
1087 1215
1088 361
1088 896
1088 960
1088 997
1088 1024
1088 1152
1088 1216
1089 589
1089 897
1089 961
1089 1025
1089 1153
1089 1217
1090 205
1090 463
1090 520
1090 584
1090 645
1090 709
1090 781
1090 845
1090 898
1090 962
1090 1026
1090 1029
1090 1096
1090 1154
1090 1218
1090 1221
1091 12
1091 337
1091 899
1091 963
1091 1027
1091 1155
1091 1219
1092 900
1092 964
1092 1028
1092 1156
1092 1220
1093 9
1093 72
1093 136
1093 200
1093 264
1093 328
1093 392
1093 456
1093 517
1093 581
1093 648
1093 712
1093 773
1093 840
1093 901
1093 904
1093 965
1093 968
1093 1029
1093 1032
1093 1157
1093 1160
1093 1221
1093 1224
1094 198
1094 262
1094 326
1094 390
1094 454
1094 518
1094 582
1094 646
1094 710
1094 774
1094 838
1094 847
1094 902
1094 909
1094 911
1094 966
1094 975
1094 1030
1094 1039
1094 1103
1094 1158
1094 1167
1094 1222
1094 1231
1095 603
1095 736
1095 903
1095 967
1095 1031
1095 1159
1095 1223
1096 205
1096 463
1096 520
1096 584
1096 645
1096 709
1096 781
1096 845
1096 904
1096 968
1096 1029
1096 1032
1096 1090
1096 1154
1096 1160
1096 1218
1096 1221
1096 1224
1097 905
1097 969
1097 1033
1097 1161
1097 1225
1098 779
1098 906
1098 970
1098 1034
1098 1105
1098 1162
1098 1226
1099 387
1099 907
1099 971
1099 1035
1099 1163
1099 1227
1100 100
1100 908
1100 972
1100 1036
1100 1164
1100 1228
1101 19
1101 65
1101 83
1101 147
1101 211
1101 261
1101 271
1101 325
1101 335
1101 389
1101 453
1101 463
1101 591
1101 645
1101 655
1101 719
1101 776
1101 783
1101 837
1101 845
1101 847
1101 901
1101 909
1101 965
1101 973
1101 1029
1101 1037
1101 1039
1101 1103
1101 1154
1101 1157
1101 1165
1101 1167
1101 1229
1102 327
1102 910
1102 974
1102 1038
1102 1166
1102 1230
1103 5
1103 15
1103 69
1103 79
1103 133
1103 143
1103 197
1103 207
1103 261
1103 262
1103 325
1103 335
1103 390
1103 453
1103 454
1103 518
1103 582
1103 646
1103 655
1103 710
1103 719
1103 774
1103 783
1103 838
1103 847
1103 902
1103 909
1103 911
1103 965
1103 966
1103 973
1103 975
1103 1030
1103 1037
1103 1039
1103 1094
1103 1101
1103 1157
1103 1158
1103 1167
1103 1222
1103 1231
1104 217
1104 290
1104 303
1104 820
1104 912
1104 976
1104 1040
1104 1168
1104 1232
1105 779
1105 913
1105 977
1105 1041
1105 1098
1105 1169
1105 1233
1106 45
1106 914
1106 978
1106 1042
1106 1152
1106 1170
1106 1234
1107 30
1107 915
1107 979
1107 1043
1107 1171
1107 1235
1108 272
1108 792
1108 916
1108 980
1108 1044
1108 1172
1108 1199
1108 1236
1109 485
1109 917
1109 981
1109 1045
1109 1061
1109 1173
1109 1237
1110 644
1110 768
1110 918
1110 982
1110 1046
1110 1174
1110 1238
1111 616
1111 720
1111 919
1111 983
1111 1047
1111 1048
1111 1175
1111 1239
1112 490
1112 504
1112 920
1112 943
1112 984
1112 1048
1112 1176
1112 1240
1113 921
1113 985
1113 1040
1113 1049
1113 1177
1113 1241
1114 423
1114 551
1114 855
1114 922
1114 933
1114 986
1114 1050
1114 1178
1114 1242
1115 923
1115 987
1115 1051
1115 1179
1115 1243
1116 924
1116 988
1116 1052
1116 1180
1116 1244
1117 350
1117 519
1117 925
1117 989
1117 1053
1117 1181
1117 1245
1118 926
1118 990
1118 1054
1118 1182
1118 1246
1119 446
1119 547
1119 730
1119 807
1119 927
1119 991
1119 1055
1119 1183
1119 1247
1120 928
1120 967
1120 992
1120 1056
1120 1184
1120 1248
1121 256
1121 929
1121 993
1121 1057
1121 1185
1121 1216
1121 1249
1122 930
1122 990
1122 994
1122 1058
1122 1186
1122 1250
1123 281
1123 367
1123 368
1123 931
1123 995
1123 1059
1123 1137
1123 1187
1123 1251
1124 932
1124 996
1124 1060
1124 1188
1124 1252
1125 933
1125 995
1125 997
1125 1049
1125 1061
1125 1189
1125 1253
1126 934
1126 998
1126 1062
1126 1190
1126 1254
1127 295
1127 473
1127 543
1127 738
1127 882
1127 935
1127 948
1127 999
1127 1063
1127 1191
1127 1255
1128 936
1128 1000
1128 1064
1128 1192
1128 1256
1129 61
1129 212
1129 597
1129 725
1129 937
1129 1001
1129 1065
1129 1193
1129 1257
1130 186
1130 363
1130 938
1130 1002
1130 1066
1130 1150
1130 1194
1130 1258
1131 113
1131 185
1131 602
1131 939
1131 1003
1131 1067
1131 1080
1131 1195
1131 1259
1132 940
1132 1004
1132 1068
1132 1133
1132 1196
1132 1260
1133 941
1133 1005
1133 1069
1133 1132
1133 1197
1133 1261
1134 528
1134 533
1134 741
1134 784
1134 942
1134 1006
1134 1070
1134 1198
1134 1262
1135 943
1135 1007
1135 1071
1135 1199
1135 1263
1136 121
1136 426
1136 660
1136 889
1136 944
1136 1008
1136 1022
1136 1072
1136 1200
1136 1264
1137 281
1137 367
1137 368
1137 945
1137 1009
1137 1073
1137 1123
1137 1201
1137 1265
1138 218
1138 418
1138 946
1138 1010
1138 1074
1138 1202
1138 1266
1139 947
1139 1011
1139 1075
1139 1203
1139 1267
1140 500
1140 552
1140 931
1140 948
1140 1012
1140 1076
1140 1204
1140 1268
1141 949
1141 1013
1141 1077
1141 1205
1141 1269
1142 950
1142 1014
1142 1078
1142 1206
1142 1261
1142 1270
1143 42
1143 163
1143 494
1143 656
1143 951
1143 1015
1143 1079
1143 1207
1143 1271
1144 432
1144 952
1144 1016
1144 1080
1144 1149
1144 1208
1144 1272
1145 126
1145 953
1145 1017
1145 1081
1145 1209
1145 1273
1146 638
1146 761
1146 1018
1146 1082
1146 1210
1146 1274
1147 678
1147 955
1147 1019
1147 1083
1147 1211
1147 1275
1148 697
1148 956
1148 1020
1148 1059
1148 1084
1148 1212
1148 1276
1149 432
1149 957
1149 1021
1149 1085
1149 1144
1149 1213
1149 1277
1150 186
1150 363
1150 958
1150 1022
1150 1086
1150 1130
1150 1214
1150 1278
1151 249
1151 488
1151 746
1151 766
1151 888
1151 894
1151 959
1151 1023
1151 1087
1151 1215
1151 1279
1152 45
1152 960
1152 1024
1152 1088
1152 1106
1152 1216
1153 705
1153 961
1153 1025
1153 1089
1153 1217
1154 389
1154 453
1154 463
1154 520
1154 591
1154 645
1154 655
1154 709
1154 776
1154 781
1154 837
1154 845
1154 901
1154 962
1154 1026
1154 1029
1154 1090
1154 1096
1154 1101
1154 1157
1154 1165
1154 1218
1154 1221
1154 1229
1155 221
1155 465
1155 963
1155 1027
1155 1091
1155 1219
1156 964
1156 1028
1156 1092
1156 1220
1157 65
1157 77
1157 83
1157 129
1157 193
1157 211
1157 271
1157 325
1157 335
1157 389
1157 453
1157 463
1157 591
1157 645
1157 655
1157 709
1157 719
1157 776
1157 781
1157 783
1157 837
1157 845
1157 901
1157 909
1157 965
1157 973
1157 1029
1157 1037
1157 1093
1157 1101
1157 1103
1157 1154
1157 1165
1157 1221
1157 1229
1158 262
1158 326
1158 390
1158 454
1158 518
1158 582
1158 646
1158 710
1158 774
1158 838
1158 847
1158 902
1158 909
1158 911
1158 966
1158 975
1158 1030
1158 1039
1158 1094
1158 1103
1158 1167
1158 1222
1158 1231
1159 258
1159 967
1159 1031
1159 1095
1159 1223
1160 9
1160 72
1160 136
1160 200
1160 264
1160 328
1160 392
1160 456
1160 517
1160 581
1160 648
1160 712
1160 773
1160 840
1160 904
1160 968
1160 1032
1160 1093
1160 1096
1160 1224
1161 969
1161 1033
1161 1097
1161 1225
1162 970
1162 1034
1162 1098
1162 1226
1163 721
1163 971
1163 1035
1163 1099
1163 1227
1164 128
1164 150
1164 972
1164 1036
1164 1100
1164 1228
1165 65
1165 77
1165 129
1165 193
1165 211
1165 271
1165 325
1165 335
1165 389
1165 453
1165 463
1165 591
1165 645
1165 655
1165 709
1165 719
1165 776
1165 781
1165 783
1165 837
1165 845
1165 901
1165 965
1165 973
1165 1029
1165 1037
1165 1101
1165 1154
1165 1157
1165 1229
1166 583
1166 974
1166 1038
1166 1102
1166 1230
1167 5
1167 15
1167 69
1167 79
1167 133
1167 143
1167 197
1167 207
1167 325
1167 335
1167 390
1167 453
1167 454
1167 518
1167 582
1167 646
1167 655
1167 710
1167 719
1167 774
1167 783
1167 838
1167 847
1167 902
1167 909
1167 911
1167 965
1167 966
1167 973
1167 975
1167 1030
1167 1037
1167 1039
1167 1094
1167 1101
1167 1103
1167 1158
1167 1222
1167 1231
1168 949
1168 976
1168 1040
1168 1104
1168 1232
1169 977
1169 1041
1169 1105
1169 1233
1170 978
1170 1042
1170 1106
1170 1234
1171 979
1171 1043
1171 1107
1171 1235
1172 980
1172 1044
1172 1108
1172 1236
1173 165
1173 220
1173 981
1173 1045
1173 1109
1173 1202
1173 1237
1173 1256
1174 161
1174 982
1174 1046
1174 1110
1174 1238
1175 573
1175 983
1175 1009
1175 1047
1175 1111
1175 1239
1176 601
1176 799
1176 984
1176 1048
1176 1112
1176 1240
1176 1276
1177 481
1177 985
1177 1049
1177 1113
1177 1180
1177 1241
1178 986
1178 1050
1178 1114
1178 1242
1179 711
1179 987
1179 1051
1179 1115
1179 1243
1180 481
1180 988
1180 1052
1180 1116
1180 1177
1180 1244
1181 93
1181 989
1181 1053
1181 1117
1181 1245
1182 89
1182 929
1182 990
1182 1054
1182 1055
1182 1118
1182 1246
1183 985
1183 991
1183 1055
1183 1119
1183 1247
1184 785
1184 992
1184 1056
1184 1120
1184 1248
1185 196
1185 993
1185 1057
1185 1121
1185 1249
1186 0
1186 300
1186 994
1186 1058
1186 1122
1186 1250
1187 629
1187 995
1187 1059
1187 1123
1187 1251
1188 320
1188 996
1188 1060
1188 1124
1188 1252
1189 997
1189 1061
1189 1125
1189 1236
1189 1253
1190 800
1190 998
1190 1053
1190 1062
1190 1126
1190 1254
1191 374
1191 677
1191 693
1191 999
1191 1063
1191 1079
1191 1127
1191 1255
1192 152
1192 215
1192 407
1192 793
1192 1000
1192 1064
1192 1128
1192 1256
1193 99
1193 345
1193 805
1193 1001
1193 1065
1193 1129
1193 1257
1194 48
1194 188
1194 496
1194 536
1194 1002
1194 1066
1194 1130
1194 1258
1195 318
1195 375
1195 532
1195 568
1195 1003
1195 1067
1195 1131
1195 1259
1196 118
1196 1004
1196 1068
1196 1132
1196 1260
1197 105
1197 466
1197 1005
1197 1069
1197 1133
1197 1261
1198 1006
1198 1070
1198 1134
1198 1262
1199 272
1199 792
1199 1007
1199 1071
1199 1108
1199 1135
1199 1263
1200 752
1200 1003
1200 1008
1200 1072
1200 1136
1200 1264
1201 344
1201 596
1201 856
1201 1009
1201 1073
1201 1137
1201 1265
1202 165
1202 220
1202 1010
1202 1074
1202 1138
1202 1173
1202 1256
1202 1266
1203 7
1203 778
1203 1011
1203 1075
1203 1139
1203 1267
1204 617
1204 981
1204 1012
1204 1076
1204 1140
1204 1268
1205 545
1205 729
1205 809
1205 1013
1205 1015
1205 1077
1205 1141
1205 1269
1206 183
1206 1014
1206 1078
1206 1142
1206 1270
1207 1015
1207 1079
1207 1143
1207 1271
1208 171
1208 687
1208 1016
1208 1080
1208 1144
1208 1272
1209 445
1209 1017
1209 1081
1209 1145
1209 1273
1210 110
1210 316
1210 404
1210 559
1210 1018
1210 1072
1210 1082
1210 1146
1210 1274
1210 1278
1211 685
1211 947
1211 1019
1211 1083
1211 1147
1211 1275
1212 858
1212 1020
1212 1084
1212 1148
1212 1276
1213 95
1213 728
1213 872
1213 1021
1213 1085
1213 1149
1213 1277
1214 1022
1214 1086
1214 1150
1214 1278
1215 824
1215 942
1215 1087
1215 1151
1215 1279
1216 256
1216 1024
1216 1088
1216 1121
1216 1152
1217 94
1217 1025
1217 1089
1217 1153
1218 205
1218 389
1218 463
1218 520
1218 584
1218 645
1218 709
1218 781
1218 845
1218 901
1218 1026
1218 1029
1218 1090
1218 1096
1218 1154
1218 1221
1219 266
1219 777
1219 926
1219 974
1219 1027
1219 1091
1219 1155
1219 1246
1220 708
1220 1028
1220 1092
1220 1156
1220 1252
1221 205
1221 520
1221 584
1221 645
1221 709
1221 781
1221 1029
1221 1090
1221 1093
1221 1096
1221 1154
1221 1157
1221 1218
1222 198
1222 262
1222 326
1222 390
1222 454
1222 518
1222 582
1222 646
1222 710
1222 774
1222 838
1222 847
1222 902
1222 909
1222 911
1222 966
1222 975
1222 1030
1222 1039
1222 1094
1222 1103
1222 1158
1222 1167
1222 1231
1223 210
1223 1031
1223 1095
1223 1159
1224 9
1224 72
1224 136
1224 200
1224 264
1224 328
1224 392
1224 456
1224 517
1224 581
1224 648
1224 712
1224 773
1224 840
1224 904
1224 968
1224 1032
1224 1093
1224 1096
1224 1160
1225 1033
1225 1097
1225 1161
1226 989
1226 1034
1226 1098
1226 1162
1227 458
1227 1035
1227 1099
1227 1163
1228 86
1228 1036
1228 1100
1228 1164
1229 65
1229 77
1229 83
1229 129
1229 193
1229 211
1229 271
1229 389
1229 453
1229 463
1229 591
1229 645
1229 655
1229 709
1229 719
1229 776
1229 781
1229 783
1229 837
1229 845
1229 901
1229 965
1229 973
1229 1029
1229 1037
1229 1101
1229 1154
1229 1157
1229 1165
1230 358
1230 669
1230 1038
1230 1102
1230 1166
1231 5
1231 69
1231 79
1231 133
1231 143
1231 197
1231 207
1231 390
1231 454
1231 518
1231 582
1231 646
1231 710
1231 719
1231 774
1231 783
1231 838
1231 847
1231 902
1231 909
1231 911
1231 965
1231 966
1231 973
1231 975
1231 1030
1231 1037
1231 1039
1231 1094
1231 1103
1231 1158
1231 1167
1231 1222
1232 1007
1232 1040
1232 1104
1232 1168
1233 1041
1233 1105
1233 1169
1234 1042
1234 1106
1234 1170
1235 1043
1235 1107
1235 1171
1236 1044
1236 1108
1236 1172
1236 1189
1237 315
1237 1045
1237 1109
1237 1173
1238 1046
1238 1110
1238 1174
1239 788
1239 1047
1239 1111
1239 1175
1240 154
1240 253
1240 309
1240 618
1240 1048
1240 1112
1240 1176
1241 120
1241 251
1241 745
1241 927
1241 1049
1241 1113
1241 1177
1242 1021
1242 1050
1242 1085
1242 1114
1242 1178
1243 529
1243 1051
1243 1115
1243 1179
1244 534
1244 758
1244 1052
1244 1116
1244 1180
1245 1053
1245 1117
1245 1181
1246 266
1246 777
1246 926
1246 974
1246 1054
1246 1118
1246 1182
1246 1219
1247 436
1247 763
1247 863
1247 1055
1247 1119
1247 1183
1248 1056
1248 1120
1248 1184
1249 16
1249 1057
1249 1121
1249 1185
1250 35
1250 103
1250 865
1250 1058
1250 1122
1250 1186
1251 698
1251 794
1251 874
1251 1059
1251 1123
1251 1187
1252 708
1252 1060
1252 1124
1252 1188
1252 1220
1253 289
1253 848
1253 1061
1253 1125
1253 1189
1254 44
1254 972
1254 1062
1254 1126
1254 1190
1255 53
1255 1063
1255 1127
1255 1191
1256 165
1256 220
1256 1064
1256 1128
1256 1173
1256 1192
1256 1202
1257 1065
1257 1077
1257 1129
1257 1193
1258 49
1258 471
1258 1066
1258 1130
1258 1194
1259 252
1259 311
1259 825
1259 878
1259 1067
1259 1131
1259 1195
1260 478
1260 1068
1260 1132
1260 1196
1261 1069
1261 1133
1261 1142
1261 1197
1262 1070
1262 1134
1262 1198
1263 1071
1263 1135
1263 1199
1264 560
1264 682
1264 1072
1264 1081
1264 1136
1264 1200
1265 561
1265 952
1265 1047
1265 1073
1265 1137
1265 1201
1266 20
1266 1074
1266 1138
1266 1202
1267 1075
1267 1139
1267 1203
1268 384
1268 796
1268 1045
1268 1076
1268 1140
1268 1204
1269 1077
1269 1141
1269 1205
1270 80
1270 1078
1270 1142
1270 1206
1271 635
1271 1079
1271 1143
1271 1207
1272 377
1272 634
1272 1080
1272 1144
1272 1208
1273 125
1273 340
1273 984
1273 1081
1273 1145
1273 1209
1274 1082
1274 1146
1274 1210
1275 1083
1275 1147
1275 1211
1276 601
1276 799
1276 1084
1276 1148
1276 1176
1276 1212
1277 279
1277 381
1277 495
1277 917
1277 1085
1277 1149
1277 1213
1278 110
1278 316
1278 404
1278 559
1278 1072
1278 1086
1278 1150
1278 1210
1278 1214
1279 378
1279 637
1279 1151
1279 1215
