0 64
0 128
0 192
0 522
1 65
1 129
1 193
1 1229
2 66
2 130
2 194
2 467
2 679
2 1126
3 67
3 131
3 195
4 68
4 132
4 196
5 69
5 133
5 197
5 916
6 70
6 134
6 198
6 262
6 329
6 393
6 454
6 521
6 582
6 646
6 713
6 774
6 841
6 902
6 969
6 1033
6 1094
6 1158
6 1222
7 71
7 73
7 79
7 135
7 137
7 142
7 199
7 263
7 326
7 327
7 583
7 647
7 711
7 775
7 839
7 903
7 1223
7 1225
8 72
8 136
8 200
8 617
8 929
9 54
9 64
9 73
9 74
9 79
9 83
9 118
9 135
9 137
9 142
9 201
9 266
9 270
9 310
9 326
9 390
9 391
9 455
9 457
9 519
9 710
9 777
9 778
9 782
9 790
9 838
9 905
9 966
9 974
9 1102
9 1142
9 1159
9 1161
9 1270
10 74
10 138
10 202
11 75
11 139
11 203
11 576
11 656
12 76
12 140
12 204
12 450
12 1123
13 77
13 141
13 205
14 78
14 142
14 206
15 79
15 143
15 207
16 80
16 144
16 208
16 502
17 81
17 145
17 209
18 82
18 146
18 210
18 813
18 1265
19 83
19 147
19 211
19 534
20 84
20 148
20 212
21 85
21 149
21 213
21 1086
21 1213
22 86
22 150
22 192
22 214
23 87
23 151
23 215
23 412
23 681
23 695
23 1250
24 88
24 152
24 216
24 554
24 756
24 879
24 1009
25 89
25 153
25 217
25 349
25 602
25 1051
25 1274
26 90
26 91
26 154
26 218
26 545
27 91
27 155
27 219
27 258
27 961
28 92
28 156
28 210
28 220
29 93
29 157
29 221
29 395
29 1025
30 94
30 158
30 222
31 95
31 159
31 223
31 791
32 96
32 160
32 200
32 224
32 501
33 97
33 161
33 225
33 930
34 98
34 162
34 226
34 651
35 99
35 163
35 227
35 1169
36 100
36 164
36 228
37 101
37 165
37 229
38 102
38 166
38 168
38 230
38 437
38 1120
39 103
39 167
39 231
40 104
40 168
40 232
41 105
41 169
41 233
41 285
42 106
42 170
42 234
42 835
43 103
43 107
43 171
43 219
43 235
43 743
44 108
44 172
44 179
44 236
44 411
44 570
44 627
44 766
44 895
44 1140
44 1183
45 109
45 173
45 237
46 110
46 174
46 238
46 836
46 964
47 111
47 175
47 239
47 588
47 1119
48 112
48 176
48 240
49 113
49 177
49 241
49 355
49 510
50 114
50 178
50 242
50 1121
51 115
51 179
51 243
51 428
51 498
51 755
51 909
52 116
52 180
52 244
53 117
53 181
53 245
54 9
54 64
54 73
54 74
54 79
54 83
54 118
54 135
54 137
54 142
54 182
54 199
54 201
54 246
54 270
54 310
54 326
54 390
54 391
54 455
54 457
54 519
54 710
54 777
54 778
54 782
54 790
54 838
54 905
54 966
54 974
54 1102
54 1142
54 1161
54 1235
54 1270
55 119
55 149
55 152
55 183
55 247
55 264
55 375
55 419
55 616
55 684
56 120
56 153
56 184
56 223
56 248
56 299
56 447
57 121
57 185
57 220
57 249
57 625
58 122
58 186
58 250
58 451
58 587
59 123
59 187
59 251
59 564
59 981
59 1071
59 1205
60 124
60 188
60 252
60 925
60 1093
61 125
61 189
61 253
62 126
62 190
62 254
62 732
62 1175
63 127
63 191
63 216
63 255
63 563
64 0
64 9
64 54
64 74
64 83
64 118
64 128
64 192
64 201
64 256
64 266
64 270
64 310
64 390
64 391
64 438
64 455
64 457
64 518
64 519
64 585
64 649
64 710
64 726
64 777
64 778
64 782
64 790
64 838
64 905
64 1030
64 1159
64 1161
65 1
65 129
65 193
65 257
65 397
66 2
66 130
66 194
66 228
66 258
67 3
67 89
67 120
67 131
67 195
67 259
67 535
67 1157
68 4
68 132
68 196
68 260
69 5
69 133
69 197
69 261
69 715
70 6
70 134
70 198
70 262
70 329
70 393
70 454
70 521
70 582
70 646
70 713
70 774
70 841
70 902
70 969
70 1033
70 1094
70 1158
70 1222
71 7
71 73
71 135
71 142
71 199
71 263
71 327
71 583
71 647
71 711
71 775
71 839
71 903
71 1223
72 8
72 136
72 193
72 200
72 264
72 870
73 7
73 9
73 54
73 71
73 74
73 79
73 118
73 135
73 137
73 142
73 199
73 201
73 263
73 265
73 270
73 326
73 327
73 391
73 455
73 519
73 583
73 647
73 711
73 775
73 777
73 782
73 790
73 839
73 903
73 905
73 967
73 1031
73 1095
73 1097
73 1225
73 1230
73 1238
74 9
74 10
74 54
74 64
74 73
74 79
74 118
74 135
74 137
74 138
74 142
74 199
74 202
74 266
74 270
74 310
74 326
74 390
74 391
74 455
74 457
74 519
74 710
74 711
74 775
74 777
74 782
74 790
74 838
74 903
74 905
74 966
74 967
74 974
74 1102
74 1142
74 1226
74 1235
74 1270
75 11
75 139
75 203
75 267
75 1168
76 12
76 140
76 204
76 211
76 268
77 13
77 141
77 205
77 225
77 269
77 413
78 14
78 142
78 206
78 270
78 1217
78 1224
79 7
79 9
79 15
79 54
79 73
79 74
79 118
79 135
79 137
79 142
79 143
79 199
79 207
79 263
79 270
79 271
79 310
79 326
79 327
79 390
79 391
79 455
79 519
79 583
79 647
79 710
79 711
79 775
79 777
79 782
79 790
79 838
79 839
79 903
79 905
79 967
79 1031
79 1095
79 1097
79 1226
79 1230
79 1235
79 1238
80 16
80 144
80 208
80 272
81 17
81 119
81 145
81 209
81 273
82 18
82 146
82 210
82 274
82 449
82 844
82 1242
83 9
83 19
83 54
83 64
83 147
83 201
83 211
83 266
83 275
83 310
83 390
83 391
83 438
83 457
83 518
83 585
83 649
83 710
83 726
83 777
83 778
83 838
83 905
83 1030
84 20
84 148
84 212
84 276
84 1234
85 21
85 149
85 213
85 277
85 603
85 858
86 22
86 150
86 214
86 278
87 23
87 151
87 215
87 279
88 24
88 152
88 216
88 280
88 288
88 368
88 794
88 938
88 1177
89 25
89 67
89 120
89 153
89 217
89 281
89 535
89 1157
90 26
90 154
90 218
90 282
90 629
90 833
90 927
90 1005
91 26
91 27
91 155
91 219
91 283
91 545
92 28
92 156
92 220
92 284
92 613
92 971
93 29
93 157
93 221
93 276
93 285
93 385
93 622
93 987
93 1228
93 1254
94 30
94 158
94 222
94 286
95 31
95 159
95 223
95 287
95 369
95 434
95 638
95 928
96 32
96 160
96 224
96 288
97 33
97 161
97 225
97 289
98 34
98 162
98 226
98 290
99 35
99 163
99 227
99 291
100 36
100 164
100 228
100 292
100 301
101 37
101 165
101 229
101 293
101 1180
102 38
102 166
102 206
102 230
102 294
103 39
103 43
103 167
103 219
103 231
103 295
103 743
104 40
104 168
104 232
104 296
104 678
104 1070
105 41
105 169
105 233
105 297
105 1124
106 42
106 160
106 170
106 234
106 298
106 364
106 487
106 973
107 43
107 171
107 235
107 299
107 803
107 1259
108 44
108 172
108 236
108 242
108 300
108 436
108 1083
109 45
109 173
109 237
109 301
110 46
110 174
110 238
110 302
110 979
111 47
111 175
111 239
111 303
112 48
112 171
112 176
112 240
112 304
112 432
112 828
113 49
113 177
113 229
113 241
113 305
113 773
114 50
114 178
114 242
114 306
115 51
115 179
115 243
115 307
115 426
115 473
116 52
116 180
116 244
116 308
116 852
116 936
116 996
117 53
117 181
117 245
117 309
117 347
117 593
117 1099
118 9
118 54
118 64
118 73
118 74
118 79
118 135
118 137
118 142
118 182
118 199
118 246
118 263
118 270
118 310
118 326
118 327
118 390
118 391
118 455
118 519
118 710
118 711
118 775
118 777
118 782
118 790
118 838
118 903
118 905
118 967
118 974
118 1226
118 1235
119 55
119 81
119 183
119 247
119 311
120 56
120 67
120 89
120 184
120 248
120 312
120 535
120 1157
121 57
121 185
121 249
121 313
122 58
122 186
122 250
122 314
122 738
122 1029
123 59
123 161
123 187
123 251
123 315
123 762
123 1065
123 1153
124 60
124 188
124 252
124 316
124 607
125 61
125 189
125 253
125 317
125 497
125 859
125 1203
125 1278
126 62
126 190
126 254
126 318
126 503
126 709
127 63
127 191
127 255
127 319
128 0
128 64
128 192
128 256
128 320
129 1
129 65
129 193
129 257
129 321
129 409
129 525
129 577
130 2
130 66
130 140
130 194
130 258
130 261
130 322
130 937
130 1198
131 3
131 67
131 195
131 259
131 323
132 4
132 68
132 196
132 260
132 324
132 840
132 980
133 5
133 69
133 197
133 261
133 325
133 1136
134 6
134 70
134 198
134 262
134 326
134 329
134 393
134 454
134 521
134 582
134 646
134 713
134 774
134 841
134 902
134 969
134 1033
134 1094
134 1158
134 1222
135 7
135 9
135 54
135 71
135 73
135 74
135 79
135 118
135 137
135 142
135 199
135 263
135 270
135 326
135 327
135 391
135 455
135 519
135 583
135 647
135 711
135 775
135 777
135 782
135 790
135 839
135 903
135 967
135 974
135 1031
135 1095
135 1097
135 1225
135 1230
135 1238
136 8
136 72
136 162
136 200
136 264
136 328
136 641
136 707
137 7
137 9
137 54
137 73
137 74
137 79
137 118
137 135
137 142
137 199
137 201
137 263
137 265
137 270
137 310
137 326
137 327
137 329
137 390
137 391
137 455
137 519
137 583
137 647
137 710
137 711
137 775
137 777
137 782
137 790
137 838
137 839
137 903
137 905
137 966
137 967
137 974
137 1031
137 1095
137 1097
137 1226
137 1230
137 1235
138 10
138 74
138 202
138 266
138 330
139 11
139 75
139 203
139 267
139 331
139 1221
140 12
140 76
140 130
140 204
140 261
140 268
140 332
140 937
140 1198
141 13
141 77
141 194
141 205
141 269
141 333
141 1103
142 7
142 9
142 14
142 54
142 71
142 73
142 74
142 78
142 79
142 118
142 135
142 137
142 199
142 206
142 263
142 270
142 326
142 327
142 334
142 390
142 391
142 455
142 519
142 583
142 647
142 711
142 775
142 777
142 782
142 790
142 839
142 903
142 905
142 966
142 967
142 974
142 1031
142 1095
142 1097
142 1226
142 1230
142 1238
143 15
143 79
143 207
143 271
143 335
144 16
144 80
144 208
144 272
144 336
145 17
145 81
145 209
145 273
145 337
145 1144
146 18
146 82
146 210
146 274
146 338
147 19
147 83
147 211
147 275
147 339
148 20
148 84
148 212
148 276
148 340
149 21
149 55
149 85
149 152
149 213
149 264
149 277
149 341
149 375
149 419
149 616
149 684
150 22
150 86
150 214
150 278
150 342
151 23
151 87
151 215
151 279
151 309
151 343
151 866
152 24
152 55
152 88
152 149
152 216
152 264
152 280
152 344
152 375
152 419
152 616
152 684
153 25
153 56
153 89
153 217
153 223
153 281
153 299
153 345
153 447
154 26
154 90
154 218
154 282
154 346
154 703
155 27
155 91
155 219
155 283
155 347
156 28
156 92
156 220
156 284
156 348
156 795
157 29
157 93
157 221
157 285
157 316
157 349
157 445
157 482
158 30
158 94
158 222
158 286
158 350
159 31
159 95
159 223
159 287
159 351
160 32
160 96
160 106
160 224
160 288
160 352
160 364
160 487
160 973
161 33
161 97
161 123
161 225
161 289
161 353
161 762
161 1065
161 1153
162 34
162 98
162 136
162 226
162 290
162 354
162 641
162 707
163 35
163 99
163 227
163 239
163 291
163 355
163 860
164 36
164 100
164 228
164 292
164 356
164 864
164 1108
165 37
165 101
165 181
165 229
165 293
165 357
165 802
165 871
165 1018
166 38
166 102
166 230
166 294
166 358
167 39
167 103
167 231
167 295
167 357
167 359
167 642
168 38
168 40
168 104
168 232
168 296
168 360
168 437
168 1120
169 41
169 105
169 233
169 297
169 361
169 1129
170 42
170 106
170 234
170 244
170 298
170 362
170 379
170 892
170 1022
170 1211
171 43
171 107
171 112
171 235
171 299
171 363
171 432
171 828
172 44
172 108
172 236
172 300
172 364
172 536
173 45
173 109
173 237
173 301
173 365
173 384
173 851
174 46
174 110
174 238
174 302
174 366
175 47
175 111
175 239
175 303
175 367
176 48
176 112
176 240
176 304
176 368
176 500
176 819
176 820
177 49
177 113
177 241
177 305
177 369
178 50
178 114
178 242
178 279
178 300
178 306
178 370
178 618
178 1090
179 44
179 51
179 115
179 243
179 307
179 371
179 411
179 570
179 627
179 766
179 895
179 1140
179 1183
180 52
180 116
180 244
180 308
180 372
180 1263
181 53
181 117
181 165
181 245
181 309
181 373
181 802
181 871
181 1018
182 54
182 118
182 246
182 310
182 374
182 783
183 55
183 119
183 241
183 247
183 311
183 375
183 823
183 880
183 882
183 991
183 1019
184 56
184 120
184 248
184 269
184 312
184 376
185 57
185 121
185 249
185 313
185 377
186 58
186 122
186 250
186 314
186 378
186 769
186 993
186 1181
186 1255
187 59
187 123
187 251
187 315
187 379
188 60
188 124
188 217
188 252
188 316
188 380
188 543
188 671
188 977
188 1199
189 61
189 125
189 253
189 317
189 381
189 664
189 668
190 62
190 126
190 254
190 318
190 382
191 63
191 127
191 255
191 319
191 383
191 1215
192 0
192 22
192 64
192 128
192 256
192 320
192 384
193 1
193 65
193 72
193 129
193 257
193 321
193 385
193 870
194 2
194 66
194 130
194 141
194 258
194 322
194 386
194 1103
195 3
195 67
195 131
195 259
195 323
195 387
195 621
196 4
196 68
196 132
196 260
196 294
196 324
196 388
196 403
196 686
196 963
197 5
197 69
197 133
197 261
197 307
197 325
197 338
197 389
198 6
198 70
198 134
198 262
198 326
198 329
198 390
198 393
198 454
198 521
198 582
198 646
198 713
198 774
198 841
198 902
198 969
198 1033
198 1094
198 1158
198 1222
199 7
199 54
199 71
199 73
199 74
199 79
199 118
199 135
199 137
199 142
199 263
199 270
199 326
199 327
199 391
199 455
199 519
199 583
199 647
199 711
199 775
199 777
199 782
199 790
199 839
199 903
199 967
199 974
199 1031
199 1095
199 1097
199 1225
199 1230
199 1238
200 8
200 32
200 72
200 136
200 264
200 328
200 392
200 501
201 9
201 54
201 64
201 73
201 83
201 137
201 265
201 266
201 310
201 329
201 390
201 393
201 438
201 457
201 518
201 585
201 649
201 710
201 726
201 777
201 778
201 838
201 905
201 966
201 974
201 1030
201 1046
201 1206
202 10
202 74
202 138
202 266
202 330
202 394
203 11
203 75
203 139
203 267
203 331
203 395
204 12
204 76
204 140
204 268
204 332
204 396
205 13
205 77
205 141
205 269
205 333
205 350
205 397
206 14
206 78
206 102
206 142
206 270
206 334
206 398
207 15
207 79
207 143
207 271
207 335
207 399
208 16
208 80
208 144
208 272
208 336
208 400
209 17
209 81
209 145
209 273
209 337
209 401
210 18
210 28
210 82
210 146
210 274
210 338
210 402
211 19
211 76
211 83
211 147
211 275
211 339
211 403
212 20
212 84
212 148
212 276
212 340
212 404
212 962
213 21
213 85
213 149
213 277
213 341
213 363
213 405
213 474
213 849
214 22
214 86
214 150
214 278
214 342
214 406
215 23
215 87
215 151
215 279
215 343
215 407
216 24
216 63
216 88
216 152
216 280
216 344
216 408
216 563
217 25
217 89
217 153
217 188
217 281
217 345
217 409
217 543
217 671
217 977
217 1199
218 26
218 90
218 154
218 282
218 346
218 410
218 496
218 765
218 812
219 27
219 43
219 91
219 103
219 155
219 283
219 347
219 411
219 743
220 28
220 57
220 92
220 156
220 284
220 348
220 412
220 625
221 29
221 93
221 157
221 285
221 349
221 413
221 557
221 1096
222 30
222 94
222 158
222 286
222 350
222 414
223 31
223 56
223 95
223 153
223 159
223 287
223 299
223 351
223 415
223 447
224 32
224 96
224 160
224 288
224 352
224 416
224 1207
225 33
225 77
225 97
225 161
225 289
225 353
225 413
225 417
226 34
226 98
226 162
226 290
226 354
226 418
226 440
226 513
226 1069
227 35
227 99
227 163
227 291
227 355
227 419
228 36
228 66
228 100
228 164
228 292
228 356
228 420
229 37
229 101
229 113
229 165
229 293
229 357
229 421
229 773
230 38
230 102
230 166
230 294
230 358
230 422
230 815
230 998
231 39
231 103
231 167
231 248
231 295
231 359
231 423
231 626
231 736
231 1248
232 40
232 104
232 168
232 296
232 360
232 416
232 424
232 827
232 1079
233 41
233 105
233 169
233 297
233 361
233 378
233 425
233 657
233 733
233 890
234 42
234 106
234 170
234 298
234 362
234 426
234 867
234 1010
234 1052
235 43
235 107
235 171
235 299
235 363
235 427
236 44
236 108
236 172
236 300
236 364
236 428
236 506
236 1191
237 45
237 109
237 173
237 301
237 365
237 429
238 46
238 110
238 174
238 302
238 366
238 430
238 873
239 47
239 111
239 163
239 175
239 303
239 367
239 431
239 860
240 48
240 112
240 176
240 304
240 317
240 368
240 432
240 505
240 751
241 49
241 113
241 177
241 183
241 305
241 369
241 433
241 823
241 880
241 882
241 991
241 1019
242 50
242 108
242 114
242 178
242 306
242 370
242 434
242 436
242 1083
243 51
243 115
243 179
243 307
243 371
243 421
243 435
243 883
243 1247
244 52
244 116
244 170
244 180
244 308
244 372
244 379
244 436
244 892
244 1022
244 1211
245 53
245 117
245 181
245 309
245 373
245 437
245 1134
246 54
246 118
246 182
246 310
246 335
246 374
246 438
247 55
247 119
247 183
247 311
247 375
247 439
247 753
247 921
248 56
248 120
248 184
248 231
248 312
248 376
248 440
248 626
248 736
248 1248
249 57
249 121
249 185
249 313
249 377
249 441
249 825
250 58
250 122
250 186
250 314
250 378
250 442
250 798
250 1043
251 59
251 123
251 187
251 315
251 379
251 443
251 894
252 60
252 124
252 188
252 316
252 318
252 380
252 444
253 61
253 125
253 189
253 317
253 381
253 445
253 574
254 62
254 126
254 190
254 318
254 382
254 446
254 658
254 1131
255 63
255 127
255 191
255 319
255 383
255 447
255 600
255 1173
256 64
256 128
256 192
256 320
256 384
256 448
256 846
257 65
257 129
257 193
257 321
257 359
257 385
257 449
258 27
258 66
258 130
258 194
258 322
258 386
258 450
258 961
259 67
259 131
259 195
259 323
259 387
259 451
259 490
259 1041
260 68
260 132
260 196
260 324
260 388
260 452
260 1133
261 69
261 130
261 133
261 140
261 197
261 325
261 389
261 453
261 937
261 1198
262 6
262 70
262 134
262 198
262 326
262 329
262 390
262 393
262 454
262 521
262 582
262 646
262 713
262 774
262 841
262 902
262 969
262 1033
262 1094
262 1158
262 1222
263 7
263 71
263 73
263 79
263 118
263 135
263 137
263 142
263 199
263 270
263 326
263 327
263 391
263 455
263 519
263 583
263 647
263 711
263 775
263 839
263 903
263 967
263 1031
263 1095
263 1097
263 1223
263 1225
263 1238
264 55
264 72
264 136
264 149
264 152
264 200
264 328
264 375
264 392
264 419
264 456
264 616
264 684
265 73
265 137
265 201
265 266
265 329
265 393
265 438
265 457
265 518
265 585
265 649
265 726
265 1046
265 1174
266 9
266 64
266 74
266 83
266 138
266 201
266 202
266 265
266 310
266 330
266 390
266 394
266 438
266 457
266 458
266 518
266 585
266 649
266 710
266 726
266 778
266 838
266 905
266 966
266 1030
266 1046
266 1102
266 1142
266 1206
267 75
267 139
267 203
267 331
267 395
267 459
267 1239
268 76
268 140
268 204
268 332
268 396
268 460
268 1240
269 77
269 141
269 184
269 205
269 333
269 397
269 461
270 9
270 54
270 64
270 73
270 74
270 78
270 79
270 118
270 135
270 137
270 142
270 199
270 206
270 263
270 310
270 326
270 327
270 334
270 390
270 391
270 398
270 455
270 462
270 519
270 583
270 647
270 710
270 711
270 775
270 777
270 782
270 790
270 838
270 839
270 903
270 905
270 966
270 967
270 974
270 1030
270 1031
270 1095
270 1097
270 1102
270 1142
270 1226
270 1235
271 79
271 143
271 207
271 335
271 336
271 399
271 463
272 80
272 144
272 208
272 336
272 400
272 464
272 644
273 81
273 145
273 209
273 337
273 401
273 465
273 889
273 953
273 1209
274 82
274 146
274 210
274 338
274 402
274 466
274 689
275 83
275 147
275 211
275 339
275 403
275 467
276 84
276 93
276 148
276 212
276 340
276 385
276 404
276 468
276 622
276 987
276 1228
276 1254
277 85
277 149
277 213
277 341
277 405
277 469
277 985
278 86
278 150
278 214
278 342
278 406
278 470
279 87
279 151
279 178
279 215
279 300
279 343
279 407
279 471
279 618
279 1090
280 88
280 152
280 216
280 344
280 408
280 472
280 746
281 89
281 153
281 217
281 345
281 409
281 473
282 90
282 154
282 218
282 284
282 346
282 410
282 474
283 91
283 155
283 219
283 347
283 411
283 475
284 92
284 156
284 220
284 282
284 348
284 412
284 476
285 41
285 93
285 157
285 221
285 349
285 413
285 477
286 94
286 158
286 222
286 350
286 414
286 478
287 95
287 159
287 223
287 351
287 415
287 479
288 88
288 96
288 160
288 224
288 352
288 368
288 416
288 480
288 794
288 938
288 1177
289 97
289 161
289 225
289 353
289 417
289 481
289 698
290 98
290 162
290 226
290 354
290 418
290 482
290 579
290 949
290 952
290 999
291 99
291 163
291 227
291 355
291 419
291 483
292 100
292 164
292 228
292 356
292 420
292 484
293 101
293 165
293 229
293 357
293 421
293 485
294 102
294 166
294 196
294 230
294 358
294 403
294 422
294 486
294 686
294 963
295 103
295 167
295 231
295 359
295 423
295 487
295 1032
295 1256
296 104
296 168
296 232
296 360
296 424
296 488
296 730
296 1081
296 1112
296 1137
297 105
297 169
297 233
297 302
297 361
297 425
297 489
297 1100
297 1272
298 106
298 170
298 234
298 362
298 426
298 490
298 549
298 986
299 56
299 107
299 153
299 171
299 223
299 235
299 363
299 427
299 447
299 491
300 108
300 172
300 178
300 236
300 279
300 364
300 428
300 492
300 618
300 1090
301 100
301 109
301 173
301 237
301 365
301 429
301 493
302 110
302 174
302 238
302 297
302 366
302 430
302 494
302 1100
302 1272
303 111
303 175
303 239
303 367
303 431
303 461
303 495
303 504
303 792
303 943
304 112
304 176
304 240
304 313
304 368
304 432
304 480
304 496
304 697
304 831
304 914
305 113
305 177
305 241
305 369
305 433
305 497
305 1045
305 1147
306 114
306 178
306 242
306 370
306 417
306 434
306 498
306 1151
307 115
307 179
307 197
307 243
307 338
307 371
307 435
307 499
308 116
308 180
308 244
308 372
308 436
308 500
309 117
309 151
309 181
309 245
309 373
309 437
309 501
309 866
310 9
310 54
310 64
310 74
310 79
310 83
310 118
310 137
310 182
310 201
310 246
310 266
310 270
310 326
310 374
310 390
310 391
310 438
310 455
310 457
310 502
310 519
310 649
310 710
310 777
310 778
310 782
310 790
310 838
310 905
310 966
310 967
310 974
310 1030
310 1095
310 1102
310 1142
310 1159
310 1161
310 1270
311 119
311 183
311 247
311 314
311 375
311 439
311 503
311 919
312 120
312 184
312 248
312 376
312 440
312 504
312 1128
313 121
313 185
313 249
313 304
313 377
313 441
313 480
313 505
313 697
313 831
313 914
314 122
314 186
314 250
314 311
314 378
314 442
314 506
314 919
315 123
315 187
315 251
315 319
315 379
315 443
315 507
316 124
316 157
316 188
316 252
316 380
316 444
316 445
316 482
316 508
317 125
317 189
317 240
317 253
317 381
317 445
317 505
317 509
317 751
318 126
318 190
318 252
318 254
318 382
318 446
318 510
319 127
319 191
319 255
319 315
319 383
319 443
319 447
319 511
320 128
320 192
320 256
320 384
320 448
320 512
321 129
321 193
321 257
321 385
321 449
321 513
321 1077
322 130
322 194
322 258
322 386
322 450
322 514
322 632
323 131
323 195
323 259
323 371
323 387
323 451
323 515
323 527
324 132
324 196
324 260
324 388
324 452
324 516
325 133
325 197
325 261
325 389
325 401
325 453
325 517
326 7
326 9
326 54
326 73
326 74
326 79
326 118
326 134
326 135
326 137
326 142
326 198
326 199
326 262
326 263
326 270
326 310
326 327
326 390
326 391
326 454
326 455
326 518
326 519
326 583
326 647
326 710
326 711
326 775
326 777
326 782
326 790
326 838
326 839
326 903
326 905
326 966
326 967
326 974
326 1031
326 1095
326 1097
326 1102
326 1142
326 1161
326 1226
326 1230
326 1235
327 7
327 71
327 73
327 79
327 118
327 135
327 137
327 142
327 199
327 263
327 270
327 326
327 391
327 455
327 519
327 583
327 647
327 711
327 775
327 839
327 903
327 967
327 1031
327 1095
327 1097
327 1223
327 1225
327 1238
328 136
328 200
328 264
328 392
328 456
328 517
328 520
328 523
328 1057
328 1201
329 6
329 70
329 134
329 137
329 198
329 201
329 262
329 265
329 393
329 454
329 457
329 521
329 582
329 646
329 713
329 774
329 841
329 902
329 969
329 1033
329 1094
329 1158
329 1222
330 138
330 202
330 266
330 394
330 458
330 522
331 139
331 203
331 267
331 358
331 395
331 459
331 523
332 140
332 204
332 268
332 396
332 460
332 524
332 757
333 141
333 205
333 269
333 397
333 461
333 525
333 1028
334 142
334 206
334 270
334 398
334 462
334 526
334 558
335 143
335 207
335 246
335 271
335 399
335 463
335 527
336 144
336 208
336 271
336 272
336 400
336 464
336 528
337 145
337 209
337 273
337 401
337 465
337 529
337 1085
338 146
338 197
338 210
338 274
338 307
338 402
338 466
338 530
339 147
339 211
339 275
339 403
339 467
339 531
339 826
340 148
340 212
340 276
340 404
340 468
340 494
340 532
340 663
340 904
340 1279
341 149
341 213
341 277
341 405
341 469
341 533
342 150
342 214
342 278
342 406
342 470
342 534
343 151
343 215
343 279
343 407
343 471
343 535
344 152
344 216
344 280
344 408
344 472
344 536
344 551
345 153
345 217
345 281
345 409
345 473
345 537
345 1036
346 154
346 218
346 282
346 410
346 474
346 538
346 1130
347 117
347 155
347 219
347 283
347 411
347 475
347 539
347 593
347 1099
348 156
348 220
348 284
348 407
348 412
348 468
348 476
348 540
348 1074
348 1268
349 25
349 157
349 221
349 285
349 413
349 477
349 541
349 602
349 1051
349 1274
350 158
350 205
350 222
350 286
350 414
350 478
350 542
351 159
351 223
351 287
351 415
351 479
351 543
351 631
351 806
352 160
352 224
352 288
352 416
352 480
352 544
353 161
353 225
353 289
353 417
353 481
353 545
354 162
354 226
354 290
354 418
354 482
354 546
355 49
355 163
355 227
355 291
355 419
355 483
355 510
355 547
356 164
356 228
356 292
356 420
356 484
356 548
356 848
357 165
357 167
357 229
357 293
357 421
357 485
357 549
357 642
358 166
358 230
358 294
358 331
358 422
358 486
358 550
359 167
359 231
359 257
359 295
359 423
359 487
359 551
360 168
360 232
360 296
360 424
360 488
360 552
360 767
360 789
360 1150
361 169
361 233
361 297
361 425
361 489
361 553
361 990
362 170
362 234
362 298
362 426
362 490
362 554
362 901
362 1202
363 171
363 213
363 235
363 299
363 427
363 474
363 491
363 555
363 849
364 106
364 160
364 172
364 236
364 300
364 428
364 487
364 492
364 556
364 973
365 173
365 237
365 301
365 429
365 493
365 557
366 174
366 238
366 302
366 430
366 494
366 558
366 734
366 1101
366 1251
367 175
367 239
367 303
367 431
367 495
367 499
367 559
368 88
368 176
368 240
368 288
368 304
368 432
368 496
368 560
368 794
368 938
368 1177
369 95
369 177
369 241
369 305
369 433
369 434
369 497
369 561
369 638
369 928
370 178
370 242
370 306
370 434
370 498
370 562
370 997
371 179
371 243
371 307
371 323
371 435
371 499
371 527
371 563
372 180
372 244
372 308
372 436
372 500
372 509
372 564
372 1132
373 181
373 245
373 309
373 437
373 501
373 565
374 182
374 246
374 310
374 438
374 502
374 566
375 55
375 149
375 152
375 183
375 247
375 264
375 311
375 419
375 439
375 503
375 567
375 616
375 684
376 184
376 248
376 312
376 440
376 504
376 568
377 185
377 249
377 313
377 441
377 505
377 569
377 771
377 935
377 1194
378 186
378 233
378 250
378 314
378 442
378 506
378 570
378 657
378 733
378 890
379 170
379 187
379 244
379 251
379 315
379 443
379 507
379 571
379 892
379 1022
379 1211
380 188
380 252
380 316
380 444
380 508
380 572
380 645
380 965
380 1237
381 189
381 253
381 317
381 445
381 509
381 573
381 874
381 920
382 190
382 254
382 318
382 446
382 510
382 574
382 933
383 191
383 255
383 319
383 447
383 511
383 575
383 728
384 173
384 192
384 256
384 320
384 448
384 512
384 576
384 851
385 93
385 193
385 257
385 276
385 321
385 449
385 513
385 577
385 622
385 987
385 1228
385 1254
386 194
386 258
386 322
386 450
386 514
386 578
386 1277
387 195
387 259
387 323
387 415
387 435
387 451
387 515
387 579
387 624
387 1105
388 196
388 260
388 324
388 452
388 516
388 580
388 1035
389 197
389 261
389 325
389 453
389 517
389 529
389 581
389 1011
390 9
390 54
390 64
390 74
390 79
390 83
390 118
390 137
390 142
390 198
390 201
390 262
390 266
390 270
390 310
390 326
390 391
390 454
390 455
390 457
390 518
390 519
390 582
390 649
390 710
390 777
390 778
390 782
390 790
390 838
390 905
390 966
390 967
390 974
390 1030
390 1095
390 1097
390 1102
390 1142
390 1159
390 1161
390 1206
390 1226
390 1235
390 1270
391 9
391 54
391 64
391 73
391 74
391 79
391 83
391 118
391 135
391 137
391 142
391 199
391 263
391 270
391 310
391 326
391 327
391 390
391 455
391 457
391 519
391 583
391 710
391 711
391 777
391 778
391 782
391 790
391 838
391 905
391 966
391 967
391 974
391 1030
391 1031
391 1095
391 1097
391 1102
391 1142
391 1159
391 1161
391 1226
391 1230
391 1235
391 1238
391 1270
392 200
392 264
392 328
392 456
392 520
392 584
392 885
393 6
393 70
393 134
393 198
393 201
393 262
393 265
393 329
393 454
393 457
393 521
393 582
393 585
393 646
393 713
393 774
393 841
393 902
393 969
393 1033
393 1094
393 1158
393 1222
394 202
394 266
394 330
394 458
394 522
394 586
394 654
395 29
395 203
395 267
395 331
395 459
395 523
395 587
395 1025
396 204
396 268
396 332
396 460
396 524
396 588
397 65
397 205
397 269
397 333
397 461
397 525
397 589
398 206
398 270
398 334
398 462
398 526
398 590
398 768
399 207
399 271
399 335
399 463
399 527
399 591
400 208
400 272
400 336
400 464
400 528
400 592
400 842
401 209
401 273
401 325
401 337
401 465
401 529
401 593
402 210
402 274
402 338
402 466
402 530
402 594
403 196
403 211
403 275
403 294
403 339
403 467
403 531
403 595
403 686
403 963
404 212
404 276
404 340
404 468
404 532
404 596
405 213
405 277
405 341
405 469
405 533
405 597
405 722
406 214
406 278
406 342
406 470
406 534
406 598
407 215
407 279
407 343
407 348
407 468
407 471
407 535
407 540
407 599
407 1074
407 1268
408 216
408 280
408 344
408 472
408 536
408 600
408 692
408 1063
409 129
409 217
409 281
409 345
409 473
409 525
409 537
409 577
409 601
410 218
410 282
410 346
410 446
410 474
410 538
410 601
410 602
410 1067
410 1116
410 1138
411 44
411 179
411 219
411 283
411 347
411 475
411 539
411 570
411 603
411 627
411 766
411 895
411 1140
411 1183
412 23
412 220
412 284
412 348
412 476
412 540
412 604
412 681
412 695
412 1250
413 77
413 221
413 225
413 285
413 349
413 477
413 541
413 605
414 222
414 286
414 350
414 478
414 542
414 606
414 1184
415 223
415 287
415 351
415 387
415 435
415 479
415 543
415 607
415 624
415 1105
416 224
416 232
416 288
416 352
416 480
416 544
416 608
416 827
416 1079
417 225
417 289
417 306
417 353
417 481
417 545
417 609
417 1151
418 226
418 290
418 354
418 482
418 546
418 610
418 797
419 55
419 149
419 152
419 227
419 264
419 291
419 355
419 375
419 483
419 547
419 611
419 616
419 684
420 228
420 292
420 356
420 484
420 548
420 612
421 229
421 243
421 293
421 357
421 485
421 549
421 613
421 883
421 1247
422 230
422 294
422 358
422 486
422 550
422 614
423 231
423 295
423 359
423 487
423 520
423 551
423 615
423 648
423 857
424 232
424 296
424 360
424 488
424 552
424 616
425 233
425 297
425 361
425 489
425 553
425 617
426 115
426 234
426 298
426 362
426 473
426 490
426 554
426 618
427 235
427 299
427 363
427 491
427 555
427 619
427 667
427 683
427 747
427 816
428 51
428 236
428 300
428 364
428 492
428 498
428 556
428 620
428 755
428 909
429 237
429 301
429 365
429 493
429 557
429 621
429 633
429 688
430 238
430 302
430 366
430 494
430 516
430 558
430 610
430 622
430 781
431 239
431 303
431 367
431 495
431 559
431 623
432 112
432 171
432 240
432 304
432 368
432 496
432 560
432 624
432 828
433 241
433 305
433 369
433 497
433 561
433 625
433 1021
433 1115
434 95
434 242
434 306
434 369
434 370
434 498
434 562
434 626
434 638
434 928
435 243
435 307
435 371
435 387
435 415
435 499
435 563
435 624
435 627
435 1105
436 108
436 242
436 244
436 308
436 372
436 500
436 564
436 628
436 1083
437 38
437 168
437 245
437 309
437 373
437 501
437 565
437 629
437 1120
438 64
438 83
438 201
438 246
438 265
438 266
438 310
438 374
438 457
438 502
438 518
438 566
438 585
438 630
438 649
438 710
438 726
438 778
438 838
438 1030
438 1046
438 1159
438 1174
438 1206
439 247
439 311
439 375
439 503
439 561
439 567
439 631
440 226
440 248
440 312
440 376
440 504
440 513
440 568
440 632
440 1069
441 249
441 313
441 377
441 505
441 569
441 633
441 940
441 1048
442 250
442 314
442 378
442 506
442 570
442 634
442 1037
443 251
443 315
443 319
443 379
443 507
443 571
443 635
444 252
444 316
444 380
444 508
444 572
444 636
444 893
444 913
444 945
444 1208
445 157
445 253
445 316
445 317
445 381
445 482
445 509
445 573
445 637
446 254
446 318
446 382
446 410
446 510
446 574
446 601
446 638
446 1067
446 1116
446 1138
447 56
447 153
447 223
447 255
447 299
447 319
447 383
447 511
447 575
447 639
448 256
448 320
448 384
448 512
448 576
448 640
449 82
449 257
449 321
449 385
449 513
449 577
449 641
449 844
449 1242
450 12
450 258
450 322
450 386
450 514
450 578
450 642
450 1123
451 58
451 259
451 323
451 387
451 515
451 579
451 587
451 643
452 260
452 324
452 388
452 516
452 580
452 644
453 261
453 325
453 389
453 517
453 581
453 645
453 693
453 780
454 6
454 70
454 134
454 198
454 262
454 326
454 329
454 390
454 393
454 518
454 521
454 582
454 646
454 713
454 774
454 841
454 902
454 969
454 1033
454 1094
454 1158
454 1222
455 9
455 54
455 64
455 73
455 74
455 79
455 118
455 135
455 137
455 142
455 199
455 263
455 270
455 310
455 326
455 327
455 390
455 391
455 519
455 583
455 647
455 710
455 711
455 775
455 777
455 782
455 790
455 838
455 903
455 905
455 966
455 967
455 974
455 1030
455 1031
455 1095
455 1097
455 1102
455 1142
455 1159
455 1161
455 1225
455 1226
455 1230
455 1235
455 1238
455 1270
456 264
456 328
456 392
456 520
456 584
456 648
456 1007
457 9
457 54
457 64
457 74
457 83
457 201
457 265
457 266
457 310
457 329
457 390
457 391
457 393
457 438
457 518
457 521
457 585
457 649
457 710
457 726
457 777
457 778
457 782
457 790
457 838
457 905
457 966
457 974
457 1030
457 1046
457 1102
457 1142
457 1159
457 1161
457 1174
457 1206
457 1270
458 266
458 330
458 394
458 522
458 586
458 650
459 267
459 331
459 395
459 523
459 587
459 651
459 801
459 907
459 1062
460 268
460 332
460 396
460 524
460 588
460 652
460 824
461 269
461 303
461 333
461 397
461 504
461 525
461 589
461 653
461 792
461 943
462 270
462 334
462 398
462 526
462 590
462 654
463 271
463 335
463 399
463 527
463 591
463 655
464 272
464 336
464 400
464 528
464 592
464 656
465 273
465 337
465 401
465 529
465 593
465 657
465 811
465 924
465 1087
466 274
466 338
466 402
466 530
466 555
466 594
466 658
466 669
466 1187
467 2
467 275
467 339
467 403
467 531
467 595
467 659
467 679
467 1126
468 276
468 340
468 348
468 404
468 407
468 532
468 540
468 596
468 660
468 1074
468 1268
469 277
469 341
469 405
469 533
469 597
469 661
470 278
470 342
470 406
470 534
470 598
470 662
471 279
471 343
471 407
471 535
471 599
471 663
471 821
471 1170
471 1189
471 1273
472 280
472 344
472 408
472 536
472 600
472 664
473 115
473 281
473 345
473 409
473 426
473 537
473 601
473 665
474 213
474 282
474 346
474 363
474 410
474 538
474 602
474 666
474 849
475 283
475 347
475 411
475 539
475 603
475 667
475 1020
475 1145
476 284
476 348
476 412
476 540
476 604
476 668
477 285
477 349
477 413
477 541
477 605
477 669
478 286
478 350
478 414
478 542
478 606
478 670
479 287
479 351
479 415
479 543
479 607
479 671
480 288
480 304
480 313
480 352
480 416
480 544
480 608
480 672
480 697
480 831
480 914
481 289
481 353
481 417
481 545
481 609
481 673
481 1026
482 157
482 290
482 316
482 354
482 418
482 445
482 546
482 610
482 674
483 291
483 355
483 419
483 547
483 611
483 675
483 1064
484 292
484 356
484 420
484 548
484 612
484 676
485 293
485 357
485 421
485 508
485 544
485 549
485 613
485 677
485 829
486 294
486 358
486 422
486 550
486 614
486 678
487 106
487 160
487 295
487 359
487 364
487 423
487 551
487 615
487 679
487 973
488 296
488 360
488 424
488 552
488 615
488 616
488 680
488 1164
488 1186
489 297
489 361
489 425
489 542
489 553
489 617
489 681
489 754
490 259
490 298
490 362
490 426
490 554
490 618
490 682
490 1041
491 299
491 363
491 427
491 555
491 619
491 683
492 300
492 364
492 428
492 556
492 620
492 665
492 684
493 301
493 365
493 429
493 557
493 621
493 685
493 1143
494 302
494 340
494 366
494 430
494 558
494 622
494 663
494 686
494 904
494 1279
495 303
495 367
495 431
495 530
495 559
495 623
495 687
495 701
496 218
496 304
496 368
496 432
496 560
496 624
496 688
496 765
496 812
497 125
497 305
497 369
497 433
497 561
497 625
497 689
497 859
497 1203
497 1278
498 51
498 306
498 370
498 428
498 434
498 562
498 626
498 690
498 755
498 909
499 307
499 367
499 371
499 435
499 563
499 627
499 691
500 176
500 308
500 372
500 436
500 564
500 628
500 692
500 819
500 820
501 32
501 200
501 309
501 373
501 437
501 565
501 629
501 693
502 16
502 310
502 374
502 438
502 566
502 630
502 694
503 126
503 311
503 375
503 439
503 567
503 631
503 695
503 709
504 303
504 312
504 376
504 440
504 461
504 568
504 632
504 696
504 792
504 943
505 240
505 313
505 317
505 377
505 441
505 569
505 633
505 697
505 751
506 236
506 314
506 378
506 442
506 570
506 634
506 698
506 1191
507 315
507 379
507 443
507 571
507 635
507 699
507 1056
508 316
508 380
508 444
508 485
508 544
508 572
508 636
508 700
508 829
509 317
509 372
509 381
509 445
509 573
509 637
509 701
509 1132
510 49
510 318
510 355
510 382
510 446
510 574
510 638
510 702
511 319
511 383
511 447
511 575
511 639
511 703
511 1176
512 320
512 384
512 448
512 576
512 640
512 704
512 1034
513 226
513 321
513 385
513 440
513 449
513 577
513 641
513 705
513 1069
514 322
514 386
514 450
514 578
514 642
514 706
514 785
514 899
514 1260
515 323
515 387
515 451
515 579
515 643
515 707
516 324
516 388
516 430
516 452
516 580
516 610
516 644
516 708
516 781
517 325
517 328
517 389
517 453
517 523
517 581
517 645
517 709
517 1057
517 1201
518 64
518 83
518 201
518 265
518 266
518 326
518 390
518 438
518 454
518 457
518 582
518 585
518 646
518 649
518 710
518 726
518 778
518 1030
518 1046
518 1159
518 1174
518 1206
519 9
519 54
519 64
519 73
519 74
519 79
519 118
519 135
519 137
519 142
519 199
519 263
519 270
519 310
519 326
519 327
519 390
519 391
519 455
519 583
519 647
519 710
519 711
519 775
519 777
519 782
519 790
519 838
519 839
519 903
519 905
519 966
519 967
519 974
519 1030
519 1031
519 1095
519 1097
519 1102
519 1142
519 1159
519 1161
519 1225
519 1226
519 1230
519 1235
519 1238
519 1270
520 328
520 392
520 423
520 456
520 584
520 648
520 712
520 857
521 6
521 70
521 134
521 198
521 262
521 329
521 393
521 454
521 457
521 582
521 585
521 646
521 649
521 713
521 774
521 841
521 902
521 969
521 1033
521 1094
521 1158
521 1222
522 0
522 330
522 394
522 458
522 586
522 650
522 714
523 328
523 331
523 395
523 459
523 517
523 587
523 651
523 715
523 1057
523 1201
524 332
524 396
524 460
524 588
524 652
524 716
525 129
525 333
525 397
525 409
525 461
525 577
525 589
525 653
525 717
526 334
526 398
526 462
526 590
526 654
526 718
527 323
527 335
527 371
527 399
527 463
527 591
527 655
527 719
528 336
528 400
528 464
528 592
528 656
528 720
529 337
529 389
529 401
529 465
529 593
529 657
529 721
529 1011
530 338
530 402
530 466
530 495
530 594
530 658
530 701
530 722
531 339
531 403
531 467
531 595
531 659
531 723
532 340
532 404
532 468
532 596
532 628
532 660
532 724
533 341
533 405
533 469
533 597
533 661
533 725
533 958
534 19
534 342
534 406
534 470
534 598
534 662
534 726
535 67
535 89
535 120
535 343
535 407
535 471
535 599
535 663
535 727
535 1157
536 172
536 344
536 408
536 472
536 600
536 664
536 728
537 345
537 409
537 473
537 601
537 665
537 729
538 346
538 410
538 474
538 602
538 666
538 730
539 347
539 411
539 475
539 603
539 667
540 348
540 407
540 412
540 468
540 476
540 604
540 668
540 732
540 1074
540 1268
541 349
541 413
541 477
541 605
541 669
541 733
542 350
542 414
542 478
542 489
542 606
542 670
542 734
542 754
543 188
543 217
543 351
543 415
543 479
543 607
543 671
543 735
543 977
543 1199
544 352
544 416
544 480
544 485
544 508
544 608
544 672
544 736
544 829
545 26
545 91
545 353
545 417
545 481
545 609
545 673
545 737
546 354
546 418
546 482
546 556
546 559
546 610
546 639
546 674
546 738
547 355
547 419
547 483
547 611
547 675
548 356
548 420
548 484
548 612
548 676
548 740
549 298
549 357
549 421
549 485
549 613
549 677
549 741
549 986
550 358
550 422
550 486
550 614
550 678
550 742
551 344
551 359
551 423
551 487
551 615
551 679
551 743
552 360
552 424
552 488
552 565
552 616
552 680
552 744
552 1066
552 1264
553 361
553 425
553 489
553 617
553 653
553 681
553 745
553 770
553 994
553 1125
554 24
554 362
554 426
554 490
554 618
554 682
554 746
554 756
554 879
554 1009
555 363
555 427
555 466
555 491
555 619
555 669
555 683
555 747
555 1187
556 364
556 428
556 492
556 546
556 559
556 620
556 639
556 684
556 748
557 221
557 365
557 429
557 493
557 621
557 685
557 749
557 1096
558 334
558 366
558 430
558 494
558 622
558 686
558 750
559 367
559 431
559 495
559 546
559 556
559 623
559 639
559 687
559 751
560 368
560 432
560 496
560 624
560 688
560 752
561 369
561 433
561 439
561 497
561 625
561 689
561 753
562 370
562 434
562 498
562 626
562 690
562 754
562 1054
563 63
563 216
563 371
563 435
563 499
563 627
563 691
563 755
564 59
564 372
564 436
564 500
564 628
564 692
564 756
564 981
564 1071
564 1205
565 373
565 437
565 501
565 552
565 629
565 693
565 757
565 1066
565 1264
566 374
566 438
566 502
566 630
566 694
566 758
567 375
567 439
567 503
567 631
567 695
567 759
567 1075
567 1210
568 376
568 440
568 504
568 632
568 696
568 760
568 786
568 1055
568 1185
569 377
569 441
569 505
569 633
569 697
569 761
569 917
570 44
570 179
570 378
570 411
570 442
570 506
570 627
570 634
570 698
570 762
570 766
570 895
570 1140
570 1183
571 379
571 443
571 507
571 635
571 699
571 763
572 380
572 444
572 508
572 636
572 700
572 764
572 875
572 946
573 381
573 445
573 509
573 637
573 701
573 765
573 978
574 253
574 382
574 446
574 510
574 638
574 702
574 766
575 383
575 447
575 511
575 639
575 703
575 767
576 11
576 384
576 448
576 512
576 640
576 656
576 704
576 768
577 129
577 385
577 409
577 449
577 513
577 525
577 641
577 705
577 769
578 386
578 450
578 514
578 642
578 677
578 706
578 744
578 770
579 290
579 387
579 451
579 515
579 643
579 707
579 771
579 949
579 952
579 999
580 388
580 452
580 516
580 644
580 708
580 772
581 389
581 453
581 517
581 599
581 645
581 709
581 773
582 6
582 70
582 134
582 198
582 262
582 329
582 390
582 393
582 454
582 518
582 521
582 646
582 710
582 713
582 774
582 841
582 902
582 969
582 1033
582 1094
582 1158
582 1222
583 7
583 71
583 73
583 79
583 135
583 137
583 142
583 199
583 263
583 270
583 326
583 327
583 391
583 455
583 519
583 647
583 711
583 775
583 839
583 903
583 967
583 1031
583 1095
583 1097
583 1223
583 1225
583 1226
583 1230
583 1238
584 392
584 456
584 520
584 648
584 690
584 712
584 776
584 1016
585 64
585 83
585 201
585 265
585 266
585 393
585 438
585 457
585 518
585 521
585 649
585 713
585 726
585 777
585 778
585 1030
585 1046
585 1159
585 1174
585 1206
586 394
586 458
586 522
586 650
586 714
586 778
587 58
587 395
587 451
587 459
587 523
587 651
587 715
587 779
588 47
588 396
588 460
588 524
588 652
588 716
588 780
588 1119
589 397
589 461
589 525
589 596
589 653
589 717
589 781
589 918
590 398
590 462
590 526
590 654
590 718
590 782
591 399
591 463
591 527
591 655
591 719
591 783
592 400
592 464
592 528
592 656
592 720
592 784
592 1024
592 1165
593 117
593 347
593 401
593 465
593 529
593 657
593 721
593 785
593 1099
594 402
594 466
594 530
594 658
594 722
594 786
595 403
595 467
595 531
595 659
595 723
595 787
596 404
596 468
596 532
596 589
596 660
596 724
596 788
596 918
597 405
597 469
597 533
597 661
597 725
597 789
598 406
598 470
598 534
598 662
598 726
598 790
599 407
599 471
599 535
599 581
599 663
599 727
599 791
600 255
600 408
600 472
600 536
600 664
600 728
600 792
600 1173
601 409
601 410
601 446
601 473
601 537
601 665
601 729
601 793
601 1067
601 1116
601 1138
602 25
602 349
602 410
602 474
602 538
602 666
602 730
602 794
602 1051
602 1274
603 85
603 411
603 475
603 539
603 667
603 731
603 795
603 858
604 412
604 476
604 540
604 668
604 673
604 732
604 737
604 796
604 1148
605 413
605 477
605 541
605 669
605 733
605 797
606 414
606 478
606 542
606 670
606 734
606 798
607 124
607 415
607 479
607 543
607 671
607 735
607 799
608 416
608 480
608 544
608 672
608 736
608 800
609 417
609 481
609 545
609 673
609 737
609 801
609 808
609 865
609 1058
610 418
610 430
610 482
610 516
610 546
610 674
610 738
610 781
610 802
611 419
611 483
611 547
611 675
611 803
612 420
612 484
612 548
612 676
612 740
612 804
613 92
613 421
613 485
613 549
613 677
613 741
613 805
613 971
614 422
614 486
614 550
614 678
614 742
614 806
614 931
615 423
615 487
615 488
615 551
615 679
615 743
615 807
615 1164
615 1186
616 55
616 149
616 152
616 264
616 375
616 419
616 424
616 488
616 552
616 680
616 684
616 744
616 808
617 8
617 425
617 489
617 553
617 681
617 745
617 809
617 929
618 178
618 279
618 300
618 426
618 490
618 554
618 682
618 746
618 810
618 1090
619 427
619 491
619 555
619 683
619 747
619 811
619 984
620 428
620 492
620 556
620 684
620 748
620 812
621 195
621 429
621 493
621 557
621 685
621 749
621 813
622 93
622 276
622 385
622 430
622 494
622 558
622 686
622 750
622 814
622 987
622 1228
622 1254
623 431
623 495
623 559
623 687
623 748
623 751
623 763
623 815
624 387
624 415
624 432
624 435
624 496
624 560
624 688
624 752
624 816
624 1105
625 57
625 220
625 433
625 497
625 561
625 689
625 753
625 817
626 231
626 248
626 434
626 498
626 562
626 690
626 736
626 754
626 818
626 1248
627 44
627 179
627 411
627 435
627 499
627 563
627 570
627 691
627 755
627 766
627 819
627 895
627 1140
627 1183
628 436
628 500
628 532
628 564
628 692
628 756
628 820
629 90
629 437
629 501
629 565
629 693
629 757
629 821
629 833
629 927
629 1005
630 438
630 502
630 566
630 694
630 758
630 822
630 1039
631 351
631 439
631 503
631 567
631 695
631 759
631 806
631 823
632 322
632 440
632 504
632 568
632 696
632 760
632 824
633 429
633 441
633 505
633 569
633 688
633 697
633 761
633 825
634 442
634 506
634 570
634 698
634 762
634 826
634 992
635 443
635 507
635 571
635 699
635 763
635 827
636 444
636 508
636 572
636 700
636 729
636 735
636 764
636 828
637 445
637 509
637 573
637 652
637 701
637 765
637 829
638 95
638 369
638 434
638 446
638 510
638 574
638 702
638 766
638 830
638 928
639 447
639 511
639 546
639 556
639 559
639 575
639 703
639 767
639 831
640 448
640 512
640 576
640 704
640 768
640 832
640 1166
641 136
641 162
641 449
641 513
641 577
641 705
641 707
641 769
641 833
642 167
642 357
642 450
642 514
642 578
642 706
642 770
642 834
643 451
643 515
643 579
643 675
643 707
643 771
643 835
644 272
644 452
644 516
644 580
644 708
644 772
644 836
645 380
645 453
645 517
645 581
645 709
645 773
645 837
645 965
645 1237
646 6
646 70
646 134
646 198
646 262
646 329
646 393
646 454
646 518
646 521
646 582
646 710
646 713
646 774
646 838
646 841
646 902
646 969
646 1033
646 1094
646 1158
646 1222
647 7
647 71
647 73
647 79
647 135
647 137
647 142
647 199
647 263
647 270
647 326
647 327
647 455
647 519
647 583
647 711
647 775
647 839
647 903
647 967
647 1031
647 1095
647 1097
647 1223
647 1225
647 1226
647 1230
647 1238
648 423
648 456
648 520
648 584
648 712
648 776
648 840
648 857
649 64
649 83
649 201
649 265
649 266
649 310
649 390
649 438
649 457
649 518
649 521
649 585
649 710
649 713
649 726
649 777
649 778
649 838
649 841
649 1030
649 1046
649 1142
649 1159
649 1161
649 1174
649 1206
650 458
650 522
650 586
650 659
650 714
650 778
650 842
650 926
651 34
651 459
651 523
651 587
651 715
651 779
651 843
652 460
652 524
652 588
652 637
652 716
652 780
652 844
653 461
653 525
653 553
653 589
653 717
653 770
653 781
653 845
653 994
653 1125
654 394
654 462
654 526
654 590
654 718
654 782
654 846
655 463
655 527
655 591
655 719
655 783
655 847
655 1188
656 11
656 464
656 528
656 576
656 592
656 720
656 784
656 848
657 233
657 378
657 465
657 529
657 593
657 721
657 733
657 785
657 849
657 890
658 254
658 466
658 530
658 594
658 722
658 786
658 850
658 1131
659 467
659 531
659 595
659 650
659 723
659 787
659 851
659 926
660 468
660 532
660 596
660 724
660 788
660 852
660 1013
660 1172
661 469
661 533
661 597
661 725
661 789
661 853
661 1114
662 470
662 534
662 598
662 726
662 790
662 854
663 340
663 471
663 494
663 535
663 599
663 727
663 791
663 855
663 904
663 1279
664 189
664 472
664 536
664 600
664 668
664 728
664 792
664 856
665 473
665 492
665 537
665 601
665 729
665 793
665 857
666 474
666 538
666 602
666 730
666 794
666 858
667 427
667 475
667 539
667 603
667 683
667 731
667 747
667 795
667 816
667 859
668 189
668 476
668 540
668 604
668 664
668 732
668 796
668 860
669 466
669 477
669 541
669 555
669 605
669 733
669 797
669 861
669 1187
670 478
670 542
670 606
670 734
670 798
670 862
670 1269
671 188
671 217
671 479
671 543
671 607
671 735
671 799
671 863
671 977
671 1199
672 480
672 544
672 608
672 736
672 800
672 864
673 481
673 545
673 604
673 609
673 737
673 801
673 865
673 1148
674 482
674 546
674 610
674 738
674 741
674 802
674 866
675 483
675 547
675 611
675 643
675 739
675 803
675 867
676 484
676 548
676 612
676 740
676 804
676 868
677 485
677 549
677 578
677 613
677 741
677 744
677 805
677 869
678 104
678 486
678 550
678 614
678 742
678 806
678 870
678 1070
679 2
679 467
679 487
679 551
679 615
679 743
679 807
679 871
679 1126
680 488
680 552
680 616
680 744
680 805
680 808
680 872
681 23
681 412
681 489
681 553
681 617
681 695
681 745
681 809
681 873
681 1250
682 490
682 554
682 618
682 746
682 810
682 830
682 874
682 1053
682 1109
683 427
683 491
683 555
683 619
683 667
683 747
683 811
683 816
683 875
684 55
684 149
684 152
684 264
684 375
684 419
684 492
684 556
684 616
684 620
684 748
684 812
684 876
685 493
685 557
685 621
685 749
685 813
685 877
686 196
686 294
686 403
686 494
686 558
686 622
686 750
686 814
686 878
686 963
687 495
687 559
687 623
687 751
687 815
687 879
688 429
688 496
688 560
688 624
688 633
688 752
688 816
688 880
689 274
689 497
689 561
689 625
689 753
689 817
689 881
690 498
690 562
690 584
690 626
690 754
690 818
690 882
690 1016
691 499
691 563
691 627
691 755
691 819
691 883
692 408
692 500
692 564
692 628
692 756
692 820
692 884
692 1063
693 453
693 501
693 565
693 629
693 757
693 780
693 821
693 885
694 502
694 566
694 630
694 704
694 758
694 822
694 886
695 23
695 412
695 503
695 567
695 631
695 681
695 759
695 823
695 887
695 1250
696 504
696 568
696 632
696 760
696 824
696 888
696 959
696 1080
696 1084
697 304
697 313
697 480
697 505
697 569
697 633
697 761
697 825
697 831
697 889
697 914
698 289
698 506
698 570
698 634
698 762
698 826
698 890
699 507
699 571
699 635
699 763
699 827
699 876
699 891
700 508
700 572
700 636
700 764
700 828
700 892
701 495
701 509
701 530
701 573
701 637
701 765
701 829
701 893
702 510
702 574
702 638
702 766
702 830
702 894
702 1200
703 154
703 511
703 575
703 639
703 767
703 831
703 895
704 512
704 576
704 640
704 694
704 768
704 832
704 896
705 513
705 577
705 641
705 769
705 833
705 834
705 869
705 897
706 514
706 578
706 642
706 770
706 834
706 898
707 136
707 162
707 515
707 579
707 641
707 643
707 771
707 835
707 899
708 516
708 580
708 644
708 772
708 836
708 900
709 126
709 503
709 517
709 581
709 645
709 773
709 837
709 901
710 9
710 54
710 64
710 74
710 79
710 83
710 118
710 137
710 201
710 266
710 270
710 310
710 326
710 390
710 391
710 438
710 455
710 457
710 518
710 519
710 582
710 646
710 649
710 774
710 777
710 778
710 782
710 790
710 838
710 902
710 905
710 966
710 967
710 974
710 1030
710 1046
710 1102
710 1142
710 1159
710 1161
710 1206
710 1226
710 1235
710 1270
711 7
711 71
711 73
711 74
711 79
711 118
711 135
711 137
711 142
711 199
711 263
711 270
711 326
711 327
711 391
711 455
711 519
711 583
711 647
711 775
711 777
711 782
711 790
711 839
711 903
711 967
711 974
711 1031
711 1095
711 1097
711 1223
711 1225
711 1226
711 1230
711 1235
711 1238
712 520
712 584
712 648
712 776
712 840
712 887
712 904
712 1106
713 6
713 70
713 134
713 198
713 262
713 329
713 393
713 454
713 521
713 582
713 585
713 646
713 649
713 774
713 777
713 841
713 902
713 905
713 969
713 1033
713 1094
713 1158
713 1222
714 522
714 586
714 650
714 778
714 842
714 906
715 69
715 523
715 587
715 651
715 779
715 843
715 907
716 524
716 588
716 652
716 780
716 844
716 908
717 525
717 589
717 653
717 781
717 845
717 909
718 526
718 590
718 654
718 782
718 846
718 910
719 527
719 591
719 655
719 783
719 847
719 911
720 528
720 592
720 656
720 784
720 848
720 912
721 529
721 593
721 657
721 785
721 849
721 913
722 405
722 530
722 594
722 658
722 786
722 850
722 914
723 531
723 595
723 659
723 787
723 851
723 915
724 532
724 596
724 660
724 788
724 852
724 916
725 533
725 597
725 661
725 789
725 853
725 917
726 64
726 83
726 201
726 265
726 266
726 438
726 457
726 518
726 534
726 585
726 598
726 649
726 662
726 778
726 790
726 854
726 918
726 1030
726 1046
726 1159
726 1174
726 1206
727 535
727 599
727 663
727 791
727 855
727 919
727 1149
728 383
728 536
728 600
728 664
728 792
728 856
728 920
729 537
729 601
729 636
729 665
729 735
729 793
729 857
729 921
730 296
730 538
730 602
730 666
730 794
730 858
730 922
730 1081
730 1112
730 1137
731 603
731 667
731 795
731 859
731 923
732 62
732 540
732 604
732 668
732 796
732 860
732 924
732 1175
733 233
733 378
733 541
733 605
733 657
733 669
733 797
733 861
733 890
733 925
734 366
734 542
734 606
734 670
734 798
734 862
734 926
734 1101
734 1251
735 543
735 607
735 636
735 671
735 729
735 799
735 863
735 927
736 231
736 248
736 544
736 608
736 626
736 672
736 800
736 864
736 928
736 1248
737 545
737 604
737 609
737 673
737 801
737 865
737 929
737 1148
738 122
738 546
738 610
738 674
738 802
738 866
738 930
738 1029
739 675
739 803
739 867
739 931
740 548
740 612
740 676
740 804
740 868
740 932
740 1197
740 1262
741 549
741 613
741 674
741 677
741 805
741 869
741 933
742 550
742 614
742 678
742 806
742 870
742 934
743 43
743 103
743 219
743 551
743 615
743 679
743 807
743 871
743 935
744 552
744 578
744 616
744 677
744 680
744 808
744 872
744 936
745 553
745 617
745 681
745 809
745 873
745 888
745 937
745 1127
746 280
746 554
746 618
746 682
746 810
746 874
746 938
747 427
747 555
747 619
747 667
747 683
747 811
747 816
747 875
747 939
748 556
748 620
748 623
748 684
748 763
748 812
748 876
748 940
749 557
749 621
749 685
749 813
749 877
749 941
749 1047
750 558
750 622
750 686
750 814
750 878
750 942
751 240
751 317
751 505
751 559
751 623
751 687
751 815
751 879
751 943
752 560
752 624
752 688
752 816
752 880
752 944
753 247
753 561
753 625
753 689
753 817
753 881
753 921
753 945
754 489
754 542
754 562
754 626
754 690
754 818
754 882
754 946
755 51
755 428
755 498
755 563
755 627
755 691
755 819
755 883
755 909
755 947
756 24
756 554
756 564
756 628
756 692
756 820
756 879
756 884
756 948
756 1009
757 332
757 565
757 629
757 693
757 821
757 885
757 949
758 566
758 630
758 694
758 822
758 886
758 950
759 567
759 631
759 695
759 823
759 887
759 951
760 568
760 632
760 696
760 824
760 888
760 952
761 569
761 633
761 697
761 825
761 889
761 953
761 1214
762 123
762 161
762 570
762 634
762 698
762 826
762 890
762 954
762 1065
762 1153
763 571
763 623
763 635
763 699
763 748
763 827
763 891
763 955
764 572
764 636
764 700
764 828
764 892
764 956
764 957
765 218
765 496
765 573
765 637
765 701
765 812
765 829
765 893
765 957
766 44
766 179
766 411
766 570
766 574
766 627
766 638
766 702
766 830
766 894
766 895
766 958
766 1140
766 1183
767 360
767 575
767 639
767 703
767 789
767 831
767 895
767 959
767 1150
768 398
768 576
768 640
768 704
768 832
768 896
768 960
769 186
769 577
769 641
769 705
769 833
769 897
769 961
769 993
769 1181
769 1255
770 553
770 578
770 642
770 653
770 706
770 834
770 898
770 962
770 994
770 1125
771 377
771 579
771 643
771 707
771 835
771 899
771 935
771 963
771 1194
772 580
772 644
772 708
772 836
772 900
772 964
773 113
773 229
773 581
773 645
773 709
773 837
773 901
773 965
774 6
774 70
774 134
774 198
774 262
774 329
774 393
774 454
774 521
774 582
774 646
774 710
774 713
774 838
774 841
774 902
774 966
774 969
774 1033
774 1094
774 1158
774 1222
775 7
775 71
775 73
775 74
775 79
775 118
775 135
775 137
775 142
775 199
775 263
775 270
775 326
775 327
775 455
775 519
775 583
775 647
775 711
775 782
775 839
775 903
775 967
775 1031
775 1095
775 1097
775 1223
775 1225
775 1226
775 1230
775 1235
775 1238
776 584
776 648
776 712
776 840
776 904
776 968
777 9
777 54
777 64
777 73
777 74
777 79
777 83
777 118
777 135
777 137
777 142
777 199
777 201
777 270
777 310
777 326
777 390
777 391
777 455
777 457
777 519
777 585
777 649
777 710
777 711
777 713
777 778
777 782
777 790
777 838
777 841
777 905
777 966
777 967
777 969
777 974
777 1030
777 1031
777 1095
777 1097
777 1102
777 1142
777 1159
777 1161
777 1226
777 1230
777 1235
777 1270
778 9
778 54
778 64
778 83
778 201
778 266
778 310
778 390
778 391
778 438
778 457
778 518
778 585
778 586
778 649
778 650
778 710
778 714
778 726
778 777
778 790
778 838
778 842
778 905
778 906
778 966
778 970
778 974
778 1030
778 1046
778 1102
778 1142
778 1159
778 1161
778 1174
778 1206
778 1270
779 587
779 651
779 715
779 843
779 907
779 971
780 453
780 588
780 652
780 693
780 716
780 844
780 908
780 972
781 430
781 516
781 589
781 610
781 653
781 717
781 845
781 909
781 973
782 9
782 54
782 64
782 73
782 74
782 79
782 118
782 135
782 137
782 142
782 199
782 270
782 310
782 326
782 390
782 391
782 455
782 457
782 519
782 590
782 654
782 710
782 711
782 718
782 775
782 777
782 790
782 838
782 846
782 903
782 905
782 910
782 966
782 967
782 974
782 1030
782 1031
782 1095
782 1097
782 1102
782 1142
782 1159
782 1161
782 1225
782 1226
782 1230
782 1235
782 1238
782 1270
783 182
783 591
783 655
783 719
783 847
783 911
783 975
784 592
784 656
784 720
784 848
784 912
784 976
785 514
785 593
785 657
785 721
785 849
785 899
785 913
785 977
785 1260
786 568
786 594
786 658
786 722
786 850
786 914
786 978
786 1055
786 1185
787 595
787 659
787 723
787 851
787 915
787 979
787 1219
788 596
788 660
788 724
788 852
788 916
788 980
788 1006
789 360
789 597
789 661
789 725
789 767
789 853
789 917
789 981
789 1150
790 9
790 54
790 64
790 73
790 74
790 79
790 118
790 135
790 137
790 142
790 199
790 270
790 310
790 326
790 390
790 391
790 455
790 457
790 519
790 598
790 662
790 710
790 711
790 726
790 777
790 778
790 782
790 838
790 854
790 905
790 918
790 966
790 967
790 974
790 982
790 1030
790 1031
790 1095
790 1097
790 1102
790 1142
790 1159
790 1161
790 1225
790 1226
790 1230
790 1235
790 1238
790 1270
791 31
791 599
791 663
791 727
791 855
791 919
791 983
792 303
792 461
792 504
792 600
792 664
792 728
792 856
792 920
792 943
792 984
793 601
793 665
793 729
793 857
793 921
793 985
794 88
794 288
794 368
794 602
794 666
794 730
794 858
794 922
794 938
794 986
794 1177
795 156
795 603
795 667
795 731
795 859
795 923
795 987
796 604
796 668
796 732
796 860
796 924
796 988
797 418
797 605
797 669
797 733
797 861
797 925
797 989
798 250
798 606
798 670
798 734
798 862
798 926
798 990
798 1043
799 607
799 671
799 735
799 850
799 863
799 898
799 927
799 991
800 608
800 672
800 736
800 864
800 928
800 992
800 1012
800 1076
801 459
801 609
801 673
801 737
801 865
801 907
801 929
801 993
801 1062
802 165
802 181
802 610
802 674
802 738
802 866
802 871
802 930
802 994
802 1018
803 107
803 611
803 675
803 739
803 867
803 931
803 995
803 1259
804 612
804 676
804 740
804 868
804 932
804 996
805 613
805 677
805 680
805 741
805 869
805 933
805 997
806 351
806 614
806 631
806 678
806 742
806 870
806 934
806 998
807 615
807 679
807 743
807 871
807 935
807 999
808 609
808 616
808 680
808 744
808 865
808 872
808 936
808 1000
808 1058
809 617
809 681
809 745
809 873
809 937
809 1001
810 618
810 682
810 746
810 874
810 938
810 1002
810 1276
811 465
811 619
811 683
811 747
811 875
811 924
811 939
811 1003
811 1087
812 218
812 496
812 620
812 684
812 748
812 765
812 876
812 940
812 1004
813 18
813 621
813 685
813 749
813 877
813 941
813 1005
813 1265
814 622
814 686
814 750
814 878
814 942
814 1006
815 230
815 623
815 687
815 751
815 879
815 943
815 998
815 1007
816 427
816 624
816 667
816 683
816 688
816 747
816 752
816 880
816 944
816 1008
817 625
817 689
817 753
817 837
817 881
817 945
817 1009
817 1275
818 626
818 690
818 754
818 855
818 882
818 946
818 1010
818 1061
819 176
819 500
819 627
819 691
819 755
819 820
819 883
819 947
819 1011
820 176
820 500
820 628
820 692
820 756
820 819
820 884
820 948
820 1012
821 471
821 629
821 693
821 757
821 885
821 949
821 1013
821 1170
821 1189
821 1273
822 630
822 694
822 758
822 886
822 950
822 1014
823 183
823 241
823 631
823 695
823 759
823 880
823 882
823 887
823 951
823 991
823 1015
823 1019
824 460
824 632
824 696
824 760
824 888
824 952
824 1016
825 249
825 633
825 697
825 761
825 889
825 953
825 1017
826 339
826 634
826 698
826 762
826 890
826 954
826 1018
827 232
827 416
827 635
827 699
827 763
827 891
827 955
827 1019
827 1079
828 112
828 171
828 432
828 636
828 700
828 764
828 892
828 956
828 1020
829 485
829 508
829 544
829 637
829 701
829 765
829 893
829 957
829 1021
830 638
830 682
830 702
830 766
830 894
830 958
830 1022
830 1053
830 1109
831 304
831 313
831 480
831 639
831 697
831 703
831 767
831 895
831 914
831 959
831 1023
832 640
832 704
832 768
832 896
832 960
832 1024
833 90
833 629
833 641
833 705
833 769
833 897
833 927
833 961
833 1005
833 1025
834 642
834 705
834 706
834 770
834 869
834 898
834 962
834 1026
835 42
835 643
835 707
835 771
835 899
835 963
835 1027
836 46
836 644
836 708
836 772
836 900
836 964
836 1028
837 645
837 709
837 773
837 817
837 901
837 965
837 1029
837 1275
838 9
838 54
838 64
838 74
838 79
838 83
838 118
838 137
838 201
838 266
838 270
838 310
838 326
838 390
838 391
838 438
838 455
838 457
838 519
838 646
838 649
838 710
838 774
838 777
838 778
838 782
838 790
838 902
838 905
838 966
838 967
838 974
838 1030
838 1046
838 1102
838 1142
838 1159
838 1161
838 1206
838 1226
838 1235
838 1270
839 7
839 71
839 73
839 79
839 135
839 137
839 142
839 199
839 263
839 270
839 326
839 327
839 519
839 583
839 647
839 711
839 775
839 903
839 967
839 1031
839 1095
839 1097
839 1223
839 1225
839 1226
839 1230
839 1238
840 132
840 648
840 712
840 776
840 904
840 968
840 980
840 1032
841 6
841 70
841 134
841 198
841 262
841 329
841 393
841 454
841 521
841 582
841 646
841 649
841 713
841 774
841 777
841 902
841 905
841 969
841 1033
841 1094
841 1158
841 1222
842 400
842 650
842 714
842 778
842 906
842 970
842 1034
843 651
843 715
843 779
843 907
843 971
843 1035
844 82
844 449
844 652
844 716
844 780
844 908
844 972
844 1036
844 1242
845 653
845 717
845 781
845 909
845 973
845 1037
846 256
846 654
846 718
846 782
846 910
846 974
846 1038
847 655
847 719
847 783
847 911
847 975
847 1039
847 1110
848 356
848 656
848 720
848 784
848 912
848 976
848 1040
849 213
849 363
849 474
849 657
849 721
849 785
849 913
849 977
849 1041
850 658
850 722
850 786
850 799
850 898
850 914
850 978
850 1042
851 173
851 384
851 659
851 723
851 787
851 915
851 979
851 1043
852 116
852 660
852 724
852 788
852 916
852 936
852 980
852 996
852 1044
853 661
853 725
853 789
853 917
853 981
853 1023
853 1045
853 1072
854 662
854 726
854 790
854 918
854 982
854 1046
855 663
855 727
855 791
855 818
855 919
855 983
855 1047
855 1061
856 664
856 728
856 792
856 920
856 984
856 1048
857 423
857 520
857 648
857 665
857 729
857 793
857 921
857 985
857 1049
858 85
858 603
858 666
858 730
858 794
858 922
858 986
858 1050
859 125
859 497
859 667
859 731
859 795
859 923
859 987
859 1051
859 1203
859 1278
860 163
860 239
860 668
860 732
860 796
860 924
860 988
860 1052
861 669
861 733
861 797
861 878
861 925
861 989
861 1053
862 670
862 734
862 798
862 926
862 990
862 1054
863 671
863 735
863 799
863 927
863 991
863 1055
864 164
864 672
864 736
864 800
864 928
864 992
864 1056
864 1108
865 609
865 673
865 737
865 801
865 808
865 929
865 993
865 1057
865 1058
866 151
866 309
866 674
866 738
866 802
866 930
866 994
866 1058
867 234
867 675
867 739
867 803
867 931
867 995
867 1010
867 1052
867 1059
868 676
868 740
868 804
868 932
868 996
868 1060
868 1257
869 677
869 705
869 741
869 805
869 834
869 933
869 997
869 1061
870 72
870 193
870 678
870 742
870 806
870 934
870 998
870 1062
871 165
871 181
871 679
871 743
871 802
871 807
871 935
871 999
871 1018
871 1063
872 680
872 744
872 808
872 936
872 1000
872 1064
873 238
873 681
873 745
873 809
873 937
873 1001
873 1065
874 381
874 682
874 746
874 810
874 920
874 938
874 1002
874 1066
875 572
875 683
875 747
875 811
875 939
875 946
875 1003
875 1067
876 684
876 699
876 748
876 812
876 940
876 1004
876 1068
877 685
877 749
877 813
877 941
877 1005
877 1069
878 686
878 750
878 814
878 861
878 942
878 1006
878 1070
879 24
879 554
879 687
879 751
879 756
879 815
879 943
879 1007
879 1009
879 1071
880 183
880 241
880 688
880 752
880 816
880 823
880 882
880 944
880 991
880 1008
880 1019
880 1072
881 689
881 753
881 817
881 945
881 1009
881 1068
881 1073
881 1139
882 183
882 241
882 690
882 754
882 818
882 823
882 880
882 946
882 991
882 1010
882 1019
882 1074
883 243
883 421
883 691
883 755
883 819
883 947
883 1011
883 1075
883 1247
884 692
884 756
884 820
884 948
884 1012
884 1076
885 392
885 693
885 757
885 821
885 949
885 1013
885 1077
886 694
886 758
886 822
886 932
886 950
886 1014
886 1078
887 695
887 712
887 759
887 823
887 951
887 1015
887 1079
887 1106
888 696
888 745
888 760
888 824
888 952
888 1016
888 1080
888 1127
889 273
889 697
889 761
889 825
889 953
889 1017
889 1081
889 1209
890 233
890 378
890 657
890 698
890 733
890 762
890 826
890 954
890 1018
890 1082
891 699
891 763
891 827
891 955
891 1019
891 1083
891 1178
891 1196
892 170
892 244
892 379
892 700
892 764
892 828
892 956
892 1020
892 1022
892 1084
892 1211
893 444
893 701
893 765
893 829
893 913
893 945
893 957
893 1021
893 1085
893 1208
894 251
894 702
894 766
894 830
894 958
894 1022
894 1086
895 44
895 179
895 411
895 570
895 627
895 703
895 766
895 767
895 831
895 959
895 1023
895 1087
895 1140
895 1183
896 704
896 768
896 832
896 960
896 1024
896 1088
897 705
897 769
897 833
897 961
897 1002
897 1025
897 1089
897 1111
898 706
898 770
898 799
898 834
898 850
898 962
898 1026
898 1090
899 514
899 707
899 771
899 785
899 835
899 963
899 1027
899 1091
899 1260
900 708
900 772
900 836
900 964
900 1028
900 1092
900 1156
901 362
901 709
901 773
901 837
901 965
901 1029
901 1093
901 1202
902 6
902 70
902 134
902 198
902 262
902 329
902 393
902 454
902 521
902 582
902 646
902 710
902 713
902 774
902 838
902 841
902 966
902 969
902 1030
902 1033
902 1094
902 1158
902 1222
903 7
903 71
903 73
903 74
903 79
903 118
903 135
903 137
903 142
903 199
903 263
903 270
903 326
903 327
903 455
903 519
903 583
903 647
903 711
903 775
903 782
903 839
903 967
903 1031
903 1095
903 1097
903 1223
903 1225
903 1226
903 1230
903 1235
903 1238
904 340
904 494
904 663
904 712
904 776
904 840
904 968
904 1032
904 1096
904 1279
905 9
905 54
905 64
905 73
905 74
905 79
905 83
905 118
905 137
905 142
905 201
905 266
905 270
905 310
905 326
905 390
905 391
905 455
905 457
905 519
905 710
905 713
905 777
905 778
905 782
905 790
905 838
905 841
905 966
905 967
905 969
905 974
905 1030
905 1031
905 1033
905 1095
905 1097
905 1102
905 1142
905 1159
905 1161
905 1226
905 1230
905 1235
905 1270
906 714
906 778
906 842
906 970
906 1034
906 1098
907 459
907 715
907 779
907 801
907 843
907 971
907 1035
907 1062
907 1099
908 716
908 780
908 844
908 972
908 1027
908 1036
908 1100
909 51
909 428
909 498
909 717
909 755
909 781
909 845
909 973
909 1037
909 1101
910 718
910 782
910 846
910 974
910 1038
910 1102
910 1253
911 719
911 783
911 847
911 975
911 1039
911 1091
911 1103
912 720
912 784
912 848
912 976
912 1040
912 1104
913 444
913 721
913 785
913 849
913 893
913 945
913 977
913 1041
913 1105
913 1208
914 304
914 313
914 480
914 697
914 722
914 786
914 831
914 850
914 978
914 1042
914 1106
915 723
915 787
915 851
915 979
915 1043
915 1107
916 5
916 724
916 788
916 852
916 980
916 1044
916 1108
917 569
917 725
917 789
917 853
917 981
917 1045
917 1109
918 589
918 596
918 726
918 790
918 854
918 982
918 1046
918 1110
919 311
919 314
919 727
919 791
919 855
919 983
919 1047
919 1111
920 381
920 728
920 792
920 856
920 874
920 984
920 1048
920 1112
921 247
921 729
921 753
921 793
921 857
921 985
921 1049
921 1113
922 730
922 794
922 858
922 986
922 1050
922 1114
923 731
923 795
923 859
923 955
923 987
923 1051
923 1115
924 465
924 732
924 796
924 811
924 860
924 988
924 1052
924 1087
924 1116
925 60
925 733
925 797
925 861
925 989
925 1053
925 1093
925 1117
926 650
926 659
926 734
926 798
926 862
926 990
926 1054
926 1118
927 90
927 629
927 735
927 799
927 833
927 863
927 991
927 1005
927 1055
927 1119
928 95
928 369
928 434
928 638
928 736
928 800
928 864
928 992
928 1056
928 1120
929 8
929 617
929 737
929 801
929 865
929 993
929 1057
929 1121
930 33
930 738
930 802
930 866
930 994
930 1058
930 1122
931 614
931 739
931 803
931 867
931 995
931 1059
931 1123
932 740
932 804
932 868
932 886
932 996
932 1060
932 1124
933 382
933 741
933 805
933 869
933 997
933 1061
933 1125
934 742
934 806
934 870
934 998
934 1062
934 1126
935 377
935 743
935 771
935 807
935 871
935 999
935 1063
935 1127
935 1194
936 116
936 744
936 808
936 852
936 872
936 996
936 1000
936 1064
936 1128
937 130
937 140
937 261
937 745
937 809
937 873
937 1001
937 1065
937 1129
937 1198
938 88
938 288
938 368
938 746
938 794
938 810
938 874
938 1002
938 1066
938 1130
938 1177
939 747
939 811
939 875
939 1003
939 1067
939 1131
940 441
940 748
940 812
940 876
940 1004
940 1048
940 1068
940 1132
941 749
941 813
941 877
941 1005
941 1069
941 1133
942 750
942 814
942 878
942 1006
942 1070
942 1134
943 303
943 461
943 504
943 751
943 792
943 815
943 879
943 1007
943 1071
943 1135
944 752
944 816
944 880
944 1008
944 1050
944 1072
944 1136
945 444
945 753
945 817
945 881
945 893
945 913
945 1009
945 1073
945 1137
945 1208
946 572
946 754
946 818
946 875
946 882
946 1010
946 1074
946 1138
947 755
947 819
947 883
947 1011
947 1075
947 1139
948 756
948 820
948 884
948 951
948 954
948 1012
948 1076
948 1140
949 290
949 579
949 757
949 821
949 885
949 952
949 999
949 1013
949 1077
949 1141
950 758
950 822
950 886
950 1014
950 1078
950 1142
950 1246
951 759
951 823
951 887
951 948
951 954
951 1015
951 1079
951 1143
952 290
952 579
952 760
952 824
952 888
952 949
952 999
952 1016
952 1080
952 1144
953 273
953 761
953 825
953 889
953 1017
953 1081
953 1145
953 1209
954 762
954 826
954 890
954 948
954 951
954 1018
954 1082
954 1146
955 763
955 827
955 891
955 923
955 1019
955 1083
955 1147
956 764
956 828
956 892
956 1020
956 1084
956 1148
957 764
957 765
957 829
957 893
957 1021
957 1085
957 1149
958 533
958 766
958 830
958 894
958 1022
958 1086
958 1150
959 696
959 767
959 831
959 895
959 1023
959 1080
959 1084
959 1087
959 1151
960 768
960 832
960 896
960 1024
960 1088
960 1152
961 27
961 258
961 769
961 833
961 897
961 1025
961 1089
961 1153
962 212
962 770
962 834
962 898
962 1026
962 1090
962 1154
963 196
963 294
963 403
963 686
963 771
963 835
963 899
963 1027
963 1091
963 1155
964 46
964 772
964 836
964 900
964 1028
964 1092
964 1156
965 380
965 645
965 773
965 837
965 901
965 1029
965 1093
965 1157
965 1237
966 9
966 54
966 74
966 137
966 142
966 201
966 266
966 270
966 310
966 326
966 390
966 391
966 455
966 457
966 519
966 710
966 774
966 777
966 778
966 782
966 790
966 838
966 902
966 905
966 967
966 974
966 1030
966 1031
966 1094
966 1095
966 1097
966 1102
966 1142
966 1158
966 1159
966 1161
966 1226
966 1230
966 1235
966 1270
967 73
967 74
967 79
967 118
967 135
967 137
967 142
967 199
967 263
967 270
967 310
967 326
967 327
967 390
967 391
967 455
967 519
967 583
967 647
967 710
967 711
967 775
967 777
967 782
967 790
967 838
967 839
967 903
967 905
967 966
967 974
967 1031
967 1095
967 1097
967 1102
967 1142
967 1159
967 1161
967 1223
967 1225
967 1226
967 1230
967 1235
967 1238
967 1270
968 776
968 840
968 904
968 1032
968 1096
968 1160
969 6
969 70
969 134
969 198
969 262
969 329
969 393
969 454
969 521
969 582
969 646
969 713
969 774
969 777
969 841
969 902
969 905
969 1033
969 1094
969 1097
969 1158
969 1161
969 1222
970 778
970 842
970 906
970 1034
970 1098
970 1162
971 92
971 613
971 779
971 843
971 907
971 1035
971 1099
971 1163
972 780
972 844
972 908
972 1036
972 1100
972 1113
972 1164
972 1243
973 106
973 160
973 364
973 487
973 781
973 845
973 909
973 1037
973 1101
973 1165
974 9
974 54
974 74
974 118
974 135
974 137
974 142
974 199
974 201
974 270
974 310
974 326
974 390
974 391
974 455
974 457
974 519
974 710
974 711
974 777
974 778
974 782
974 790
974 838
974 846
974 905
974 910
974 966
974 967
974 1030
974 1031
974 1038
974 1095
974 1097
974 1102
974 1142
974 1159
974 1161
974 1166
974 1226
974 1230
974 1235
974 1238
974 1270
975 783
975 847
975 911
975 1039
975 1040
975 1103
975 1167
976 784
976 848
976 912
976 1040
976 1104
976 1168
977 188
977 217
977 543
977 671
977 785
977 849
977 913
977 1041
977 1105
977 1169
977 1199
978 573
978 786
978 850
978 914
978 1042
978 1106
978 1170
979 110
979 787
979 851
979 915
979 1043
979 1107
979 1171
980 132
980 788
980 840
980 852
980 916
980 1044
980 1108
980 1172
981 59
981 564
981 789
981 853
981 917
981 1045
981 1071
981 1109
981 1173
981 1205
982 790
982 854
982 918
982 1046
982 1110
982 1174
983 791
983 855
983 919
983 1047
983 1111
983 1175
983 1195
984 619
984 792
984 856
984 920
984 1048
984 1112
984 1176
985 277
985 793
985 857
985 921
985 1049
985 1113
985 1177
986 298
986 549
986 794
986 858
986 922
986 1050
986 1114
986 1178
987 93
987 276
987 385
987 622
987 795
987 859
987 923
987 1051
987 1115
987 1179
987 1228
987 1254
988 796
988 860
988 924
988 1052
988 1116
988 1180
989 797
989 861
989 925
989 1053
989 1117
989 1181
990 361
990 798
990 862
990 926
990 1054
990 1118
990 1182
991 183
991 241
991 799
991 823
991 863
991 880
991 882
991 927
991 1019
991 1055
991 1119
991 1183
992 634
992 800
992 864
992 928
992 1056
992 1120
992 1184
993 186
993 769
993 801
993 865
993 929
993 1057
993 1121
993 1181
993 1185
993 1255
994 553
994 653
994 770
994 802
994 866
994 930
994 1058
994 1122
994 1125
994 1186
995 803
995 867
995 931
995 1004
995 1059
995 1123
995 1187
996 116
996 804
996 852
996 868
996 932
996 936
996 1060
996 1124
996 1188
997 370
997 805
997 869
997 933
997 1061
997 1125
997 1189
998 230
998 806
998 815
998 870
998 934
998 1062
998 1126
998 1190
999 290
999 579
999 807
999 871
999 935
999 949
999 952
999 1063
999 1127
999 1191
1000 808
1000 872
1000 936
1000 1064
1000 1128
1000 1192
1001 809
1001 873
1001 937
1001 1065
1001 1129
1001 1193
1002 810
1002 874
1002 897
1002 938
1002 1066
1002 1111
1002 1130
1002 1194
1003 811
1003 875
1003 939
1003 1067
1003 1131
1003 1195
1004 812
1004 876
1004 940
1004 995
1004 1068
1004 1132
1004 1196
1005 90
1005 629
1005 813
1005 833
1005 877
1005 927
1005 941
1005 1069
1005 1133
1005 1197
1006 788
1006 814
1006 878
1006 942
1006 1070
1006 1134
1006 1198
1007 456
1007 815
1007 879
1007 943
1007 1071
1007 1135
1007 1199
1008 816
1008 880
1008 944
1008 1072
1008 1136
1008 1200
1009 24
1009 554
1009 756
1009 817
1009 879
1009 881
1009 945
1009 1073
1009 1137
1009 1201
1010 234
1010 818
1010 867
1010 882
1010 946
1010 1052
1010 1074
1010 1138
1010 1202
1011 389
1011 529
1011 819
1011 883
1011 947
1011 1075
1011 1139
1011 1203
1012 800
1012 820
1012 884
1012 948
1012 1076
1012 1140
1012 1204
1013 660
1013 821
1013 885
1013 949
1013 1077
1013 1141
1013 1172
1013 1205
1014 822
1014 886
1014 950
1014 1078
1014 1142
1014 1206
1015 823
1015 887
1015 951
1015 1079
1015 1143
1015 1207
1016 584
1016 690
1016 824
1016 888
1016 952
1016 1080
1016 1144
1016 1208
1017 825
1017 889
1017 953
1017 1081
1017 1145
1017 1209
1018 165
1018 181
1018 802
1018 826
1018 871
1018 890
1018 954
1018 1082
1018 1146
1018 1210
1019 183
1019 241
1019 823
1019 827
1019 880
1019 882
1019 891
1019 955
1019 991
1019 1083
1019 1147
1019 1211
1020 475
1020 828
1020 892
1020 956
1020 1084
1020 1145
1020 1148
1020 1212
1021 433
1021 829
1021 893
1021 957
1021 1085
1021 1115
1021 1149
1021 1213
1022 170
1022 244
1022 379
1022 830
1022 892
1022 894
1022 958
1022 1086
1022 1150
1022 1211
1022 1214
1023 831
1023 853
1023 895
1023 959
1023 1072
1023 1087
1023 1151
1023 1215
1024 592
1024 832
1024 896
1024 960
1024 1088
1024 1152
1024 1165
1024 1216
1025 29
1025 395
1025 833
1025 897
1025 961
1025 1089
1025 1153
1025 1217
1026 481
1026 834
1026 898
1026 962
1026 1090
1026 1154
1026 1218
1027 835
1027 899
1027 908
1027 963
1027 1091
1027 1155
1027 1219
1028 333
1028 836
1028 900
1028 964
1028 1092
1028 1156
1028 1220
1029 122
1029 738
1029 837
1029 901
1029 965
1029 1093
1029 1157
1029 1221
1030 64
1030 83
1030 201
1030 266
1030 270
1030 310
1030 390
1030 391
1030 438
1030 455
1030 457
1030 518
1030 519
1030 585
1030 649
1030 710
1030 726
1030 777
1030 778
1030 782
1030 790
1030 838
1030 902
1030 905
1030 966
1030 974
1030 1046
1030 1094
1030 1102
1030 1142
1030 1158
1030 1159
1030 1161
1030 1206
1030 1222
1030 1226
1030 1235
1030 1270
1031 73
1031 79
1031 135
1031 137
1031 142
1031 199
1031 263
1031 270
1031 326
1031 327
1031 391
1031 455
1031 519
1031 583
1031 647
1031 711
1031 775
1031 777
1031 782
1031 790
1031 839
1031 903
1031 905
1031 966
1031 967
1031 974
1031 1095
1031 1097
1031 1102
1031 1159
1031 1223
1031 1225
1031 1226
1031 1230
1031 1235
1031 1238
1032 295
1032 840
1032 904
1032 968
1032 1096
1032 1160
1032 1224
1032 1256
1033 6
1033 70
1033 134
1033 198
1033 262
1033 329
1033 393
1033 454
1033 521
1033 582
1033 646
1033 713
1033 774
1033 841
1033 902
1033 905
1033 969
1033 1094
1033 1097
1033 1158
1033 1161
1033 1222
1033 1225
1034 512
1034 842
1034 906
1034 970
1034 1098
1034 1162
1034 1226
1035 388
1035 843
1035 907
1035 971
1035 1099
1035 1163
1035 1227
1036 345
1036 844
1036 908
1036 972
1036 1100
1036 1164
1036 1228
1037 442
1037 845
1037 909
1037 973
1037 1101
1037 1165
1037 1229
1038 846
1038 910
1038 974
1038 1102
1038 1166
1038 1230
1039 630
1039 847
1039 911
1039 975
1039 1103
1039 1167
1039 1231
1040 848
1040 912
1040 975
1040 976
1040 1104
1040 1168
1040 1232
1041 259
1041 490
1041 849
1041 913
1041 977
1041 1105
1041 1169
1041 1233
1042 850
1042 914
1042 978
1042 1106
1042 1170
1042 1234
1043 250
1043 798
1043 851
1043 915
1043 979
1043 1107
1043 1171
1043 1235
1044 852
1044 916
1044 980
1044 1108
1044 1172
1044 1236
1044 1258
1045 305
1045 853
1045 917
1045 981
1045 1109
1045 1147
1045 1173
1045 1237
1046 201
1046 265
1046 266
1046 438
1046 457
1046 518
1046 585
1046 649
1046 710
1046 726
1046 778
1046 838
1046 854
1046 918
1046 982
1046 1030
1046 1110
1046 1159
1046 1174
1046 1206
1046 1238
1047 749
1047 855
1047 919
1047 983
1047 1111
1047 1175
1047 1239
1048 441
1048 856
1048 920
1048 940
1048 984
1048 1112
1048 1176
1048 1240
1049 857
1049 921
1049 985
1049 1059
1049 1113
1049 1177
1049 1241
1050 858
1050 922
1050 944
1050 986
1050 1114
1050 1178
1050 1242
1051 25
1051 349
1051 602
1051 859
1051 923
1051 987
1051 1115
1051 1179
1051 1243
1051 1274
1052 234
1052 860
1052 867
1052 924
1052 988
1052 1010
1052 1116
1052 1180
1052 1244
1053 682
1053 830
1053 861
1053 925
1053 989
1053 1109
1053 1117
1053 1181
1053 1245
1054 562
1054 862
1054 926
1054 990
1054 1118
1054 1182
1054 1246
1055 568
1055 786
1055 863
1055 927
1055 991
1055 1119
1055 1183
1055 1185
1055 1247
1056 507
1056 864
1056 928
1056 992
1056 1120
1056 1184
1056 1248
1057 328
1057 517
1057 523
1057 865
1057 929
1057 993
1057 1121
1057 1185
1057 1201
1057 1249
1058 609
1058 808
1058 865
1058 866
1058 930
1058 994
1058 1122
1058 1186
1058 1250
1059 867
1059 931
1059 995
1059 1049
1059 1123
1059 1187
1059 1251
1060 868
1060 932
1060 996
1060 1124
1060 1188
1060 1252
1061 818
1061 855
1061 869
1061 933
1061 997
1061 1125
1061 1189
1061 1253
1062 459
1062 801
1062 870
1062 907
1062 934
1062 998
1062 1126
1062 1190
1062 1254
1063 408
1063 692
1063 871
1063 935
1063 999
1063 1127
1063 1191
1063 1255
1064 483
1064 872
1064 936
1064 1000
1064 1128
1064 1192
1064 1256
1065 123
1065 161
1065 762
1065 873
1065 937
1065 1001
1065 1129
1065 1153
1065 1193
1065 1257
1066 552
1066 565
1066 874
1066 938
1066 1002
1066 1130
1066 1194
1066 1258
1066 1264
1067 410
1067 446
1067 601
1067 875
1067 939
1067 1003
1067 1116
1067 1131
1067 1138
1067 1195
1067 1259
1068 876
1068 881
1068 940
1068 1004
1068 1132
1068 1139
1068 1196
1068 1260
1069 226
1069 440
1069 513
1069 877
1069 941
1069 1005
1069 1133
1069 1197
1069 1261
1070 104
1070 678
1070 878
1070 942
1070 1006
1070 1134
1070 1198
1070 1262
1071 59
1071 564
1071 879
1071 943
1071 981
1071 1007
1071 1135
1071 1199
1071 1205
1071 1263
1072 853
1072 880
1072 944
1072 1008
1072 1023
1072 1136
1072 1200
1072 1264
1073 881
1073 945
1073 1009
1073 1137
1073 1146
1073 1201
1073 1265
1074 348
1074 407
1074 468
1074 540
1074 882
1074 946
1074 1010
1074 1138
1074 1202
1074 1266
1074 1268
1075 567
1075 883
1075 947
1075 1011
1075 1139
1075 1203
1075 1210
1075 1267
1076 800
1076 884
1076 948
1076 1012
1076 1140
1076 1204
1076 1268
1077 321
1077 885
1077 949
1077 1013
1077 1141
1077 1205
1077 1269
1078 886
1078 950
1078 1014
1078 1142
1078 1206
1078 1267
1078 1270
1079 232
1079 416
1079 827
1079 887
1079 951
1079 1015
1079 1143
1079 1207
1079 1271
1080 696
1080 888
1080 952
1080 959
1080 1016
1080 1084
1080 1144
1080 1208
1080 1272
1081 296
1081 730
1081 889
1081 953
1081 1017
1081 1112
1081 1137
1081 1145
1081 1209
1081 1273
1082 890
1082 954
1082 1018
1082 1146
1082 1210
1082 1274
1083 108
1083 242
1083 436
1083 891
1083 955
1083 1019
1083 1147
1083 1211
1083 1275
1084 696
1084 892
1084 956
1084 959
1084 1020
1084 1080
1084 1148
1084 1212
1084 1276
1085 337
1085 893
1085 957
1085 1021
1085 1149
1085 1213
1085 1277
1086 21
1086 894
1086 958
1086 1022
1086 1150
1086 1213
1086 1214
1086 1278
1087 465
1087 811
1087 895
1087 924
1087 959
1087 1023
1087 1151
1087 1215
1087 1279
1088 896
1088 960
1088 1024
1088 1152
1088 1216
1089 897
1089 961
1089 1025
1089 1153
1089 1217
1090 178
1090 279
1090 300
1090 618
1090 898
1090 962
1090 1026
1090 1154
1090 1218
1091 899
1091 911
1091 963
1091 1027
1091 1155
1091 1219
1092 900
1092 964
1092 1028
1092 1156
1092 1220
1093 60
1093 901
1093 925
1093 965
1093 1029
1093 1157
1093 1221
1094 6
1094 70
1094 134
1094 198
1094 262
1094 329
1094 393
1094 454
1094 521
1094 582
1094 646
1094 713
1094 774
1094 841
1094 902
1094 966
1094 969
1094 1030
1094 1033
1094 1158
1094 1222
1095 73
1095 79
1095 135
1095 137
1095 142
1095 199
1095 263
1095 270
1095 310
1095 326
1095 327
1095 390
1095 391
1095 455
1095 519
1095 583
1095 647
1095 711
1095 775
1095 777
1095 782
1095 790
1095 839
1095 903
1095 905
1095 966
1095 967
1095 974
1095 1031
1095 1097
1095 1102
1095 1142
1095 1159
1095 1161
1095 1223
1095 1225
1095 1226
1095 1230
1095 1235
1095 1238
1095 1270
1096 221
1096 557
1096 904
1096 968
1096 1032
1096 1160
1096 1224
1097 73
1097 79
1097 135
1097 137
1097 142
1097 199
1097 263
1097 270
1097 326
1097 327
1097 390
1097 391
1097 455
1097 519
1097 583
1097 647
1097 711
1097 775
1097 777
1097 782
1097 790
1097 839
1097 903
1097 905
1097 966
1097 967
1097 969
1097 974
1097 1031
1097 1033
1097 1095
1097 1102
1097 1142
1097 1161
1097 1223
1097 1225
1097 1226
1097 1230
1097 1235
1097 1238
1097 1270
1098 906
1098 970
1098 1034
1098 1162
1098 1226
1099 117
1099 347
1099 593
1099 907
1099 971
1099 1035
1099 1163
1099 1227
1100 297
1100 302
1100 908
1100 972
1100 1036
1100 1164
1100 1228
1100 1272
1101 366
1101 734
1101 909
1101 973
1101 1037
1101 1165
1101 1229
1101 1251
1102 9
1102 54
1102 74
1102 266
1102 270
1102 310
1102 326
1102 390
1102 391
1102 455
1102 457
1102 519
1102 710
1102 777
1102 778
1102 782
1102 790
1102 838
1102 905
1102 910
1102 966
1102 967
1102 974
1102 1030
1102 1031
1102 1038
1102 1095
1102 1097
1102 1142
1102 1159
1102 1161
1102 1166
1102 1226
1102 1230
1102 1235
1102 1270
1103 141
1103 194
1103 911
1103 975
1103 1039
1103 1167
1103 1231
1104 912
1104 976
1104 1040
1104 1168
1104 1232
1105 387
1105 415
1105 435
1105 624
1105 913
1105 977
1105 1041
1105 1169
1105 1233
1106 712
1106 887
1106 914
1106 978
1106 1042
1106 1170
1106 1234
1107 915
1107 979
1107 1043
1107 1171
1107 1235
1108 164
1108 864
1108 916
1108 980
1108 1044
1108 1172
1108 1236
1109 682
1109 830
1109 917
1109 981
1109 1045
1109 1053
1109 1173
1109 1237
1110 847
1110 918
1110 982
1110 1046
1110 1174
1110 1238
1111 897
1111 919
1111 983
1111 1002
1111 1047
1111 1175
1111 1239
1112 296
1112 730
1112 920
1112 984
1112 1048
1112 1081
1112 1137
1112 1176
1112 1240
1113 921
1113 972
1113 985
1113 1049
1113 1177
1113 1241
1113 1243
1114 661
1114 922
1114 986
1114 1050
1114 1178
1114 1242
1115 433
1115 923
1115 987
1115 1021
1115 1051
1115 1179
1115 1243
1116 410
1116 446
1116 601
1116 924
1116 988
1116 1052
1116 1067
1116 1138
1116 1180
1116 1244
1117 925
1117 989
1117 1053
1117 1181
1117 1245
1118 926
1118 990
1118 1054
1118 1182
1118 1246
1119 47
1119 588
1119 927
1119 991
1119 1055
1119 1183
1119 1247
1120 38
1120 168
1120 437
1120 928
1120 992
1120 1056
1120 1184
1120 1248
1121 50
1121 929
1121 993
1121 1057
1121 1185
1121 1249
1122 930
1122 994
1122 1058
1122 1186
1122 1250
1123 12
1123 450
1123 931
1123 995
1123 1059
1123 1187
1123 1251
1124 105
1124 932
1124 996
1124 1060
1124 1188
1124 1252
1125 553
1125 653
1125 770
1125 933
1125 994
1125 997
1125 1061
1125 1189
1125 1253
1126 2
1126 467
1126 679
1126 934
1126 998
1126 1062
1126 1190
1126 1254
1127 745
1127 888
1127 935
1127 999
1127 1063
1127 1191
1127 1255
1128 312
1128 936
1128 1000
1128 1064
1128 1192
1128 1256
1129 169
1129 937
1129 1001
1129 1065
1129 1193
1129 1257
1130 346
1130 938
1130 1002
1130 1066
1130 1194
1130 1258
1131 254
1131 658
1131 939
1131 1003
1131 1067
1131 1195
1131 1259
1132 372
1132 509
1132 940
1132 1004
1132 1068
1132 1196
1132 1260
1133 260
1133 941
1133 1005
1133 1069
1133 1197
1133 1261
1134 245
1134 942
1134 1006
1134 1070
1134 1198
1134 1262
1135 943
1135 1007
1135 1071
1135 1199
1135 1263
1136 133
1136 944
1136 1008
1136 1072
1136 1200
1136 1264
1137 296
1137 730
1137 945
1137 1009
1137 1073
1137 1081
1137 1112
1137 1201
1137 1265
1138 410
1138 446
1138 601
1138 946
1138 1010
1138 1067
1138 1074
1138 1116
1138 1202
1138 1266
1139 881
1139 947
1139 1011
1139 1068
1139 1075
1139 1203
1139 1267
1140 44
1140 179
1140 411
1140 570
1140 627
1140 766
1140 895
1140 948
1140 1012
1140 1076
1140 1183
1140 1204
1140 1268
1141 949
1141 1013
1141 1077
1141 1205
1141 1269
1142 9
1142 54
1142 74
1142 266
1142 270
1142 310
1142 326
1142 390
1142 391
1142 455
1142 457
1142 519
1142 649
1142 710
1142 777
1142 778
1142 782
1142 790
1142 838
1142 905
1142 950
1142 966
1142 967
1142 974
1142 1014
1142 1030
1142 1078
1142 1095
1142 1097
1142 1102
1142 1159
1142 1161
1142 1206
1142 1226
1142 1230
1142 1235
1142 1270
1143 493
1143 951
1143 1015
1143 1079
1143 1207
1143 1271
1144 145
1144 952
1144 1016
1144 1080
1144 1208
1144 1272
1145 475
1145 953
1145 1017
1145 1020
1145 1081
1145 1209
1145 1273
1146 954
1146 1018
1146 1073
1146 1082
1146 1210
1146 1274
1147 305
1147 955
1147 1019
1147 1045
1147 1083
1147 1211
1147 1275
1148 604
1148 673
1148 737
1148 956
1148 1020
1148 1084
1148 1212
1148 1276
1149 727
1149 957
1149 1021
1149 1085
1149 1213
1149 1277
1150 360
1150 767
1150 789
1150 958
1150 1022
1150 1086
1150 1214
1150 1278
1151 306
1151 417
1151 959
1151 1023
1151 1087
1151 1215
1151 1279
1152 960
1152 1024
1152 1088
1152 1216
1153 123
1153 161
1153 762
1153 961
1153 1025
1153 1065
1153 1089
1153 1217
1154 962
1154 1026
1154 1090
1154 1218
1155 963
1155 1027
1155 1091
1155 1219
1156 900
1156 964
1156 1028
1156 1092
1156 1220
1157 67
1157 89
1157 120
1157 535
1157 965
1157 1029
1157 1093
1157 1221
1158 6
1158 70
1158 134
1158 198
1158 262
1158 329
1158 393
1158 454
1158 521
1158 582
1158 646
1158 713
1158 774
1158 841
1158 902
1158 966
1158 969
1158 1030
1158 1033
1158 1094
1158 1222
1159 9
1159 64
1159 310
1159 390
1159 391
1159 438
1159 455
1159 457
1159 518
1159 519
1159 585
1159 649
1159 710
1159 726
1159 777
1159 778
1159 782
1159 790
1159 838
1159 905
1159 966
1159 967
1159 974
1159 1030
1159 1031
1159 1046
1159 1095
1159 1102
1159 1142
1159 1161
1159 1206
1159 1223
1159 1226
1159 1235
1159 1270
1160 968
1160 1032
1160 1096
1160 1224
1161 9
1161 54
1161 64
1161 310
1161 326
1161 390
1161 391
1161 455
1161 457
1161 519
1161 649
1161 710
1161 777
1161 778
1161 782
1161 790
1161 838
1161 905
1161 966
1161 967
1161 969
1161 974
1161 1030
1161 1033
1161 1095
1161 1097
1161 1102
1161 1142
1161 1159
1161 1225
1161 1226
1161 1230
1161 1235
1161 1270
1162 970
1162 1034
1162 1098
1162 1226
1163 971
1163 1035
1163 1099
1163 1227
1163 1241
1164 488
1164 615
1164 972
1164 1036
1164 1100
1164 1186
1164 1228
1165 592
1165 973
1165 1024
1165 1037
1165 1101
1165 1229
1166 640
1166 974
1166 1038
1166 1102
1166 1230
1167 975
1167 1039
1167 1103
1167 1231
1168 75
1168 976
1168 1040
1168 1104
1168 1232
1169 35
1169 977
1169 1041
1169 1105
1169 1233
1170 471
1170 821
1170 978
1170 1042
1170 1106
1170 1189
1170 1234
1170 1273
1171 979
1171 1043
1171 1107
1171 1235
1172 660
1172 980
1172 1013
1172 1044
1172 1108
1172 1236
1173 255
1173 600
1173 981
1173 1045
1173 1109
1173 1237
1174 265
1174 438
1174 457
1174 518
1174 585
1174 649
1174 726
1174 778
1174 982
1174 1046
1174 1110
1174 1206
1174 1238
1175 62
1175 732
1175 983
1175 1047
1175 1111
1175 1239
1176 511
1176 984
1176 1048
1176 1112
1176 1240
1177 88
1177 288
1177 368
1177 794
1177 938
1177 985
1177 1049
1177 1113
1177 1241
1178 891
1178 986
1178 1050
1178 1114
1178 1196
1178 1242
1179 987
1179 1051
1179 1115
1179 1243
1180 101
1180 988
1180 1052
1180 1116
1180 1244
1181 186
1181 769
1181 989
1181 993
1181 1053
1181 1117
1181 1245
1181 1255
1182 990
1182 1054
1182 1118
1182 1246
1183 44
1183 179
1183 411
1183 570
1183 627
1183 766
1183 895
1183 991
1183 1055
1183 1119
1183 1140
1183 1247
1184 414
1184 992
1184 1056
1184 1120
1184 1248
1185 568
1185 786
1185 993
1185 1055
1185 1057
1185 1121
1185 1249
1186 488
1186 615
1186 994
1186 1058
1186 1122
1186 1164
1186 1250
1187 466
1187 555
1187 669
1187 995
1187 1059
1187 1123
1187 1251
1188 655
1188 996
1188 1060
1188 1124
1188 1252
1189 471
1189 821
1189 997
1189 1061
1189 1125
1189 1170
1189 1253
1189 1273
1190 998
1190 1062
1190 1126
1190 1254
1191 236
1191 506
1191 999
1191 1063
1191 1127
1191 1255
1192 1000
1192 1064
1192 1128
1192 1256
1193 1001
1193 1065
1193 1129
1193 1257
1194 377
1194 771
1194 935
1194 1002
1194 1066
1194 1130
1194 1258
1195 983
1195 1003
1195 1067
1195 1131
1195 1259
1196 891
1196 1004
1196 1068
1196 1132
1196 1178
1196 1260
1197 740
1197 1005
1197 1069
1197 1133
1197 1261
1197 1262
1198 130
1198 140
1198 261
1198 937
1198 1006
1198 1070
1198 1134
1198 1262
1199 188
1199 217
1199 543
1199 671
1199 977
1199 1007
1199 1071
1199 1135
1199 1263
1200 702
1200 1008
1200 1072
1200 1136
1200 1264
1201 328
1201 517
1201 523
1201 1009
1201 1057
1201 1073
1201 1137
1201 1265
1202 362
1202 901
1202 1010
1202 1074
1202 1138
1202 1266
1203 125
1203 497
1203 859
1203 1011
1203 1075
1203 1139
1203 1267
1203 1278
1204 1012
1204 1076
1204 1140
1204 1268
1205 59
1205 564
1205 981
1205 1013
1205 1071
1205 1077
1205 1141
1205 1269
1206 201
1206 266
1206 390
1206 438
1206 457
1206 518
1206 585
1206 649
1206 710
1206 726
1206 778
1206 838
1206 1014
1206 1030
1206 1046
1206 1078
1206 1142
1206 1159
1206 1174
1206 1270
1207 224
1207 1015
1207 1079
1207 1143
1207 1271
1208 444
1208 893
1208 913
1208 945
1208 1016
1208 1080
1208 1144
1208 1272
1209 273
1209 889
1209 953
1209 1017
1209 1081
1209 1145
1209 1273
1210 567
1210 1018
1210 1075
1210 1082
1210 1146
1210 1274
1211 170
1211 244
1211 379
1211 892
1211 1019
1211 1022
1211 1083
1211 1147
1211 1275
1212 1020
1212 1084
1212 1148
1212 1276
1213 21
1213 1021
1213 1085
1213 1086
1213 1149
1213 1277
1214 761
1214 1022
1214 1086
1214 1150
1214 1278
1215 191
1215 1023
1215 1087
1215 1151
1215 1279
1216 1024
1216 1088
1216 1152
1217 78
1217 1025
1217 1089
1217 1153
1217 1224
1218 1026
1218 1090
1218 1154
1219 787
1219 1027
1219 1091
1219 1155
1220 1028
1220 1092
1220 1156
1221 139
1221 1029
1221 1093
1221 1157
1222 6
1222 70
1222 134
1222 198
1222 262
1222 329
1222 393
1222 454
1222 521
1222 582
1222 646
1222 713
1222 774
1222 841
1222 902
1222 969
1222 1030
1222 1033
1222 1094
1222 1158
1223 7
1223 71
1223 263
1223 327
1223 583
1223 647
1223 711
1223 775
1223 839
1223 903
1223 967
1223 1031
1223 1095
1223 1097
1223 1159
1223 1225
1223 1230
1223 1238
1224 78
1224 1032
1224 1096
1224 1160
1224 1217
1225 7
1225 73
1225 135
1225 199
1225 263
1225 327
1225 455
1225 519
1225 583
1225 647
1225 711
1225 775
1225 782
1225 790
1225 839
1225 903
1225 967
1225 1031
1225 1033
1225 1095
1225 1097
1225 1161
1225 1223
1225 1226
1225 1230
1225 1235
1225 1238
1226 74
1226 79
1226 118
1226 137
1226 142
1226 270
1226 326
1226 390
1226 391
1226 455
1226 519
1226 583
1226 647
1226 710
1226 711
1226 775
1226 777
1226 782
1226 790
1226 838
1226 839
1226 903
1226 905
1226 966
1226 967
1226 974
1226 1030
1226 1031
1226 1034
1226 1095
1226 1097
1226 1098
1226 1102
1226 1142
1226 1159
1226 1161
1226 1162
1226 1225
1226 1230
1226 1235
1226 1238
1226 1270
1227 1035
1227 1099
1227 1163
1228 93
1228 276
1228 385
1228 622
1228 987
1228 1036
1228 1100
1228 1164
1228 1254
1229 1
1229 1037
1229 1101
1229 1165
1230 73
1230 79
1230 135
1230 137
1230 142
1230 199
1230 326
1230 391
1230 455
1230 519
1230 583
1230 647
1230 711
1230 775
1230 777
1230 782
1230 790
1230 839
1230 903
1230 905
1230 966
1230 967
1230 974
1230 1031
1230 1038
1230 1095
1230 1097
1230 1102
1230 1142
1230 1161
1230 1166
1230 1223
1230 1225
1230 1226
1230 1235
1230 1238
1230 1270
1231 1039
1231 1103
1231 1167
1232 1040
1232 1104
1232 1168
1233 1041
1233 1105
1233 1169
1234 84
1234 1042
1234 1106
1234 1170
1235 54
1235 74
1235 79
1235 118
1235 137
1235 270
1235 326
1235 390
1235 391
1235 455
1235 519
1235 710
1235 711
1235 775
1235 777
1235 782
1235 790
1235 838
1235 903
1235 905
1235 966
1235 967
1235 974
1235 1030
1235 1031
1235 1043
1235 1095
1235 1097
1235 1102
1235 1107
1235 1142
1235 1159
1235 1161
1235 1171
1235 1225
1235 1226
1235 1230
1235 1238
1235 1270
1236 1044
1236 1108
1236 1172
1237 380
1237 645
1237 965
1237 1045
1237 1109
1237 1173
1238 73
1238 79
1238 135
1238 142
1238 199
1238 263
1238 327
1238 391
1238 455
1238 519
1238 583
1238 647
1238 711
1238 775
1238 782
1238 790
1238 839
1238 903
1238 967
1238 974
1238 1031
1238 1046
1238 1095
1238 1097
1238 1110
1238 1174
1238 1223
1238 1225
1238 1226
1238 1230
1238 1235
1239 267
1239 1047
1239 1111
1239 1175
1240 268
1240 1048
1240 1112
1240 1176
1241 1049
1241 1113
1241 1163
1241 1177
1242 82
1242 449
1242 844
1242 1050
1242 1114
1242 1178
1243 972
1243 1051
1243 1113
1243 1115
1243 1179
1244 1052
1244 1116
1244 1180
1245 1053
1245 1117
1245 1181
1246 950
1246 1054
1246 1118
1246 1182
1247 243
1247 421
1247 883
1247 1055
1247 1119
1247 1183
1248 231
1248 248
1248 626
1248 736
1248 1056
1248 1120
1248 1184
1249 1057
1249 1121
1249 1185
1250 23
1250 412
1250 681
1250 695
1250 1058
1250 1122
1250 1186
1251 366
1251 734
1251 1059
1251 1101
1251 1123
1251 1187
1252 1060
1252 1124
1252 1188
1253 910
1253 1061
1253 1125
1253 1189
1254 93
1254 276
1254 385
1254 622
1254 987
1254 1062
1254 1126
1254 1190
1254 1228
1255 186
1255 769
1255 993
1255 1063
1255 1127
1255 1181
1255 1191
1256 295
1256 1032
1256 1064
1256 1128
1256 1192
1257 868
1257 1065
1257 1129
1257 1193
1258 1044
1258 1066
1258 1130
1258 1194
1259 107
1259 803
1259 1067
1259 1131
1259 1195
1260 514
1260 785
1260 899
1260 1068
1260 1132
1260 1196
1261 1069
1261 1133
1261 1197
1262 740
1262 1070
1262 1134
1262 1197
1262 1198
1263 180
1263 1071
1263 1135
1263 1199
1264 552
1264 565
1264 1066
1264 1072
1264 1136
1264 1200
1265 18
1265 813
1265 1073
1265 1137
1265 1201
1266 1074
1266 1138
1266 1202
1267 1075
1267 1078
1267 1139
1267 1203
1268 348
1268 407
1268 468
1268 540
1268 1074
1268 1076
1268 1140
1268 1204
1269 670
1269 1077
1269 1141
1269 1205
1270 9
1270 54
1270 74
1270 310
1270 390
1270 391
1270 455
1270 457
1270 519
1270 710
1270 777
1270 778
1270 782
1270 790
1270 838
1270 905
1270 966
1270 967
1270 974
1270 1030
1270 1078
1270 1095
1270 1097
1270 1102
1270 1142
1270 1159
1270 1161
1270 1206
1270 1226
1270 1230
1270 1235
1271 1079
1271 1143
1271 1207
1272 297
1272 302
1272 1080
1272 1100
1272 1144
1272 1208
1273 471
1273 821
1273 1081
1273 1145
1273 1170
1273 1189
1273 1209
1274 25
1274 349
1274 602
1274 1051
1274 1082
1274 1146
1274 1210
1275 817
1275 837
1275 1083
1275 1147
1275 1211
1276 810
1276 1084
1276 1148
1276 1212
1277 386
1277 1085
1277 1149
1277 1213
1278 125
1278 497
1278 859
1278 1086
1278 1150
1278 1203
1278 1214
1279 340
1279 494
1279 663
1279 904
1279 1087
1279 1151
1279 1215
