0 64
0 128
0 192
0 722
1 5
1 13
1 15
1 19
1 65
1 69
1 79
1 83
1 129
1 133
1 143
1 147
1 193
1 197
1 207
1 261
1 271
1 325
1 389
1 399
1 527
1 581
1 591
1 645
1 655
1 712
1 717
1 719
1 773
1 781
1 837
1 845
1 909
1 1037
1 1093
1 1101
1 1165
1 1218
1 1221
2 66
2 130
2 194
2 266
3 27
3 67
3 131
3 195
4 68
4 132
4 196
4 786
4 1005
5 1
5 15
5 19
5 69
5 79
5 83
5 133
5 143
5 197
5 198
5 261
5 271
5 326
5 389
5 390
5 454
5 518
5 582
5 591
5 646
5 655
5 710
5 719
5 774
5 783
5 838
5 845
5 847
5 975
5 1039
5 1103
5 1167
5 1229
6 70
6 134
6 198
6 262
6 326
6 390
6 454
6 518
6 582
6 646
6 710
6 774
6 838
7 71
7 131
7 135
7 199
8 72
8 136
8 200
8 264
8 328
8 392
8 453
8 517
8 584
8 648
8 709
8 776
8 840
8 904
8 968
8 1029
8 1096
8 1160
8 1224
9 73
9 137
9 201
10 74
10 138
10 202
11 75
11 139
11 203
12 76
12 140
12 204
12 339
13 1
13 19
13 65
13 77
13 83
13 129
13 141
13 147
13 197
13 205
13 207
13 261
13 271
13 325
13 389
13 399
13 527
13 581
13 591
13 645
13 655
13 712
13 717
13 719
13 773
13 781
13 837
13 1093
13 1101
13 1165
14 78
14 142
14 206
15 1
15 5
15 19
15 69
15 79
15 83
15 133
15 143
15 197
15 198
15 207
15 261
15 271
15 326
15 389
15 390
15 454
15 518
15 582
15 591
15 646
15 655
15 710
15 719
15 774
15 783
15 838
15 845
15 847
15 975
15 1039
15 1103
15 1167
15 1229
16 80
16 144
16 208
16 1206
17 81
17 145
17 209
18 82
18 146
18 210
18 806
19 1
19 5
19 13
19 15
19 65
19 69
19 79
19 83
19 129
19 133
19 143
19 147
19 197
19 207
19 211
19 261
19 271
19 325
19 389
19 399
19 527
19 591
19 655
19 712
19 719
19 773
19 781
19 783
19 837
19 845
19 901
19 909
19 1037
19 1093
19 1165
19 1218
19 1221
20 55
20 84
20 148
20 212
20 405
20 617
20 807
20 912
20 935
21 85
21 149
21 213
21 685
22 86
22 150
22 214
22 1164
23 87
23 151
23 215
23 379
23 626
24 88
24 152
24 216
24 507
24 725
24 887
25 89
25 153
25 217
25 865
25 991
25 1118
26 90
26 154
26 218
26 370
26 980
27 3
27 91
27 155
27 219
28 92
28 156
28 210
28 220
28 737
29 93
29 157
29 221
29 1117
30 94
30 158
30 222
30 1153
31 95
31 159
31 223
31 664
31 808
31 1149
32 96
32 160
32 224
32 653
33 97
33 118
33 161
33 225
34 98
34 162
34 226
34 813
35 99
35 163
35 227
35 281
35 741
35 1129
36 100
36 164
36 228
36 1036
37 101
37 165
37 229
37 406
37 1004
38 102
38 166
38 230
38 458
38 800
39 103
39 167
39 231
39 801
39 1186
40 104
40 168
40 232
40 576
40 757
40 822
41 105
41 169
41 233
41 402
41 1133
42 106
42 112
42 120
42 127
42 170
42 218
42 234
42 536
42 660
42 683
42 880
43 107
43 171
43 235
43 291
43 855
43 1274
44 108
44 172
44 236
44 593
45 109
45 173
45 237
45 876
46 110
46 174
46 238
46 252
46 340
46 495
46 1008
46 1146
46 1214
46 1277
47 111
47 175
47 239
48 112
48 176
48 240
48 471
49 113
49 121
49 177
49 241
49 538
49 1016
49 1067
50 114
50 178
50 242
50 690
51 115
51 179
51 243
51 947
52 95
52 116
52 180
52 244
52 556
52 819
52 964
53 85
53 117
53 181
53 245
54 118
54 182
54 246
54 1132
55 20
55 119
55 183
55 247
55 405
55 617
55 807
55 912
55 935
56 120
56 184
56 187
56 248
56 681
56 863
56 1177
57 121
57 185
57 249
57 362
57 596
57 825
57 958
57 1072
58 122
58 186
58 250
58 336
58 345
58 1271
59 123
59 187
59 251
59 873
60 124
60 188
60 252
60 279
60 764
60 956
61 125
61 189
61 253
61 276
61 920
61 1209
62 126
62 190
62 254
62 1081
63 127
63 191
63 255
63 687
63 696
64 0
64 86
64 128
64 192
64 256
64 1100
65 1
65 13
65 19
65 83
65 129
65 147
65 193
65 207
65 257
65 261
65 271
65 325
65 389
65 399
65 527
65 581
65 591
65 645
65 655
65 712
65 717
65 773
65 781
65 837
65 901
65 909
65 965
65 1093
65 1101
65 1165
66 2
66 130
66 194
66 258
67 3
67 131
67 195
67 259
68 4
68 132
68 196
68 260
68 790
69 1
69 5
69 15
69 19
69 79
69 83
69 133
69 143
69 197
69 198
69 261
69 271
69 326
69 389
69 390
69 454
69 518
69 582
69 591
69 646
69 655
69 710
69 719
69 774
69 783
69 838
69 845
69 847
69 901
69 902
69 909
69 911
69 975
69 1039
69 1103
69 1167
69 1229
70 6
70 134
70 198
70 262
70 326
70 390
70 454
70 518
70 582
70 646
70 710
70 774
70 838
70 902
70 911
71 7
71 135
71 199
71 263
72 8
72 136
72 200
72 264
72 328
72 392
72 453
72 517
72 584
72 648
72 709
72 776
72 840
72 904
72 968
72 1029
72 1096
72 1160
72 1224
73 9
73 137
73 201
73 265
74 10
74 91
74 138
74 202
74 266
75 11
75 139
75 203
75 267
76 12
76 140
76 204
76 268
76 971
77 13
77 141
77 205
77 269
78 14
78 142
78 206
78 270
79 1
79 5
79 15
79 19
79 69
79 83
79 133
79 143
79 197
79 198
79 207
79 261
79 271
79 326
79 389
79 390
79 454
79 518
79 582
79 591
79 646
79 655
79 710
79 719
79 774
79 783
79 838
79 845
79 847
79 901
79 902
79 909
79 911
79 973
79 975
79 1039
79 1103
79 1167
79 1229
80 16
80 144
80 208
80 272
80 503
81 17
81 145
81 209
81 273
82 18
82 146
82 210
82 274
83 1
83 5
83 13
83 15
83 19
83 65
83 69
83 79
83 129
83 133
83 143
83 147
83 197
83 207
83 211
83 261
83 271
83 275
83 325
83 389
83 527
83 591
83 655
83 712
83 719
83 773
83 783
83 837
83 845
83 847
83 901
83 909
83 973
83 1037
83 1218
83 1221
83 1229
84 20
84 148
84 170
84 212
84 276
84 820
85 21
85 53
85 149
85 213
85 277
86 22
86 64
86 150
86 214
86 278
86 1100
87 23
87 151
87 215
87 279
87 292
87 473
87 856
87 946
88 24
88 151
88 152
88 216
88 280
88 343
88 729
88 1128
89 25
89 153
89 217
89 281
89 630
89 793
90 26
90 154
90 189
90 218
90 245
90 282
90 554
90 1176
90 1236
91 27
91 74
91 155
91 219
91 283
92 28
92 156
92 220
92 242
92 284
93 29
93 157
93 221
93 285
94 30
94 158
94 222
94 286
95 31
95 52
95 159
95 223
95 287
95 556
95 819
95 964
96 32
96 160
96 224
96 288
97 33
97 161
97 225
97 289
97 1110
98 34
98 162
98 178
98 226
98 290
98 388
99 35
99 163
99 227
99 291
99 430
99 592
99 1079
100 36
100 164
100 228
100 292
100 868
101 37
101 156
101 165
101 229
101 293
101 1109
101 1138
101 1192
101 1269
102 38
102 166
102 230
102 294
102 723
103 39
103 167
103 231
103 295
103 502
103 726
104 40
104 168
104 171
104 232
104 296
104 622
105 41
105 169
105 233
105 297
105 654
105 1275
106 42
106 170
106 234
106 248
106 298
106 615
106 882
107 43
107 171
107 235
107 299
107 623
107 1144
108 44
108 172
108 236
108 300
108 475
109 45
109 173
109 237
109 301
109 342
110 46
110 174
110 238
110 302
110 485
110 803
110 811
110 852
111 47
111 175
111 239
111 303
111 439
111 916
112 42
112 48
112 120
112 127
112 176
112 218
112 240
112 304
112 536
112 660
112 683
112 880
113 49
113 177
113 241
113 305
114 50
114 178
114 242
114 287
114 306
115 51
115 179
115 243
115 307
116 52
116 180
116 244
116 308
116 1268
117 53
117 181
117 233
117 245
117 309
117 415
117 610
118 33
118 54
118 182
118 246
118 310
119 55
119 183
119 247
119 311
119 1142
120 42
120 56
120 112
120 127
120 184
120 218
120 248
120 312
120 536
120 660
120 683
120 880
121 49
121 57
121 185
121 249
121 313
121 538
121 1016
121 1067
122 58
122 186
122 250
122 299
122 314
122 1066
122 1086
123 59
123 187
123 251
123 315
124 60
124 188
124 252
124 316
124 432
124 472
124 1130
125 61
125 163
125 189
125 253
125 317
125 695
125 986
126 62
126 190
126 254
126 296
126 305
126 318
127 42
127 63
127 112
127 120
127 191
127 218
127 255
127 319
127 536
127 660
127 683
127 880
128 0
128 64
128 192
128 256
128 320
128 428
129 1
129 13
129 19
129 65
129 83
129 147
129 193
129 197
129 207
129 257
129 261
129 271
129 321
129 325
129 389
129 399
129 527
129 581
129 591
129 645
129 655
129 712
129 717
129 773
129 781
129 837
129 901
129 909
129 965
129 1093
129 1101
129 1165
130 2
130 66
130 194
130 258
130 322
131 3
131 7
131 67
131 195
131 259
131 323
132 4
132 68
132 196
132 260
132 324
132 1121
133 1
133 5
133 15
133 19
133 69
133 79
133 83
133 143
133 197
133 198
133 261
133 271
133 325
133 326
133 389
133 390
133 454
133 518
133 582
133 591
133 646
133 655
133 710
133 719
133 774
133 783
133 838
133 845
133 847
133 901
133 902
133 909
133 911
133 966
133 973
133 975
133 1039
133 1103
133 1167
133 1229
134 6
134 70
134 198
134 262
134 326
134 390
134 454
134 518
134 582
134 646
134 710
134 774
134 838
134 847
134 902
134 911
134 966
134 1030
134 1158
134 1222
135 7
135 71
135 199
135 263
135 327
135 650
135 780
136 8
136 72
136 200
136 264
136 328
136 392
136 453
136 517
136 584
136 648
136 709
136 776
136 840
136 904
136 968
136 1029
136 1096
136 1160
136 1224
137 9
137 73
137 201
137 265
137 329
138 10
138 74
138 202
138 266
138 330
139 11
139 75
139 203
139 267
139 331
140 12
140 76
140 204
140 268
140 332
140 1228
141 13
141 77
141 205
141 269
141 333
141 399
141 456
141 520
141 581
141 645
141 717
141 781
141 965
141 1026
141 1032
141 1154
141 1157
142 14
142 78
142 206
142 270
142 321
142 334
143 1
143 5
143 15
143 19
143 69
143 79
143 83
143 133
143 147
143 197
143 207
143 261
143 271
143 326
143 335
143 389
143 390
143 454
143 518
143 591
143 646
143 655
143 710
143 719
143 774
143 783
143 838
143 845
143 847
143 901
143 902
143 909
143 911
143 966
143 973
143 975
143 1039
143 1103
143 1167
143 1229
144 16
144 80
144 208
144 272
144 336
144 545
144 937
144 1237
144 1252
145 17
145 81
145 209
145 273
145 337
146 18
146 82
146 210
146 274
146 338
146 1159
147 1
147 13
147 19
147 65
147 83
147 129
147 143
147 197
147 207
147 211
147 261
147 271
147 275
147 325
147 339
147 389
147 399
147 527
147 581
147 591
147 645
147 655
147 712
147 717
147 719
147 773
147 781
147 837
147 845
147 901
147 909
147 965
147 973
147 1037
147 1093
147 1101
147 1165
148 20
148 84
148 212
148 276
148 340
148 533
148 661
148 1065
149 21
149 85
149 213
149 277
149 341
149 452
150 22
150 86
150 214
150 274
150 278
150 342
151 23
151 87
151 88
151 215
151 279
151 343
151 729
151 1128
152 24
152 88
152 216
152 280
152 344
152 482
153 25
153 89
153 217
153 226
153 239
153 281
153 345
153 756
153 1040
154 26
154 90
154 218
154 282
154 346
154 354
154 1074
155 27
155 91
155 219
155 283
155 322
155 347
156 28
156 92
156 101
156 220
156 284
156 348
156 1109
156 1138
156 1192
156 1269
157 29
157 93
157 221
157 285
157 349
157 401
157 1091
157 1248
158 30
158 94
158 222
158 286
158 350
158 396
159 31
159 95
159 223
159 287
159 351
159 829
159 1000
159 1259
159 1276
160 32
160 96
160 224
160 288
160 352
161 33
161 97
161 225
161 289
161 353
161 669
162 34
162 98
162 226
162 290
162 354
163 35
163 99
163 125
163 227
163 291
163 355
163 695
163 986
164 36
164 100
164 228
164 292
164 356
165 37
165 101
165 229
165 293
165 357
166 38
166 102
166 230
166 294
166 358
166 982
167 39
167 103
167 231
167 295
167 359
168 40
168 104
168 232
168 296
168 360
168 384
169 41
169 105
169 233
169 297
169 361
169 486
169 749
170 42
170 84
170 106
170 234
170 298
170 362
170 820
171 43
171 104
171 107
171 235
171 299
171 363
171 622
172 44
172 108
172 236
172 300
172 364
173 45
173 109
173 237
173 301
173 365
174 46
174 110
174 216
174 238
174 302
174 366
175 47
175 111
175 239
175 303
175 367
175 448
176 48
176 112
176 240
176 304
176 368
176 434
177 49
177 113
177 240
177 241
177 305
177 316
177 698
177 942
177 1023
178 50
178 98
178 114
178 242
178 306
178 370
178 388
179 51
179 115
179 243
179 307
179 371
180 52
180 116
180 244
180 308
180 372
180 404
180 628
180 944
180 1006
181 53
181 117
181 245
181 309
181 355
181 373
181 601
182 54
182 118
182 246
182 310
182 374
183 55
183 119
183 247
183 311
183 375
183 606
184 56
184 120
184 248
184 282
184 312
184 376
184 692
185 57
185 121
185 249
185 313
185 377
185 424
185 682
185 702
185 824
185 830
185 1087
186 58
186 122
186 250
186 314
186 378
187 56
187 59
187 123
187 251
187 315
187 379
187 681
187 863
187 1177
188 60
188 124
188 247
188 252
188 316
188 380
188 761
188 814
188 1195
189 61
189 90
189 125
189 245
189 253
189 317
189 381
189 554
189 1176
189 1236
190 62
190 126
190 254
190 318
190 382
190 889
191 63
191 127
191 255
191 302
191 319
191 383
191 954
191 1002
191 1020
192 0
192 64
192 128
192 256
192 320
192 384
192 1057
192 1152
193 1
193 65
193 129
193 257
193 321
193 385
193 898
194 2
194 66
194 130
194 258
194 322
194 386
194 1095
195 3
195 67
195 131
195 259
195 323
195 387
196 4
196 68
196 132
196 260
196 324
196 388
196 1257
197 1
197 5
197 13
197 15
197 19
197 69
197 79
197 83
197 129
197 133
197 143
197 147
197 207
197 261
197 271
197 325
197 389
197 527
197 591
197 655
197 712
197 719
197 773
197 783
197 837
197 845
197 847
197 901
197 909
197 911
197 973
197 975
197 1037
197 1039
197 1218
197 1221
197 1229
198 5
198 6
198 15
198 69
198 70
198 79
198 133
198 134
198 262
198 326
198 390
198 454
198 518
198 582
198 646
198 710
198 774
198 783
198 838
198 847
198 902
198 911
198 966
198 975
198 1030
198 1039
198 1094
198 1158
198 1222
199 7
199 71
199 135
199 263
199 327
199 332
199 391
200 8
200 72
200 136
200 264
200 328
200 392
200 453
200 517
200 584
200 648
200 709
200 776
200 840
200 904
200 968
200 1029
200 1096
200 1160
200 1224
201 9
201 73
201 137
201 265
201 329
201 393
202 10
202 74
202 138
202 266
202 330
202 394
202 713
202 862
202 910
202 1155
202 1182
203 11
203 75
203 139
203 267
203 331
203 395
204 12
204 76
204 140
204 268
204 332
204 396
205 13
205 77
205 141
205 269
205 333
205 397
206 14
206 78
206 142
206 270
206 334
206 398
207 1
207 13
207 15
207 19
207 65
207 79
207 83
207 129
207 143
207 147
207 197
207 261
207 271
207 325
207 335
207 389
207 399
207 527
207 581
207 591
207 645
207 655
207 712
207 717
207 719
207 773
207 781
207 837
207 901
207 909
207 965
207 973
207 1037
207 1093
207 1101
207 1165
208 16
208 80
208 144
208 272
208 336
208 400
208 728
208 1044
208 1135
209 17
209 81
209 145
209 273
209 337
209 401
209 711
210 18
210 28
210 82
210 146
210 274
210 338
210 402
210 737
211 19
211 83
211 147
211 275
211 339
211 403
211 897
212 20
212 84
212 148
212 276
212 340
212 404
212 528
212 564
212 689
213 21
213 85
213 149
213 229
213 277
213 341
213 405
213 668
214 22
214 86
214 150
214 278
214 342
214 406
215 23
215 87
215 151
215 279
215 317
215 343
215 407
215 431
215 853
215 1213
216 24
216 88
216 152
216 174
216 280
216 344
216 408
217 25
217 89
217 153
217 281
217 303
217 304
217 345
217 409
217 1059
217 1073
218 26
218 42
218 90
218 112
218 120
218 127
218 154
218 282
218 346
218 410
218 536
218 660
218 683
218 880
219 27
219 91
219 155
219 283
219 347
219 411
219 998
220 28
220 92
220 156
220 284
220 348
220 412
221 29
221 93
221 157
221 285
221 349
221 413
221 422
221 578
221 992
222 30
222 94
222 158
222 286
222 350
222 414
223 31
223 95
223 159
223 232
223 287
223 351
223 373
223 415
224 32
224 96
224 160
224 288
224 352
224 416
225 33
225 97
225 161
225 289
225 353
225 417
225 784
225 1189
226 34
226 98
226 153
226 162
226 239
226 290
226 354
226 418
226 756
226 1040
227 35
227 99
227 163
227 291
227 355
227 419
227 663
227 817
227 874
228 36
228 100
228 164
228 292
228 356
228 420
229 37
229 101
229 165
229 213
229 293
229 357
229 421
229 668
230 38
230 102
230 166
230 294
230 358
230 422
231 39
231 103
231 167
231 295
231 359
231 409
231 423
231 479
231 674
231 818
231 884
231 1063
232 40
232 104
232 168
232 223
232 296
232 360
232 373
232 424
233 41
233 105
233 117
233 169
233 297
233 361
233 415
233 425
233 610
234 42
234 106
234 170
234 298
234 362
234 410
234 426
234 1239
235 43
235 107
235 171
235 299
235 363
235 752
236 44
236 108
236 172
236 300
236 364
236 428
236 1122
237 45
237 109
237 173
237 301
237 365
237 429
237 443
237 693
237 768
237 978
237 1012
237 1241
238 46
238 110
238 174
238 302
238 366
238 430
238 447
238 561
238 703
239 47
239 111
239 153
239 175
239 226
239 303
239 367
239 431
239 756
239 1040
240 48
240 112
240 176
240 177
240 304
240 316
240 368
240 432
240 698
240 942
240 1023
241 49
241 113
241 177
241 305
241 369
241 433
241 788
242 50
242 92
242 114
242 178
242 306
242 370
242 434
243 51
243 115
243 179
243 307
243 371
243 435
244 52
244 116
244 180
244 308
244 372
244 436
244 631
244 860
245 53
245 90
245 117
245 181
245 189
245 309
245 373
245 437
245 554
245 1176
245 1236
246 54
246 118
246 182
246 310
246 374
246 438
246 1261
247 55
247 119
247 183
247 188
247 311
247 375
247 439
247 761
247 814
247 1195
248 56
248 106
248 120
248 184
248 312
248 376
248 440
248 615
248 882
249 57
249 121
249 185
249 313
249 376
249 377
249 441
249 919
250 58
250 122
250 186
250 314
250 378
250 442
251 59
251 123
251 187
251 315
251 379
251 443
251 1173
252 46
252 60
252 124
252 188
252 316
252 340
252 380
252 444
252 495
252 1008
252 1146
252 1214
252 1277
253 61
253 125
253 189
253 317
253 381
253 445
253 727
253 821
254 62
254 126
254 190
254 311
254 318
254 382
254 468
254 504
254 1131
255 63
255 127
255 191
255 319
255 346
255 366
255 380
255 383
255 447
255 893
256 64
256 128
256 192
256 320
256 384
256 448
256 1124
257 65
257 129
257 193
257 321
257 385
257 449
258 66
258 130
258 194
258 322
258 386
258 450
258 1227
259 67
259 131
259 195
259 323
259 387
259 451
260 68
260 132
260 196
260 324
260 388
260 412
260 452
260 466
260 534
260 796
260 994
261 1
261 5
261 13
261 15
261 19
261 65
261 69
261 79
261 83
261 129
261 133
261 143
261 147
261 197
261 207
261 271
261 325
261 389
261 453
261 527
261 591
261 655
261 712
261 719
261 773
261 783
261 837
261 845
261 847
261 901
261 909
261 911
261 973
261 975
261 1037
261 1039
261 1093
261 1101
261 1103
261 1218
261 1221
261 1229
262 6
262 70
262 134
262 198
262 326
262 390
262 454
262 518
262 582
262 646
262 710
262 774
262 838
262 847
262 902
262 911
262 966
262 1030
262 1094
262 1158
262 1222
263 71
263 135
263 199
263 327
263 391
263 455
263 1038
264 8
264 72
264 136
264 200
264 328
264 392
264 453
264 456
264 517
264 584
264 648
264 709
264 776
264 840
264 904
264 968
264 1029
264 1096
264 1160
264 1224
265 73
265 137
265 201
265 329
265 393
265 457
265 979
266 2
266 74
266 138
266 202
266 330
266 394
266 458
267 75
267 139
267 203
267 331
267 395
267 459
268 76
268 140
268 204
268 332
268 396
268 460
268 620
269 77
269 141
269 205
269 333
269 397
269 461
270 78
270 142
270 206
270 334
270 398
270 462
271 1
271 5
271 13
271 15
271 19
271 65
271 69
271 79
271 83
271 129
271 133
271 143
271 147
271 197
271 207
271 261
271 325
271 335
271 389
271 399
271 463
271 527
271 591
271 655
271 712
271 719
271 773
271 783
271 837
271 845
271 847
271 901
271 909
271 973
271 975
271 1037
271 1039
271 1093
271 1101
271 1103
271 1218
271 1221
272 80
272 144
272 208
272 336
272 400
272 464
273 81
273 145
273 209
273 337
273 401
273 465
273 1027
274 82
274 146
274 150
274 210
274 338
274 402
274 466
275 83
275 147
275 211
275 339
275 403
275 467
276 61
276 84
276 148
276 212
276 340
276 404
276 468
276 920
276 1209
277 85
277 149
277 213
277 341
277 353
277 405
277 469
277 612
278 86
278 150
278 214
278 342
278 406
278 470
278 844
279 60
279 87
279 151
279 215
279 343
279 407
279 471
279 764
279 956
280 88
280 152
280 216
280 344
280 408
280 472
280 532
280 792
280 1137
281 35
281 89
281 153
281 217
281 345
281 409
281 473
281 741
281 1129
282 90
282 154
282 184
282 218
282 346
282 410
282 474
282 692
283 91
283 155
283 219
283 347
283 411
283 475
284 92
284 156
284 220
284 324
284 348
284 412
284 476
284 635
284 809
284 999
285 93
285 157
285 221
285 349
285 413
285 477
286 94
286 158
286 222
286 350
286 414
286 455
286 478
286 1053
287 95
287 114
287 159
287 223
287 351
287 415
287 479
288 96
288 160
288 224
288 352
288 416
288 480
288 529
289 97
289 161
289 225
289 306
289 353
289 417
289 481
290 98
290 162
290 226
290 354
290 418
290 482
290 566
290 616
291 43
291 99
291 163
291 227
291 355
291 419
291 483
291 855
291 1274
292 87
292 100
292 164
292 228
292 356
292 420
292 473
292 484
292 856
292 946
293 101
293 165
293 229
293 357
293 421
293 485
294 102
294 166
294 230
294 358
294 422
294 486
294 605
294 1166
295 103
295 167
295 231
295 359
295 423
295 425
295 487
295 597
296 104
296 126
296 168
296 232
296 305
296 360
296 424
296 488
297 105
297 169
297 233
297 361
297 425
297 489
297 933
297 1024
298 106
298 170
298 234
298 362
298 426
298 490
298 599
298 1018
299 107
299 122
299 171
299 235
299 363
299 427
299 491
299 1066
299 1086
300 108
300 172
300 236
300 364
300 428
300 492
300 932
301 109
301 173
301 237
301 365
301 429
301 493
301 609
301 804
301 896
301 1255
302 110
302 174
302 191
302 238
302 366
302 430
302 494
302 954
302 1002
302 1020
303 111
303 175
303 217
303 239
303 304
303 367
303 431
303 495
303 1059
303 1073
304 112
304 176
304 217
304 240
304 303
304 368
304 432
304 496
304 1059
304 1073
305 113
305 126
305 177
305 241
305 296
305 369
305 433
305 497
306 114
306 178
306 242
306 289
306 370
306 434
306 498
307 115
307 179
307 243
307 371
307 435
307 499
308 116
308 180
308 244
308 372
308 436
308 500
309 117
309 181
309 245
309 356
309 373
309 437
309 501
309 671
310 118
310 182
310 246
310 374
310 438
310 502
310 613
310 629
310 1015
310 1127
311 119
311 183
311 247
311 254
311 375
311 439
311 468
311 503
311 504
311 1131
312 120
312 184
312 248
312 376
312 440
312 444
312 504
313 121
313 185
313 249
313 377
313 441
313 505
313 570
313 1208
314 122
314 186
314 250
314 378
314 442
314 573
314 1215
315 123
315 187
315 251
315 379
315 443
315 507
316 124
316 177
316 188
316 240
316 252
316 380
316 444
316 508
316 698
316 942
316 1023
317 125
317 189
317 215
317 253
317 381
317 431
317 445
317 509
317 853
317 1213
318 126
318 190
318 254
318 382
318 446
318 948
319 127
319 191
319 255
319 383
319 447
319 491
319 511
319 632
320 128
320 192
320 256
320 384
320 448
320 512
320 732
320 981
320 1204
321 129
321 142
321 193
321 257
321 385
321 449
321 513
322 130
322 155
322 194
322 258
322 386
322 450
322 514
323 131
323 195
323 259
323 387
323 451
323 515
323 1035
324 132
324 196
324 260
324 284
324 388
324 452
324 516
324 635
324 809
324 999
325 1
325 13
325 19
325 65
325 83
325 129
325 133
325 147
325 197
325 207
325 261
325 271
325 389
325 399
325 453
325 517
325 527
325 581
325 591
325 645
325 655
325 712
325 717
325 773
325 781
325 837
325 901
325 909
325 965
325 973
325 1037
325 1090
325 1093
325 1101
325 1154
325 1165
326 5
326 6
326 15
326 69
326 70
326 79
326 133
326 134
326 143
326 198
326 262
326 390
326 454
326 518
326 582
326 646
326 710
326 774
326 783
326 838
326 845
326 847
326 902
326 911
326 966
326 975
326 1030
326 1039
326 1094
326 1103
326 1158
326 1167
326 1222
326 1231
327 135
327 199
327 263
327 391
327 455
327 519
327 557
328 8
328 72
328 136
328 200
328 264
328 392
328 453
328 456
328 517
328 520
328 584
328 648
328 709
328 776
328 840
328 904
328 968
328 1029
328 1096
328 1160
328 1224
329 137
329 201
329 265
329 393
329 457
329 521
329 705
330 138
330 202
330 266
330 394
330 458
330 522
331 139
331 203
331 267
331 395
331 459
331 523
332 140
332 199
332 204
332 268
332 391
332 396
332 460
332 524
333 141
333 205
333 269
333 397
333 461
333 525
334 142
334 206
334 270
334 398
334 462
334 526
334 608
335 143
335 207
335 271
335 399
335 463
335 527
336 58
336 144
336 208
336 272
336 345
336 400
336 464
336 528
336 1271
337 145
337 209
337 273
337 401
337 465
337 529
338 146
338 210
338 274
338 402
338 466
338 530
339 12
339 147
339 211
339 275
339 403
339 467
339 531
340 46
340 148
340 212
340 252
340 276
340 404
340 468
340 495
340 532
340 1008
340 1146
340 1214
340 1277
341 149
341 213
341 277
341 405
341 469
341 533
342 109
342 150
342 214
342 278
342 406
342 470
342 534
343 88
343 151
343 215
343 279
343 407
343 471
343 535
343 729
343 1128
344 152
344 216
344 280
344 408
344 442
344 472
344 536
344 547
345 58
345 153
345 217
345 281
345 336
345 409
345 473
345 537
345 1271
346 154
346 218
346 255
346 282
346 366
346 380
346 410
346 474
346 538
346 893
347 155
347 219
347 283
347 371
347 411
347 460
347 475
347 539
348 156
348 220
348 284
348 412
348 476
348 540
349 157
349 221
349 285
349 413
349 477
349 541
349 748
349 836
350 158
350 222
350 286
350 414
350 478
350 542
351 159
351 223
351 287
351 415
351 479
351 543
351 927
352 160
352 224
352 288
352 416
352 480
352 544
352 905
353 161
353 225
353 277
353 289
353 417
353 481
353 545
353 612
354 154
354 162
354 226
354 290
354 418
354 482
354 546
354 1074
355 163
355 181
355 227
355 291
355 419
355 483
355 547
355 601
356 164
356 228
356 292
356 309
356 420
356 484
356 548
356 671
357 165
357 229
357 293
357 421
357 485
357 549
358 166
358 230
358 294
358 422
358 486
358 550
359 167
359 231
359 295
359 423
359 487
359 551
359 791
359 869
359 1050
360 168
360 232
360 296
360 424
360 488
360 552
360 816
360 894
361 169
361 233
361 297
361 425
361 489
361 553
362 57
362 170
362 234
362 298
362 426
362 490
362 554
362 596
362 825
362 958
362 1072
363 171
363 235
363 299
363 427
363 491
363 701
363 881
364 172
364 236
364 300
364 428
364 492
364 556
364 758
364 988
365 173
365 237
365 301
365 429
365 493
365 557
366 174
366 238
366 255
366 302
366 346
366 380
366 430
366 494
366 893
367 175
367 239
367 303
367 431
367 448
367 495
367 559
368 176
368 240
368 304
368 432
368 496
368 560
368 1080
368 1085
369 241
369 305
369 433
369 497
369 535
369 561
370 26
370 178
370 242
370 306
370 434
370 498
370 562
370 980
371 179
371 243
371 307
371 347
371 435
371 460
371 499
371 563
372 180
372 244
372 308
372 436
372 500
372 564
372 699
372 799
372 1183
373 181
373 223
373 232
373 245
373 309
373 437
373 501
373 565
374 182
374 246
374 310
374 438
374 502
374 566
375 183
375 247
375 311
375 439
375 503
375 567
376 184
376 248
376 249
376 312
376 440
376 504
376 568
376 919
377 185
377 249
377 313
377 441
377 505
377 624
378 186
378 250
378 314
378 442
378 570
379 23
379 187
379 251
379 315
379 443
379 507
379 571
379 626
380 188
380 252
380 255
380 316
380 346
380 366
380 444
380 508
380 893
381 189
381 253
381 317
381 445
381 509
381 1145
382 190
382 254
382 318
382 446
382 483
382 510
382 574
382 666
382 743
382 1055
382 1278
383 191
383 255
383 319
383 447
383 511
384 168
384 192
384 256
384 320
384 448
384 512
384 576
385 193
385 257
385 321
385 449
385 513
385 577
386 194
386 258
386 322
386 450
386 514
386 578
387 195
387 259
387 323
387 451
387 515
387 579
387 649
388 98
388 178
388 196
388 260
388 324
388 452
388 516
388 580
389 1
389 5
389 13
389 15
389 19
389 65
389 69
389 79
389 83
389 129
389 133
389 143
389 147
389 197
389 207
389 261
389 271
389 325
389 399
389 453
389 517
389 527
389 581
389 591
389 655
389 712
389 719
389 773
389 781
389 783
389 837
389 845
389 901
389 909
389 965
389 973
389 975
389 1037
389 1039
389 1090
389 1093
389 1101
389 1103
389 1165
389 1218
389 1221
389 1229
390 5
390 6
390 15
390 69
390 70
390 79
390 133
390 134
390 143
390 198
390 262
390 326
390 454
390 518
390 582
390 646
390 710
390 774
390 783
390 838
390 845
390 847
390 902
390 911
390 966
390 975
390 1030
390 1039
390 1094
390 1103
390 1158
390 1167
390 1222
390 1231
391 199
391 263
391 327
391 332
391 455
391 519
391 583
392 8
392 72
392 136
392 200
392 264
392 328
392 453
392 456
392 517
392 520
392 584
392 648
392 709
392 776
392 840
392 904
392 968
392 1029
392 1096
392 1160
392 1224
393 201
393 265
393 329
393 457
393 521
393 585
394 202
394 266
394 330
394 458
394 522
394 586
394 1163
395 203
395 267
395 331
395 459
395 523
395 587
396 158
396 204
396 268
396 332
396 460
396 524
396 588
397 205
397 269
397 333
397 461
397 525
397 589
398 206
398 270
398 334
398 462
398 526
398 590
399 1
399 13
399 19
399 65
399 129
399 141
399 147
399 207
399 271
399 325
399 335
399 389
399 463
399 527
399 581
399 591
399 645
399 655
399 712
399 717
399 773
399 781
399 837
399 965
399 1026
399 1032
399 1037
399 1090
399 1093
399 1101
399 1154
399 1165
399 1218
399 1221
400 208
400 272
400 336
400 464
400 528
400 592
401 157
401 209
401 273
401 337
401 465
401 529
401 593
401 1091
401 1248
402 41
402 210
402 274
402 338
402 466
402 530
402 594
402 1133
403 211
403 275
403 339
403 467
403 531
403 595
404 180
404 212
404 276
404 340
404 468
404 532
404 596
404 628
404 944
404 1006
405 20
405 55
405 213
405 277
405 341
405 469
405 533
405 597
405 617
405 807
405 912
405 935
406 37
406 214
406 278
406 342
406 470
406 534
406 598
406 1004
407 215
407 279
407 343
407 471
407 535
407 599
407 1194
408 216
408 280
408 344
408 472
408 536
408 600
408 619
408 936
408 938
409 217
409 231
409 281
409 345
409 473
409 479
409 537
409 601
409 674
409 818
409 884
409 1063
410 218
410 234
410 282
410 346
410 474
410 538
410 602
410 1239
411 219
411 283
411 347
411 475
411 539
411 603
411 706
412 220
412 260
412 284
412 348
412 466
412 476
412 534
412 540
412 604
412 796
412 994
413 221
413 285
413 349
413 477
413 541
413 605
414 222
414 286
414 350
414 478
414 542
414 606
414 1196
415 117
415 223
415 233
415 287
415 351
415 479
415 543
415 607
415 610
416 224
416 288
416 352
416 480
416 544
416 608
417 225
417 289
417 353
417 481
417 545
417 609
417 1113
417 1116
418 226
418 290
418 354
418 482
418 546
418 610
419 227
419 291
419 355
419 483
419 547
419 611
420 228
420 292
420 356
420 484
420 548
420 612
420 1250
421 229
421 293
421 357
421 485
421 549
421 613
421 997
421 1045
422 221
422 230
422 294
422 358
422 486
422 550
422 578
422 614
422 992
423 231
423 295
423 359
423 487
423 551
423 607
423 615
423 1258
424 185
424 232
424 296
424 360
424 488
424 552
424 616
424 682
424 702
424 824
424 830
424 1087
425 233
425 295
425 297
425 361
425 489
425 553
425 597
425 617
426 234
426 298
426 362
426 440
426 490
426 554
426 618
426 879
426 1048
427 299
427 363
427 491
428 128
428 236
428 300
428 364
428 492
428 556
428 620
429 237
429 301
429 365
429 493
429 557
429 621
430 99
430 238
430 302
430 366
430 494
430 558
430 592
430 622
430 1079
431 215
431 239
431 303
431 317
431 367
431 495
431 559
431 623
431 853
431 1213
432 124
432 240
432 304
432 368
432 472
432 496
432 560
432 624
432 1130
433 241
433 305
433 369
433 497
433 561
433 1279
434 176
434 242
434 306
434 370
434 498
434 562
434 626
435 243
435 307
435 371
435 499
435 563
435 627
436 244
436 308
436 372
436 488
436 500
436 564
436 628
436 867
436 1076
437 245
437 309
437 373
437 501
437 565
437 629
438 246
438 310
438 374
438 502
438 566
438 630
438 716
439 111
439 247
439 311
439 375
439 503
439 567
439 631
439 916
440 248
440 312
440 376
440 426
440 504
440 568
440 632
440 879
440 1048
441 249
441 313
441 377
441 505
441 569
441 633
441 831
442 250
442 314
442 344
442 378
442 506
442 547
442 570
442 634
443 237
443 251
443 315
443 379
443 507
443 571
443 635
443 693
443 768
443 978
443 1012
443 1241
444 252
444 312
444 316
444 380
444 508
444 572
444 636
445 253
445 317
445 381
445 509
445 573
445 637
445 815
446 318
446 382
446 510
446 574
447 238
447 255
447 319
447 383
447 511
447 561
447 575
447 639
447 703
448 175
448 256
448 320
448 367
448 384
448 512
448 576
448 640
449 257
449 321
449 385
449 513
449 577
449 641
450 258
450 322
450 386
450 514
450 578
450 642
451 259
451 323
451 387
451 515
451 579
451 643
452 149
452 260
452 324
452 388
452 516
452 580
452 644
453 8
453 72
453 136
453 200
453 261
453 264
453 325
453 328
453 389
453 392
453 517
453 581
453 584
453 645
453 648
453 709
453 776
453 840
453 904
453 968
453 1029
453 1096
453 1160
453 1224
454 5
454 6
454 15
454 69
454 70
454 79
454 133
454 134
454 143
454 198
454 262
454 326
454 390
454 518
454 582
454 646
454 710
454 719
454 774
454 783
454 838
454 845
454 847
454 902
454 911
454 966
454 975
454 1030
454 1039
454 1094
454 1103
454 1158
454 1167
454 1222
454 1229
454 1231
455 263
455 286
455 327
455 391
455 519
455 583
455 647
455 1053
456 141
456 264
456 328
456 392
456 520
456 581
456 584
456 645
456 648
456 717
456 1026
456 1032
456 1090
456 1154
456 1157
457 265
457 329
457 393
457 521
457 585
457 649
458 38
458 266
458 330
458 394
458 522
458 586
458 650
458 800
459 267
459 331
459 395
459 523
459 587
459 651
460 268
460 332
460 347
460 371
460 396
460 524
460 588
460 652
461 269
461 333
461 397
461 525
461 589
461 653
461 1223
462 270
462 334
462 398
462 526
462 590
462 654
462 977
463 271
463 335
463 399
463 527
463 591
463 655
464 272
464 336
464 400
464 469
464 528
464 592
464 656
464 677
464 720
464 1070
465 273
465 337
465 401
465 529
465 593
465 657
465 1179
466 260
466 274
466 338
466 402
466 412
466 530
466 534
466 594
466 658
466 796
466 994
467 275
467 339
467 403
467 531
467 595
467 659
467 843
468 254
468 276
468 311
468 340
468 404
468 504
468 532
468 596
468 660
468 1131
469 277
469 341
469 405
469 464
469 533
469 597
469 661
469 677
469 720
469 1070
470 278
470 342
470 406
470 534
470 598
470 662
470 694
470 1180
471 48
471 279
471 343
471 407
471 535
471 599
471 663
472 124
472 280
472 344
472 408
472 432
472 536
472 600
472 664
472 1130
473 87
473 281
473 292
473 345
473 409
473 537
473 601
473 665
473 856
473 946
474 282
474 346
474 410
474 538
474 600
474 602
474 666
474 1009
475 108
475 283
475 347
475 411
475 539
475 603
475 667
476 284
476 348
476 412
476 540
476 604
476 668
477 285
477 349
477 413
477 541
477 605
477 669
477 742
478 286
478 350
478 414
478 542
478 598
478 606
478 670
478 755
479 231
479 287
479 351
479 409
479 415
479 543
479 607
479 671
479 674
479 818
479 884
479 1063
480 288
480 352
480 416
480 544
480 608
480 672
481 289
481 353
481 417
481 545
481 609
481 665
481 673
481 745
481 951
481 1141
481 1265
482 152
482 290
482 354
482 418
482 546
482 610
482 674
483 291
483 355
483 382
483 419
483 547
483 611
483 666
483 675
483 743
483 1055
483 1278
484 292
484 356
484 420
484 548
484 612
484 676
484 708
485 110
485 293
485 357
485 421
485 549
485 613
485 677
485 803
485 811
485 852
486 169
486 294
486 358
486 422
486 550
486 614
486 678
486 749
487 295
487 359
487 423
487 551
487 615
487 679
487 791
487 869
487 1050
488 296
488 360
488 424
488 436
488 552
488 616
488 680
488 867
488 1076
489 297
489 361
489 425
489 553
489 617
489 681
489 1001
489 1262
490 298
490 362
490 426
490 554
490 618
490 682
490 686
490 953
491 299
491 319
491 363
491 427
491 555
491 619
491 632
491 683
492 300
492 364
492 428
492 556
492 620
492 684
493 301
493 365
493 429
493 557
493 621
493 685
494 302
494 366
494 430
494 558
494 622
495 46
495 252
495 303
495 340
495 367
495 431
495 559
495 623
495 687
495 1008
495 1146
495 1214
495 1277
496 304
496 368
496 432
496 560
496 618
496 624
496 688
496 1017
496 1200
497 305
497 369
497 433
497 561
497 625
497 689
497 888
497 983
497 1201
498 306
498 370
498 434
498 562
498 626
498 690
499 307
499 371
499 435
499 563
499 627
499 691
500 308
500 372
500 436
500 564
500 628
500 692
501 309
501 373
501 437
501 565
501 629
501 693
502 103
502 310
502 374
502 438
502 566
502 630
502 694
502 726
503 80
503 311
503 375
503 439
503 567
503 631
503 695
504 254
504 311
504 312
504 376
504 440
504 468
504 568
504 632
504 696
504 1131
505 313
505 377
505 441
505 569
505 633
505 831
506 442
506 570
506 634
507 24
507 315
507 379
507 443
507 571
507 635
507 699
507 725
507 887
508 316
508 380
508 444
508 572
508 636
508 700
508 766
508 1022
509 317
509 381
509 445
509 573
509 637
509 701
509 945
509 1111
510 382
510 446
510 574
510 638
510 702
511 319
511 383
511 447
511 575
511 639
511 703
511 895
512 320
512 384
512 448
512 576
512 640
512 704
512 805
513 321
513 385
513 449
513 577
513 641
513 705
514 322
514 386
514 450
514 578
514 642
514 706
515 323
515 387
515 451
515 579
515 643
515 707
515 770
516 324
516 388
516 452
516 580
516 644
516 708
517 8
517 72
517 136
517 200
517 264
517 325
517 328
517 389
517 392
517 453
517 581
517 584
517 645
517 648
517 709
517 776
517 840
517 904
517 968
517 1029
517 1096
517 1160
517 1224
518 5
518 6
518 15
518 69
518 70
518 79
518 133
518 134
518 143
518 198
518 262
518 326
518 390
518 454
518 582
518 646
518 710
518 774
518 783
518 838
518 845
518 847
518 902
518 911
518 966
518 975
518 1030
518 1039
518 1094
518 1103
518 1158
518 1167
518 1222
518 1231
519 327
519 391
519 455
519 583
519 647
519 711
519 1102
520 141
520 328
520 392
520 456
520 584
520 645
520 648
520 712
520 717
520 1026
520 1032
520 1154
520 1157
521 329
521 393
521 457
521 585
521 649
521 713
522 330
522 394
522 458
522 586
522 588
522 650
522 714
522 923
523 331
523 395
523 459
523 587
523 651
523 715
523 731
524 332
524 396
524 460
524 588
524 652
524 716
525 333
525 397
525 461
525 589
525 653
525 717
525 1025
526 334
526 398
526 462
526 590
526 654
526 718
527 1
527 13
527 19
527 65
527 83
527 129
527 147
527 197
527 207
527 261
527 271
527 325
527 335
527 389
527 399
527 463
527 581
527 591
527 645
527 655
527 712
527 717
527 719
527 773
527 781
527 837
527 901
527 909
527 965
527 973
527 1037
527 1090
527 1093
527 1101
527 1165
527 1218
527 1221
527 1229
528 212
528 336
528 400
528 464
528 564
528 592
528 656
528 689
528 720
529 288
529 337
529 401
529 465
529 593
529 657
529 721
530 338
530 402
530 466
530 594
530 658
530 722
531 339
531 403
531 467
531 595
531 659
531 723
532 280
532 340
532 404
532 468
532 596
532 660
532 724
532 792
532 1137
533 148
533 341
533 405
533 469
533 597
533 661
533 725
533 1065
534 260
534 342
534 406
534 412
534 466
534 470
534 598
534 662
534 726
534 796
534 994
535 343
535 369
535 407
535 471
535 599
535 663
535 727
536 42
536 112
536 120
536 127
536 218
536 344
536 408
536 472
536 600
536 660
536 664
536 683
536 728
536 880
537 345
537 409
537 473
537 601
537 665
537 729
537 735
537 1112
537 1212
538 49
538 121
538 346
538 410
538 474
538 602
538 666
538 730
538 1016
538 1067
539 347
539 411
539 475
539 603
539 667
539 672
539 731
539 1031
540 348
540 412
540 476
540 604
540 668
540 670
540 732
541 349
541 413
541 477
541 605
541 669
541 733
542 350
542 414
542 478
542 606
542 670
542 734
542 870
542 1014
543 351
543 415
543 479
543 607
543 636
543 671
543 735
543 762
544 352
544 416
544 480
544 608
544 672
544 736
545 144
545 353
545 417
545 481
545 609
545 673
545 737
545 937
545 1237
545 1252
546 354
546 418
546 482
546 610
546 674
546 738
546 751
546 1264
547 344
547 355
547 419
547 442
547 483
547 611
547 675
547 739
548 356
548 420
548 484
548 612
548 676
548 740
548 1003
549 357
549 421
549 485
549 613
549 677
549 739
549 741
550 358
550 422
550 486
550 614
550 678
550 742
551 359
551 423
551 487
551 611
551 615
551 675
551 679
551 680
551 740
551 743
551 754
552 360
552 424
552 488
552 616
552 656
552 680
552 744
552 984
552 1047
553 361
553 425
553 489
553 617
553 681
553 745
553 917
553 1140
554 90
554 189
554 245
554 362
554 426
554 490
554 618
554 682
554 746
554 1176
554 1236
555 491
555 619
555 683
556 52
556 95
556 364
556 428
556 492
556 620
556 684
556 748
556 819
556 964
557 327
557 365
557 429
557 493
557 621
557 685
557 749
558 430
558 494
558 622
558 638
558 686
558 747
559 367
559 431
559 495
559 623
559 687
559 700
559 751
559 892
560 368
560 432
560 496
560 624
560 688
561 238
561 369
561 433
561 447
561 497
561 625
561 689
561 703
561 753
562 370
562 434
562 498
562 626
562 673
562 690
562 754
562 1253
563 371
563 435
563 499
563 627
563 691
563 755
564 212
564 372
564 436
564 500
564 528
564 628
564 689
564 692
564 756
565 373
565 437
565 501
565 629
565 693
565 757
565 1123
566 290
566 374
566 438
566 502
566 616
566 630
566 694
566 758
567 375
567 439
567 503
567 631
567 695
567 759
568 376
568 440
568 504
568 632
568 696
568 760
568 826
569 441
569 505
569 633
569 697
569 753
569 761
569 1263
570 313
570 378
570 442
570 506
570 634
570 698
570 762
570 1208
571 379
571 443
571 507
571 635
571 699
571 763
571 1207
572 444
572 508
572 575
572 636
572 700
573 314
573 445
573 509
573 637
573 701
573 1215
574 382
574 446
574 510
574 638
574 697
574 702
574 766
574 1082
575 447
575 511
575 572
575 639
575 703
576 40
576 384
576 448
576 512
576 640
576 704
576 757
576 768
576 822
577 385
577 449
577 513
577 641
577 705
577 769
578 221
578 386
578 422
578 450
578 514
578 642
578 706
578 770
578 992
579 387
579 451
579 515
579 643
579 707
579 771
579 907
580 388
580 452
580 516
580 644
580 704
580 708
580 772
580 1046
581 1
581 13
581 65
581 129
581 141
581 147
581 207
581 325
581 389
581 399
581 453
581 456
581 517
581 527
581 591
581 645
581 709
581 712
581 717
581 773
581 781
581 837
581 965
581 1026
581 1032
581 1037
581 1090
581 1093
581 1101
581 1154
581 1157
581 1165
582 5
582 6
582 15
582 69
582 70
582 79
582 133
582 134
582 198
582 262
582 326
582 390
582 454
582 518
582 646
582 710
582 774
582 783
582 838
582 847
582 902
582 911
582 966
582 975
582 1030
582 1039
582 1094
582 1103
582 1158
582 1167
582 1222
582 1231
583 391
583 455
583 519
583 647
583 711
583 775
584 8
584 72
584 136
584 200
584 264
584 328
584 392
584 453
584 456
584 517
584 520
584 648
584 709
584 712
584 776
584 840
584 904
584 968
584 1029
584 1096
584 1160
584 1224
585 393
585 457
585 521
585 649
585 713
585 777
586 394
586 458
586 522
586 650
586 714
586 778
587 395
587 459
587 523
587 651
587 715
587 779
588 396
588 460
588 522
588 524
588 652
588 716
588 780
588 923
589 397
589 461
589 525
589 653
589 717
589 781
590 398
590 462
590 526
590 654
590 718
590 782
591 1
591 5
591 13
591 15
591 19
591 65
591 69
591 79
591 83
591 129
591 133
591 143
591 147
591 197
591 207
591 261
591 271
591 325
591 389
591 399
591 463
591 527
591 581
591 645
591 655
591 712
591 719
591 773
591 781
591 783
591 837
591 845
591 901
591 909
591 965
591 973
591 1037
591 1039
591 1090
591 1093
591 1101
591 1103
591 1165
591 1218
591 1221
591 1229
592 99
592 400
592 430
592 464
592 528
592 656
592 720
592 784
592 1079
593 44
593 401
593 465
593 529
593 657
593 721
593 785
594 402
594 466
594 530
594 658
594 722
594 786
594 1220
595 403
595 467
595 531
595 659
595 723
595 787
596 57
596 362
596 404
596 468
596 532
596 660
596 724
596 788
596 825
596 958
596 1072
597 295
597 405
597 425
597 469
597 533
597 661
597 725
597 789
598 406
598 470
598 478
598 534
598 662
598 726
598 755
598 790
599 298
599 407
599 471
599 535
599 663
599 727
599 791
599 1018
600 408
600 472
600 474
600 536
600 664
600 728
600 792
600 1009
601 181
601 355
601 409
601 473
601 537
601 665
601 729
601 793
602 410
602 474
602 538
602 666
602 730
602 794
603 411
603 475
603 539
603 667
603 731
603 795
604 412
604 476
604 540
604 668
604 732
604 796
604 858
605 294
605 413
605 477
605 541
605 669
605 733
605 797
605 1166
606 183
606 414
606 478
606 542
606 670
606 734
606 798
607 415
607 423
607 479
607 543
607 671
607 735
607 799
607 1258
608 334
608 416
608 480
608 544
608 672
608 736
608 800
609 301
609 417
609 481
609 545
609 673
609 737
609 801
609 804
609 896
609 1255
610 117
610 233
610 415
610 418
610 482
610 546
610 674
610 738
610 802
611 419
611 483
611 547
611 551
611 675
611 680
611 739
611 740
611 754
611 803
612 277
612 353
612 420
612 484
612 548
612 676
612 740
612 804
613 310
613 421
613 485
613 549
613 629
613 677
613 741
613 805
613 1015
613 1127
614 422
614 486
614 550
614 678
614 742
614 806
614 1083
615 106
615 248
615 423
615 487
615 551
615 679
615 743
615 807
615 882
616 290
616 424
616 488
616 552
616 566
616 680
616 744
616 808
617 20
617 55
617 405
617 425
617 489
617 553
617 681
617 745
617 807
617 809
617 912
617 935
618 426
618 490
618 496
618 554
618 682
618 746
618 810
618 1017
618 1200
619 408
619 491
619 555
619 683
619 747
619 811
619 936
619 938
620 268
620 428
620 492
620 556
620 684
620 748
620 812
621 429
621 493
621 557
621 685
621 749
621 813
621 883
621 1147
622 104
622 171
622 430
622 494
622 558
622 686
622 750
622 814
623 107
623 431
623 495
623 559
623 687
623 751
623 815
623 1144
624 377
624 432
624 496
624 560
624 688
624 752
624 816
625 497
625 561
625 689
625 753
625 817
626 23
626 379
626 434
626 498
626 562
626 690
626 754
626 818
627 435
627 499
627 563
627 691
627 755
627 819
628 180
628 404
628 436
628 500
628 564
628 692
628 756
628 820
628 944
628 1006
629 310
629 437
629 501
629 565
629 613
629 693
629 757
629 821
629 1015
629 1127
630 89
630 438
630 502
630 566
630 694
630 758
630 793
630 822
631 244
631 439
631 503
631 567
631 695
631 759
631 823
631 860
632 319
632 440
632 491
632 504
632 568
632 696
632 760
632 824
633 441
633 505
633 569
633 697
633 761
633 825
633 995
633 1084
634 442
634 506
634 570
634 698
634 730
634 762
634 810
634 826
634 1187
635 284
635 324
635 443
635 507
635 571
635 699
635 763
635 809
635 827
635 999
636 444
636 508
636 543
636 572
636 700
636 762
636 764
636 828
637 445
637 509
637 573
637 701
637 765
637 815
637 829
638 510
638 558
638 574
638 702
638 747
638 766
638 830
639 447
639 511
639 575
639 703
639 767
639 828
639 831
639 875
640 448
640 512
640 576
640 704
640 768
640 832
640 891
641 449
641 513
641 577
641 705
641 769
641 833
641 1089
642 450
642 514
642 578
642 706
642 770
642 834
642 970
643 451
643 515
643 579
643 707
643 771
643 835
644 452
644 516
644 580
644 708
644 772
644 836
644 1156
644 1188
645 1
645 13
645 65
645 129
645 141
645 147
645 207
645 325
645 399
645 453
645 456
645 517
645 520
645 527
645 581
645 591
645 709
645 712
645 717
645 773
645 781
645 837
645 965
645 1026
645 1032
645 1090
645 1093
645 1101
645 1154
645 1157
645 1165
646 5
646 6
646 15
646 69
646 70
646 79
646 133
646 134
646 143
646 198
646 262
646 326
646 390
646 454
646 518
646 582
646 710
646 774
646 783
646 838
646 845
646 847
646 902
646 911
646 966
646 975
646 1030
646 1039
646 1094
646 1103
646 1158
646 1167
646 1222
646 1231
647 455
647 519
647 583
647 711
647 775
647 839
647 1115
648 8
648 72
648 136
648 200
648 264
648 328
648 392
648 453
648 456
648 517
648 520
648 584
648 709
648 712
648 776
648 840
648 904
648 968
648 1029
648 1096
648 1160
648 1224
649 387
649 457
649 521
649 585
649 713
649 777
649 841
650 135
650 458
650 522
650 586
650 714
650 778
650 780
650 842
651 459
651 523
651 587
651 715
651 779
651 835
651 843
651 969
652 460
652 524
652 588
652 716
652 780
652 844
653 32
653 461
653 525
653 589
653 717
653 781
653 845
654 105
654 462
654 526
654 590
654 718
654 782
654 846
654 1275
655 1
655 5
655 13
655 15
655 19
655 65
655 69
655 79
655 83
655 129
655 133
655 143
655 147
655 197
655 207
655 261
655 271
655 325
655 389
655 399
655 463
655 527
655 591
655 712
655 719
655 773
655 781
655 783
655 837
655 845
655 847
655 901
655 909
655 965
655 973
655 975
655 1037
655 1039
655 1093
655 1101
655 1103
655 1165
655 1167
655 1218
655 1221
655 1229
656 464
656 528
656 552
656 592
656 720
656 784
656 848
656 984
656 1047
657 465
657 529
657 593
657 721
657 785
657 849
657 1099
658 466
658 530
658 594
658 722
658 786
658 850
659 467
659 531
659 595
659 723
659 779
659 787
659 851
660 42
660 112
660 120
660 127
660 218
660 468
660 532
660 536
660 596
660 683
660 724
660 788
660 852
660 880
661 148
661 469
661 533
661 597
661 725
661 789
661 853
661 1065
662 470
662 534
662 598
662 726
662 790
662 854
662 914
663 227
663 471
663 535
663 599
663 727
663 791
663 817
663 855
663 874
664 31
664 472
664 536
664 600
664 728
664 792
664 808
664 856
664 1149
665 473
665 481
665 537
665 601
665 729
665 745
665 793
665 857
665 951
665 1141
665 1265
666 382
666 474
666 483
666 538
666 602
666 730
666 743
666 794
666 858
666 1055
666 1278
667 475
667 539
667 603
667 731
667 795
667 859
668 213
668 229
668 476
668 540
668 604
668 732
668 796
668 860
669 161
669 477
669 541
669 605
669 733
669 797
669 861
670 478
670 540
670 542
670 606
670 734
670 798
670 862
671 309
671 356
671 479
671 543
671 607
671 735
671 799
671 863
672 480
672 539
672 544
672 608
672 736
672 800
672 864
672 1031
673 481
673 545
673 562
673 609
673 737
673 801
673 865
673 1253
674 231
674 409
674 479
674 482
674 546
674 610
674 738
674 802
674 818
674 866
674 884
674 1063
675 483
675 547
675 551
675 611
675 680
675 739
675 740
675 754
675 803
675 867
676 484
676 548
676 612
676 684
676 734
676 740
676 804
676 868
677 464
677 469
677 485
677 549
677 613
677 720
677 741
677 805
677 869
677 1070
678 486
678 550
678 614
678 742
678 806
678 870
679 487
679 551
679 615
679 743
679 802
679 807
679 871
680 488
680 551
680 552
680 611
680 616
680 675
680 740
680 744
680 754
680 808
680 872
681 56
681 187
681 489
681 553
681 617
681 745
681 809
681 863
681 873
681 1177
682 185
682 424
682 490
682 554
682 618
682 702
682 746
682 810
682 824
682 830
682 874
682 1087
683 42
683 112
683 120
683 127
683 218
683 491
683 536
683 555
683 619
683 660
683 747
683 811
683 875
683 880
684 492
684 556
684 620
684 676
684 734
684 748
684 812
684 876
685 21
685 493
685 557
685 621
685 749
685 813
685 877
686 490
686 558
686 622
686 750
686 814
686 953
687 63
687 495
687 559
687 623
687 696
687 751
687 815
687 879
688 496
688 560
688 624
688 752
688 816
688 880
688 939
688 1136
689 212
689 497
689 528
689 561
689 564
689 625
689 753
689 817
689 881
690 50
690 498
690 562
690 626
690 754
690 818
690 882
691 499
691 563
691 627
691 755
691 819
691 883
692 184
692 282
692 500
692 564
692 628
692 756
692 820
692 884
693 237
693 443
693 501
693 565
693 629
693 757
693 768
693 821
693 885
693 978
693 1012
693 1241
694 470
694 502
694 566
694 630
694 758
694 822
694 886
694 1180
695 125
695 163
695 503
695 567
695 631
695 759
695 823
695 887
695 986
696 63
696 504
696 568
696 632
696 687
696 760
696 824
696 888
697 569
697 574
697 633
697 761
697 825
697 889
697 1082
698 177
698 240
698 316
698 570
698 634
698 762
698 826
698 942
698 1023
699 372
699 507
699 571
699 635
699 763
699 799
699 827
699 891
699 1183
700 508
700 559
700 572
700 636
700 764
700 828
700 892
701 363
701 509
701 573
701 637
701 765
701 829
701 881
701 893
702 185
702 424
702 510
702 574
702 638
702 682
702 766
702 824
702 830
702 894
702 1087
703 238
703 447
703 511
703 561
703 575
703 639
703 767
703 831
703 895
704 512
704 576
704 580
704 640
704 768
704 832
704 896
704 1046
705 329
705 513
705 577
705 641
705 769
705 833
705 897
706 411
706 514
706 578
706 642
706 770
706 834
706 898
707 515
707 579
707 643
707 771
707 835
707 899
708 484
708 516
708 580
708 644
708 772
708 836
708 900
709 8
709 72
709 136
709 200
709 264
709 328
709 392
709 453
709 517
709 581
709 584
709 645
709 648
709 773
709 776
709 837
709 840
709 901
709 904
709 968
709 1029
709 1096
709 1160
709 1224
710 5
710 6
710 15
710 69
710 70
710 79
710 133
710 134
710 143
710 198
710 262
710 326
710 390
710 454
710 518
710 582
710 646
710 774
710 783
710 838
710 845
710 847
710 902
710 911
710 966
710 975
710 1030
710 1039
710 1094
710 1103
710 1158
710 1167
710 1222
710 1231
711 209
711 519
711 583
711 647
711 775
711 839
711 903
712 1
712 13
712 19
712 65
712 83
712 129
712 147
712 197
712 207
712 261
712 271
712 325
712 389
712 399
712 520
712 527
712 581
712 584
712 591
712 645
712 648
712 655
712 717
712 719
712 773
712 776
712 781
712 837
712 840
712 901
712 904
712 909
712 965
712 973
712 1037
712 1090
712 1093
712 1101
712 1165
712 1218
712 1221
713 202
713 521
713 585
713 649
713 777
713 841
713 862
713 905
713 910
713 1155
713 1182
714 522
714 586
714 650
714 778
714 842
714 906
714 1139
715 523
715 587
715 651
715 779
715 843
715 907
715 1034
715 1041
716 438
716 524
716 588
716 652
716 780
716 844
716 908
717 1
717 13
717 65
717 129
717 141
717 147
717 207
717 325
717 399
717 456
717 520
717 525
717 527
717 581
717 589
717 645
717 653
717 712
717 773
717 781
717 837
717 845
717 909
717 965
717 1026
717 1032
717 1090
717 1093
717 1101
717 1154
717 1157
717 1165
718 526
718 590
718 654
718 782
718 846
718 910
719 1
719 5
719 13
719 15
719 19
719 69
719 79
719 83
719 133
719 143
719 147
719 197
719 207
719 261
719 271
719 389
719 454
719 527
719 591
719 655
719 712
719 773
719 783
719 845
719 847
719 901
719 909
719 911
719 973
719 975
719 1037
719 1039
719 1093
719 1101
719 1103
719 1165
719 1167
719 1218
719 1221
719 1229
719 1231
720 464
720 469
720 528
720 592
720 656
720 677
720 784
720 848
720 912
720 1070
721 529
721 593
721 657
721 785
721 849
721 913
721 1120
722 0
722 530
722 594
722 658
722 786
722 850
722 914
723 102
723 531
723 595
723 659
723 787
723 851
723 915
724 532
724 596
724 660
724 788
724 852
724 916
724 1175
725 24
725 507
725 533
725 597
725 661
725 789
725 853
725 887
725 917
726 103
726 502
726 534
726 598
726 662
726 790
726 854
726 918
727 253
727 535
727 599
727 663
727 791
727 821
727 855
727 919
728 208
728 536
728 600
728 664
728 792
728 856
728 920
728 1044
728 1135
729 88
729 151
729 343
729 537
729 601
729 665
729 793
729 857
729 921
729 1128
730 538
730 602
730 634
730 666
730 794
730 810
730 858
730 922
730 1187
731 523
731 539
731 603
731 667
731 795
731 859
731 923
732 320
732 540
732 604
732 668
732 796
732 860
732 924
732 981
732 1204
733 541
733 605
733 669
733 797
733 861
733 925
734 542
734 606
734 670
734 676
734 684
734 798
734 862
734 926
735 537
735 543
735 607
735 671
735 799
735 863
735 927
735 1112
735 1212
736 544
736 608
736 672
736 800
736 864
736 928
736 989
736 1126
737 28
737 210
737 545
737 609
737 673
737 801
737 865
737 929
738 546
738 610
738 674
738 802
738 866
738 930
739 547
739 549
739 611
739 675
739 803
739 867
739 931
740 548
740 551
740 611
740 612
740 675
740 676
740 680
740 754
740 804
740 868
740 932
741 35
741 281
741 549
741 613
741 677
741 805
741 869
741 933
741 1129
742 477
742 550
742 614
742 678
742 806
742 870
742 934
743 382
743 483
743 551
743 615
743 666
743 679
743 807
743 871
743 935
743 1055
743 1278
744 552
744 616
744 680
744 759
744 808
744 872
744 936
745 481
745 553
745 617
745 665
745 681
745 809
745 873
745 937
745 951
745 1141
745 1265
746 554
746 618
746 682
746 810
746 848
746 874
746 938
747 558
747 619
747 638
747 683
747 811
747 875
747 939
748 349
748 556
748 620
748 684
748 812
748 836
748 876
748 940
749 169
749 486
749 557
749 621
749 685
749 813
749 877
749 941
750 622
750 686
750 814
750 878
750 942
751 546
751 559
751 623
751 687
751 815
751 879
751 943
751 1264
752 235
752 624
752 688
752 816
752 880
752 944
753 561
753 569
753 625
753 689
753 817
753 881
753 945
753 1263
754 551
754 562
754 611
754 626
754 675
754 680
754 690
754 740
754 818
754 882
754 946
755 478
755 563
755 598
755 627
755 691
755 819
755 883
755 947
756 153
756 226
756 239
756 564
756 628
756 692
756 820
756 884
756 948
756 1040
757 40
757 565
757 576
757 629
757 693
757 821
757 822
757 885
757 949
758 364
758 566
758 630
758 694
758 822
758 886
758 950
758 988
759 567
759 631
759 695
759 744
759 823
759 887
759 951
760 568
760 632
760 696
760 824
760 878
760 888
760 952
760 1151
761 188
761 247
761 569
761 633
761 697
761 814
761 825
761 889
761 953
761 1195
762 543
762 570
762 634
762 636
762 698
762 826
762 890
762 954
763 571
763 635
763 699
763 827
763 891
763 955
763 993
764 60
764 279
764 636
764 700
764 828
764 892
764 956
765 637
765 701
765 829
765 893
765 957
766 508
766 574
766 638
766 702
766 830
766 894
766 958
766 1022
767 639
767 703
767 831
767 895
768 237
768 443
768 576
768 640
768 693
768 704
768 832
768 896
768 960
768 978
768 1012
768 1241
769 577
769 641
769 705
769 833
769 897
769 961
770 515
770 578
770 642
770 706
770 834
770 898
770 962
771 579
771 643
771 707
771 835
771 899
771 963
772 580
772 644
772 708
772 836
772 877
772 900
772 964
773 1
773 13
773 19
773 65
773 83
773 129
773 147
773 197
773 207
773 261
773 271
773 325
773 389
773 399
773 527
773 581
773 591
773 645
773 655
773 709
773 712
773 717
773 719
773 781
773 837
773 901
773 909
773 965
773 973
773 1037
773 1090
773 1093
773 1101
773 1165
773 1218
773 1221
774 5
774 6
774 15
774 69
774 70
774 79
774 133
774 134
774 143
774 198
774 262
774 326
774 390
774 454
774 518
774 582
774 646
774 710
774 783
774 838
774 845
774 847
774 902
774 911
774 966
774 975
774 1030
774 1039
774 1094
774 1103
774 1158
774 1167
774 1222
774 1229
774 1231
775 583
775 647
775 711
775 839
775 903
775 967
776 8
776 72
776 136
776 200
776 264
776 328
776 392
776 453
776 517
776 584
776 648
776 709
776 712
776 840
776 904
776 968
776 1029
776 1096
776 1160
776 1224
777 585
777 649
777 713
777 841
777 905
777 969
777 1243
778 586
778 650
778 714
778 842
778 906
778 970
779 587
779 651
779 659
779 715
779 843
779 907
779 971
780 135
780 588
780 650
780 652
780 716
780 844
780 908
780 972
781 1
781 13
781 19
781 65
781 129
781 141
781 147
781 207
781 325
781 389
781 399
781 527
781 581
781 589
781 591
781 645
781 653
781 655
781 712
781 717
781 773
781 837
781 845
781 909
781 965
781 973
781 1026
781 1032
781 1037
781 1090
781 1093
781 1101
781 1154
781 1165
781 1218
781 1221
782 590
782 654
782 718
782 846
782 910
782 974
783 5
783 15
783 19
783 69
783 79
783 83
783 133
783 143
783 197
783 198
783 261
783 271
783 326
783 389
783 390
783 454
783 518
783 582
783 591
783 646
783 655
783 710
783 719
783 774
783 838
783 845
783 847
783 901
783 902
783 909
783 911
783 966
783 973
783 975
783 1030
783 1037
783 1039
783 1094
783 1103
783 1158
783 1167
783 1218
783 1221
783 1222
783 1229
783 1231
784 225
784 592
784 656
784 720
784 848
784 912
784 976
784 1189
785 593
785 657
785 721
785 849
785 913
785 977
786 4
786 594
786 658
786 722
786 850
786 914
786 978
786 1005
787 595
787 659
787 723
787 851
787 915
787 979
788 241
788 596
788 660
788 724
788 852
788 916
788 980
789 597
789 661
789 725
789 853
789 917
789 981
790 68
790 598
790 662
790 726
790 854
790 918
790 982
791 359
791 487
791 599
791 663
791 727
791 855
791 869
791 919
791 983
791 1050
792 280
792 532
792 600
792 664
792 728
792 856
792 920
792 984
792 1137
793 89
793 601
793 630
793 665
793 729
793 857
793 921
793 985
794 602
794 666
794 730
794 858
794 922
794 986
794 1148
795 603
795 667
795 731
795 859
795 923
795 987
796 260
796 412
796 466
796 534
796 604
796 668
796 732
796 860
796 924
796 988
796 994
797 605
797 669
797 733
797 861
797 925
797 989
797 1216
798 606
798 670
798 734
798 862
798 926
798 990
799 372
799 607
799 671
799 699
799 735
799 863
799 927
799 991
799 1183
800 38
800 458
800 608
800 672
800 736
800 864
800 928
800 992
801 39
801 609
801 673
801 737
801 865
801 929
801 993
801 1186
802 610
802 674
802 679
802 738
802 866
802 871
802 930
802 994
803 110
803 485
803 611
803 675
803 739
803 811
803 852
803 867
803 931
803 995
804 301
804 609
804 612
804 676
804 740
804 868
804 896
804 932
804 996
804 1255
805 512
805 613
805 677
805 741
805 869
805 933
805 997
806 18
806 614
806 678
806 742
806 870
806 934
806 998
807 20
807 55
807 405
807 615
807 617
807 679
807 743
807 871
807 912
807 935
807 999
808 31
808 616
808 664
808 680
808 744
808 872
808 936
808 1000
808 1149
809 284
809 324
809 617
809 635
809 681
809 745
809 873
809 937
809 999
809 1001
810 618
810 634
810 682
810 730
810 746
810 874
810 938
810 1002
810 1187
811 110
811 485
811 619
811 683
811 747
811 803
811 852
811 875
811 939
811 1003
812 620
812 684
812 748
812 876
812 940
812 1004
813 34
813 621
813 685
813 749
813 877
813 941
813 1005
814 188
814 247
814 622
814 686
814 750
814 761
814 878
814 942
814 1006
814 1195
815 445
815 623
815 637
815 687
815 751
815 879
815 943
815 1007
816 360
816 624
816 688
816 752
816 880
816 894
816 944
816 1008
817 227
817 625
817 663
817 689
817 753
817 874
817 881
817 945
817 1009
818 231
818 409
818 479
818 626
818 674
818 690
818 754
818 882
818 884
818 946
818 1010
818 1063
819 52
819 95
819 556
819 627
819 691
819 755
819 883
819 947
819 964
819 1011
820 84
820 170
820 628
820 692
820 756
820 884
820 948
820 1012
821 253
821 629
821 693
821 727
821 757
821 885
821 949
821 1013
822 40
822 576
822 630
822 694
822 757
822 758
822 886
822 950
822 1014
823 631
823 695
823 759
823 887
823 951
823 1015
824 185
824 424
824 632
824 682
824 696
824 702
824 760
824 830
824 888
824 952
824 1016
824 1087
825 57
825 362
825 596
825 633
825 697
825 761
825 889
825 953
825 958
825 1017
825 1072
826 568
826 634
826 698
826 762
826 890
826 954
826 1018
827 635
827 699
827 763
827 891
827 955
827 1019
828 636
828 639
828 700
828 764
828 875
828 892
828 956
828 1020
829 159
829 637
829 701
829 765
829 893
829 957
829 1000
829 1021
829 1259
829 1276
830 185
830 424
830 638
830 682
830 702
830 766
830 824
830 894
830 958
830 1022
830 1087
831 441
831 505
831 639
831 703
831 767
831 895
831 959
831 1023
832 640
832 704
832 768
832 896
832 960
832 1024
833 641
833 705
833 769
833 897
833 961
833 1025
834 642
834 706
834 770
834 898
834 962
834 1026
835 643
835 651
835 707
835 771
835 899
835 963
835 969
835 1027
836 349
836 644
836 708
836 748
836 772
836 900
836 964
836 1028
837 1
837 13
837 19
837 65
837 83
837 129
837 147
837 197
837 207
837 261
837 271
837 325
837 389
837 399
837 527
837 581
837 591
837 645
837 655
837 709
837 712
837 717
837 773
837 781
837 901
837 909
837 965
837 1029
837 1037
837 1090
837 1093
837 1101
837 1154
837 1165
837 1218
837 1221
838 5
838 6
838 15
838 69
838 70
838 79
838 133
838 134
838 143
838 198
838 262
838 326
838 390
838 454
838 518
838 582
838 646
838 710
838 774
838 783
838 845
838 847
838 902
838 911
838 966
838 975
838 1030
838 1039
838 1094
838 1103
838 1158
838 1167
838 1222
838 1231
839 647
839 711
839 775
839 903
839 967
839 1031
840 8
840 72
840 136
840 200
840 264
840 328
840 392
840 453
840 517
840 584
840 648
840 709
840 712
840 776
840 904
840 968
840 1029
840 1032
840 1096
840 1160
840 1224
841 649
841 713
841 777
841 905
841 913
841 969
841 1033
842 650
842 714
842 778
842 906
842 970
842 1034
843 467
843 651
843 715
843 779
843 907
843 971
843 1035
844 278
844 652
844 716
844 780
844 908
844 972
844 1036
845 1
845 5
845 15
845 19
845 69
845 79
845 83
845 133
845 143
845 147
845 197
845 261
845 271
845 326
845 389
845 390
845 454
845 518
845 591
845 646
845 653
845 655
845 710
845 717
845 719
845 774
845 781
845 783
845 838
845 847
845 901
845 902
845 909
845 911
845 966
845 973
845 975
845 1030
845 1037
845 1039
845 1093
845 1094
845 1103
845 1158
845 1167
845 1218
845 1221
845 1229
845 1231
846 654
846 718
846 782
846 910
846 974
846 1038
847 5
847 15
847 69
847 79
847 83
847 133
847 134
847 143
847 197
847 198
847 261
847 262
847 271
847 326
847 390
847 454
847 518
847 582
847 646
847 655
847 710
847 719
847 774
847 783
847 838
847 845
847 901
847 902
847 909
847 911
847 966
847 973
847 975
847 1030
847 1039
847 1094
847 1103
847 1158
847 1167
847 1218
847 1221
847 1222
847 1229
847 1231
848 656
848 720
848 746
848 784
848 912
848 976
848 1040
849 657
849 721
849 785
849 913
849 977
849 1041
850 658
850 722
850 786
850 914
850 978
850 1042
851 659
851 723
851 787
851 915
851 979
851 1043
852 110
852 485
852 660
852 724
852 788
852 803
852 811
852 916
852 980
852 1044
853 215
853 317
853 431
853 661
853 725
853 789
853 917
853 981
853 1045
853 1213
854 662
854 726
854 790
854 918
854 982
854 1046
855 43
855 291
855 663
855 727
855 791
855 919
855 983
855 1047
855 1274
856 87
856 292
856 473
856 664
856 728
856 792
856 920
856 946
856 984
856 1048
857 665
857 729
857 793
857 921
857 985
857 1049
857 1266
858 604
858 666
858 730
858 794
858 922
858 986
858 1050
859 667
859 731
859 795
859 923
859 987
859 1051
860 244
860 631
860 668
860 732
860 796
860 924
860 988
860 1052
861 669
861 733
861 797
861 906
861 925
861 989
861 1053
862 202
862 670
862 713
862 734
862 798
862 910
862 926
862 990
862 1054
862 1155
862 1182
863 56
863 187
863 671
863 681
863 735
863 799
863 927
863 991
863 1055
863 1177
864 672
864 736
864 800
864 928
864 992
864 1011
864 1056
865 25
865 673
865 737
865 801
865 929
865 991
865 993
865 1057
865 1118
866 674
866 738
866 802
866 930
866 994
866 1058
867 436
867 488
867 675
867 739
867 803
867 931
867 995
867 1059
867 1076
868 100
868 676
868 740
868 804
868 932
868 996
868 1060
869 359
869 487
869 677
869 741
869 791
869 805
869 933
869 997
869 1050
869 1061
870 542
870 678
870 742
870 806
870 934
870 998
870 1014
870 1062
871 679
871 743
871 802
871 807
871 935
871 999
871 1063
872 680
872 744
872 808
872 936
872 1000
872 1064
873 59
873 681
873 745
873 809
873 937
873 1001
873 1065
874 227
874 663
874 682
874 746
874 810
874 817
874 938
874 1002
874 1066
875 639
875 683
875 747
875 811
875 828
875 939
875 1003
875 1067
876 45
876 684
876 748
876 812
876 940
876 1004
876 1068
877 685
877 749
877 772
877 813
877 941
877 1005
877 1069
878 750
878 760
878 814
878 942
878 1006
878 1070
878 1151
879 426
879 440
879 687
879 751
879 815
879 943
879 1007
879 1048
879 1071
880 42
880 112
880 120
880 127
880 218
880 536
880 660
880 683
880 688
880 752
880 816
880 944
880 1008
880 1072
881 363
881 689
881 701
881 753
881 817
881 945
881 1009
881 1073
882 106
882 248
882 615
882 690
882 754
882 818
882 946
882 1010
882 1074
883 621
883 691
883 755
883 819
883 947
883 1011
883 1075
883 1147
884 231
884 409
884 479
884 674
884 692
884 756
884 818
884 820
884 948
884 1012
884 1063
884 1076
885 693
885 757
885 821
885 949
885 1013
885 1077
885 1104
886 694
886 758
886 822
886 950
886 1014
886 1078
887 24
887 507
887 695
887 725
887 759
887 823
887 951
887 1015
887 1079
888 497
888 696
888 760
888 824
888 952
888 983
888 1016
888 1080
888 1201
889 190
889 697
889 761
889 825
889 953
889 1017
889 1081
890 762
890 826
890 954
890 1018
891 640
891 699
891 763
891 827
891 955
891 1019
891 1083
892 559
892 700
892 764
892 828
892 956
892 1020
892 1084
893 255
893 346
893 366
893 380
893 701
893 765
893 829
893 957
893 1021
893 1085
894 360
894 702
894 766
894 816
894 830
894 958
894 1022
894 1086
895 511
895 703
895 767
895 831
895 959
895 1023
895 1087
896 301
896 609
896 704
896 768
896 804
896 832
896 960
896 1024
896 1088
896 1255
897 211
897 705
897 769
897 833
897 961
897 1025
897 1089
898 193
898 706
898 770
898 834
898 962
898 1026
898 1090
899 707
899 771
899 835
899 963
899 1027
899 1091
900 708
900 772
900 836
900 964
900 972
900 1028
900 1092
900 1234
901 19
901 65
901 69
901 79
901 83
901 129
901 133
901 143
901 147
901 197
901 207
901 261
901 271
901 325
901 389
901 527
901 591
901 655
901 709
901 712
901 719
901 773
901 783
901 837
901 845
901 847
901 909
901 965
901 973
901 975
901 1029
901 1037
901 1039
901 1093
901 1101
901 1103
901 1165
901 1167
901 1218
901 1221
901 1229
902 69
902 70
902 79
902 133
902 134
902 143
902 198
902 262
902 326
902 390
902 454
902 518
902 582
902 646
902 710
902 774
902 783
902 838
902 845
902 847
902 911
902 966
902 975
902 1030
902 1039
902 1094
902 1103
902 1158
902 1167
902 1222
902 1231
903 711
903 775
903 839
903 967
903 1031
903 1056
903 1095
904 8
904 72
904 136
904 200
904 264
904 328
904 392
904 453
904 517
904 584
904 648
904 709
904 712
904 776
904 840
904 968
904 1029
904 1032
904 1096
904 1160
904 1224
905 352
905 713
905 777
905 841
905 969
905 1033
905 1097
906 714
906 778
906 842
906 861
906 970
906 1034
906 1098
907 579
907 715
907 779
907 843
907 971
907 1035
907 1099
908 716
908 780
908 844
908 972
908 1036
908 1100
908 1190
909 1
909 19
909 65
909 69
909 79
909 83
909 129
909 133
909 143
909 147
909 197
909 207
909 261
909 271
909 325
909 389
909 527
909 591
909 655
909 712
909 717
909 719
909 773
909 781
909 783
909 837
909 845
909 847
909 901
909 973
909 975
909 1037
909 1039
909 1093
909 1101
909 1103
909 1165
909 1167
909 1218
909 1221
909 1229
910 202
910 713
910 718
910 782
910 846
910 862
910 974
910 1038
910 1102
910 1155
910 1182
911 69
911 70
911 79
911 133
911 134
911 143
911 197
911 198
911 261
911 262
911 326
911 390
911 454
911 518
911 582
911 646
911 710
911 719
911 774
911 783
911 838
911 845
911 847
911 902
911 966
911 973
911 975
911 1030
911 1039
911 1094
911 1103
911 1158
911 1167
911 1222
911 1229
911 1231
912 20
912 55
912 405
912 617
912 720
912 784
912 807
912 848
912 935
912 976
912 1040
912 1104
913 721
913 785
913 841
913 849
913 977
913 1041
913 1105
914 662
914 722
914 786
914 850
914 978
914 1042
914 1106
915 723
915 787
915 851
915 979
915 1043
915 1107
916 111
916 439
916 724
916 788
916 852
916 980
916 1044
916 1108
917 553
917 725
917 789
917 853
917 981
917 1045
917 1109
917 1140
918 726
918 790
918 854
918 982
918 1046
918 1110
919 249
919 376
919 727
919 791
919 855
919 983
919 1047
919 1111
920 61
920 276
920 728
920 792
920 856
920 984
920 1048
920 1112
920 1209
921 729
921 793
921 857
921 985
921 1049
921 1113
921 1119
921 1232
922 730
922 794
922 858
922 952
922 986
922 1050
922 1114
923 522
923 588
923 731
923 795
923 859
923 987
923 1051
923 1115
924 732
924 796
924 860
924 988
924 1052
924 1116
925 733
925 797
925 861
925 989
925 1053
925 1117
925 1162
925 1245
926 734
926 798
926 862
926 990
926 1054
926 1058
926 1118
927 351
927 735
927 799
927 863
927 991
927 1055
927 1119
928 736
928 800
928 864
928 992
928 1056
928 1120
929 737
929 801
929 865
929 993
929 1057
929 1121
930 738
930 802
930 866
930 994
930 1058
930 1122
931 739
931 803
931 867
931 985
931 995
931 1059
931 1061
931 1123
932 300
932 740
932 804
932 868
932 996
932 1060
932 1124
933 297
933 741
933 805
933 869
933 997
933 1024
933 1061
933 1125
934 742
934 806
934 870
934 998
934 1062
934 1126
935 20
935 55
935 405
935 617
935 743
935 807
935 871
935 912
935 999
935 1063
935 1127
936 408
936 619
936 744
936 808
936 872
936 938
936 1000
936 1064
936 1128
937 144
937 545
937 745
937 809
937 873
937 1001
937 1065
937 1129
937 1237
937 1252
938 408
938 619
938 746
938 810
938 874
938 936
938 1002
938 1066
938 1130
939 688
939 747
939 811
939 875
939 1003
939 1067
939 1131
939 1136
940 748
940 812
940 876
940 1004
940 1068
940 1132
941 749
941 813
941 877
941 1005
941 1069
941 1133
942 177
942 240
942 316
942 698
942 750
942 814
942 878
942 1006
942 1023
942 1070
942 1134
943 751
943 815
943 879
943 1007
943 1071
943 1135
943 1168
944 180
944 404
944 628
944 752
944 816
944 880
944 1006
944 1008
944 1072
944 1136
945 509
945 753
945 817
945 881
945 1009
945 1073
945 1111
945 1137
946 87
946 292
946 473
946 754
946 818
946 856
946 882
946 1010
946 1074
946 1138
947 51
947 755
947 819
947 883
947 1011
947 1075
947 1139
948 318
948 756
948 820
948 884
948 1012
948 1076
948 1140
949 757
949 821
949 885
949 1013
949 1077
949 1141
950 758
950 822
950 886
950 1014
950 1078
950 1142
950 1260
951 481
951 665
951 745
951 759
951 823
951 887
951 1015
951 1079
951 1141
951 1143
951 1265
952 760
952 824
952 888
952 922
952 1016
952 1080
952 1144
953 490
953 686
953 761
953 825
953 889
953 1017
953 1081
953 1145
954 191
954 302
954 762
954 826
954 890
954 1002
954 1018
954 1020
954 1082
954 1146
955 763
955 827
955 891
955 1019
955 1083
955 1147
956 60
956 279
956 764
956 828
956 892
956 1020
956 1084
956 1148
957 765
957 829
957 893
957 1021
957 1085
957 1149
957 1178
958 57
958 362
958 596
958 766
958 825
958 830
958 894
958 1022
958 1072
958 1086
958 1150
959 831
959 895
959 1023
959 1087
960 768
960 832
960 896
960 1024
960 1088
960 1152
961 769
961 833
961 897
961 1025
961 1089
961 1153
962 770
962 834
962 898
962 1026
962 1090
962 1154
963 771
963 835
963 899
963 1027
963 1091
963 1155
964 52
964 95
964 556
964 772
964 819
964 836
964 900
964 1028
964 1092
964 1156
965 65
965 129
965 141
965 147
965 207
965 325
965 389
965 399
965 527
965 581
965 591
965 645
965 655
965 712
965 717
965 773
965 781
965 837
965 901
965 1026
965 1029
965 1032
965 1037
965 1090
965 1093
965 1101
965 1154
965 1157
965 1165
965 1218
965 1221
966 133
966 134
966 143
966 198
966 262
966 326
966 390
966 454
966 518
966 582
966 646
966 710
966 774
966 783
966 838
966 845
966 847
966 902
966 911
966 975
966 1030
966 1039
966 1094
966 1103
966 1158
966 1167
966 1222
966 1229
966 1231
967 775
967 839
967 903
967 1031
967 1095
967 1159
968 8
968 72
968 136
968 200
968 264
968 328
968 392
968 453
968 517
968 584
968 648
968 709
968 776
968 840
968 904
968 1029
968 1032
968 1096
968 1160
968 1224
969 651
969 777
969 835
969 841
969 905
969 1033
969 1097
969 1161
970 642
970 778
970 842
970 906
970 1034
970 1098
970 1162
971 76
971 779
971 843
971 907
971 1035
971 1099
971 1163
972 780
972 844
972 900
972 908
972 1036
972 1100
972 1164
972 1234
973 79
973 83
973 133
973 143
973 147
973 197
973 207
973 261
973 271
973 325
973 389
973 527
973 591
973 655
973 712
973 719
973 773
973 781
973 783
973 845
973 847
973 901
973 909
973 911
973 975
973 1037
973 1039
973 1093
973 1101
973 1103
973 1165
973 1167
973 1218
973 1221
973 1229
973 1231
974 782
974 846
974 910
974 1038
974 1102
974 1166
975 5
975 15
975 69
975 79
975 133
975 143
975 197
975 198
975 261
975 271
975 326
975 389
975 390
975 454
975 518
975 582
975 646
975 655
975 710
975 719
975 774
975 783
975 838
975 845
975 847
975 901
975 902
975 909
975 911
975 966
975 973
975 1030
975 1037
975 1039
975 1094
975 1103
975 1158
975 1167
975 1218
975 1221
975 1222
975 1229
975 1231
976 784
976 848
976 912
976 1040
976 1049
976 1104
976 1168
977 462
977 785
977 849
977 913
977 1041
977 1105
977 1169
978 237
978 443
978 693
978 768
978 786
978 850
978 914
978 1012
978 1042
978 1106
978 1170
978 1241
979 265
979 787
979 851
979 915
979 1043
979 1107
979 1171
980 26
980 370
980 788
980 852
980 916
980 1044
980 1108
980 1172
981 320
981 732
981 789
981 853
981 917
981 1045
981 1109
981 1173
981 1204
982 166
982 790
982 854
982 918
982 1046
982 1110
982 1174
983 497
983 791
983 855
983 888
983 919
983 1047
983 1111
983 1175
983 1201
984 552
984 656
984 792
984 856
984 920
984 1047
984 1048
984 1112
984 1176
985 793
985 857
985 921
985 931
985 1049
985 1061
985 1113
985 1177
986 125
986 163
986 695
986 794
986 858
986 922
986 1050
986 1114
986 1178
987 795
987 859
987 923
987 1051
987 1115
987 1179
988 364
988 758
988 796
988 860
988 924
988 1052
988 1116
988 1180
989 736
989 797
989 861
989 925
989 1053
989 1117
989 1126
989 1181
990 798
990 862
990 926
990 1054
990 1118
990 1182
991 25
991 799
991 863
991 865
991 927
991 1055
991 1118
991 1119
991 1183
992 221
992 422
992 578
992 800
992 864
992 928
992 1056
992 1120
992 1184
993 763
993 801
993 865
993 929
993 1057
993 1121
993 1185
994 260
994 412
994 466
994 534
994 796
994 802
994 866
994 930
994 1058
994 1122
994 1186
995 633
995 803
995 867
995 931
995 1059
995 1084
995 1123
995 1187
996 804
996 868
996 932
996 1060
996 1124
996 1188
997 421
997 805
997 869
997 933
997 1045
997 1061
997 1125
997 1189
998 219
998 806
998 870
998 934
998 1062
998 1126
998 1190
999 284
999 324
999 635
999 807
999 809
999 871
999 935
999 1063
999 1127
999 1191
1000 159
1000 808
1000 829
1000 872
1000 936
1000 1064
1000 1128
1000 1192
1000 1259
1000 1276
1001 489
1001 809
1001 873
1001 937
1001 1065
1001 1129
1001 1193
1001 1262
1002 191
1002 302
1002 810
1002 874
1002 938
1002 954
1002 1020
1002 1066
1002 1130
1002 1194
1003 548
1003 811
1003 875
1003 939
1003 1067
1003 1131
1003 1195
1004 37
1004 406
1004 812
1004 876
1004 940
1004 1068
1004 1132
1004 1196
1005 4
1005 786
1005 813
1005 877
1005 941
1005 1069
1005 1133
1005 1197
1006 180
1006 404
1006 628
1006 814
1006 878
1006 942
1006 944
1006 1070
1006 1134
1006 1198
1007 815
1007 879
1007 943
1007 1071
1007 1135
1007 1199
1008 46
1008 252
1008 340
1008 495
1008 816
1008 880
1008 944
1008 1072
1008 1136
1008 1146
1008 1200
1008 1214
1008 1277
1009 474
1009 600
1009 817
1009 881
1009 945
1009 1073
1009 1137
1009 1201
1010 818
1010 882
1010 946
1010 1074
1010 1138
1010 1202
1011 819
1011 864
1011 883
1011 947
1011 1075
1011 1139
1011 1203
1012 237
1012 443
1012 693
1012 768
1012 820
1012 884
1012 948
1012 978
1012 1076
1012 1140
1012 1204
1012 1241
1013 821
1013 885
1013 949
1013 1077
1013 1141
1013 1193
1013 1205
1014 542
1014 822
1014 870
1014 886
1014 950
1014 1078
1014 1142
1014 1206
1015 310
1015 613
1015 629
1015 823
1015 887
1015 951
1015 1079
1015 1127
1015 1143
1015 1207
1016 49
1016 121
1016 538
1016 824
1016 888
1016 952
1016 1067
1016 1080
1016 1144
1016 1208
1017 496
1017 618
1017 825
1017 889
1017 953
1017 1081
1017 1145
1017 1200
1017 1209
1018 298
1018 599
1018 826
1018 890
1018 954
1018 1082
1018 1146
1018 1210
1019 827
1019 891
1019 955
1019 1083
1019 1147
1019 1211
1020 191
1020 302
1020 828
1020 892
1020 954
1020 956
1020 1002
1020 1084
1020 1148
1020 1212
1021 829
1021 893
1021 957
1021 1085
1021 1149
1021 1178
1021 1213
1022 508
1022 766
1022 830
1022 894
1022 958
1022 1086
1022 1150
1022 1214
1023 177
1023 240
1023 316
1023 698
1023 831
1023 895
1023 942
1023 959
1023 1087
1023 1151
1024 297
1024 832
1024 896
1024 933
1024 960
1024 1088
1024 1152
1024 1216
1025 525
1025 833
1025 897
1025 961
1025 1089
1025 1153
1025 1217
1026 141
1026 399
1026 456
1026 520
1026 581
1026 645
1026 717
1026 781
1026 834
1026 898
1026 962
1026 965
1026 1032
1026 1090
1026 1154
1026 1157
1026 1218
1027 273
1027 835
1027 899
1027 963
1027 1091
1027 1155
1027 1219
1028 836
1028 900
1028 964
1028 1092
1028 1156
1028 1220
1029 8
1029 72
1029 136
1029 200
1029 264
1029 328
1029 392
1029 453
1029 517
1029 584
1029 648
1029 709
1029 776
1029 837
1029 840
1029 901
1029 904
1029 965
1029 968
1029 1093
1029 1096
1029 1157
1029 1160
1029 1221
1029 1224
1030 134
1030 198
1030 262
1030 326
1030 390
1030 454
1030 518
1030 582
1030 646
1030 710
1030 774
1030 783
1030 838
1030 845
1030 847
1030 902
1030 911
1030 966
1030 975
1030 1039
1030 1094
1030 1103
1030 1158
1030 1167
1030 1222
1030 1231
1031 539
1031 672
1031 839
1031 903
1031 967
1031 1095
1031 1159
1031 1223
1032 141
1032 399
1032 456
1032 520
1032 581
1032 645
1032 717
1032 781
1032 840
1032 904
1032 965
1032 968
1032 1026
1032 1090
1032 1096
1032 1154
1032 1157
1032 1160
1032 1224
1033 841
1033 905
1033 969
1033 1097
1033 1161
1033 1225
1034 715
1034 842
1034 906
1034 970
1034 1041
1034 1098
1034 1162
1034 1226
1035 323
1035 843
1035 907
1035 971
1035 1099
1035 1163
1035 1227
1036 36
1036 844
1036 908
1036 972
1036 1100
1036 1164
1036 1228
1037 1
1037 19
1037 83
1037 147
1037 197
1037 207
1037 261
1037 271
1037 325
1037 389
1037 399
1037 527
1037 581
1037 591
1037 655
1037 712
1037 719
1037 773
1037 781
1037 783
1037 837
1037 845
1037 901
1037 909
1037 965
1037 973
1037 975
1037 1039
1037 1090
1037 1093
1037 1101
1037 1103
1037 1165
1037 1218
1037 1221
1037 1229
1038 263
1038 846
1038 910
1038 974
1038 1102
1038 1166
1038 1230
1039 5
1039 15
1039 69
1039 79
1039 133
1039 143
1039 197
1039 198
1039 261
1039 271
1039 326
1039 389
1039 390
1039 454
1039 518
1039 582
1039 591
1039 646
1039 655
1039 710
1039 719
1039 774
1039 783
1039 838
1039 845
1039 847
1039 901
1039 902
1039 909
1039 911
1039 966
1039 973
1039 975
1039 1030
1039 1037
1039 1093
1039 1094
1039 1103
1039 1158
1039 1167
1039 1218
1039 1221
1039 1222
1039 1229
1039 1231
1040 153
1040 226
1040 239
1040 756
1040 848
1040 912
1040 976
1040 1104
1040 1168
1040 1232
1041 715
1041 849
1041 913
1041 977
1041 1034
1041 1105
1041 1169
1041 1233
1042 850
1042 914
1042 978
1042 1088
1042 1106
1042 1170
1042 1234
1043 851
1043 915
1043 979
1043 1107
1043 1171
1043 1235
1044 208
1044 728
1044 852
1044 916
1044 980
1044 1108
1044 1135
1044 1172
1044 1236
1045 421
1045 853
1045 917
1045 981
1045 997
1045 1109
1045 1173
1045 1237
1046 580
1046 704
1046 854
1046 918
1046 982
1046 1110
1046 1174
1046 1238
1047 552
1047 656
1047 855
1047 919
1047 983
1047 984
1047 1111
1047 1175
1047 1239
1048 426
1048 440
1048 856
1048 879
1048 920
1048 984
1048 1112
1048 1176
1048 1240
1049 857
1049 921
1049 976
1049 985
1049 1113
1049 1177
1049 1241
1050 359
1050 487
1050 791
1050 858
1050 869
1050 922
1050 986
1050 1114
1050 1178
1050 1242
1051 859
1051 923
1051 987
1051 1115
1051 1179
1051 1243
1052 860
1052 924
1052 988
1052 1116
1052 1180
1052 1244
1053 286
1053 455
1053 861
1053 925
1053 989
1053 1117
1053 1181
1053 1245
1054 862
1054 926
1054 990
1054 1118
1054 1182
1054 1246
1055 382
1055 483
1055 666
1055 743
1055 863
1055 927
1055 991
1055 1119
1055 1183
1055 1247
1055 1278
1056 864
1056 903
1056 928
1056 992
1056 1120
1056 1184
1056 1248
1057 192
1057 865
1057 929
1057 993
1057 1121
1057 1152
1057 1185
1057 1249
1058 866
1058 926
1058 930
1058 994
1058 1122
1058 1186
1058 1250
1059 217
1059 303
1059 304
1059 867
1059 931
1059 995
1059 1073
1059 1123
1059 1187
1059 1251
1060 868
1060 932
1060 996
1060 1124
1060 1188
1060 1252
1061 869
1061 931
1061 933
1061 985
1061 997
1061 1125
1061 1189
1061 1253
1062 870
1062 934
1062 998
1062 1126
1062 1190
1062 1254
1063 231
1063 409
1063 479
1063 674
1063 818
1063 871
1063 884
1063 935
1063 999
1063 1127
1063 1191
1063 1255
1064 872
1064 936
1064 1000
1064 1128
1064 1192
1064 1256
1064 1272
1065 148
1065 533
1065 661
1065 873
1065 937
1065 1001
1065 1129
1065 1193
1065 1257
1066 122
1066 299
1066 874
1066 938
1066 1002
1066 1086
1066 1130
1066 1194
1066 1258
1067 49
1067 121
1067 538
1067 875
1067 939
1067 1003
1067 1016
1067 1131
1067 1195
1067 1259
1068 876
1068 940
1068 1004
1068 1069
1068 1132
1068 1196
1068 1260
1069 877
1069 941
1069 1005
1069 1068
1069 1133
1069 1197
1069 1261
1070 464
1070 469
1070 677
1070 720
1070 878
1070 942
1070 1006
1070 1134
1070 1198
1070 1262
1071 879
1071 943
1071 1007
1071 1135
1071 1199
1071 1263
1072 57
1072 362
1072 596
1072 825
1072 880
1072 944
1072 958
1072 1008
1072 1136
1072 1200
1072 1264
1073 217
1073 303
1073 304
1073 881
1073 945
1073 1009
1073 1059
1073 1137
1073 1201
1073 1265
1074 154
1074 354
1074 882
1074 946
1074 1010
1074 1138
1074 1202
1074 1266
1075 883
1075 947
1075 1011
1075 1139
1075 1203
1075 1267
1076 436
1076 488
1076 867
1076 884
1076 948
1076 1012
1076 1140
1076 1204
1076 1268
1077 885
1077 949
1077 1013
1077 1141
1077 1205
1077 1251
1077 1269
1078 886
1078 950
1078 1014
1078 1142
1078 1197
1078 1206
1078 1270
1079 99
1079 430
1079 592
1079 887
1079 951
1079 1015
1079 1143
1079 1207
1079 1271
1080 368
1080 888
1080 952
1080 1016
1080 1085
1080 1144
1080 1208
1080 1272
1081 62
1081 889
1081 953
1081 1017
1081 1145
1081 1209
1081 1273
1082 574
1082 697
1082 954
1082 1018
1082 1146
1082 1210
1082 1274
1083 614
1083 891
1083 955
1083 1019
1083 1147
1083 1211
1083 1275
1084 633
1084 892
1084 956
1084 995
1084 1020
1084 1148
1084 1212
1084 1276
1085 368
1085 893
1085 957
1085 1021
1085 1080
1085 1149
1085 1213
1085 1277
1086 122
1086 299
1086 894
1086 958
1086 1022
1086 1066
1086 1150
1086 1214
1086 1278
1087 185
1087 424
1087 682
1087 702
1087 824
1087 830
1087 895
1087 959
1087 1023
1087 1151
1087 1215
1087 1279
1088 896
1088 960
1088 1024
1088 1042
1088 1152
1088 1216
1089 641
1089 897
1089 961
1089 1025
1089 1153
1089 1217
1090 325
1090 389
1090 399
1090 456
1090 527
1090 581
1090 591
1090 645
1090 712
1090 717
1090 773
1090 781
1090 837
1090 898
1090 962
1090 965
1090 1026
1090 1032
1090 1037
1090 1093
1090 1101
1090 1154
1090 1157
1090 1165
1090 1218
1091 157
1091 401
1091 899
1091 963
1091 1027
1091 1155
1091 1219
1091 1248
1092 900
1092 964
1092 1028
1092 1156
1092 1220
1092 1244
1093 1
1093 13
1093 19
1093 65
1093 129
1093 147
1093 207
1093 261
1093 271
1093 325
1093 389
1093 399
1093 527
1093 581
1093 591
1093 645
1093 655
1093 712
1093 717
1093 719
1093 773
1093 781
1093 837
1093 845
1093 901
1093 909
1093 965
1093 973
1093 1029
1093 1037
1093 1039
1093 1090
1093 1101
1093 1157
1093 1165
1093 1218
1093 1221
1093 1229
1094 198
1094 262
1094 326
1094 390
1094 454
1094 518
1094 582
1094 646
1094 710
1094 774
1094 783
1094 838
1094 845
1094 847
1094 902
1094 911
1094 966
1094 975
1094 1030
1094 1039
1094 1103
1094 1158
1094 1167
1094 1222
1094 1231
1095 194
1095 903
1095 967
1095 1031
1095 1159
1095 1223
1096 8
1096 72
1096 136
1096 200
1096 264
1096 328
1096 392
1096 453
1096 517
1096 584
1096 648
1096 709
1096 776
1096 840
1096 904
1096 968
1096 1029
1096 1032
1096 1160
1096 1224
1097 905
1097 969
1097 1033
1097 1161
1097 1225
1098 906
1098 970
1098 1034
1098 1162
1098 1226
1099 657
1099 907
1099 971
1099 1035
1099 1163
1099 1227
1100 64
1100 86
1100 908
1100 972
1100 1036
1100 1164
1100 1228
1101 1
1101 13
1101 65
1101 129
1101 147
1101 207
1101 261
1101 271
1101 325
1101 389
1101 399
1101 527
1101 581
1101 591
1101 645
1101 655
1101 712
1101 717
1101 719
1101 773
1101 781
1101 837
1101 901
1101 909
1101 965
1101 973
1101 1037
1101 1090
1101 1093
1101 1165
1101 1218
1101 1221
1101 1229
1102 519
1102 910
1102 974
1102 1038
1102 1166
1102 1230
1103 5
1103 15
1103 69
1103 79
1103 133
1103 143
1103 261
1103 271
1103 326
1103 389
1103 390
1103 454
1103 518
1103 582
1103 591
1103 646
1103 655
1103 710
1103 719
1103 774
1103 783
1103 838
1103 845
1103 847
1103 901
1103 902
1103 909
1103 911
1103 966
1103 973
1103 975
1103 1030
1103 1037
1103 1039
1103 1094
1103 1158
1103 1167
1103 1218
1103 1221
1103 1222
1103 1229
1103 1231
1104 885
1104 912
1104 976
1104 1040
1104 1168
1104 1232
1105 913
1105 977
1105 1041
1105 1169
1105 1233
1106 914
1106 978
1106 1042
1106 1170
1106 1234
1107 915
1107 979
1107 1043
1107 1171
1107 1235
1108 916
1108 980
1108 1044
1108 1172
1108 1236
1109 101
1109 156
1109 917
1109 981
1109 1045
1109 1138
1109 1173
1109 1192
1109 1237
1109 1269
1110 97
1110 918
1110 982
1110 1046
1110 1174
1110 1238
1111 509
1111 919
1111 945
1111 983
1111 1047
1111 1175
1111 1239
1112 537
1112 735
1112 920
1112 984
1112 1048
1112 1176
1112 1212
1112 1240
1113 417
1113 921
1113 985
1113 1049
1113 1116
1113 1177
1113 1241
1114 922
1114 986
1114 1050
1114 1178
1114 1242
1115 647
1115 923
1115 987
1115 1051
1115 1179
1115 1243
1116 417
1116 924
1116 988
1116 1052
1116 1113
1116 1180
1116 1244
1117 29
1117 925
1117 989
1117 1053
1117 1181
1117 1245
1118 25
1118 865
1118 926
1118 990
1118 991
1118 1054
1118 1182
1118 1246
1119 921
1119 927
1119 991
1119 1055
1119 1183
1119 1232
1119 1247
1120 721
1120 928
1120 992
1120 1056
1120 1184
1120 1248
1121 132
1121 929
1121 993
1121 1057
1121 1185
1121 1249
1122 236
1122 930
1122 994
1122 1058
1122 1186
1122 1250
1123 565
1123 931
1123 995
1123 1059
1123 1187
1123 1251
1124 256
1124 932
1124 996
1124 1060
1124 1188
1124 1252
1125 933
1125 997
1125 1061
1125 1172
1125 1189
1125 1253
1126 736
1126 934
1126 989
1126 998
1126 1062
1126 1190
1126 1254
1127 310
1127 613
1127 629
1127 935
1127 999
1127 1015
1127 1063
1127 1191
1127 1255
1128 88
1128 151
1128 343
1128 729
1128 936
1128 1000
1128 1064
1128 1192
1128 1256
1129 35
1129 281
1129 741
1129 937
1129 1001
1129 1065
1129 1193
1129 1257
1130 124
1130 432
1130 472
1130 938
1130 1002
1130 1066
1130 1194
1130 1258
1131 254
1131 311
1131 468
1131 504
1131 939
1131 1003
1131 1067
1131 1195
1131 1259
1132 54
1132 940
1132 1004
1132 1068
1132 1196
1132 1260
1133 41
1133 402
1133 941
1133 1005
1133 1069
1133 1197
1133 1261
1134 942
1134 1006
1134 1070
1134 1198
1134 1262
1135 208
1135 728
1135 943
1135 1007
1135 1044
1135 1071
1135 1199
1135 1263
1136 688
1136 939
1136 944
1136 1008
1136 1072
1136 1200
1136 1264
1137 280
1137 532
1137 792
1137 945
1137 1009
1137 1073
1137 1201
1137 1265
1138 101
1138 156
1138 946
1138 1010
1138 1074
1138 1109
1138 1192
1138 1202
1138 1266
1138 1269
1139 714
1139 947
1139 1011
1139 1075
1139 1203
1139 1267
1140 553
1140 917
1140 948
1140 1012
1140 1076
1140 1204
1140 1268
1141 481
1141 665
1141 745
1141 949
1141 951
1141 1013
1141 1077
1141 1205
1141 1265
1141 1269
1142 119
1142 950
1142 1014
1142 1078
1142 1206
1142 1270
1143 951
1143 1015
1143 1079
1143 1207
1143 1271
1144 107
1144 623
1144 952
1144 1016
1144 1080
1144 1208
1144 1272
1145 381
1145 953
1145 1017
1145 1081
1145 1209
1145 1273
1146 46
1146 252
1146 340
1146 495
1146 954
1146 1008
1146 1018
1146 1082
1146 1210
1146 1214
1146 1274
1146 1277
1147 621
1147 883
1147 955
1147 1019
1147 1083
1147 1211
1147 1275
1148 794
1148 956
1148 1020
1148 1084
1148 1212
1148 1276
1149 31
1149 664
1149 808
1149 957
1149 1021
1149 1085
1149 1213
1149 1277
1150 958
1150 1022
1150 1086
1150 1214
1150 1278
1151 760
1151 878
1151 1023
1151 1087
1151 1215
1151 1279
1152 192
1152 960
1152 1024
1152 1057
1152 1088
1152 1216
1153 30
1153 961
1153 1025
1153 1089
1153 1217
1154 141
1154 325
1154 399
1154 456
1154 520
1154 581
1154 645
1154 717
1154 781
1154 837
1154 962
1154 965
1154 1026
1154 1032
1154 1090
1154 1157
1154 1218
1155 202
1155 713
1155 862
1155 910
1155 963
1155 1027
1155 1091
1155 1182
1155 1219
1156 644
1156 964
1156 1028
1156 1092
1156 1188
1156 1220
1157 141
1157 456
1157 520
1157 581
1157 645
1157 717
1157 965
1157 1026
1157 1029
1157 1032
1157 1090
1157 1093
1157 1154
1157 1221
1158 134
1158 198
1158 262
1158 326
1158 390
1158 454
1158 518
1158 582
1158 646
1158 710
1158 774
1158 783
1158 838
1158 845
1158 847
1158 902
1158 911
1158 966
1158 975
1158 1030
1158 1039
1158 1094
1158 1103
1158 1167
1158 1222
1158 1231
1159 146
1159 967
1159 1031
1159 1095
1159 1223
1160 8
1160 72
1160 136
1160 200
1160 264
1160 328
1160 392
1160 453
1160 517
1160 584
1160 648
1160 709
1160 776
1160 840
1160 904
1160 968
1160 1029
1160 1032
1160 1096
1160 1224
1161 969
1161 1033
1161 1097
1161 1225
1162 925
1162 970
1162 1034
1162 1098
1162 1226
1162 1245
1163 394
1163 971
1163 1035
1163 1099
1163 1227
1164 22
1164 972
1164 1036
1164 1100
1164 1228
1165 1
1165 13
1165 19
1165 65
1165 129
1165 147
1165 207
1165 325
1165 389
1165 399
1165 527
1165 581
1165 591
1165 645
1165 655
1165 712
1165 717
1165 719
1165 773
1165 781
1165 837
1165 901
1165 909
1165 965
1165 973
1165 1037
1165 1090
1165 1093
1165 1101
1165 1218
1165 1221
1165 1229
1166 294
1166 605
1166 974
1166 1038
1166 1102
1166 1230
1167 5
1167 15
1167 69
1167 79
1167 133
1167 143
1167 326
1167 390
1167 454
1167 518
1167 582
1167 646
1167 655
1167 710
1167 719
1167 774
1167 783
1167 838
1167 845
1167 847
1167 901
1167 902
1167 909
1167 911
1167 966
1167 973
1167 975
1167 1030
1167 1039
1167 1094
1167 1103
1167 1158
1167 1218
1167 1221
1167 1222
1167 1229
1167 1231
1168 943
1168 976
1168 1040
1168 1104
1168 1232
1169 977
1169 1041
1169 1105
1169 1233
1170 978
1170 1042
1170 1106
1170 1234
1171 979
1171 1043
1171 1107
1171 1235
1172 980
1172 1044
1172 1108
1172 1125
1172 1236
1173 251
1173 981
1173 1045
1173 1109
1173 1237
1174 982
1174 1046
1174 1110
1174 1238
1175 724
1175 983
1175 1047
1175 1111
1175 1239
1176 90
1176 189
1176 245
1176 554
1176 984
1176 1048
1176 1112
1176 1236
1176 1240
1177 56
1177 187
1177 681
1177 863
1177 985
1177 1049
1177 1113
1177 1241
1178 957
1178 986
1178 1021
1178 1050
1178 1114
1178 1242
1179 465
1179 987
1179 1051
1179 1115
1179 1243
1180 470
1180 694
1180 988
1180 1052
1180 1116
1180 1244
1181 989
1181 1053
1181 1117
1181 1245
1182 202
1182 713
1182 862
1182 910
1182 990
1182 1054
1182 1118
1182 1155
1182 1246
1183 372
1183 699
1183 799
1183 991
1183 1055
1183 1119
1183 1247
1184 992
1184 1056
1184 1120
1184 1248
1185 993
1185 1057
1185 1121
1185 1249
1186 39
1186 801
1186 994
1186 1058
1186 1122
1186 1250
1187 634
1187 730
1187 810
1187 995
1187 1059
1187 1123
1187 1251
1188 644
1188 996
1188 1060
1188 1124
1188 1156
1188 1252
1189 225
1189 784
1189 997
1189 1061
1189 1125
1189 1253
1190 908
1190 998
1190 1062
1190 1126
1190 1254
1191 999
1191 1063
1191 1127
1191 1255
1192 101
1192 156
1192 1000
1192 1064
1192 1109
1192 1128
1192 1138
1192 1256
1192 1269
1193 1001
1193 1013
1193 1065
1193 1129
1193 1257
1194 407
1194 1002
1194 1066
1194 1130
1194 1258
1195 188
1195 247
1195 761
1195 814
1195 1003
1195 1067
1195 1131
1195 1259
1196 414
1196 1004
1196 1068
1196 1132
1196 1260
1197 1005
1197 1069
1197 1078
1197 1133
1197 1261
1198 1006
1198 1070
1198 1134
1198 1262
1199 1007
1199 1071
1199 1135
1199 1263
1200 496
1200 618
1200 1008
1200 1017
1200 1072
1200 1136
1200 1264
1201 497
1201 888
1201 983
1201 1009
1201 1073
1201 1137
1201 1265
1202 1010
1202 1074
1202 1138
1202 1266
1203 1011
1203 1075
1203 1139
1203 1226
1203 1267
1204 320
1204 732
1204 981
1204 1012
1204 1076
1204 1140
1204 1268
1205 1013
1205 1077
1205 1141
1205 1269
1206 16
1206 1014
1206 1078
1206 1142
1206 1270
1207 571
1207 1015
1207 1079
1207 1143
1207 1271
1208 313
1208 570
1208 1016
1208 1080
1208 1144
1208 1272
1209 61
1209 276
1209 920
1209 1017
1209 1081
1209 1145
1209 1273
1210 1018
1210 1082
1210 1146
1210 1274
1211 1019
1211 1083
1211 1147
1211 1275
1212 537
1212 735
1212 1020
1212 1084
1212 1112
1212 1148
1212 1276
1213 215
1213 317
1213 431
1213 853
1213 1021
1213 1085
1213 1149
1213 1277
1214 46
1214 252
1214 340
1214 495
1214 1008
1214 1022
1214 1086
1214 1146
1214 1150
1214 1277
1214 1278
1215 314
1215 573
1215 1087
1215 1151
1215 1279
1216 797
1216 1024
1216 1088
1216 1152
1217 1025
1217 1089
1217 1153
1218 1
1218 19
1218 83
1218 197
1218 261
1218 271
1218 389
1218 399
1218 527
1218 591
1218 655
1218 712
1218 719
1218 773
1218 781
1218 783
1218 837
1218 845
1218 847
1218 901
1218 909
1218 965
1218 973
1218 975
1218 1026
1218 1037
1218 1039
1218 1090
1218 1093
1218 1101
1218 1103
1218 1154
1218 1165
1218 1167
1218 1221
1218 1229
1219 1027
1219 1091
1219 1155
1220 594
1220 1028
1220 1092
1220 1156
1221 1
1221 19
1221 83
1221 197
1221 261
1221 271
1221 389
1221 399
1221 527
1221 591
1221 655
1221 712
1221 719
1221 773
1221 781
1221 783
1221 837
1221 845
1221 847
1221 901
1221 909
1221 965
1221 973
1221 975
1221 1029
1221 1037
1221 1039
1221 1093
1221 1101
1221 1103
1221 1157
1221 1165
1221 1167
1221 1218
1221 1229
1222 134
1222 198
1222 262
1222 326
1222 390
1222 454
1222 518
1222 582
1222 646
1222 710
1222 774
1222 783
1222 838
1222 847
1222 902
1222 911
1222 966
1222 975
1222 1030
1222 1039
1222 1094
1222 1103
1222 1158
1222 1167
1222 1231
1223 461
1223 1031
1223 1095
1223 1159
1224 8
1224 72
1224 136
1224 200
1224 264
1224 328
1224 392
1224 453
1224 517
1224 584
1224 648
1224 709
1224 776
1224 840
1224 904
1224 968
1224 1029
1224 1032
1224 1096
1224 1160
1225 1033
1225 1097
1225 1161
1226 1034
1226 1098
1226 1162
1226 1203
1227 258
1227 1035
1227 1099
1227 1163
1228 140
1228 1036
1228 1100
1228 1164
1229 5
1229 15
1229 69
1229 79
1229 83
1229 133
1229 143
1229 197
1229 261
1229 389
1229 454
1229 527
1229 591
1229 655
1229 719
1229 774
1229 783
1229 845
1229 847
1229 901
1229 909
1229 911
1229 966
1229 973
1229 975
1229 1037
1229 1039
1229 1093
1229 1101
1229 1103
1229 1165
1229 1167
1229 1218
1229 1221
1229 1231
1230 1038
1230 1102
1230 1166
1231 326
1231 390
1231 454
1231 518
1231 582
1231 646
1231 710
1231 719
1231 774
1231 783
1231 838
1231 845
1231 847
1231 902
1231 911
1231 966
1231 973
1231 975
1231 1030
1231 1039
1231 1094
1231 1103
1231 1158
1231 1167
1231 1222
1231 1229
1232 921
1232 1040
1232 1104
1232 1119
1232 1168
1233 1041
1233 1105
1233 1169
1234 900
1234 972
1234 1042
1234 1106
1234 1170
1235 1043
1235 1107
1235 1171
1236 90
1236 189
1236 245
1236 554
1236 1044
1236 1108
1236 1172
1236 1176
1237 144
1237 545
1237 937
1237 1045
1237 1109
1237 1173
1237 1252
1238 1046
1238 1110
1238 1174
1239 234
1239 410
1239 1047
1239 1111
1239 1175
1240 1048
1240 1112
1240 1176
1241 237
1241 443
1241 693
1241 768
1241 978
1241 1012
1241 1049
1241 1113
1241 1177
1242 1050
1242 1114
1242 1178
1242 1270
1243 777
1243 1051
1243 1115
1243 1179
1244 1052
1244 1092
1244 1116
1244 1180
1245 925
1245 1053
1245 1117
1245 1162
1245 1181
1246 1054
1246 1118
1246 1182
1247 1055
1247 1119
1247 1183
1248 157
1248 401
1248 1056
1248 1091
1248 1120
1248 1184
1249 1057
1249 1121
1249 1185
1250 420
1250 1058
1250 1122
1250 1186
1251 1059
1251 1077
1251 1123
1251 1187
1252 144
1252 545
1252 937
1252 1060
1252 1124
1252 1188
1252 1237
1253 562
1253 673
1253 1061
1253 1125
1253 1189
1254 1062
1254 1126
1254 1190
1255 301
1255 609
1255 804
1255 896
1255 1063
1255 1127
1255 1191
1256 1064
1256 1128
1256 1192
1257 196
1257 1065
1257 1129
1257 1193
1258 423
1258 607
1258 1066
1258 1130
1258 1194
1259 159
1259 829
1259 1000
1259 1067
1259 1131
1259 1195
1259 1276
1260 950
1260 1068
1260 1132
1260 1196
1261 246
1261 1069
1261 1133
1261 1197
1262 489
1262 1001
1262 1070
1262 1134
1262 1198
1263 569
1263 753
1263 1071
1263 1135
1263 1199
1264 546
1264 751
1264 1072
1264 1136
1264 1200
1265 481
1265 665
1265 745
1265 951
1265 1073
1265 1137
1265 1141
1265 1201
1266 857
1266 1074
1266 1138
1266 1202
1267 1075
1267 1139
1267 1203
1268 116
1268 1076
1268 1140
1268 1204
1269 101
1269 156
1269 1077
1269 1109
1269 1138
1269 1141
1269 1192
1269 1205
1270 1078
1270 1142
1270 1206
1270 1242
1271 58
1271 336
1271 345
1271 1079
1271 1143
1271 1207
1272 1064
1272 1080
1272 1144
1272 1208
1273 1081
1273 1145
1273 1209
1274 43
1274 291
1274 855
1274 1082
1274 1146
1274 1210
1275 105
1275 654
1275 1083
1275 1147
1275 1211
1276 159
1276 829
1276 1000
1276 1084
1276 1148
1276 1212
1276 1259
1277 46
1277 252
1277 340
1277 495
1277 1008
1277 1085
1277 1146
1277 1149
1277 1213
1277 1214
1278 382
1278 483
1278 666
1278 743
1278 1055
1278 1086
1278 1150
1278 1214
1279 433
1279 1087
1279 1151
1279 1215
